# power spectrum of delta
# redshift z=0.216400
# k              Pk             sigma(k)       sigma(Pk)      count
  5.034611e-02   3.069575e-02   1.649661e-05   1.179942e-02   6
  7.120015e-02   1.653838e-01   0.000000e+00   3.563521e-02   12
  9.298354e-02   1.701151e-01   6.675868e-03   2.914037e-02   14
  1.179498e-01   3.137777e-01   5.372206e-03   3.284922e-02   48
  1.485703e-01   4.144129e-01   3.902364e-03   5.092907e-02   42
  1.630938e-01   3.839321e-01   3.885028e-03   4.888608e-02   48
  1.849248e-01   5.626070e-01   4.657527e-03   5.368055e-02   80
  2.095764e-01   7.463799e-01   3.616184e-03   6.708962e-02   90
  2.284365e-01   7.076356e-01   5.678407e-03   6.547894e-02   120
  2.552299e-01   9.227251e-01   4.772066e-03   6.517829e-02   158
  2.729761e-01   1.129774e+00   2.264649e-03   1.185517e-01   120
  2.943566e-01   1.209518e+00   5.061767e-03   8.739520e-02   186
  3.179794e-01   1.410949e+00   6.922087e-03   8.465289e-02   264
  3.371748e-01   1.643567e+00   3.737021e-03   1.124384e-01   168
  3.616666e-01   1.827520e+00   6.678935e-03   9.456773e-02   386
  3.821617e-01   1.783090e+00   4.041476e-03   1.402327e-01   192
  4.023269e-01   2.459046e+00   6.626239e-03   1.244581e-01   390
  4.249813e-01   2.347544e+00   6.937664e-03   1.112483e-01   396
  4.462644e-01   2.620698e+00   6.882941e-03   1.261939e-01   398
  4.696612e-01   2.942158e+00   6.746443e-03   1.209282e-01   576
  4.926857e-01   2.893806e+00   6.844329e-03   1.385964e-01   444
  5.128251e-01   3.713605e+00   6.175253e-03   1.428188e-01   590
  5.357574e-01   3.609592e+00   6.762370e-03   1.392848e-01   648
  5.581250e-01   4.245212e+00   5.984853e-03   1.609208e-01   654
  5.779979e-01   4.165906e+00   4.964212e-03   1.541356e-01   636
  6.002125e-01   4.806326e+00   7.442619e-03   1.716479e-01   830
  6.210565e-01   4.957347e+00   5.357348e-03   1.690200e-01   792
  6.423697e-01   5.478223e+00   5.509935e-03   1.782506e-01   804
  6.641974e-01   6.349094e+00   6.800522e-03   2.155913e-01   1038
  6.853297e-01   6.196396e+00   5.326721e-03   1.932584e-01   936
  7.082344e-01   6.748688e+00   6.224155e-03   1.855594e-01   1130
  7.289948e-01   6.891152e+00   5.780067e-03   1.985840e-01   1104
  7.517839e-01   7.476767e+00   6.426420e-03   2.163058e-01   1230
  7.726234e-01   8.390713e+00   6.530794e-03   2.322099e-01   1260
  7.937953e-01   8.209208e+00   5.646799e-03   2.322731e-01   1286
  8.177406e-01   8.890341e+00   6.847285e-03   0.000000e+00   1728
  8.404302e-01   9.876194e+00   6.053573e-03   0.000000e+00   1392
  8.619952e-01   9.856584e+00   5.752915e-03   0.000000e+00   1626
  8.840987e-01   1.093595e+01   6.796772e-03   0.000000e+00   1760
  9.062925e-01   1.078371e+01   5.620745e-03   0.000000e+00   1686
  9.272150e-01   1.167600e+01   5.717340e-03   0.000000e+00   1812
  9.486081e-01   1.279561e+01   6.584341e-03   0.000000e+00   1862
  9.704713e-01   1.287581e+01   5.863962e-03   0.000000e+00   2160
  9.924689e-01   1.341606e+01   5.994222e-03   0.000000e+00   1956
  1.014601e+00   1.413978e+01   6.734120e-03   0.000000e+00   2454
  1.036199e+00   1.476395e+01   5.252456e-03   0.000000e+00   2048
  1.057875e+00   1.505010e+01   6.837107e-03   0.000000e+00   2538
  1.079272e+00   1.568567e+01   5.730031e-03   0.000000e+00   2400
  1.100898e+00   1.657249e+01   6.845052e-03   0.000000e+00   2526
  1.122475e+00   1.599859e+01   6.758341e-03   0.000000e+00   2856
  1.144982e+00   1.732859e+01   6.355800e-03   0.000000e+00   2804
  1.167211e+00   1.808436e+01   6.591905e-03   0.000000e+00   2958
  1.188366e+00   1.887513e+01   6.356562e-03   0.000000e+00   2976
  1.210691e+00   1.934434e+01   6.397896e-03   0.000000e+00   3194
  1.231592e+00   1.921585e+01   6.379307e-03   0.000000e+00   3120
  1.254232e+00   2.034558e+01   6.466432e-03   0.000000e+00   3606
  1.275838e+00   2.104842e+01   5.913098e-03   0.000000e+00   3276
  1.296888e+00   2.248551e+01   6.681751e-03   0.000000e+00   3600
  1.318543e+00   2.247380e+01   5.858571e-03   0.000000e+00   3638
  1.339390e+00   2.329821e+01   6.262796e-03   0.000000e+00   3744
  1.361944e+00   2.272076e+01   6.476647e-03   0.000000e+00   4170
  1.383503e+00   2.524104e+01   6.119119e-03   0.000000e+00   3984
  1.405462e+00   2.490418e+01   6.180583e-03   0.000000e+00   4334
  1.427130e+00   2.643800e+01   5.733355e-03   0.000000e+00   4284
  1.448526e+00   2.762949e+01   6.891928e-03   0.000000e+00   4374
  1.470898e+00   2.801065e+01   6.122207e-03   0.000000e+00   5016
  1.492933e+00   2.802791e+01   5.940795e-03   0.000000e+00   4580
  1.514897e+00   3.001085e+01   6.955293e-03   0.000000e+00   5142
  1.537303e+00   3.074211e+01   6.690172e-03   0.000000e+00   5184
  1.559241e+00   3.236574e+01   5.220789e-03   0.000000e+00   5058
  1.580321e+00   3.187503e+01   6.199842e-03   0.000000e+00   5384
  1.602863e+00   3.333088e+01   7.076790e-03   0.000000e+00   5622
  1.624607e+00   3.454517e+01   5.915039e-03   0.000000e+00   5736
  1.646260e+00   3.470691e+01   5.354122e-03   0.000000e+00   5596
  1.668015e+00   3.432706e+01   6.676360e-03   0.000000e+00   6070
  1.689591e+00   3.517234e+01   5.249008e-03   0.000000e+00   6096
  1.712103e+00   3.689828e+01   6.454712e-03   0.000000e+00   6474
  1.732930e+00   3.836188e+01   6.165185e-03   0.000000e+00   6024
  1.755205e+00   3.788638e+01   6.201795e-03   0.000000e+00   7070
  1.777274e+00   3.915220e+01   5.047667e-03   0.000000e+00   6516
  1.798443e+00   3.980477e+01   5.996213e-03   0.000000e+00   6936
  1.820539e+00   4.020770e+01   6.207945e-03   0.000000e+00   7110
  1.841914e+00   4.107410e+01   4.604510e-03   0.000000e+00   7244
  1.864527e+00   4.050647e+01   6.694946e-03   0.000000e+00   7878
  1.886428e+00   4.113862e+01   6.435512e-03   0.000000e+00   7344
  1.907636e+00   4.303605e+01   6.683379e-03   0.000000e+00   7694
  1.929732e+00   4.518102e+01   6.438354e-03   0.000000e+00   8412
  1.951920e+00   4.381499e+01   6.782985e-03   0.000000e+00   7920
  1.973009e+00   4.510794e+01   5.739509e-03   0.000000e+00   8118
  1.994475e+00   4.573132e+01   6.628308e-03   0.000000e+00   8548
  2.016313e+00   4.705185e+01   6.710236e-03   0.000000e+00   8710
  2.037968e+00   4.678881e+01   5.867286e-03   0.000000e+00   8928
  2.060199e+00   4.727392e+01   6.359816e-03   0.000000e+00   9186
  2.081524e+00   4.770820e+01   6.992108e-03   0.000000e+00   9200
  2.103507e+00   4.924780e+01   6.060847e-03   0.000000e+00   9438
  2.124939e+00   5.034351e+01   8.429660e-03   0.000000e+00   9564
  2.146967e+00   5.092588e+01   6.464327e-03   0.000000e+00   10296
  2.169518e+00   5.145457e+01   5.703385e-03   0.000000e+00   10126
  2.190644e+00   5.414046e+01   7.004534e-03   0.000000e+00   10024
  2.213114e+00   5.243485e+01   5.008992e-03   0.000000e+00   11082
  2.235177e+00   5.327124e+01   7.727718e-03   0.000000e+00   10632
  2.256740e+00   5.502767e+01   5.477413e-03   0.000000e+00   10734
  2.278524e+00   5.500319e+01   6.776087e-03   0.000000e+00   11276
  2.300301e+00   5.772039e+01   6.042716e-03   0.000000e+00   11352
  2.322280e+00   5.671695e+01   6.393057e-03   0.000000e+00   11550
  2.343854e+00   5.713437e+01   5.775830e-03   0.000000e+00   11772
  2.365747e+00   5.757061e+01   7.509192e-03   0.000000e+00   12038
  2.387372e+00   5.925027e+01   9.092916e-03   0.000000e+00   12096
  2.409296e+00   5.910350e+01   7.265207e-03   0.000000e+00   12582
  2.430977e+00   6.041671e+01   2.304705e-03   0.000000e+00   12620
  2.453158e+00   5.929185e+01   7.694386e-03   0.000000e+00   13320
  2.474865e+00   6.052823e+01   6.911960e-03   0.000000e+00   12654
  2.496156e+00   6.095177e+01   1.377608e-03   0.000000e+00   13236
  2.517765e+00   6.171851e+01   1.010628e-02   0.000000e+00   13438
  2.539602e+00   6.181012e+01   9.766396e-03   0.000000e+00   14344
  2.562230e+00   6.412718e+01   6.159921e-03   0.000000e+00   14226
  2.583609e+00   6.536040e+01   5.106051e-03   0.000000e+00   14088
  2.605269e+00   6.430559e+01   0.000000e+00   0.000000e+00   14328
  2.626979e+00   6.543920e+01   6.905904e-03   0.000000e+00   14954
  2.648987e+00   6.613243e+01   5.292112e-03   0.000000e+00   15480
  2.671081e+00   6.594385e+01   7.085481e-03   0.000000e+00   14862
  2.692013e+00   6.754745e+01   8.554448e-03   0.000000e+00   15296
  2.713995e+00   6.879079e+01   8.217781e-03   0.000000e+00   15954
  2.735535e+00   6.863000e+01   6.812715e-03   0.000000e+00   15720
  2.757078e+00   6.992004e+01   3.094875e-03   0.000000e+00   16296
  2.779273e+00   6.784084e+01   4.401576e-03   0.000000e+00   17010
  2.800822e+00   6.905826e+01   3.760185e-03   0.000000e+00   16328
  2.822502e+00   7.052656e+01   3.787242e-03   0.000000e+00   17094
  2.844247e+00   7.130476e+01   9.009062e-03   0.000000e+00   17436
  2.866241e+00   7.067837e+01   9.211725e-03   0.000000e+00   17862
  2.888325e+00   7.147349e+01   7.943389e-03   0.000000e+00   18200
  2.910572e+00   7.222738e+01   1.871460e-03   0.000000e+00   18450
  2.932337e+00   7.250658e+01   3.915346e-03   0.000000e+00   18384
  2.954048e+00   7.371014e+01   5.937737e-03   0.000000e+00   18504
  2.975735e+00   7.437592e+01   4.520920e-03   0.000000e+00   19142
  2.997858e+00   7.549274e+01   6.297132e-03   0.000000e+00   19692
  3.019747e+00   7.576424e+01   6.237398e-03   0.000000e+00   19062
  3.041162e+00   7.487810e+01   0.000000e+00   0.000000e+00   20184
  3.063298e+00   7.511652e+01   7.819539e-03   0.000000e+00   19970
  3.084888e+00   7.684425e+01   0.000000e+00   0.000000e+00   20496
  3.107111e+00   7.687318e+01   9.030461e-03   0.000000e+00   21456
  3.128739e+00   7.782990e+01   6.345450e-03   0.000000e+00   19650
  3.149970e+00   7.813745e+01   1.012252e-02   0.000000e+00   22040
  3.172351e+00   7.780909e+01   1.366432e-02   0.000000e+00   21558
  3.193964e+00   8.037585e+01   0.000000e+00   0.000000e+00   21804
  3.215633e+00   7.949355e+01   8.480133e-03   0.000000e+00   21926
  3.237231e+00   8.017210e+01   9.987187e-03   0.000000e+00   22416
  3.258918e+00   7.996385e+01   8.900289e-03   0.000000e+00   22776
  3.281216e+00   8.036639e+01   6.738684e-03   0.000000e+00   23874
  3.303121e+00   8.180717e+01   0.000000e+00   0.000000e+00   23104
  3.324901e+00   8.135972e+01   0.000000e+00   0.000000e+00   23974
  3.346732e+00   8.334127e+01   1.443854e-02   0.000000e+00   23892
  3.368184e+00   8.275292e+01   0.000000e+00   0.000000e+00   23550
  3.389782e+00   8.141605e+01   7.102290e-03   0.000000e+00   25320
  3.411723e+00   8.247227e+01   1.254406e-02   0.000000e+00   24428
  3.433192e+00   8.257477e+01   8.589569e-03   0.000000e+00   25254
  3.455174e+00   8.332660e+01   0.000000e+00   0.000000e+00   26016
  3.476842e+00   8.576586e+01   1.613051e-03   0.000000e+00   25182
  3.498711e+00   8.544624e+01   4.350238e-03   0.000000e+00   27428
  3.520897e+00   8.579178e+01   5.215872e-03   0.000000e+00   25974
  3.542241e+00   8.534478e+01   9.221758e-03   0.000000e+00   26904
  3.563920e+00   8.585498e+01   2.756705e-03   0.000000e+00   26730
  3.585621e+00   8.795033e+01   0.000000e+00   0.000000e+00   27896
  3.607863e+00   8.518605e+01   1.105975e-02   0.000000e+00   28992
  3.630372e+00   8.645950e+01   2.803219e-03   0.000000e+00   28698
  3.651850e+00   8.742821e+01   0.000000e+00   0.000000e+00   27816
  3.673791e+00   8.691745e+01   0.000000e+00   0.000000e+00   29774
  3.695740e+00   8.795395e+01   6.982218e-03   0.000000e+00   29148
  3.717199e+00   8.911311e+01   0.000000e+00   0.000000e+00   28806
  3.738814e+00   8.813435e+01   1.209181e-02   0.000000e+00   30408
  3.760675e+00   8.917364e+01   0.000000e+00   0.000000e+00   30320
  3.782726e+00   9.160030e+01   0.000000e+00   0.000000e+00   30930
  3.804736e+00   9.121647e+01   0.000000e+00   0.000000e+00   31656
  3.826238e+00   9.089127e+01   1.580429e-03   0.000000e+00   30086
  3.847838e+00   9.100233e+01   1.400759e-02   0.000000e+00   32724
  3.869609e+00   9.174388e+01   8.246223e-03   0.000000e+00   30846
  3.891231e+00   9.225169e+01   2.449179e-03   0.000000e+00   33480
  3.913331e+00   9.141286e+01   1.120099e-02   0.000000e+00   32724
  3.934938e+00   9.126125e+01   7.343384e-03   0.000000e+00   32894
  3.956857e+00   9.332104e+01   0.000000e+00   0.000000e+00   34200
  3.978780e+00   9.138335e+01   9.181863e-03   0.000000e+00   33594
  4.000311e+00   9.351864e+01   0.000000e+00   0.000000e+00   34336
  4.022277e+00   9.294016e+01   0.000000e+00   0.000000e+00   34822
  4.044074e+00   9.323917e+01   0.000000e+00   0.000000e+00   35472
  4.065753e+00   9.473093e+01   0.000000e+00   0.000000e+00   34404
  4.087366e+00   9.491646e+01   0.000000e+00   0.000000e+00   36222
  4.109029e+00   9.399648e+01   6.487363e-03   0.000000e+00   35984
  4.130914e+00   9.468807e+01   9.389405e-03   0.000000e+00   36570
  4.152611e+00   9.549945e+01   0.000000e+00   0.000000e+00   37176
  4.174544e+00   9.499142e+01   0.000000e+00   0.000000e+00   37406
  4.196387e+00   9.593209e+01   0.000000e+00   0.000000e+00   38052
  4.218053e+00   9.553261e+01   0.000000e+00   0.000000e+00   37590
  4.240016e+00   9.590894e+01   1.127150e-02   0.000000e+00   39480
  4.261757e+00   9.640385e+01   0.000000e+00   0.000000e+00   38260
  4.283491e+00   9.519555e+01   1.076605e-02   0.000000e+00   39646
  4.305669e+00   9.783035e+01   5.490956e-03   0.000000e+00   40944
  4.327659e+00   9.781420e+01   0.000000e+00   0.000000e+00   39678
  4.349324e+00   9.624072e+01   0.000000e+00   0.000000e+00   40804
  4.371119e+00   9.570136e+01   0.000000e+00   0.000000e+00   40606
  4.392949e+00   9.823708e+01   1.472874e-02   0.000000e+00   42216
  4.414913e+00   9.745352e+01   0.000000e+00   0.000000e+00   41532
  4.436610e+00   9.871455e+01   0.000000e+00   0.000000e+00   41990
  4.458148e+00   9.822395e+01   1.550875e-02   0.000000e+00   42360
  4.480125e+00   9.913395e+01   6.011246e-03   0.000000e+00   43530
  4.501970e+00   9.883326e+01   8.658664e-03   0.000000e+00   43848
  4.523746e+00   9.970202e+01   0.000000e+00   0.000000e+00   42870
  4.545591e+00   9.969303e+01   1.470441e-02   0.000000e+00   46160
  4.567519e+00   9.923009e+01   5.993298e-03   0.000000e+00   43380
  4.589112e+00   9.904482e+01   0.000000e+00   0.000000e+00   45294
  4.610780e+00   9.929018e+01   1.366931e-02   0.000000e+00   45744
  4.632935e+00   9.972056e+01   0.000000e+00   0.000000e+00   46682
  4.654609e+00   1.004114e+02   7.816964e-03   0.000000e+00   45840
  4.676354e+00   1.002794e+02   0.000000e+00   0.000000e+00   47118
  4.698052e+00   1.016085e+02   2.026185e-02   0.000000e+00   47124
  4.719838e+00   1.001802e+02   4.488072e-03   0.000000e+00   47984
  4.742065e+00   1.007554e+02   8.672154e-03   0.000000e+00   49566
  4.763498e+00   1.006697e+02   4.961202e-03   0.000000e+00   46284
  4.784998e+00   1.005264e+02   1.455609e-02   0.000000e+00   49966
  4.806880e+00   1.015342e+02   1.083117e-02   0.000000e+00   49360
  4.828629e+00   1.013671e+02   2.102226e-03   0.000000e+00   49806
  4.850554e+00   1.009892e+02   1.215406e-02   0.000000e+00   51492
  4.872240e+00   1.025397e+02   1.620032e-02   0.000000e+00   49496
  4.894108e+00   1.023363e+02   1.617292e-02   0.000000e+00   53190
  4.916163e+00   1.015592e+02   0.000000e+00   0.000000e+00   51060
  4.937784e+00   1.025694e+02   0.000000e+00   0.000000e+00   52134
  4.959473e+00   1.010514e+02   1.031091e-02   0.000000e+00   53088
  4.981334e+00   1.009371e+02   7.288999e-03   0.000000e+00   52706
  5.003129e+00   1.028057e+02   1.050698e-02   0.000000e+00   54936
  5.025271e+00   1.022769e+02   0.000000e+00   0.000000e+00   53886
  5.046929e+00   1.025834e+02   0.000000e+00   0.000000e+00   54436
  5.068583e+00   1.022279e+02   0.000000e+00   0.000000e+00   55096
  5.090671e+00   1.032923e+02   0.000000e+00   0.000000e+00   56358
  5.112315e+00   1.037813e+02   0.000000e+00   0.000000e+00   55632
  5.134132e+00   1.019859e+02   2.134762e-02   0.000000e+00   56530
  5.155898e+00   1.022099e+02   0.000000e+00   0.000000e+00   57232
  5.177583e+00   1.022804e+02   0.000000e+00   0.000000e+00   56766
  5.199820e+00   1.045201e+02   0.000000e+00   0.000000e+00   60804
  5.221460e+00   1.033359e+02   0.000000e+00   0.000000e+00   55536
  5.243180e+00   1.029613e+02   2.633125e-02   0.000000e+00   61166
  5.264987e+00   1.040199e+02   0.000000e+00   0.000000e+00   57396
  5.286552e+00   1.043654e+02   1.273277e-02   0.000000e+00   60870
  5.308447e+00   1.032738e+02   0.000000e+00   0.000000e+00   60224
  5.330232e+00   1.036025e+02   1.846451e-02   0.000000e+00   61002
  5.352087e+00   1.041229e+02   1.688423e-02   0.000000e+00   62016
  5.373828e+00   1.035212e+02   0.000000e+00   0.000000e+00   60768
  5.395394e+00   1.049444e+02   2.456571e-02   0.000000e+00   62870
  5.417439e+00   1.043008e+02   9.341852e-03   0.000000e+00   63804
  5.439361e+00   1.041768e+02   1.191595e-02   0.000000e+00   63054
  5.460782e+00   1.030400e+02   9.427289e-03   0.000000e+00   63024
  5.482665e+00   1.043139e+02   0.000000e+00   0.000000e+00   65018
  5.504302e+00   1.036794e+02   1.561195e-02   0.000000e+00   64608
  5.526162e+00   1.031518e+02   0.000000e+00   0.000000e+00   65688
  5.547959e+00   1.037934e+02   2.361577e-02   0.000000e+00   65994
  5.569687e+00   1.051816e+02   0.000000e+00   0.000000e+00   66648
  5.591650e+00   1.042081e+02   1.627485e-02   0.000000e+00   67310
  5.613299e+00   1.049057e+02   0.000000e+00   0.000000e+00   67224
  5.635098e+00   1.032788e+02   6.514763e-03   0.000000e+00   68034
  5.656981e+00   1.040868e+02   0.000000e+00   0.000000e+00   69744
  5.678864e+00   1.036234e+02   1.244268e-02   0.000000e+00   68654
  5.700967e+00   1.040240e+02   1.621058e-02   0.000000e+00   72132
  5.722833e+00   1.048846e+02   1.008056e-02   0.000000e+00   68520
  5.744388e+00   1.036996e+02   1.603133e-02   0.000000e+00   71070
  5.766375e+00   1.046252e+02   0.000000e+00   0.000000e+00   71948
  5.788139e+00   1.044986e+02   2.420811e-02   0.000000e+00   71598
  5.810092e+00   1.051252e+02   0.000000e+00   0.000000e+00   73536
  5.831860e+00   1.044763e+02   2.899569e-02   0.000000e+00   71802
  5.853405e+00   1.056130e+02   0.000000e+00   0.000000e+00   73280
  5.875204e+00   1.040809e+02   0.000000e+00   0.000000e+00   73992
  5.897202e+00   1.044706e+02   1.384990e-02   0.000000e+00   75966
  5.918986e+00   1.044793e+02   0.000000e+00   0.000000e+00   74364
  5.940793e+00   1.046466e+02   1.668323e-02   0.000000e+00   76094
  5.962538e+00   1.053088e+02   0.000000e+00   0.000000e+00   76224
  5.984353e+00   1.040928e+02   1.131658e-02   0.000000e+00   76242
  6.005938e+00   1.051948e+02   0.000000e+00   0.000000e+00   76944
  6.027735e+00   1.033816e+02   0.000000e+00   0.000000e+00   78680
  6.049870e+00   1.041462e+02   1.875111e-02   0.000000e+00   79962
  6.071581e+00   1.048659e+02   9.703427e-03   0.000000e+00   77760
  6.093272e+00   1.040714e+02   2.182733e-02   0.000000e+00   79590
  6.115083e+00   1.039968e+02   0.000000e+00   0.000000e+00   80732
  6.136950e+00   1.043293e+02   2.798145e-02   0.000000e+00   81174
  6.158762e+00   1.029774e+02   1.042627e-02   0.000000e+00   80832
  6.180136e+00   1.043065e+02   2.814009e-02   0.000000e+00   79992
  6.202064e+00   1.047506e+02   0.000000e+00   0.000000e+00   84314
  6.224070e+00   1.037810e+02   0.000000e+00   0.000000e+00   83592
  6.245949e+00   1.044290e+02   2.073601e-02   0.000000e+00   83838
  6.267703e+00   1.044576e+02   0.000000e+00   0.000000e+00   83676
  6.289374e+00   1.040965e+02   1.354875e-02   0.000000e+00   84950
  6.311107e+00   1.036897e+02   0.000000e+00   0.000000e+00   84912
  6.332969e+00   1.037877e+02   2.559576e-02   0.000000e+00   87162
  6.354882e+00   1.034917e+02   0.000000e+00   0.000000e+00   86440
  6.376563e+00   1.036863e+02   0.000000e+00   0.000000e+00   86560
  6.398431e+00   1.033759e+02   3.739833e-03   0.000000e+00   88698
  6.420198e+00   1.028206e+02   3.165318e-02   0.000000e+00   88920
  6.442255e+00   1.034106e+02   0.000000e+00   0.000000e+00   88814
  6.463887e+00   1.027642e+02   5.752074e-03   0.000000e+00   90336
  6.485928e+00   1.028266e+02   0.000000e+00   0.000000e+00   90282
  6.507693e+00   1.030558e+02   0.000000e+00   0.000000e+00   90840
  6.529284e+00   1.032394e+02   2.278788e-02   0.000000e+00   91128
  6.551303e+00   1.028138e+02   0.000000e+00   0.000000e+00   92690
  6.572966e+00   1.026382e+02   0.000000e+00   0.000000e+00   92160
  6.594827e+00   1.031833e+02   0.000000e+00   0.000000e+00   93534
  6.616520e+00   1.027248e+02   0.000000e+00   0.000000e+00   93484
  6.638316e+00   1.019554e+02   4.092829e-03   0.000000e+00   95206
  6.660293e+00   1.028423e+02   1.178923e-02   0.000000e+00   96048
  6.681919e+00   1.018851e+02   1.049573e-02   0.000000e+00   93600
  6.703675e+00   1.020098e+02   0.000000e+00   0.000000e+00   97410
  6.725468e+00   1.014636e+02   2.926088e-02   0.000000e+00   97856
  6.747479e+00   1.020538e+02   0.000000e+00   0.000000e+00   97278
  6.769188e+00   1.012673e+02   1.794122e-02   0.000000e+00   98916
  6.790911e+00   1.012735e+02   0.000000e+00   0.000000e+00   96894
  6.812520e+00   1.014271e+02   0.000000e+00   0.000000e+00   100976
  6.834545e+00   1.012334e+02   0.000000e+00   0.000000e+00   100164
  6.856217e+00   1.014305e+02   0.000000e+00   0.000000e+00   100014
  6.877761e+00   1.001631e+02   2.105929e-02   0.000000e+00   101040
  6.899662e+00   1.008697e+02   0.000000e+00   0.000000e+00   102338
  6.921356e+00   1.004506e+02   1.206213e-02   0.000000e+00   102912
  6.943366e+00   1.002151e+02   0.000000e+00   0.000000e+00   104238
  6.964996e+00   9.954772e+01   2.087221e-02   0.000000e+00   103104
  6.986826e+00   1.008021e+02   1.841980e-02   0.000000e+00   105404
  7.008711e+00   9.993479e+01   0.000000e+00   0.000000e+00   105198
  7.030481e+00   9.942740e+01   0.000000e+00   0.000000e+00   106632
  7.052364e+00   9.992168e+01   2.735662e-02   0.000000e+00   106706
  7.074122e+00   9.990130e+01   0.000000e+00   0.000000e+00   106992
  7.096135e+00   9.939529e+01   0.000000e+00   0.000000e+00   110118
  7.117932e+00   9.898886e+01   3.371981e-02   0.000000e+00   108084
  7.139609e+00   9.987762e+01   1.224517e-02   0.000000e+00   108222
  7.161527e+00   9.963824e+01   0.000000e+00   0.000000e+00   112160
  7.183234e+00   9.834082e+01   1.927898e-02   0.000000e+00   108492
  7.205044e+00   9.866122e+01   2.363421e-02   0.000000e+00   113262
  7.226935e+00   9.844052e+01   0.000000e+00   0.000000e+00   111360
  7.248852e+00   9.877412e+01   0.000000e+00   0.000000e+00   114182
  7.270605e+00   9.855571e+01   3.492362e-02   0.000000e+00   112884
  7.292432e+00   9.797184e+01   7.301616e-03   0.000000e+00   113934
  7.314099e+00   9.822365e+01   0.000000e+00   0.000000e+00   114504
  7.336122e+00   9.799027e+01   0.000000e+00   0.000000e+00   117500
  7.357850e+00   9.732100e+01   2.496743e-02   0.000000e+00   114102
  7.379594e+00   9.823662e+01   9.662041e-03   0.000000e+00   118584
  7.401470e+00   9.745067e+01   0.000000e+00   0.000000e+00   115546
  7.422991e+00   9.691632e+01   2.266327e-02   0.000000e+00   118984
  7.445054e+00   9.730544e+01   7.144457e-03   0.000000e+00   119526
  7.466767e+00   9.678951e+01   0.000000e+00   0.000000e+00   119436
  7.488462e+00   9.670469e+01   0.000000e+00   0.000000e+00   118632
  7.510188e+00   9.633553e+01   2.537550e-02   0.000000e+00   122510
  7.532109e+00   9.616747e+01   0.000000e+00   0.000000e+00   121680
  7.553956e+00   9.674868e+01   0.000000e+00   0.000000e+00   121434
  7.575564e+00   9.595767e+01   0.000000e+00   0.000000e+00   123928
  7.597456e+00   9.643209e+01   0.000000e+00   0.000000e+00   123910
  7.619296e+00   9.555981e+01   0.000000e+00   0.000000e+00   124452
  7.641073e+00   9.588684e+01   0.000000e+00   0.000000e+00   125376
  7.662852e+00   9.573201e+01   2.137336e-02   0.000000e+00   126638
  7.684644e+00   9.529166e+01   7.247351e-03   0.000000e+00   125844
  7.706453e+00   9.426349e+01   0.000000e+00   0.000000e+00   128142
  7.728289e+00   9.503796e+01   3.408265e-03   0.000000e+00   128136
  7.749974e+00   9.426182e+01   9.704522e-03   0.000000e+00   127642
  7.771830e+00   9.457021e+01   0.000000e+00   0.000000e+00   131968
  7.793928e+00   9.399287e+01   0.000000e+00   0.000000e+00   130326
  7.815602e+00   9.388433e+01   2.290163e-02   0.000000e+00   131688
  7.837391e+00   9.337061e+01   1.087376e-02   0.000000e+00   130212
  7.859097e+00   9.454658e+01   0.000000e+00   0.000000e+00   132686
  7.881070e+00   9.338560e+01   0.000000e+00   0.000000e+00   135960
  7.902945e+00   9.320707e+01   1.704035e-02   0.000000e+00   131562
  7.924360e+00   9.359518e+01   1.421754e-02   0.000000e+00   134016
  7.946304e+00   9.353078e+01   0.000000e+00   0.000000e+00   136478
  7.968112e+00   9.291424e+01   3.022746e-02   0.000000e+00   136812
  7.990010e+00   9.231034e+01   1.837548e-02   0.000000e+00   137856
  8.011824e+00   9.241145e+01   0.000000e+00   0.000000e+00   135862
  8.033513e+00   9.254453e+01   0.000000e+00   0.000000e+00   140056
  8.055479e+00   9.251981e+01   2.562485e-02   0.000000e+00   139602
  8.077232e+00   9.154873e+01   0.000000e+00   0.000000e+00   139080
  8.098976e+00   9.165009e+01   0.000000e+00   0.000000e+00   140678
  8.120804e+00   9.172231e+01   1.380320e-02   0.000000e+00   142884
  8.142546e+00   9.167132e+01   1.110282e-02   0.000000e+00   139992
  8.164336e+00   9.174486e+01   0.000000e+00   0.000000e+00   144966
  8.186252e+00   9.101900e+01   0.000000e+00   0.000000e+00   143364
  8.207959e+00   9.059596e+01   2.017321e-02   0.000000e+00   144518
  8.229702e+00   8.982422e+01   2.101741e-02   0.000000e+00   145200
  8.251407e+00   9.028236e+01   0.000000e+00   0.000000e+00   143466
  8.273059e+00   9.050571e+01   0.000000e+00   0.000000e+00   148824
  8.294866e+00   9.027507e+01   1.743506e-02   0.000000e+00   145544
  8.316512e+00   8.982765e+01   0.000000e+00   0.000000e+00   148590
  8.338428e+00   8.989262e+01   0.000000e+00   0.000000e+00   150540
  8.360312e+00   8.939224e+01   2.941229e-02   0.000000e+00   150134
  8.382107e+00   8.877528e+01   0.000000e+00   0.000000e+00   151296
  8.404109e+00   8.907361e+01   0.000000e+00   0.000000e+00   152058
  8.425686e+00   8.887369e+01   1.736149e-02   0.000000e+00   150864
  8.447488e+00   8.871127e+01   1.549980e-02   0.000000e+00   154310
  8.469511e+00   8.821491e+01   0.000000e+00   0.000000e+00   155172
  8.491297e+00   8.789730e+01   0.000000e+00   0.000000e+00   154128
  8.513295e+00   8.784609e+01   1.448468e-02   0.000000e+00   158310
  8.534995e+00   8.767412e+01   1.992476e-02   0.000000e+00   153436
  8.556709e+00   8.728455e+01   0.000000e+00   0.000000e+00   157726
  8.578727e+00   8.691547e+01   0.000000e+00   0.000000e+00   160368
  8.600430e+00   8.632268e+01   1.073441e-02   0.000000e+00   155718
  8.622093e+00   8.673305e+01   0.000000e+00   0.000000e+00   160028
  8.643904e+00   8.640170e+01   0.000000e+00   0.000000e+00   160920
  8.665751e+00   8.624530e+01   1.357402e-02   0.000000e+00   161070
  8.687592e+00   8.621092e+01   3.230829e-02   0.000000e+00   163428
  8.709311e+00   8.619451e+01   0.000000e+00   0.000000e+00   159574
  8.731178e+00   8.535837e+01   0.000000e+00   0.000000e+00   167392
  8.753059e+00   8.508113e+01   2.612625e-02   0.000000e+00   162258
  8.774786e+00   8.532194e+01   1.430693e-02   0.000000e+00   167472
  8.796666e+00   8.487306e+01   0.000000e+00   0.000000e+00   163664
  8.818292e+00   8.440909e+01   0.000000e+00   0.000000e+00   166986
  8.840151e+00   8.424786e+01   1.840916e-02   0.000000e+00   169968
  8.862179e+00   8.443468e+01   0.000000e+00   0.000000e+00   167646
  8.883695e+00   8.366876e+01   0.000000e+00   0.000000e+00   168080
  8.905520e+00   8.345521e+01   1.627458e-02   0.000000e+00   170826
  8.927354e+00   8.385033e+01   0.000000e+00   0.000000e+00   170928
  8.948987e+00   8.334525e+01   1.849250e-02   0.000000e+00   170640
  8.970895e+00   8.305888e+01   0.000000e+00   0.000000e+00   173954
  8.992615e+00   8.287453e+01   2.831494e-02   0.000000e+00   173232
  9.014491e+00   8.233468e+01   0.000000e+00   0.000000e+00   174150
  9.036304e+00   8.219163e+01   5.190674e-03   0.000000e+00   176364
  9.058084e+00   8.229265e+01   1.782774e-02   0.000000e+00   175302
  9.079875e+00   8.143679e+01   8.844220e-03   0.000000e+00   177392
  9.101601e+00   8.114297e+01   1.964260e-02   0.000000e+00   176352
  9.123495e+00   8.161636e+01   0.000000e+00   0.000000e+00   180330
  9.145386e+00   8.078072e+01   9.533758e-03   0.000000e+00   180712
  9.167178e+00   8.083256e+01   1.615269e-02   0.000000e+00   179350
  9.189039e+00   8.040878e+01   1.414727e-02   0.000000e+00   183396
  9.210955e+00   8.026162e+01   0.000000e+00   0.000000e+00   180390
  9.232488e+00   8.016416e+01   0.000000e+00   0.000000e+00   181944
  9.254392e+00   7.935540e+01   0.000000e+00   0.000000e+00   185450
  9.276344e+00   7.914742e+01   7.509809e-03   0.000000e+00   186192
  9.298046e+00   7.948413e+01   2.162202e-02   0.000000e+00   183432
  9.319777e+00   7.885134e+01   0.000000e+00   0.000000e+00   185362
  9.341462e+00   7.859026e+01   7.284013e-03   0.000000e+00   188464
  9.363436e+00   7.859392e+01   0.000000e+00   0.000000e+00   188046
  9.385262e+00   7.815545e+01   1.360770e-02   0.000000e+00   191304
  9.407020e+00   7.827522e+01   2.590353e-02   0.000000e+00   186690
  9.428878e+00   7.732896e+01   0.000000e+00   0.000000e+00   194072
  9.450593e+00   7.773701e+01   2.174979e-02   0.000000e+00   188688
  9.472305e+00   7.755128e+01   0.000000e+00   0.000000e+00   192786
  9.494046e+00   7.732806e+01   1.084455e-02   0.000000e+00   193352
  9.516019e+00   7.674286e+01   0.000000e+00   0.000000e+00   195702
  9.537759e+00   7.666553e+01   3.016968e-02   0.000000e+00   195132
  9.559590e+00   7.635593e+01   0.000000e+00   0.000000e+00   195726
  9.581343e+00   7.598632e+01   0.000000e+00   0.000000e+00   197416
  9.603106e+00   7.585923e+01   8.724953e-03   0.000000e+00   196564
  9.624942e+00   7.575253e+01   2.045257e-02   0.000000e+00   201198
  9.646735e+00   7.561433e+01   4.982365e-03   0.000000e+00   197136
  9.668364e+00   7.496493e+01   0.000000e+00   0.000000e+00   199358
  9.690089e+00   7.541306e+01   2.930578e-02   0.000000e+00   203532
  9.712054e+00   7.444793e+01   0.000000e+00   0.000000e+00   201438
  9.733807e+00   7.435873e+01   0.000000e+00   0.000000e+00   203664
  9.755553e+00   7.423052e+01   2.883274e-02   0.000000e+00   203972
  9.777343e+00   7.428173e+01   2.337667e-02   0.000000e+00   205974
  9.799224e+00   7.411966e+01   0.000000e+00   0.000000e+00   205752
  9.821138e+00   7.379823e+01   0.000000e+00   0.000000e+00   207810
  9.842687e+00   7.331676e+01   3.791436e-02   0.000000e+00   206384
  9.864674e+00   7.305507e+01   0.000000e+00   0.000000e+00   210966
  9.886542e+00   7.272060e+01   0.000000e+00   0.000000e+00   210516
  9.908378e+00   7.257600e+01   0.000000e+00   0.000000e+00   209766
  9.930073e+00   7.238517e+01   4.247083e-02   0.000000e+00   212376
  9.951939e+00   7.228503e+01   0.000000e+00   0.000000e+00   212960
  9.973921e+00   7.150851e+01   0.000000e+00   0.000000e+00   214626
  9.995605e+00   7.147588e+01   3.134090e-02   0.000000e+00   213696
  1.001740e+01   7.172835e+01   3.103150e-02   0.000000e+00   215734
  1.003914e+01   7.127539e+01   0.000000e+00   0.000000e+00   213220
  1.006089e+01   7.088705e+01   0.000000e+00   0.000000e+00   219102
  1.008277e+01   7.055506e+01   3.617639e-02   0.000000e+00   220872
  1.010454e+01   7.027066e+01   5.245768e-02   0.000000e+00   216556
  1.012632e+01   7.040650e+01   4.047457e-02   0.000000e+00   221494
  1.014806e+01   7.029485e+01   4.426238e-02   0.000000e+00   219096
  1.016993e+01   6.980561e+01   3.236460e-02   0.000000e+00   224262
  1.019187e+01   6.945737e+01   0.000000e+00   0.000000e+00   222508
  1.021367e+01   6.917359e+01   0.000000e+00   0.000000e+00   222502
  1.023530e+01   6.937069e+01   4.205832e-02   0.000000e+00   227280
  1.025720e+01   6.905010e+01   2.022214e-02   0.000000e+00   223644
  1.027897e+01   6.880452e+01   0.000000e+00   0.000000e+00   226222
  1.030076e+01   6.842255e+01   0.000000e+00   0.000000e+00   229840
  1.032262e+01   6.826038e+01   2.770291e-02   0.000000e+00   228042
  1.034426e+01   6.784878e+01   0.000000e+00   0.000000e+00   227472
  1.036604e+01   6.768214e+01   0.000000e+00   0.000000e+00   230990
  1.038788e+01   6.753215e+01   7.578217e-03   0.000000e+00   233532
  1.040967e+01   6.750246e+01   3.089629e-02   0.000000e+00   231288
  1.043156e+01   6.733272e+01   0.000000e+00   0.000000e+00   233718
  1.045320e+01   6.698517e+01   0.000000e+00   0.000000e+00   232704
  1.047504e+01   6.666500e+01   3.296405e-02   0.000000e+00   239282
  1.049693e+01   6.650186e+01   3.977467e-02   0.000000e+00   234912
  1.051884e+01   6.599992e+01   0.000000e+00   0.000000e+00   238278
  1.054045e+01   6.644243e+01   3.896640e-02   0.000000e+00   237460
  1.056208e+01   6.566138e+01   2.831611e-02   0.000000e+00   236662
  1.058413e+01   6.518033e+01   0.000000e+00   0.000000e+00   246336
  1.060617e+01   6.524571e+01   0.000000e+00   0.000000e+00   241092
  1.062784e+01   6.523159e+01   3.684105e-02   0.000000e+00   242414
  1.064968e+01   6.491622e+01   1.385314e-02   0.000000e+00   243552
  1.067155e+01   6.506695e+01   0.000000e+00   0.000000e+00   243474
  1.069315e+01   6.453336e+01   2.587871e-02   0.000000e+00   245112
  1.071503e+01   6.424719e+01   2.764515e-02   0.000000e+00   246894
  1.073679e+01   6.400364e+01   2.097824e-02   0.000000e+00   247448
  1.075869e+01   6.386992e+01   0.000000e+00   0.000000e+00   247404
  1.078033e+01   6.374000e+01   4.122785e-02   0.000000e+00   249990
  1.080204e+01   6.342015e+01   3.933965e-02   0.000000e+00   249512
  1.082409e+01   6.340738e+01   0.000000e+00   0.000000e+00   253890
  1.084585e+01   6.320159e+01   0.000000e+00   0.000000e+00   250728
  1.086748e+01   6.301672e+01   5.029839e-02   0.000000e+00   253950
  1.088937e+01   6.250993e+01   0.000000e+00   0.000000e+00   254140
  1.091120e+01   6.222287e+01   0.000000e+00   0.000000e+00   255880
  1.093305e+01   6.264025e+01   3.218397e-02   0.000000e+00   258942
  1.095467e+01   6.209637e+01   4.827132e-02   0.000000e+00   253836
  1.097659e+01   6.182182e+01   0.000000e+00   0.000000e+00   260534
  1.099847e+01   6.152624e+01   0.000000e+00   0.000000e+00   259992
  1.102007e+01   6.156322e+01   4.938178e-02   0.000000e+00   258894
  1.104192e+01   6.139174e+01   3.887818e-02   0.000000e+00   263364
  1.106377e+01   6.091661e+01   0.000000e+00   0.000000e+00   259536
  1.108531e+01   6.111806e+01   2.120304e-02   0.000000e+00   263438
  1.110709e+01   6.086189e+01   4.480531e-02   0.000000e+00   265740
  1.112900e+01   6.059401e+01   0.000000e+00   0.000000e+00   264894
  1.115086e+01   6.028513e+01   0.000000e+00   0.000000e+00   269184
  1.117261e+01   6.009399e+01   4.267516e-02   0.000000e+00   266138
  1.119434e+01   5.979058e+01   3.028982e-02   0.000000e+00   270528
  1.121630e+01   5.964090e+01   0.000000e+00   0.000000e+00   268182
  1.123797e+01   5.942910e+01   0.000000e+00   0.000000e+00   270960
  1.125969e+01   5.899789e+01   5.161214e-02   0.000000e+00   274580
  1.128190e+01   5.943560e+01   0.000000e+00   0.000000e+00   276078
  1.130373e+01   5.854487e+01   0.000000e+00   0.000000e+00   273600
  1.132542e+01   5.903469e+01   4.260194e-02   0.000000e+00   274698
  1.134718e+01   5.861948e+01   4.604992e-02   0.000000e+00   276920
  1.136911e+01   5.845377e+01   0.000000e+00   0.000000e+00   276774
  1.139092e+01   5.820853e+01   0.000000e+00   0.000000e+00   279972
  1.141249e+01   5.826774e+01   3.715366e-02   0.000000e+00   276144
  1.143436e+01   5.792226e+01   1.741519e-02   0.000000e+00   282590
  1.145627e+01   5.788204e+01   0.000000e+00   0.000000e+00   282300
  1.147807e+01   5.735293e+01   0.000000e+00   0.000000e+00   283926
  1.149966e+01   5.725283e+01   4.966248e-02   0.000000e+00   279792
  1.152162e+01   5.716161e+01   0.000000e+00   0.000000e+00   287870
  1.154355e+01   5.683819e+01   0.000000e+00   0.000000e+00   286428
  1.156511e+01   5.681497e+01   4.822453e-02   0.000000e+00   284808
  1.158693e+01   5.691230e+01   1.604547e-02   0.000000e+00   289158
  1.160888e+01   5.634861e+01   0.000000e+00   0.000000e+00   290204
  1.163066e+01   5.651490e+01   0.000000e+00   0.000000e+00   290382
  1.165236e+01   5.628491e+01   3.397394e-02   0.000000e+00   291912
  1.167428e+01   5.607451e+01   0.000000e+00   0.000000e+00   290754
  1.169598e+01   5.564412e+01   1.711608e-02   0.000000e+00   296096
  1.171789e+01   5.579711e+01   2.776185e-02   0.000000e+00   294552
  1.173957e+01   5.577004e+01   4.874322e-02   0.000000e+00   293466
  1.176133e+01   5.537183e+01   0.000000e+00   0.000000e+00   296904
  1.178321e+01   5.550188e+01   0.000000e+00   0.000000e+00   298358
  1.180476e+01   5.530502e+01   4.825300e-02   0.000000e+00   297840
  1.182670e+01   5.510791e+01   1.917211e-02   0.000000e+00   301338
  1.184859e+01   5.498773e+01   0.000000e+00   0.000000e+00   300336
  1.187017e+01   5.469752e+01   5.177096e-02   0.000000e+00   303584
  1.189210e+01   5.456575e+01   4.252959e-02   0.000000e+00   304098
  1.191405e+01   5.439478e+01   0.000000e+00   0.000000e+00   304488
  1.193572e+01   5.430469e+01   4.708024e-02   0.000000e+00   306678
  1.195759e+01   5.420366e+01   0.000000e+00   0.000000e+00   305732
  1.197939e+01   5.419176e+01   1.676674e-02   0.000000e+00   309894
  1.200126e+01   5.382285e+01   2.571435e-02   0.000000e+00   310200
  1.202306e+01   5.349617e+01   0.000000e+00   0.000000e+00   307074
  1.204475e+01   5.345739e+01   4.924976e-02   0.000000e+00   315656
  1.206674e+01   5.355025e+01   0.000000e+00   0.000000e+00   310704
  1.208864e+01   5.352585e+01   0.000000e+00   0.000000e+00   314310
  1.211007e+01   5.312990e+01   5.786771e-02   0.000000e+00   312412
  1.213206e+01   5.326298e+01   0.000000e+00   0.000000e+00   318310
  1.215396e+01   5.310547e+01   0.000000e+00   0.000000e+00   315648
  1.217559e+01   5.259993e+01   4.569925e-02   0.000000e+00   320610
  1.219736e+01   5.276156e+01   0.000000e+00   0.000000e+00   313944
  1.221918e+01   5.260940e+01   0.000000e+00   0.000000e+00   325880
  1.224102e+01   5.267710e+01   4.568543e-02   0.000000e+00   319146
  1.226285e+01   5.222440e+01   0.000000e+00   0.000000e+00   322896
  1.228447e+01   5.235242e+01   5.107067e-02   0.000000e+00   322206
  1.230635e+01   5.225776e+01   0.000000e+00   0.000000e+00   327416
  1.232836e+01   5.204165e+01   0.000000e+00   0.000000e+00   325602
  1.234988e+01   5.197671e+01   6.166527e-02   0.000000e+00   328248
  1.237175e+01   5.174512e+01   0.000000e+00   0.000000e+00   326088
  1.239374e+01   5.189052e+01   0.000000e+00   0.000000e+00   331658
  1.241527e+01   5.150011e+01   5.617334e-02   0.000000e+00   331584
  1.243721e+01   5.158955e+01   2.698222e-02   0.000000e+00   330630
  1.245909e+01   5.147078e+01   0.000000e+00   0.000000e+00   333204
  1.248059e+01   5.122923e+01   6.366149e-02   0.000000e+00   333470
  1.250263e+01   5.152934e+01   0.000000e+00   0.000000e+00   335688
  1.252429e+01   5.118726e+01   2.296989e-02   0.000000e+00   336828
  1.254606e+01   5.126884e+01   2.880340e-02   0.000000e+00   337662
  1.256803e+01   5.099839e+01   0.000000e+00   0.000000e+00   338960
  1.258948e+01   5.112676e+01   5.781901e-02   0.000000e+00   338262
  1.261140e+01   5.078391e+01   4.871023e-02   0.000000e+00   344388
  1.263351e+01   5.086305e+01   0.000000e+00   0.000000e+00   342486
  1.265489e+01   5.080239e+01   7.371986e-02   0.000000e+00   343592
  1.267698e+01   5.070042e+01   9.118861e-03   0.000000e+00   347130
  1.269897e+01   5.115486e+01   0.000000e+00   0.000000e+00   346152
  1.272042e+01   5.066300e+01   6.999493e-02   0.000000e+00   345856
  1.274247e+01   5.061122e+01   0.000000e+00   0.000000e+00   349354
  1.276432e+01   5.091128e+01   0.000000e+00   0.000000e+00   352032
  1.278598e+01   5.064515e+01   5.863167e-02   0.000000e+00   348582
  1.280799e+01   5.054810e+01   0.000000e+00   0.000000e+00   352244
  1.282940e+01   5.050790e+01   7.137299e-02   0.000000e+00   351582
  1.285138e+01   5.068979e+01   1.257214e-02   0.000000e+00   357144
  1.287343e+01   5.032722e+01   0.000000e+00   0.000000e+00   355560
  1.289490e+01   5.026887e+01   6.643920e-02   0.000000e+00   354551
  1.291685e+01   5.033644e+01   1.176061e-02   0.000000e+00   358044
  1.293889e+01   5.005265e+01   0.000000e+00   0.000000e+00   355272
  1.296027e+01   4.970159e+01   7.291577e-02   0.000000e+00   352044
  1.298217e+01   4.926577e+01   0.000000e+00   0.000000e+00   352344
  1.300406e+01   4.925387e+01   0.000000e+00   0.000000e+00   356516
  1.302571e+01   4.919727e+01   5.127148e-02   0.000000e+00   352848
  1.304788e+01   4.877095e+01   0.000000e+00   0.000000e+00   352980
  1.306938e+01   4.866247e+01   4.360102e-02   0.000000e+00   348948
  1.309114e+01   4.832357e+01   3.860191e-02   0.000000e+00   351692
  1.311332e+01   4.817801e+01   0.000000e+00   0.000000e+00   353064
  1.313473e+01   4.792229e+01   6.549475e-02   0.000000e+00   345624
  1.315651e+01   4.772836e+01   0.000000e+00   0.000000e+00   347844
  1.317856e+01   4.753204e+01   0.000000e+00   0.000000e+00   351020
  1.320006e+01   4.743347e+01   6.109305e-02   0.000000e+00   345852
  1.322197e+01   4.695145e+01   1.204254e-02   0.000000e+00   347040
  1.324391e+01   4.691936e+01   0.000000e+00   0.000000e+00   345928
  1.326541e+01   4.653263e+01   6.142442e-02   0.000000e+00   347020
  1.328744e+01   4.658848e+01   0.000000e+00   0.000000e+00   343032
  1.330916e+01   4.625874e+01   0.000000e+00   0.000000e+00   343620
  1.333077e+01   4.604937e+01   6.282480e-02   0.000000e+00   343988
  1.335297e+01   4.590025e+01   0.000000e+00   0.000000e+00   344556
  1.337456e+01   4.567695e+01   4.655777e-02   0.000000e+00   343632
  1.339652e+01   4.552479e+01   0.000000e+00   0.000000e+00   340392
  1.341843e+01   4.541606e+01   0.000000e+00   0.000000e+00   339408
  1.343985e+01   4.488194e+01   7.818056e-02   0.000000e+00   341864
  1.346198e+01   4.474339e+01   0.000000e+00   0.000000e+00   341964
  1.348388e+01   4.464002e+01   0.000000e+00   0.000000e+00   334380
  1.350511e+01   4.436383e+01   7.349662e-02   0.000000e+00   336504
  1.352722e+01   4.418670e+01   1.694116e-02   0.000000e+00   339560
  1.354911e+01   4.431627e+01   0.000000e+00   0.000000e+00   336384
  1.357072e+01   4.393262e+01   7.738396e-02   0.000000e+00   337404
  1.359278e+01   4.357229e+01   0.000000e+00   0.000000e+00   330156
  1.361426e+01   4.348263e+01   6.063353e-02   0.000000e+00   337808
  1.363627e+01   4.319662e+01   0.000000e+00   0.000000e+00   332748
  1.365824e+01   4.301872e+01   0.000000e+00   0.000000e+00   333612
  1.367971e+01   4.299119e+01   6.151316e-02   0.000000e+00   331860
  1.370160e+01   4.263759e+01   2.852580e-02   0.000000e+00   328376
  1.372347e+01   4.257947e+01   0.000000e+00   0.000000e+00   331140
  1.374507e+01   4.225522e+01   7.428899e-02   0.000000e+00   332988
  1.376698e+01   4.226295e+01   2.892604e-02   0.000000e+00   325224
  1.378896e+01   4.210752e+01   0.000000e+00   0.000000e+00   331544
  1.381053e+01   4.179994e+01   6.984314e-02   0.000000e+00   327264
  1.383243e+01   4.177046e+01   0.000000e+00   0.000000e+00   322308
  1.385413e+01   4.133461e+01   2.570430e-02   0.000000e+00   328136
  1.387574e+01   4.135034e+01   5.204149e-02   0.000000e+00   323172
  1.389784e+01   4.105442e+01   0.000000e+00   0.000000e+00   325248
  1.391940e+01   4.077206e+01   6.536661e-02   0.000000e+00   324096
  1.394125e+01   4.075808e+01   0.000000e+00   0.000000e+00   321540
  1.396332e+01   4.047727e+01   0.000000e+00   0.000000e+00   323744
  1.398466e+01   4.017018e+01   7.287476e-02   0.000000e+00   317400
  1.400658e+01   4.005908e+01   1.628767e-02   0.000000e+00   322560
  1.402868e+01   3.997869e+01   0.000000e+00   0.000000e+00   320076
  1.405010e+01   3.979579e+01   7.560325e-02   0.000000e+00   317204
  1.407233e+01   3.914703e+01   0.000000e+00   0.000000e+00   323064
  1.409422e+01   3.944795e+01   0.000000e+00   0.000000e+00   315204
  1.411559e+01   3.927974e+01   8.204444e-02   0.000000e+00   315416
  1.413789e+01   3.884785e+01   0.000000e+00   0.000000e+00   316884
  1.415938e+01   3.861887e+01   4.994431e-02   0.000000e+00   312876
  1.418117e+01   3.857814e+01   5.735251e-02   0.000000e+00   315540
  1.420336e+01   3.853715e+01   0.000000e+00   0.000000e+00   312576
  1.422468e+01   3.807418e+01   8.157748e-02   0.000000e+00   312140
  1.424670e+01   3.802945e+01   2.163238e-02   0.000000e+00   310356
  1.426873e+01   3.796291e+01   0.000000e+00   0.000000e+00   311232
  1.429004e+01   3.775040e+01   7.273197e-02   0.000000e+00   307584
  1.431210e+01   3.760573e+01   3.445816e-02   0.000000e+00   310616
  1.433397e+01   3.746392e+01   0.000000e+00   0.000000e+00   304200
  1.435530e+01   3.726746e+01   8.173548e-02   0.000000e+00   306792
  1.437754e+01   3.719562e+01   0.000000e+00   0.000000e+00   306168
  1.439909e+01   3.704471e+01   0.000000e+00   0.000000e+00   304448
  1.442096e+01   3.687898e+01   7.146347e-02   0.000000e+00   308580
  1.444312e+01   3.657141e+01   0.000000e+00   0.000000e+00   299568
  1.446443e+01   3.641019e+01   6.967276e-02   0.000000e+00   304416
  1.448653e+01   3.617616e+01   3.876482e-02   0.000000e+00   302216
  1.450851e+01   3.626683e+01   0.000000e+00   0.000000e+00   300084
  1.452993e+01   3.619373e+01   8.873469e-02   0.000000e+00   299340
  1.455184e+01   3.610027e+01   0.000000e+00   0.000000e+00   296688
  1.457379e+01   3.581768e+01   0.000000e+00   0.000000e+00   298820
  1.459520e+01   3.562214e+01   8.494073e-02   0.000000e+00   296916
  1.461734e+01   3.541229e+01   0.000000e+00   0.000000e+00   295920
  1.463901e+01   3.535794e+01   7.442184e-03   0.000000e+00   292692
  1.466050e+01   3.537136e+01   7.847069e-02   0.000000e+00   295892
  1.468285e+01   3.510663e+01   0.000000e+00   0.000000e+00   293064
  1.470434e+01   3.509407e+01   4.277034e-02   0.000000e+00   293220
  1.472606e+01   3.489445e+01   3.706734e-02   0.000000e+00   286804
  1.474808e+01   3.476485e+01   0.000000e+00   0.000000e+00   293080
  1.476965e+01   3.436212e+01   7.765380e-02   0.000000e+00   291816
  1.479175e+01   3.451676e+01   0.000000e+00   0.000000e+00   287784
  1.481366e+01   3.434696e+01   0.000000e+00   0.000000e+00   286760
  1.483504e+01   3.429065e+01   8.185077e-02   0.000000e+00   287088
  1.485710e+01   3.400486e+01   0.000000e+00   0.000000e+00   286176
  1.487907e+01   3.391608e+01   0.000000e+00   0.000000e+00   284184
  1.490040e+01   3.362883e+01   7.315823e-02   0.000000e+00   282220
  1.492267e+01   3.359409e+01   0.000000e+00   0.000000e+00   284452
  1.494426e+01   3.341945e+01   0.000000e+00   0.000000e+00   279516
  1.496590e+01   3.343596e+01   7.924091e-02   0.000000e+00   282696
  1.498820e+01   3.330055e+01   0.000000e+00   0.000000e+00   278676
  1.500952e+01   3.295527e+01   8.137315e-02   0.000000e+00   279512
  1.503149e+01   3.302586e+01   9.219137e-03   0.000000e+00   276672
  1.505351e+01   3.296622e+01   0.000000e+00   0.000000e+00   276036
  1.507474e+01   3.292946e+01   7.939894e-02   0.000000e+00   274416
  1.509680e+01   3.275290e+01   3.667697e-02   0.000000e+00   275384
  1.511885e+01   3.253584e+01   0.000000e+00   0.000000e+00   274560
  1.514026e+01   3.233992e+01   8.697326e-02   0.000000e+00   272220
  1.516242e+01   3.230569e+01   0.000000e+00   0.000000e+00   270492
  1.518412e+01   3.220997e+01   0.000000e+00   0.000000e+00   271532
  1.520585e+01   3.202267e+01   5.315854e-02   0.000000e+00   272052
  1.522791e+01   3.194898e+01   0.000000e+00   0.000000e+00   264372
  1.524925e+01   3.181609e+01   4.736758e-02   0.000000e+00   268652
  1.527124e+01   3.164947e+01   5.579035e-02   0.000000e+00   266760
  1.529316e+01   3.146458e+01   0.000000e+00   0.000000e+00   262536
  1.531460e+01   3.131457e+01   8.671850e-02   0.000000e+00   266460
  1.533659e+01   3.106249e+01   0.000000e+00   0.000000e+00   261560
  1.535847e+01   3.108574e+01   0.000000e+00   0.000000e+00   262236
  1.538001e+01   3.107083e+01   7.718197e-02   0.000000e+00   261708
  1.540197e+01   3.096145e+01   0.000000e+00   0.000000e+00   258960
  1.542387e+01   3.078491e+01   0.000000e+00   0.000000e+00   258376
  1.544529e+01   3.052040e+01   7.350564e-02   0.000000e+00   258304
  1.546762e+01   3.053668e+01   0.000000e+00   0.000000e+00   259368
  1.548920e+01   3.070671e+01   3.589896e-02   0.000000e+00   253332
  1.551081e+01   3.032664e+01   7.722871e-02   0.000000e+00   254448
  1.553306e+01   3.023795e+01   0.000000e+00   0.000000e+00   255248
  1.555453e+01   3.002416e+01   8.021239e-02   0.000000e+00   252180
  1.557654e+01   3.011411e+01   3.204441e-02   0.000000e+00   252744
  1.559851e+01   3.000179e+01   0.000000e+00   0.000000e+00   247348
  1.561982e+01   2.979243e+01   9.639117e-02   0.000000e+00   250432
  1.564189e+01   2.978635e+01   0.000000e+00   0.000000e+00   247860
  1.566393e+01   2.970245e+01   0.000000e+00   0.000000e+00   247716
  1.568526e+01   2.947088e+01   8.053962e-02   0.000000e+00   242472
  1.570747e+01   2.942992e+01   0.000000e+00   0.000000e+00   248672
  1.572913e+01   2.933645e+01   3.521475e-02   0.000000e+00   239352
  1.575066e+01   2.912274e+01   6.486829e-02   0.000000e+00   245088
  1.577291e+01   2.915311e+01   0.000000e+00   0.000000e+00   239232
  1.579424e+01   2.899982e+01   8.602723e-02   0.000000e+00   240320
  1.581633e+01   2.899235e+01   0.000000e+00   0.000000e+00   239340
  1.583838e+01   2.898839e+01   0.000000e+00   0.000000e+00   237636
  1.585962e+01   2.898289e+01   8.206930e-02   0.000000e+00   235980
  1.588167e+01   2.871756e+01   0.000000e+00   0.000000e+00   235304
  1.590367e+01   2.861168e+01   0.000000e+00   0.000000e+00   234576
  1.592505e+01   2.846539e+01   7.605615e-02   0.000000e+00   232788
  1.594710e+01   2.831482e+01   0.000000e+00   0.000000e+00   230400
  1.596887e+01   2.829905e+01   0.000000e+00   0.000000e+00   231836
  1.599050e+01   2.817834e+01   8.172383e-02   0.000000e+00   231288
  1.601279e+01   2.809745e+01   0.000000e+00   0.000000e+00   226536
  1.603413e+01   2.804776e+01   6.387046e-02   0.000000e+00   226084
  1.605589e+01   2.775566e+01   5.464616e-02   0.000000e+00   227116
  1.607810e+01   2.789017e+01   0.000000e+00   0.000000e+00   223800
  1.609944e+01   2.782385e+01   8.752032e-02   0.000000e+00   223884
  1.612142e+01   2.770628e+01   0.000000e+00   0.000000e+00   222360
  1.614344e+01   2.753642e+01   0.000000e+00   0.000000e+00   221156
  1.616493e+01   2.745129e+01   9.746677e-02   0.000000e+00   221724
  1.618705e+01   2.753351e+01   0.000000e+00   0.000000e+00   217584
  1.620888e+01   2.737977e+01   0.000000e+00   0.000000e+00   217576
  1.623027e+01   2.698371e+01   1.008363e-01   0.000000e+00   215464
  1.625248e+01   2.705917e+01   0.000000e+00   0.000000e+00   215472
  1.627411e+01   2.706554e+01   2.825836e-02   0.000000e+00   213768
  1.629568e+01   2.699886e+01   8.699769e-02   0.000000e+00   210956
  1.631780e+01   2.691807e+01   0.000000e+00   0.000000e+00   211788
  1.633941e+01   2.683608e+01   4.776835e-02   0.000000e+00   211092
  1.636135e+01   2.671012e+01   3.494382e-02   0.000000e+00   209556
  1.638344e+01   2.667745e+01   0.000000e+00   0.000000e+00   206700
  1.640470e+01   2.651891e+01   8.141369e-02   0.000000e+00   206048
  1.642671e+01   2.667853e+01   0.000000e+00   0.000000e+00   204744
  1.644867e+01   2.652025e+01   0.000000e+00   0.000000e+00   202992
  1.646992e+01   2.640418e+01   9.143872e-02   0.000000e+00   201944
  1.649225e+01   2.619988e+01   0.000000e+00   0.000000e+00   203304
  1.651413e+01   2.630378e+01   0.000000e+00   0.000000e+00   200484
  1.653543e+01   2.633560e+01   9.742735e-02   0.000000e+00   195516
  1.655776e+01   2.615586e+01   0.000000e+00   0.000000e+00   198860
  1.657917e+01   2.599375e+01   4.441854e-02   0.000000e+00   195264
  1.660100e+01   2.608068e+01   6.342775e-02   0.000000e+00   195984
  1.662318e+01   2.594651e+01   0.000000e+00   0.000000e+00   191808
  1.664430e+01   2.572545e+01   7.505118e-02   0.000000e+00   190776
  1.666628e+01   2.595823e+01   1.682376e-02   0.000000e+00   192032
  1.668840e+01   2.576982e+01   0.000000e+00   0.000000e+00   188628
  1.670967e+01   2.578563e+01   1.034965e-01   0.000000e+00   189444
  1.673189e+01   2.561443e+01   0.000000e+00   0.000000e+00   186260
  1.675359e+01   2.553898e+01   0.000000e+00   0.000000e+00   184560
  1.677509e+01   2.555908e+01   9.460526e-02   0.000000e+00   185832
  1.679750e+01   2.542181e+01   0.000000e+00   0.000000e+00   182400
  1.681894e+01   2.539057e+01   4.462200e-02   0.000000e+00   181380
  1.684059e+01   2.524631e+01   7.865720e-02   0.000000e+00   180332
  1.686285e+01   2.529904e+01   0.000000e+00   0.000000e+00   178236
  1.688431e+01   2.515317e+01   5.633973e-02   0.000000e+00   179184
  1.690617e+01   2.515469e+01   7.210249e-02   0.000000e+00   175028
  1.692824e+01   2.499425e+01   0.000000e+00   0.000000e+00   175440
  1.694979e+01   2.506816e+01   7.697806e-02   0.000000e+00   174828
  1.697177e+01   2.491408e+01   0.000000e+00   0.000000e+00   169896
  1.699354e+01   2.500409e+01   0.000000e+00   0.000000e+00   171708
  1.701506e+01   2.477221e+01   9.976390e-02   0.000000e+00   169328
  1.703715e+01   2.484196e+01   0.000000e+00   0.000000e+00   167364
  1.705895e+01   2.488504e+01   3.570749e-02   0.000000e+00   168192
  1.708047e+01   2.484345e+01   8.908725e-02   0.000000e+00   163188
  1.710278e+01   2.490059e+01   0.000000e+00   0.000000e+00   166184
  1.712441e+01   2.456993e+01   4.482490e-02   0.000000e+00   161460
  1.714596e+01   2.461741e+01   8.294736e-02   0.000000e+00   159972
  1.716806e+01   2.462740e+01   0.000000e+00   0.000000e+00   159488
  1.718948e+01   2.444017e+01   7.752438e-02   0.000000e+00   158148
  1.721156e+01   2.441053e+01   0.000000e+00   0.000000e+00   158100
  1.723362e+01   2.430578e+01   0.000000e+00   0.000000e+00   155232
  1.725473e+01   2.415626e+01   8.793712e-02   0.000000e+00   151216
  1.727694e+01   2.438437e+01   0.000000e+00   0.000000e+00   155560
  1.729900e+01   2.425030e+01   0.000000e+00   0.000000e+00   151404
  1.732026e+01   2.431141e+01   1.058442e-01   0.000000e+00   148356
  1.734251e+01   2.401712e+01   0.000000e+00   0.000000e+00   147164
  1.736399e+01   2.409427e+01   2.771597e-02   0.000000e+00   147384
  1.738570e+01   2.408731e+01   7.129158e-02   0.000000e+00   145992
  1.740808e+01   2.400138e+01   0.000000e+00   0.000000e+00   143856
  1.742915e+01   2.406628e+01   7.051890e-02   0.000000e+00   140384
  1.745120e+01   2.395284e+01   3.464172e-02   0.000000e+00   143856
  1.747335e+01   2.377735e+01   0.000000e+00   0.000000e+00   136968
  1.749450e+01   2.401573e+01   9.755621e-02   0.000000e+00   139536
  1.751682e+01   2.380708e+01   0.000000e+00   0.000000e+00   136916
  1.753850e+01   2.360400e+01   0.000000e+00   0.000000e+00   133032
  1.755990e+01   2.375534e+01   9.826089e-02   0.000000e+00   135540
  1.758238e+01   2.357677e+01   0.000000e+00   0.000000e+00   132096
  1.760381e+01   2.371894e+01   0.000000e+00   0.000000e+00   129540
  1.762542e+01   2.357441e+01   9.513298e-02   0.000000e+00   130640
  1.764769e+01   2.353020e+01   0.000000e+00   0.000000e+00   126276
  1.766917e+01   2.350272e+01   5.727513e-02   0.000000e+00   128484
  1.769130e+01   2.366291e+01   1.488861e-02   0.000000e+00   124168
  1.771312e+01   2.344360e+01   0.000000e+00   0.000000e+00   122224
  1.773462e+01   2.340014e+01   8.596329e-02   0.000000e+00   123156
  1.775674e+01   2.306301e+01   0.000000e+00   0.000000e+00   119688
  1.777834e+01   2.321850e+01   0.000000e+00   0.000000e+00   116640
  1.779986e+01   2.314788e+01   1.006165e-01   0.000000e+00   119696
  1.782206e+01   2.303430e+01   0.000000e+00   0.000000e+00   114276
  1.784378e+01   2.322145e+01   0.000000e+00   0.000000e+00   114060
  1.786529e+01   2.298543e+01   9.512003e-02   0.000000e+00   112536
  1.788755e+01   2.303745e+01   0.000000e+00   0.000000e+00   112196
  1.790929e+01   2.299426e+01   4.146684e-02   0.000000e+00   109404
  1.793083e+01   2.262716e+01   5.382283e-02   0.000000e+00   105900
  1.795273e+01   2.294861e+01   0.000000e+00   0.000000e+00   107176
  1.797434e+01   2.255818e+01   7.041578e-02   0.000000e+00   105088
  1.799632e+01   2.256485e+01   2.503626e-02   0.000000e+00   103800
  1.801836e+01   2.244991e+01   0.000000e+00   0.000000e+00   101340
  1.803974e+01   2.247132e+01   7.908138e-02   0.000000e+00   100036
  1.806162e+01   2.230971e+01   0.000000e+00   0.000000e+00   97672
  1.808359e+01   2.220141e+01   0.000000e+00   0.000000e+00   97908
  1.810510e+01   2.211453e+01   8.487268e-02   0.000000e+00   95328
  1.812715e+01   2.215995e+01   0.000000e+00   0.000000e+00   93600
  1.814886e+01   2.163888e+01   0.000000e+00   0.000000e+00   92312
  1.817055e+01   2.159192e+01   7.080489e-02   0.000000e+00   91044
  1.819264e+01   2.161813e+01   0.000000e+00   0.000000e+00   88500
  1.821390e+01   2.161857e+01   5.404011e-02   0.000000e+00   86216
  1.823584e+01   2.132202e+01   0.000000e+00   0.000000e+00   87159
  1.825818e+01   2.150727e+01   0.000000e+00   0.000000e+00   86064
  1.827963e+01   2.122428e+01   8.286022e-02   0.000000e+00   81648
  1.830139e+01   2.121599e+01   1.591503e-02   0.000000e+00   81654
  1.832346e+01   2.081507e+01   0.000000e+00   0.000000e+00   81284
  1.834510e+01   2.067011e+01   6.012205e-02   0.000000e+00   78888
  1.836689e+01   2.077175e+01   2.158951e-02   0.000000e+00   77250
  1.838853e+01   2.057747e+01   0.000000e+00   0.000000e+00   75942
  1.841019e+01   2.047706e+01   6.457823e-02   0.000000e+00   77042
  1.843244e+01   2.068196e+01   0.000000e+00   0.000000e+00   74094
  1.845418e+01   2.056998e+01   3.436987e-02   0.000000e+00   73818
  1.847592e+01   2.037360e+01   0.000000e+00   0.000000e+00   70998
  1.849776e+01   2.020405e+01   0.000000e+00   0.000000e+00   72044
  1.851953e+01   2.015411e+01   6.852189e-02   0.000000e+00   69426
  1.854147e+01   2.009399e+01   0.000000e+00   0.000000e+00   69288
  1.856323e+01   1.993227e+01   0.000000e+00   0.000000e+00   67068
  1.858471e+01   1.991733e+01   7.160094e-02   0.000000e+00   66926
  1.860673e+01   1.989852e+01   6.074100e-02   0.000000e+00   66348
  1.862884e+01   1.979461e+01   0.000000e+00   0.000000e+00   64728
  1.865032e+01   1.973322e+01   0.000000e+00   0.000000e+00   62820
  1.867209e+01   1.967804e+01   0.000000e+00   0.000000e+00   63716
  1.869413e+01   1.957786e+01   1.906023e-02   0.000000e+00   62160
  1.871587e+01   1.941660e+01   0.000000e+00   0.000000e+00   59940
  1.873745e+01   1.952599e+01   1.808451e-02   0.000000e+00   60112
  1.875922e+01   1.938849e+01   6.680266e-02   0.000000e+00   59668
  1.878132e+01   1.932659e+01   0.000000e+00   0.000000e+00   57618
  1.880286e+01   1.937662e+01   2.079367e-02   0.000000e+00   56868
  1.882443e+01   1.938060e+01   6.378935e-02   0.000000e+00   56684
  1.884634e+01   1.934114e+01   2.788735e-02   0.000000e+00   55536
  1.886828e+01   1.901163e+01   0.000000e+00   0.000000e+00   54342
  1.889011e+01   1.932081e+01   2.451088e-02   0.000000e+00   54768
  1.891171e+01   1.901561e+01   6.403965e-02   0.000000e+00   52094
  1.893352e+01   1.904354e+01   0.000000e+00   0.000000e+00   52224
  1.895563e+01   1.923397e+01   0.000000e+00   0.000000e+00   52188
  1.897730e+01   1.893339e+01   5.566875e-02   0.000000e+00   50190
  1.899884e+01   1.898660e+01   4.723533e-02   0.000000e+00   49224
  1.902080e+01   1.891382e+01   0.000000e+00   0.000000e+00   49094
  1.904284e+01   1.906504e+01   1.702991e-02   0.000000e+00   49488
  1.906465e+01   1.882786e+01   5.874601e-02   0.000000e+00   46830
  1.908616e+01   1.866455e+01   1.336605e-02   0.000000e+00   45860
  1.910805e+01   1.912650e+01   0.000000e+00   0.000000e+00   46770
  1.913001e+01   1.872954e+01   2.462378e-02   0.000000e+00   45468
  1.915178e+01   1.845465e+01   4.279751e-02   0.000000e+00   44130
  1.917347e+01   1.868670e+01   0.000000e+00   0.000000e+00   43230
  1.919529e+01   1.856137e+01   0.000000e+00   0.000000e+00   44108
  1.921728e+01   1.860994e+01   3.983398e-02   0.000000e+00   42162
  1.923902e+01   1.837429e+01   3.991625e-02   0.000000e+00   41358
  1.926057e+01   1.841102e+01   0.000000e+00   0.000000e+00   40456
  1.928240e+01   1.827035e+01   3.544496e-02   0.000000e+00   41230
  1.930457e+01   1.818050e+01   4.887755e-02   0.000000e+00   39906
  1.932642e+01   1.812946e+01   0.000000e+00   0.000000e+00   38508
  1.934787e+01   1.839242e+01   0.000000e+00   0.000000e+00   37854
  1.936953e+01   1.805741e+01   5.988082e-02   0.000000e+00   38162
  1.939171e+01   1.825682e+01   2.541947e-02   0.000000e+00   37212
  1.941360e+01   1.813355e+01   0.000000e+00   0.000000e+00   36450
  1.943494e+01   1.841962e+01   3.169436e-02   0.000000e+00   34718
  1.945658e+01   1.804288e+01   2.583614e-02   0.000000e+00   35814
  1.947878e+01   1.791978e+01   2.446241e-02   0.000000e+00   34896
  1.950069e+01   1.793796e+01   0.000000e+00   0.000000e+00   33822
  1.952197e+01   1.809740e+01   4.617870e-02   0.000000e+00   32522
  1.954384e+01   1.771341e+01   0.000000e+00   0.000000e+00   33630
  1.956602e+01   1.777656e+01   0.000000e+00   0.000000e+00   32166
  1.958760e+01   1.805615e+01   2.332873e-02   0.000000e+00   31200
  1.960897e+01   1.761555e+01   1.991862e-02   0.000000e+00   30598
  1.963083e+01   1.759472e+01   2.254205e-02   0.000000e+00   31138
  1.965318e+01   1.736003e+01   0.000000e+00   0.000000e+00   30510
  1.967494e+01   1.771912e+01   3.441581e-02   0.000000e+00   28998
  1.969630e+01   1.745898e+01   6.739456e-03   0.000000e+00   28290
  1.971813e+01   1.771138e+01   4.505987e-02   0.000000e+00   29126
  1.974048e+01   1.756404e+01   0.000000e+00   0.000000e+00   28008
  1.976227e+01   1.753401e+01   1.675054e-02   0.000000e+00   27222
  1.978381e+01   1.734859e+01   2.228403e-02   0.000000e+00   26426
  1.980561e+01   1.778874e+01   1.668896e-02   0.000000e+00   26694
  1.982768e+01   1.782400e+01   2.375671e-02   0.000000e+00   25734
  1.984956e+01   1.778649e+01   0.000000e+00   0.000000e+00   25458
  1.987103e+01   1.766946e+01   5.641563e-03   0.000000e+00   24198
  1.989294e+01   1.746763e+01   0.000000e+00   0.000000e+00   25034
  1.991510e+01   1.754795e+01   2.126353e-02   0.000000e+00   23718
  1.993673e+01   1.748029e+01   0.000000e+00   0.000000e+00   23094
  1.995801e+01   1.767970e+01   2.962207e-02   0.000000e+00   22416
  1.997992e+01   1.737073e+01   8.576815e-03   0.000000e+00   23078
  2.000241e+01   1.758524e+01   0.000000e+00   0.000000e+00   22386
  2.002418e+01   1.747302e+01   0.000000e+00   0.000000e+00   21126
  2.004528e+01   1.771322e+01   0.000000e+00   0.000000e+00   20366
  2.006701e+01   1.750822e+01   4.157414e-02   0.000000e+00   21354
  2.008955e+01   1.741136e+01   0.000000e+00   0.000000e+00   20478
  2.011130e+01   1.744928e+01   0.000000e+00   0.000000e+00   19458
  2.013239e+01   1.739705e+01   1.365397e-02   0.000000e+00   18758
  2.015414e+01   1.737073e+01   4.417153e-02   0.000000e+00   19566
  2.017665e+01   1.742030e+01   2.820010e-02   0.000000e+00   18858
  2.019850e+01   1.770481e+01   7.194131e-03   0.000000e+00   17790
  2.021954e+01   1.772771e+01   0.000000e+00   0.000000e+00   17114
  2.024133e+01   1.725082e+01   0.000000e+00   0.000000e+00   17982
  2.026381e+01   1.742053e+01   0.000000e+00   0.000000e+00   17190
  2.028572e+01   1.723288e+01   0.000000e+00   0.000000e+00   16458
  2.030674e+01   1.757425e+01   3.080901e-02   0.000000e+00   15494
  2.032848e+01   1.697745e+01   9.752311e-03   0.000000e+00   16374
  2.035111e+01   1.753128e+01   0.000000e+00   0.000000e+00   15858
  2.037304e+01   1.751192e+01   0.000000e+00   0.000000e+00   14862
  2.039397e+01   1.739150e+01   0.000000e+00   0.000000e+00   14082
  2.041581e+01   1.746547e+01   0.000000e+00   0.000000e+00   14990
  2.043850e+01   1.752737e+01   1.468076e-02   0.000000e+00   14358
  2.046035e+01   1.735431e+01   0.000000e+00   0.000000e+00   13386
  2.048107e+01   1.742178e+01   0.000000e+00   0.000000e+00   12678
  2.050293e+01   1.735712e+01   2.548273e-02   0.000000e+00   13700
  2.052576e+01   1.721223e+01   1.597082e-02   0.000000e+00   12942
  2.054768e+01   1.754570e+01   4.054180e-02   0.000000e+00   12198
  2.056815e+01   1.764484e+01   0.000000e+00   0.000000e+00   11106
  2.058987e+01   1.769705e+01   5.770931e-03   0.000000e+00   12494
  2.061278e+01   1.733567e+01   2.984655e-02   0.000000e+00   11610
  2.063486e+01   1.788393e+01   0.000000e+00   0.000000e+00   11094
  2.065534e+01   1.806344e+01   2.069618e-02   0.000000e+00   9902
  2.067697e+01   1.756995e+01   1.890356e-02   0.000000e+00   11226
  2.069988e+01   1.750813e+01   0.000000e+00   0.000000e+00   10326
  2.072198e+01   1.763659e+01   2.178015e-02   0.000000e+00   10074
  2.074263e+01   1.816342e+01   1.480900e-02   0.000000e+00   8766
  2.076409e+01   1.846807e+01   0.000000e+00   0.000000e+00   9950
  2.078694e+01   1.723943e+01   1.393971e-02   0.000000e+00   9252
  2.080904e+01   1.825459e+01   0.000000e+00   0.000000e+00   8886
  2.082967e+01   1.802408e+01   0.000000e+00   0.000000e+00   7850
  2.085131e+01   1.778916e+01   3.592954e-03   0.000000e+00   8886
  2.087421e+01   1.765215e+01   0.000000e+00   0.000000e+00   8142
  2.089605e+01   1.822031e+01   2.127715e-02   0.000000e+00   7746
  2.091645e+01   1.777005e+01   1.928559e-02   0.000000e+00   6926
  2.093851e+01   1.813803e+01   0.000000e+00   0.000000e+00   7974
  2.096149e+01   1.789087e+01   2.199468e-02   0.000000e+00   7074
  2.098308e+01   1.870497e+01   0.000000e+00   0.000000e+00   6744
  2.100337e+01   1.804407e+01   2.172225e-02   0.000000e+00   6114
  2.102580e+01   1.898749e+01   0.000000e+00   0.000000e+00   7094
  2.104919e+01   1.917099e+01   0.000000e+00   0.000000e+00   6174
  2.107051e+01   1.912844e+01   8.261203e-03   0.000000e+00   5754
  2.109025e+01   1.861519e+01   0.000000e+00   0.000000e+00   5214
  2.111298e+01   1.850836e+01   0.000000e+00   0.000000e+00   6338
  2.113700e+01   1.848529e+01   7.035985e-03   0.000000e+00   5352
  2.115807e+01   1.884069e+01   0.000000e+00   0.000000e+00   4830
  2.117690e+01   1.921966e+01   1.235683e-02   0.000000e+00   4338
  2.119976e+01   1.857784e+01   0.000000e+00   0.000000e+00   5558
  2.122480e+01   1.883397e+01   1.577102e-02   0.000000e+00   4866
  2.124631e+01   1.887588e+01   2.532982e-02   0.000000e+00   3846
  2.126342e+01   1.858588e+01   0.000000e+00   0.000000e+00   3518
  2.128637e+01   1.890824e+01   2.228437e-02   0.000000e+00   4812
  2.131215e+01   1.855480e+01   1.522731e-02   0.000000e+00   4278
  2.133449e+01   2.032193e+01   2.131553e-02   0.000000e+00   3174
  2.134996e+01   1.903376e+01   0.000000e+00   0.000000e+00   2738
  2.137283e+01   1.888685e+01   8.835545e-03   0.000000e+00   4086
  2.139914e+01   1.877326e+01   0.000000e+00   0.000000e+00   3666
  2.142254e+01   1.873219e+01   1.436612e-02   0.000000e+00   2712
  2.143650e+01   1.926339e+01   8.681277e-03   0.000000e+00   1998
  2.145925e+01   2.065993e+01   1.218534e-02   0.000000e+00   3434
  2.148610e+01   1.988302e+01   0.000000e+00   0.000000e+00   3078
  2.151062e+01   2.098672e+01   1.190639e-02   0.000000e+00   2334
  2.152310e+01   1.845506e+01   0.000000e+00   0.000000e+00   1340
  2.154564e+01   1.946724e+01   0.000000e+00   0.000000e+00   2838
  2.157313e+01   1.877799e+01   0.000000e+00   0.000000e+00   2538
  2.159879e+01   1.938114e+01   1.358619e-02   0.000000e+00   1974
  2.160907e+01   2.151675e+01   1.359459e-02   0.000000e+00   774
  2.163172e+01   2.034050e+01   0.000000e+00   0.000000e+00   2300
  2.165989e+01   2.024121e+01   1.318216e-02   0.000000e+00   2046
  2.168672e+01   2.058848e+01   7.894162e-03   0.000000e+00   1626
  2.169506e+01   1.842709e+01   8.132370e-03   0.000000e+00   390
  2.171763e+01   1.963467e+01   8.254315e-03   0.000000e+00   1766
  2.174626e+01   2.243997e+01   0.000000e+00   0.000000e+00   1596
  2.177421e+01   2.125849e+01   0.000000e+00   0.000000e+00   1302
  2.178107e+01   1.820585e+01   0.000000e+00   1.321351e+00   150
  2.180369e+01   2.226544e+01   2.779674e-03   0.000000e+00   1298
  2.183241e+01   2.066016e+01   0.000000e+00   0.000000e+00   1158
  2.186098e+01   2.107595e+01   4.619603e-03   0.000000e+00   996
  2.187147e+01   2.738375e+01   1.131615e-02   5.673474e+00   38
  2.188994e+01   2.124639e+01   0.000000e+00   0.000000e+00   894
  2.191871e+01   2.186174e+01   1.020716e-02   0.000000e+00   786
  2.194751e+01   2.129071e+01   0.000000e+00   0.000000e+00   678
  2.197491e+01   2.093540e+01   0.000000e+00   5.891349e+00   8
  2.197635e+01   2.247856e+01   9.262839e-03   0.000000e+00   570
  2.200518e+01   2.221457e+01   9.940631e-03   0.000000e+00   486
  2.203405e+01   1.785811e+01   0.000000e+00   0.000000e+00   402
  2.206211e+01   7.284081e+01   0.000000e+00   1.249132e+01   8
  2.206295e+01   2.178761e+01   1.148833e-02   0.000000e+00   318
  2.209183e+01   2.594897e+01   0.000000e+00   0.000000e+00   258
  2.212076e+01   2.692629e+01   0.000000e+00   0.000000e+00   198
  2.214931e+01   9.468250e+00   0.000000e+00   1.670038e+00   8
  2.214972e+01   2.140804e+01   0.000000e+00   1.755532e+00   138
  2.217866e+01   2.915068e+01   3.770745e-03   2.259520e+00   102
  2.220764e+01   1.596440e+01   6.867792e-03   1.395130e+00   66
  2.223664e+01   2.300645e+01   0.000000e+00   3.417736e+00   38
  2.226566e+01   2.326218e+01   0.000000e+00   3.846819e+00   18
  2.229469e+01   2.226091e+01   0.000000e+00   7.869628e+00   6
