# power spectrum of velocity
# redshift z=2.003100
# k              Pk             sigma(k)       sigma(Pk)      count
  5.034611e-02   3.007908e-07   1.649661e-05   1.092927e-07   6
  7.120015e-02   7.841432e-07   0.000000e+00   1.778907e-07   12
  9.298354e-02   4.973054e-07   6.675868e-03   9.861981e-08   14
  1.179498e-01   4.734983e-07   5.372206e-03   5.218746e-08   48
  1.485703e-01   3.727404e-07   3.902364e-03   4.078161e-08   42
  1.630938e-01   2.932012e-07   3.885028e-03   3.895353e-08   48
  1.849248e-01   3.397581e-07   4.657527e-03   3.900824e-08   80
  2.095764e-01   3.574215e-07   3.616184e-03   2.983778e-08   90
  2.284365e-01   2.537281e-07   5.678407e-03   2.554313e-08   120
  2.552299e-01   2.887779e-07   4.772066e-03   1.976632e-08   158
  2.729761e-01   2.571417e-07   2.264649e-03   2.687032e-08   120
  2.943566e-01   2.420419e-07   5.061767e-03   1.678407e-08   186
  3.179794e-01   2.297187e-07   6.922087e-03   1.437885e-08   264
  3.371748e-01   2.485767e-07   3.737021e-03   1.845076e-08   168
  3.616666e-01   2.143079e-07   6.678935e-03   1.126479e-08   386
  3.821617e-01   1.595463e-07   4.041476e-03   1.041497e-08   192
  4.023269e-01   1.911397e-07   6.626239e-03   8.888089e-09   390
  4.249813e-01   1.452350e-07   6.937664e-03   7.546937e-09   396
  4.462644e-01   1.698829e-07   6.882941e-03   8.706798e-09   398
  4.696612e-01   1.522720e-07   6.746443e-03   6.112211e-09   576
  4.926857e-01   1.484817e-07   6.844329e-03   7.116191e-09   444
  5.128251e-01   1.580823e-07   6.175253e-03   6.179328e-09   590
  5.357574e-01   1.357847e-07   6.762370e-03   5.499083e-09   648
  5.581250e-01   1.306513e-07   5.984853e-03   5.332225e-09   654
  5.779979e-01   1.278008e-07   4.964212e-03   4.749869e-09   636
  6.002125e-01   1.167007e-07   7.442619e-03   4.083456e-09   830
  6.210565e-01   1.125994e-07   5.357348e-03   3.734740e-09   792
  6.423697e-01   1.122395e-07   5.509935e-03   4.145921e-09   804
  6.641974e-01   1.048865e-07   6.800522e-03   3.513597e-09   1038
  6.853297e-01   1.038484e-07   5.326721e-03   3.317257e-09   936
  7.082344e-01   9.689903e-08   6.224155e-03   2.732756e-09   1130
  7.289948e-01   9.505555e-08   5.780067e-03   2.866465e-09   1104
  7.517839e-01   9.477127e-08   6.426420e-03   2.760336e-09   1230
  7.726234e-01   9.479543e-08   6.530794e-03   2.691323e-09   1260
  7.937952e-01   8.594488e-08   5.649419e-03   2.341718e-09   1286
  8.177406e-01   7.864644e-08   6.847285e-03   1.912846e-09   1728
  8.404302e-01   8.143504e-08   6.057382e-03   2.208844e-09   1392
  8.619952e-01   7.675170e-08   5.746808e-03   1.935283e-09   1626
  8.840987e-01   7.327395e-08   6.796772e-03   1.762186e-09   1760
  9.062925e-01   7.063601e-08   5.620745e-03   1.694367e-09   1686
  9.272150e-01   6.739687e-08   5.717340e-03   1.618102e-09   1812
  9.486081e-01   6.727279e-08   6.573858e-03   1.506673e-09   1862
  9.704714e-01   6.461994e-08   5.854341e-03   1.376948e-09   2160
  9.924689e-01   6.437054e-08   5.994222e-03   1.551583e-09   1956
  1.014601e+00   6.024277e-08   6.734120e-03   1.207432e-09   2454
  1.036199e+00   6.421222e-08   5.252456e-03   1.405099e-09   2048
  1.057875e+00   5.944266e-08   6.841648e-03   1.212095e-09   2538
  1.079272e+00   5.947203e-08   5.730031e-03   1.214927e-09   2400
  1.100898e+00   5.669377e-08   6.826964e-03   1.124282e-09   2526
  1.122475e+00   5.491276e-08   6.758341e-03   1.078961e-09   2856
  1.144982e+00   5.306934e-08   6.355800e-03   1.023887e-09   2804
  1.167211e+00   5.099956e-08   6.585316e-03   9.197448e-10   2958
  1.188366e+00   5.100310e-08   6.393824e-03   8.974007e-10   2976
  1.210691e+00   4.860851e-08   6.397896e-03   8.546015e-10   3194
  1.231592e+00   4.977838e-08   6.379307e-03   8.644990e-10   3120
  1.254232e+00   4.661462e-08   6.488423e-03   7.634456e-10   3606
  1.275838e+00   4.480749e-08   5.899826e-03   8.004005e-10   3276
  1.296888e+00   4.445814e-08   6.657411e-03   7.206653e-10   3600
  1.318543e+00   4.362032e-08   5.858571e-03   6.875133e-10   3638
  1.339390e+00   4.428510e-08   6.262796e-03   7.041904e-10   3744
  1.361944e+00   4.263779e-08   6.467131e-03   6.649088e-10   4170
  1.383503e+00   4.000135e-08   6.119119e-03   6.194327e-10   3984
  1.405462e+00   4.046396e-08   6.198680e-03   6.166380e-10   4334
  1.427130e+00   3.772603e-08   5.712404e-03   5.626976e-10   4284
  1.448526e+00   3.826873e-08   6.923767e-03   5.816054e-10   4374
  1.470898e+00   3.662339e-08   6.138910e-03   5.134765e-10   5016
  1.492933e+00   3.710170e-08   5.906933e-03   5.556409e-10   4580
  1.514897e+00   3.576177e-08   6.955293e-03   5.041259e-10   5142
  1.537303e+00   3.557634e-08   6.698760e-03   5.029762e-10   5184
  1.559241e+00   3.411869e-08   5.201302e-03   4.734276e-10   5058
  1.580321e+00   3.405140e-08   6.199842e-03   4.464542e-10   5384
  1.602863e+00   3.278452e-08   7.026074e-03   4.318799e-10   5622
  1.624607e+00   3.182527e-08   5.915039e-03   4.118553e-10   5736
  1.646260e+00   3.136223e-08   5.319725e-03   4.124376e-10   5596
  1.668015e+00   3.097896e-08   6.676360e-03   3.973703e-10   6070
  1.689591e+00   3.035423e-08   5.249008e-03   3.777498e-10   6096
  1.712103e+00   2.965780e-08   6.448186e-03   3.632233e-10   6474
  1.732930e+00   2.854716e-08   6.165185e-03   3.576073e-10   6024
  1.755205e+00   2.738340e-08   6.228883e-03   3.242462e-10   7070
  1.777274e+00   2.809039e-08   5.055694e-03   3.434330e-10   6516
  1.798442e+00   2.705043e-08   6.248973e-03   3.235576e-10   6936
  1.820540e+00   2.603351e-08   6.106942e-03   3.051645e-10   7110
  1.841914e+00   2.580653e-08   4.604510e-03   3.083249e-10   7244
  1.864527e+00   2.589202e-08   6.734559e-03   2.887816e-10   7878
  1.886428e+00   2.509459e-08   6.457211e-03   2.884870e-10   7344
  1.907636e+00   2.387737e-08   6.703327e-03   2.669609e-10   7694
  1.929732e+00   2.418864e-08   6.476178e-03   2.640433e-10   8412
  1.951920e+00   2.294390e-08   6.782985e-03   2.559169e-10   7920
  1.973009e+00   2.337826e-08   5.783436e-03   2.589761e-10   8118
  1.994475e+00   2.173515e-08   6.628308e-03   2.281209e-10   8548
  2.016313e+00   2.175346e-08   6.745298e-03   2.240686e-10   8710
  2.037968e+00   2.140994e-08   5.906378e-03   2.203932e-10   8928
  2.060199e+00   2.118125e-08   6.359816e-03   2.166909e-10   9186
  2.081524e+00   2.054681e-08   7.023975e-03   2.025017e-10   9200
  2.103507e+00   1.990462e-08   6.034356e-03   1.988327e-10   9438
  2.124939e+00   1.989525e-08   8.429660e-03   2.038529e-10   9564
  2.146967e+00   1.917445e-08   6.464327e-03   1.787608e-10   10296
  2.169518e+00   1.918024e-08   5.703385e-03   1.828414e-10   10126
  2.190644e+00   1.894927e-08   7.046887e-03   1.853041e-10   10024
  2.213114e+00   1.838243e-08   4.916402e-03   1.711591e-10   11082
  2.235177e+00   1.798611e-08   7.677543e-03   1.664490e-10   10632
  2.256740e+00   1.746000e-08   5.477413e-03   1.648433e-10   10734
  2.278524e+00   1.700429e-08   6.802923e-03   1.531411e-10   11276
  2.300301e+00   1.709358e-08   6.085791e-03   1.530452e-10   11352
  2.322280e+00   1.649535e-08   6.313623e-03   1.480238e-10   11550
  2.343853e+00   1.668823e-08   5.900649e-03   1.440704e-10   11772
  2.365747e+00   1.602855e-08   7.509192e-03   1.423762e-10   12038
  2.387372e+00   1.601759e-08   9.092916e-03   1.397761e-10   12096
  2.409296e+00   1.515887e-08   7.323510e-03   1.293558e-10   12582
  2.430977e+00   1.486674e-08   2.254589e-03   1.259129e-10   12620
  2.453157e+00   1.509955e-08   7.678936e-03   1.259785e-10   13320
  2.474865e+00   1.445443e-08   6.958782e-03   1.239140e-10   12654
  2.496156e+00   1.439583e-08   1.062650e-03   1.206205e-10   13236
  2.517765e+00   1.410579e-08   1.010628e-02   1.159422e-10   13438
  2.539602e+00   1.373991e-08   9.803999e-03   1.112707e-10   14344
  2.562230e+00   1.355193e-08   6.159921e-03   1.063666e-10   14226
  2.583609e+00   1.348762e-08   5.048604e-03   1.088046e-10   14088
  2.605269e+00   1.323837e-08   0.000000e+00   1.049360e-10   14328
  2.626980e+00   1.279445e-08   6.777734e-03   9.963153e-11   14954
  2.648986e+00   1.288305e-08   5.347837e-03   9.853424e-11   15480
  2.671081e+00   1.261632e-08   7.085481e-03   9.741624e-11   14862
  2.692014e+00   1.232596e-08   8.486906e-03   9.432900e-11   15296
  2.713996e+00   1.227864e-08   7.991035e-03   9.129383e-11   15954
  2.735534e+00   1.190224e-08   6.969254e-03   8.601966e-11   15720
  2.757079e+00   1.165107e-08   2.838511e-03   8.435182e-11   16296
  2.779273e+00   1.160741e-08   4.240021e-03   8.361801e-11   17010
  2.800822e+00   1.148390e-08   3.760185e-03   8.327991e-11   16328
  2.822502e+00   1.117415e-08   3.845002e-03   7.927101e-11   17094
  2.844247e+00   1.094492e-08   8.956592e-03   7.607191e-11   17436
  2.866241e+00   1.073752e-08   9.211725e-03   7.263431e-11   17862
  2.888325e+00   1.055721e-08   7.840373e-03   7.089186e-11   18200
  2.910573e+00   1.037216e-08   1.062553e-03   7.065596e-11   18450
  2.932337e+00   1.025399e-08   3.679917e-03   6.978098e-11   18384
  2.954048e+00   9.929598e-09   5.862461e-03   6.655190e-11   18504
  2.975734e+00   1.004438e-08   4.758525e-03   6.648126e-11   19142
  2.997858e+00   9.665271e-09   6.163156e-03   6.206166e-11   19692
  3.019747e+00   9.560624e-09   6.374141e-03   6.322831e-11   19062
  3.041162e+00   9.414286e-09   0.000000e+00   5.959057e-11   20184
  3.063298e+00   9.210448e-09   7.819539e-03   5.980598e-11   19970
  3.084888e+00   9.176040e-09   0.000000e+00   5.740203e-11   20496
  3.107111e+00   8.918509e-09   9.200823e-03   5.426634e-11   21456
  3.128739e+00   8.921637e-09   6.345450e-03   5.632819e-11   19650
  3.149970e+00   8.755046e-09   1.008659e-02   5.317368e-11   22040
  3.172351e+00   8.640099e-09   1.366432e-02   5.231786e-11   21558
  3.193964e+00   8.396181e-09   0.000000e+00   5.039884e-11   21804
  3.215633e+00   8.403788e-09   8.435817e-03   5.033194e-11   21926
  3.237231e+00   8.202250e-09   1.002383e-02   4.779174e-11   22416
  3.258918e+00   8.010635e-09   8.782860e-03   4.653516e-11   22776
  3.281215e+00   7.831168e-09   6.877483e-03   4.393660e-11   23874
  3.303121e+00   7.787563e-09   0.000000e+00   4.452903e-11   23104
  3.324902e+00   7.783813e-09   0.000000e+00   4.400730e-11   23974
  3.346732e+00   7.631201e-09   1.457742e-02   4.366132e-11   23892
  3.368184e+00   7.553895e-09   0.000000e+00   4.286508e-11   23550
  3.389782e+00   7.403781e-09   7.010293e-03   3.975384e-11   25320
  3.411723e+00   7.307589e-09   1.248965e-02   4.003183e-11   24428
  3.433192e+00   7.156860e-09   8.831943e-03   3.866380e-11   25254
  3.455173e+00   7.132466e-09   0.000000e+00   3.754131e-11   26016
  3.476842e+00   6.953204e-09   1.976704e-03   3.676010e-11   25182
  3.498712e+00   6.910202e-09   4.182427e-03   3.533049e-11   27428
  3.520895e+00   6.785181e-09   5.998916e-03   3.574178e-11   25974
  3.542241e+00   6.683130e-09   9.432537e-03   3.421650e-11   26904
  3.563919e+00   6.607503e-09   3.481710e-03   3.421308e-11   26730
  3.585620e+00   6.606858e-09   0.000000e+00   3.340508e-11   27896
  3.607863e+00   6.489427e-09   1.105975e-02   3.174128e-11   28992
  3.630372e+00   6.374333e-09   3.261346e-03   3.130498e-11   28698
  3.651850e+00   6.333878e-09   0.000000e+00   3.137131e-11   27816
  3.673790e+00   6.231337e-09   0.000000e+00   2.976456e-11   29774
  3.695740e+00   6.141588e-09   7.141917e-03   2.930053e-11   29148
  3.717198e+00   6.070330e-09   0.000000e+00   2.925651e-11   28806
  3.738813e+00   6.018554e-09   1.219122e-02   2.837135e-11   30408
  3.760676e+00   5.970706e-09   0.000000e+00   2.792378e-11   30320
  3.782726e+00   5.787975e-09   0.000000e+00   2.642653e-11   30930
  3.804736e+00   5.805685e-09   0.000000e+00   2.641560e-11   31656
  3.826238e+00   5.708951e-09   1.580429e-03   2.643234e-11   30086
  3.847838e+00   5.601367e-09   1.400759e-02   2.431131e-11   32724
  3.869609e+00   5.677853e-09   8.181348e-03   2.566129e-11   30846
  3.891230e+00   5.572665e-09   2.634120e-03   2.451493e-11   33480
  3.913331e+00   5.467784e-09   1.137907e-02   2.370206e-11   32724
  3.934938e+00   5.415277e-09   7.206539e-03   2.355664e-11   32894
  3.956857e+00   5.386781e-09   0.000000e+00   2.305118e-11   34200
  3.978780e+00   5.353852e-09   8.968865e-03   2.278892e-11   33594
  4.000310e+00   5.233331e-09   0.000000e+00   2.245823e-11   34336
  4.022276e+00   5.188164e-09   2.928383e-03   2.173680e-11   34822
  4.044074e+00   5.158876e-09   0.000000e+00   2.120287e-11   35472
  4.065752e+00   5.124350e-09   0.000000e+00   2.126660e-11   34404
  4.087366e+00   5.029150e-09   0.000000e+00   2.025719e-11   36222
  4.109029e+00   4.967454e-09   6.487363e-03   2.006524e-11   35984
  4.130914e+00   4.972793e-09   9.389405e-03   1.964225e-11   36570
  4.152610e+00   4.955626e-09   0.000000e+00   1.959253e-11   37176
  4.174544e+00   4.876773e-09   0.000000e+00   1.902906e-11   37406
  4.196387e+00   4.798279e-09   0.000000e+00   1.857124e-11   38052
  4.218053e+00   4.780267e-09   0.000000e+00   1.834340e-11   37590
  4.240016e+00   4.734600e-09   1.085837e-02   1.796399e-11   39480
  4.261757e+00   4.691335e-09   0.000000e+00   1.786698e-11   38260
  4.283490e+00   4.678195e-09   1.100466e-02   1.734427e-11   39646
  4.305667e+00   4.621612e-09   6.654837e-03   1.710610e-11   40944
  4.327660e+00   4.594919e-09   0.000000e+00   1.726758e-11   39678
  4.349324e+00   4.531428e-09   0.000000e+00   1.646016e-11   40804
  4.371119e+00   4.553009e-09   0.000000e+00   1.678043e-11   40606
  4.392949e+00   4.490749e-09   1.467578e-02   1.610265e-11   42216
  4.414914e+00   4.459952e-09   0.000000e+00   1.616617e-11   41532
  4.436610e+00   4.362946e-09   0.000000e+00   1.564642e-11   41990
  4.458148e+00   4.393331e-09   1.573929e-02   1.536220e-11   42360
  4.480126e+00   4.374992e-09   5.686305e-03   1.519368e-11   43530
  4.501969e+00   4.314865e-09   9.080386e-03   1.486212e-11   43848
  4.523745e+00   4.270785e-09   0.000000e+00   1.511039e-11   42870
  4.545591e+00   4.298337e-09   1.493695e-02   1.435796e-11   46160
  4.567520e+00   4.201524e-09   5.598239e-03   1.448439e-11   43380
  4.589112e+00   4.191874e-09   0.000000e+00   1.411988e-11   45294
  4.610780e+00   4.197877e-09   1.372178e-02   1.415069e-11   45744
  4.632935e+00   4.164154e-09   0.000000e+00   1.377722e-11   46682
  4.654610e+00   4.080323e-09   7.273436e-03   1.365511e-11   45840
  4.676355e+00   4.121842e-09   0.000000e+00   1.339184e-11   47118
  4.698053e+00   4.111646e-09   2.023492e-02   1.351835e-11   47124
  4.719838e+00   4.077277e-09   4.488072e-03   1.312700e-11   47984
  4.742064e+00   4.055210e-09   8.920126e-03   1.288238e-11   49566
  4.763497e+00   4.013173e-09   5.610459e-03   1.308516e-11   46284
  4.784998e+00   4.014086e-09   1.476358e-02   1.269421e-11   49966
  4.806880e+00   4.011625e-09   1.058236e-02   1.274667e-11   49360
  4.828629e+00   3.946199e-09   2.102226e-03   1.233782e-11   49806
  4.850553e+00   3.943915e-09   1.248385e-02   1.208840e-11   51492
  4.872240e+00   3.906957e-09   1.600863e-02   1.228118e-11   49496
  4.894109e+00   3.897412e-09   1.582805e-02   1.171624e-11   53190
  4.916164e+00   3.876186e-09   0.000000e+00   1.191593e-11   51060
  4.937784e+00   3.866212e-09   0.000000e+00   1.173264e-11   52134
  4.959473e+00   3.826229e-09   1.043033e-02   1.151835e-11   53088
  4.981334e+00   3.856782e-09   7.158351e-03   1.159073e-11   52706
  5.003128e+00   3.812350e-09   1.088582e-02   1.121399e-11   54936
  5.025271e+00   3.823569e-09   0.000000e+00   1.136336e-11   53886
  5.046929e+00   3.790715e-09   0.000000e+00   1.113382e-11   54436
  5.068583e+00   3.768294e-09   0.000000e+00   1.104970e-11   55096
  5.090670e+00   3.743982e-09   0.000000e+00   1.078686e-11   56358
  5.112314e+00   3.741538e-09   0.000000e+00   1.091359e-11   55632
  5.134133e+00   3.739371e-09   2.122093e-02   1.068204e-11   56530
  5.155898e+00   3.720616e-09   0.000000e+00   1.047593e-11   57232
  5.177583e+00   3.679098e-09   0.000000e+00   1.051260e-11   56766
  5.199821e+00   3.677548e-09   0.000000e+00   1.017974e-11   60804
  5.221461e+00   3.663730e-09   0.000000e+00   1.047857e-11   55536
  5.243181e+00   3.679737e-09   2.623485e-02   1.013551e-11   61166
  5.264987e+00   3.671147e-09   0.000000e+00   1.037230e-11   57396
  5.286551e+00   3.614931e-09   1.291415e-02   9.919362e-12   60870
  5.308448e+00   3.646473e-09   0.000000e+00   1.006092e-11   60224
  5.330232e+00   3.586144e-09   1.846451e-02   9.709846e-12   61002
  5.352087e+00   3.616732e-09   1.707155e-02   9.817948e-12   62016
  5.373827e+00   3.603228e-09   0.000000e+00   9.863820e-12   60768
  5.395395e+00   3.597966e-09   2.438938e-02   9.720353e-12   62870
  5.417440e+00   3.550946e-09   9.215724e-03   9.495681e-12   63804
  5.439361e+00   3.569978e-09   1.173264e-02   9.503612e-12   63054
  5.460782e+00   3.561806e-09   9.427289e-03   9.529837e-12   63024
  5.482666e+00   3.519149e-09   0.000000e+00   9.294606e-12   65018
  5.504302e+00   3.549835e-09   1.541232e-02   9.427742e-12   64608
  5.526162e+00   3.517377e-09   0.000000e+00   9.223899e-12   65688
  5.547959e+00   3.516944e-09   2.361577e-02   9.210578e-12   65994
  5.569687e+00   3.510542e-09   0.000000e+00   9.119371e-12   66648
  5.591650e+00   3.492752e-09   1.615437e-02   8.937112e-12   67310
  5.613297e+00   3.501883e-09   0.000000e+00   8.961399e-12   67224
  5.635098e+00   3.484088e-09   6.945530e-03   8.968449e-12   68034
  5.656981e+00   3.477141e-09   0.000000e+00   8.814559e-12   69744
  5.678864e+00   3.466556e-09   1.244967e-02   8.815206e-12   68654
  5.700966e+00   3.433089e-09   1.631243e-02   8.556125e-12   72132
  5.722832e+00   3.448989e-09   1.007226e-02   8.753710e-12   68520
  5.744389e+00   3.431678e-09   1.592455e-02   8.500287e-12   71070
  5.766375e+00   3.425429e-09   0.000000e+00   8.541801e-12   71948
  5.788139e+00   3.433108e-09   2.422737e-02   8.528511e-12   71598
  5.810091e+00   3.393346e-09   0.000000e+00   8.297301e-12   73536
  5.831861e+00   3.421472e-09   2.864214e-02   8.485999e-12   71802
  5.853404e+00   3.413750e-09   0.000000e+00   8.402690e-12   73280
  5.875204e+00   3.385812e-09   0.000000e+00   8.359127e-12   73992
  5.897203e+00   3.395260e-09   1.361512e-02   8.274702e-12   75966
  5.918984e+00   3.357905e-09   0.000000e+00   8.219451e-12   74364
  5.940793e+00   3.362016e-09   1.650385e-02   8.078375e-12   76094
  5.962539e+00   3.367309e-09   0.000000e+00   8.010839e-12   76224
  5.984354e+00   3.355375e-09   9.895993e-03   8.076990e-12   76242
  6.005938e+00   3.360629e-09   0.000000e+00   8.065705e-12   76944
  6.027736e+00   3.355344e-09   0.000000e+00   7.897998e-12   78680
  6.049870e+00   3.345298e-09   1.875111e-02   7.857365e-12   79962
  6.071582e+00   3.314229e-09   9.610903e-03   7.840033e-12   77760
  6.093271e+00   3.329094e-09   2.222440e-02   7.795665e-12   79590
  6.115082e+00   3.318657e-09   0.000000e+00   7.787526e-12   80732
  6.136950e+00   3.299080e-09   2.792350e-02   7.669992e-12   81174
  6.158762e+00   3.310398e-09   9.804776e-03   7.745024e-12   80832
  6.180135e+00   3.301478e-09   2.844669e-02   7.774948e-12   79992
  6.202064e+00   3.291547e-09   0.000000e+00   7.550439e-12   84314
  6.224070e+00   3.281150e-09   0.000000e+00   7.523273e-12   83592
  6.245948e+00   3.283690e-09   2.117820e-02   7.474337e-12   83838
  6.267703e+00   3.253982e-09   0.000000e+00   7.472712e-12   83676
  6.289374e+00   3.245897e-09   1.366252e-02   7.418058e-12   84950
  6.311106e+00   3.253150e-09   0.000000e+00   7.406799e-12   84912
  6.332968e+00   3.254693e-09   2.583133e-02   7.356843e-12   87162
  6.354882e+00   3.235765e-09   0.000000e+00   7.286119e-12   86440
  6.376563e+00   3.230364e-09   0.000000e+00   7.322052e-12   86560
  6.398432e+00   3.215915e-09   1.502852e-03   7.176231e-12   88698
  6.420198e+00   3.244162e-09   3.151272e-02   7.236008e-12   88920
  6.442255e+00   3.220419e-09   0.000000e+00   7.205710e-12   88814
  6.463886e+00   3.207820e-09   7.557604e-03   7.027561e-12   90336
  6.485927e+00   3.207594e-09   0.000000e+00   7.077573e-12   90282
  6.507691e+00   3.198268e-09   0.000000e+00   7.024215e-12   90840
  6.529282e+00   3.175109e-09   2.371533e-02   7.016409e-12   91128
  6.551301e+00   3.179846e-09   0.000000e+00   6.959607e-12   92690
  6.572966e+00   3.184579e-09   0.000000e+00   6.937422e-12   92160
  6.594827e+00   3.174288e-09   0.000000e+00   6.904848e-12   93534
  6.616521e+00   3.177865e-09   0.000000e+00   6.878372e-12   93484
  6.638318e+00   3.166289e-09   0.000000e+00   6.840298e-12   95206
  6.660295e+00   3.166123e-09   1.087688e-02   6.775674e-12   96048
  6.681921e+00   3.145497e-09   9.393521e-03   6.835609e-12   93600
  6.703676e+00   3.152593e-09   0.000000e+00   6.726488e-12   97410
  6.725470e+00   3.142096e-09   2.857712e-02   6.754553e-12   97856
  6.747479e+00   3.154317e-09   0.000000e+00   6.683721e-12   97278
  6.769186e+00   3.132859e-09   1.842558e-02   6.613326e-12   98916
  6.790911e+00   3.120839e-09   0.000000e+00   6.623405e-12   96894
  6.812521e+00   3.111315e-09   0.000000e+00   6.472748e-12   100976
  6.834543e+00   3.111744e-09   0.000000e+00   6.504086e-12   100164
  6.856217e+00   3.105638e-09   0.000000e+00   6.543369e-12   100014
  6.877761e+00   3.091863e-09   2.105929e-02   6.451796e-12   101040
  6.899661e+00   3.099005e-09   0.000000e+00   6.419277e-12   102338
  6.921355e+00   3.086655e-09   1.264564e-02   6.392429e-12   102912
  6.943367e+00   3.081616e-09   0.000000e+00   6.326590e-12   104238
  6.964997e+00   3.074316e-09   2.063786e-02   6.350384e-12   103104
  6.986827e+00   3.052421e-09   1.799378e-02   6.253668e-12   105404
  7.008710e+00   3.054246e-09   0.000000e+00   6.320655e-12   105198
  7.030480e+00   3.058530e-09   0.000000e+00   6.176407e-12   106632
  7.052366e+00   3.052414e-09   2.685402e-02   6.216684e-12   106706
  7.074123e+00   3.029345e-09   0.000000e+00   6.162967e-12   106992
  7.096134e+00   3.023301e-09   0.000000e+00   6.079147e-12   110118
  7.117932e+00   3.028647e-09   3.371981e-02   6.117042e-12   108084
  7.139606e+00   3.026427e-09   1.378847e-02   6.135408e-12   108222
  7.161525e+00   3.008936e-09   0.000000e+00   6.042410e-12   112160
  7.183234e+00   3.009622e-09   1.940431e-02   6.121504e-12   108492
  7.205043e+00   2.991690e-09   2.355126e-02   5.880435e-12   113262
  7.226936e+00   3.017631e-09   0.000000e+00   6.063566e-12   111360
  7.248854e+00   2.994033e-09   0.000000e+00   5.909702e-12   114182
  7.270606e+00   2.984431e-09   3.490212e-02   5.907035e-12   112884
  7.292432e+00   2.981142e-09   7.611180e-03   5.918806e-12   113934
  7.314099e+00   2.964305e-09   0.000000e+00   5.864222e-12   114504
  7.336123e+00   2.973779e-09   0.000000e+00   5.809561e-12   117500
  7.357849e+00   2.967225e-09   2.508692e-02   5.889087e-12   114102
  7.379594e+00   2.967366e-09   8.946996e-03   5.766994e-12   118584
  7.401470e+00   2.948126e-09   0.000000e+00   5.817495e-12   115546
  7.422994e+00   2.946740e-09   2.199903e-02   5.715478e-12   118984
  7.445056e+00   2.939576e-09   4.654552e-03   5.657777e-12   119526
  7.466766e+00   2.933094e-09   2.673670e-03   5.647520e-12   119436
  7.488461e+00   2.934216e-09   0.000000e+00   5.656682e-12   118632
  7.510188e+00   2.924158e-09   2.529076e-02   5.605170e-12   122510
  7.532109e+00   2.905596e-09   0.000000e+00   5.584515e-12   121680
  7.553955e+00   2.912518e-09   0.000000e+00   5.614213e-12   121434
  7.575563e+00   2.900945e-09   0.000000e+00   5.526744e-12   123928
  7.597456e+00   2.893665e-09   0.000000e+00   5.540125e-12   123910
  7.619295e+00   2.886849e-09   0.000000e+00   5.479243e-12   124452
  7.641073e+00   2.888990e-09   0.000000e+00   5.454553e-12   125376
  7.662851e+00   2.877371e-09   2.243613e-02   5.456271e-12   126638
  7.684643e+00   2.860621e-09   7.271269e-03   5.405729e-12   125844
  7.706453e+00   2.871178e-09   0.000000e+00   5.395697e-12   128142
  7.728287e+00   2.855693e-09   4.968206e-03   5.374878e-12   128136
  7.749975e+00   2.837014e-09   9.246266e-03   5.298995e-12   127642
  7.771831e+00   2.847497e-09   0.000000e+00   5.298247e-12   131968
  7.793930e+00   2.833776e-09   0.000000e+00   5.303006e-12   130326
  7.815603e+00   2.834478e-09   2.264017e-02   5.275417e-12   131688
  7.837392e+00   2.816085e-09   9.689984e-03   5.250789e-12   130212
  7.859097e+00   2.811521e-09   0.000000e+00   5.211298e-12   132686
  7.881071e+00   2.799389e-09   0.000000e+00   5.153346e-12   135960
  7.902944e+00   2.801970e-09   1.772854e-02   5.184094e-12   131562
  7.924361e+00   2.796913e-09   1.351619e-02   5.197654e-12   134016
  7.946303e+00   2.792498e-09   0.000000e+00   5.120314e-12   136478
  7.968113e+00   2.797367e-09   2.998277e-02   5.119878e-12   136812
  7.990009e+00   2.771040e-09   1.896838e-02   5.028338e-12   137856
  8.011824e+00   2.767859e-09   0.000000e+00   5.056832e-12   135862
  8.033514e+00   2.764849e-09   0.000000e+00   4.977840e-12   140056
  8.055480e+00   2.765145e-09   2.519817e-02   4.991067e-12   139602
  8.077233e+00   2.763496e-09   0.000000e+00   4.977438e-12   139080
  8.098975e+00   2.748485e-09   0.000000e+00   4.950668e-12   140678
  8.120806e+00   2.736459e-09   1.330493e-02   4.901068e-12   142884
  8.142546e+00   2.734769e-09   1.110282e-02   4.934978e-12   139992
  8.164338e+00   2.726414e-09   0.000000e+00   4.867434e-12   144966
  8.186252e+00   2.719639e-09   0.000000e+00   4.840771e-12   143364
  8.207959e+00   2.717066e-09   2.017321e-02   4.840701e-12   144518
  8.229701e+00   2.700928e-09   2.098384e-02   4.797411e-12   145200
  8.251409e+00   2.690803e-09   0.000000e+00   4.813154e-12   143466
  8.273058e+00   2.702591e-09   0.000000e+00   4.750791e-12   148824
  8.294867e+00   2.685098e-09   1.684446e-02   4.788267e-12   145544
  8.316512e+00   2.681660e-09   0.000000e+00   4.727302e-12   148590
  8.338428e+00   2.680585e-09   0.000000e+00   4.689876e-12   150540
  8.360314e+00   2.672375e-09   2.888767e-02   4.702482e-12   150134
  8.382106e+00   2.653623e-09   0.000000e+00   4.628784e-12   151296
  8.404107e+00   2.671609e-09   0.000000e+00   4.645243e-12   152058
  8.425685e+00   2.652077e-09   1.790280e-02   4.637957e-12   150864
  8.447488e+00   2.637111e-09   1.549980e-02   4.561253e-12   154310
  8.469510e+00   2.636808e-09   0.000000e+00   4.578811e-12   155172
  8.491298e+00   2.622327e-09   0.000000e+00   4.560582e-12   154128
  8.513296e+00   2.625682e-09   1.350179e-02   4.489572e-12   158310
  8.534995e+00   2.618871e-09   1.980250e-02   4.551213e-12   153436
  8.556709e+00   2.604750e-09   0.000000e+00   4.449516e-12   157726
  8.578728e+00   2.609597e-09   0.000000e+00   4.418834e-12   160368
  8.600433e+00   2.596376e-09   8.746039e-03   4.465192e-12   155718
  8.622095e+00   2.596533e-09   0.000000e+00   4.429677e-12   160028
  8.643904e+00   2.581231e-09   0.000000e+00   4.400951e-12   160920
  8.665752e+00   2.578617e-09   1.342221e-02   4.376772e-12   161070
  8.687593e+00   2.570987e-09   3.212727e-02   4.362097e-12   163428
  8.709310e+00   2.569059e-09   0.000000e+00   4.382682e-12   159574
  8.731178e+00   2.558854e-09   0.000000e+00   4.302889e-12   167392
  8.753059e+00   2.555072e-09   2.575134e-02   4.318528e-12   162258
  8.774786e+00   2.547217e-09   1.378187e-02   4.266074e-12   167472
  8.796667e+00   2.548868e-09   0.000000e+00   4.323895e-12   163664
  8.818291e+00   2.537250e-09   0.000000e+00   4.255711e-12   166986
  8.840151e+00   2.520739e-09   1.824028e-02   4.181635e-12   169968
  8.862181e+00   2.515774e-09   0.000000e+00   4.207939e-12   167646
  8.883696e+00   2.513066e-09   0.000000e+00   4.176268e-12   168080
  8.905519e+00   2.497728e-09   1.684523e-02   4.149925e-12   170826
  8.927354e+00   2.508483e-09   0.000000e+00   4.149585e-12   170928
  8.948988e+00   2.493638e-09   1.831286e-02   4.143666e-12   170640
  8.970897e+00   2.486875e-09   0.000000e+00   4.102113e-12   173954
  8.992617e+00   2.485888e-09   2.814934e-02   4.103001e-12   173232
  9.014489e+00   2.476100e-09   0.000000e+00   4.059168e-12   174150
  9.036304e+00   2.478910e-09   3.874773e-03   4.043901e-12   176364
  9.058084e+00   2.466726e-09   1.782774e-02   4.038280e-12   175302
  9.079877e+00   2.462545e-09   6.782367e-03   4.021773e-12   177392
  9.101603e+00   2.446993e-09   1.879538e-02   4.011603e-12   176352
  9.123496e+00   2.458883e-09   0.000000e+00   3.972478e-12   180330
  9.145385e+00   2.450167e-09   1.078078e-02   3.962823e-12   180712
  9.167178e+00   2.437649e-09   1.633324e-02   3.963115e-12   179350
  9.189039e+00   2.422945e-09   1.454706e-02   3.913849e-12   183396
  9.210955e+00   2.428632e-09   0.000000e+00   3.935134e-12   180390
  9.232488e+00   2.416610e-09   0.000000e+00   3.909983e-12   181944
  9.254392e+00   2.407348e-09   0.000000e+00   3.871155e-12   185450
  9.276344e+00   2.402842e-09   7.509809e-03   3.831378e-12   186192
  9.298046e+00   2.392375e-09   2.135515e-02   3.867886e-12   183432
  9.319777e+00   2.399206e-09   0.000000e+00   3.841445e-12   185362
  9.341465e+00   2.384885e-09   1.753408e-03   3.778288e-12   188464
  9.363436e+00   2.381253e-09   0.000000e+00   3.793739e-12   188046
  9.385262e+00   2.379768e-09   1.420091e-02   3.752523e-12   191304
  9.407020e+00   2.364706e-09   2.601206e-02   3.784326e-12   186690
  9.428876e+00   2.362606e-09   0.000000e+00   3.704022e-12   194072
  9.450590e+00   2.362434e-09   2.303640e-02   3.770525e-12   188688
  9.472305e+00   2.349955e-09   0.000000e+00   3.706896e-12   192786
  9.494045e+00   2.343584e-09   1.068173e-02   3.695460e-12   193352
  9.516021e+00   2.330727e-09   0.000000e+00   3.660454e-12   195702
  9.537759e+00   2.341747e-09   2.999046e-02   3.665310e-12   195132
  9.559591e+00   2.319924e-09   0.000000e+00   3.622400e-12   195726
  9.581344e+00   2.314950e-09   0.000000e+00   3.634519e-12   197416
  9.603106e+00   2.313117e-09   7.864512e-03   3.590877e-12   196564
  9.624944e+00   2.300721e-09   2.046423e-02   3.544929e-12   201198
  9.646734e+00   2.312304e-09   6.246241e-03   3.633700e-12   197136
  9.668363e+00   2.299586e-09   0.000000e+00   3.593762e-12   199358
  9.690090e+00   2.291368e-09   2.884790e-02   3.534220e-12   203532
  9.712054e+00   2.284743e-09   0.000000e+00   3.539587e-12   201438
  9.733807e+00   2.285405e-09   0.000000e+00   3.525699e-12   203664
  9.755551e+00   2.276233e-09   2.940183e-02   3.509651e-12   203972
  9.777345e+00   2.277430e-09   2.229921e-02   3.485241e-12   205974
  9.799224e+00   2.257854e-09   0.000000e+00   3.474143e-12   205752
  9.821138e+00   2.253101e-09   0.000000e+00   3.444601e-12   207810
  9.842689e+00   2.252536e-09   3.757129e-02   3.454675e-12   206384
  9.864673e+00   2.239158e-09   0.000000e+00   3.413914e-12   210966
  9.886543e+00   2.236347e-09   0.000000e+00   3.401753e-12   210516
  9.908379e+00   2.228760e-09   0.000000e+00   3.410739e-12   209766
  9.930072e+00   2.238814e-09   4.261454e-02   3.382883e-12   212376
  9.951939e+00   2.219554e-09   0.000000e+00   3.369113e-12   212960
  9.973921e+00   2.213695e-09   0.000000e+00   3.362630e-12   214626
  9.995607e+00   2.208725e-09   3.088096e-02   3.339946e-12   213696
  1.001740e+01   2.203263e-09   3.087397e-02   3.309640e-12   215734
  1.003914e+01   2.200365e-09   0.000000e+00   3.342411e-12   213220
  1.006089e+01   2.185946e-09   0.000000e+00   3.280651e-12   219102
  1.008277e+01   2.181327e-09   3.604450e-02   3.254286e-12   220872
  1.010454e+01   2.180870e-09   5.270079e-02   3.279124e-12   216556
  1.012632e+01   2.170422e-09   4.019586e-02   3.237576e-12   221494
  1.014806e+01   2.163902e-09   4.441323e-02   3.240915e-12   219096
  1.016992e+01   2.176542e-09   3.255792e-02   3.239164e-12   224262
  1.019187e+01   2.168818e-09   0.000000e+00   3.236620e-12   222508
  1.021367e+01   2.159332e-09   0.000000e+00   3.200052e-12   222502
  1.023530e+01   2.146835e-09   4.194813e-02   3.153362e-12   227280
  1.025720e+01   2.146392e-09   2.022214e-02   3.192781e-12   223644
  1.027897e+01   2.142895e-09   0.000000e+00   3.164514e-12   226222
  1.030076e+01   2.139402e-09   0.000000e+00   3.141102e-12   229840
  1.032262e+01   2.120469e-09   2.753589e-02   3.119585e-12   228042
  1.034426e+01   2.124737e-09   0.000000e+00   3.150198e-12   227472
  1.036604e+01   2.118454e-09   0.000000e+00   3.094288e-12   230990
  1.038788e+01   2.109425e-09   7.578217e-03   3.074975e-12   233532
  1.040967e+01   2.105735e-09   3.108221e-02   3.104085e-12   231288
  1.043156e+01   2.111824e-09   0.000000e+00   3.085122e-12   233718
  1.045320e+01   2.096037e-09   0.000000e+00   3.088706e-12   232704
  1.047504e+01   2.094104e-09   3.283042e-02   3.025319e-12   239282
  1.049693e+01   2.090616e-09   3.928213e-02   3.052763e-12   234912
  1.051883e+01   2.081753e-09   0.000000e+00   3.014681e-12   238278
  1.054045e+01   2.088581e-09   3.919311e-02   3.035614e-12   237460
  1.056208e+01   2.073265e-09   2.883302e-02   3.036424e-12   236662
  1.058413e+01   2.066889e-09   0.000000e+00   2.961152e-12   246336
  1.060617e+01   2.058561e-09   0.000000e+00   2.974353e-12   241092
  1.062785e+01   2.052354e-09   3.657576e-02   2.956404e-12   242414
  1.064968e+01   2.051868e-09   1.509244e-02   2.947908e-12   243552
  1.067155e+01   2.046078e-09   0.000000e+00   2.928925e-12   243474
  1.069315e+01   2.040885e-09   2.550983e-02   2.913203e-12   245112
  1.071503e+01   2.040547e-09   2.764515e-02   2.907097e-12   246894
  1.073679e+01   2.035448e-09   2.077461e-02   2.919784e-12   247448
  1.075869e+01   2.019572e-09   0.000000e+00   2.864930e-12   247404
  1.078033e+01   2.022544e-09   4.132978e-02   2.874490e-12   249990
  1.080204e+01   2.022603e-09   3.944668e-02   2.858802e-12   249512
  1.082409e+01   2.012085e-09   0.000000e+00   2.831571e-12   253890
  1.084585e+01   2.002610e-09   0.000000e+00   2.830771e-12   250728
  1.086748e+01   1.999379e-09   5.021596e-02   2.829054e-12   253950
  1.088937e+01   2.000279e-09   0.000000e+00   2.814870e-12   254140
  1.091120e+01   1.994647e-09   0.000000e+00   2.813807e-12   255880
  1.093305e+01   1.985288e-09   3.218397e-02   2.772174e-12   258942
  1.095468e+01   1.983034e-09   4.809367e-02   2.796143e-12   253836
  1.097659e+01   1.981744e-09   0.000000e+00   2.769316e-12   260534
  1.099847e+01   1.982857e-09   0.000000e+00   2.781155e-12   259992
  1.102007e+01   1.972027e-09   4.921694e-02   2.768506e-12   258894
  1.104192e+01   1.961925e-09   3.887818e-02   2.735546e-12   263364
  1.106378e+01   1.958962e-09   0.000000e+00   2.740785e-12   259536
  1.108531e+01   1.960939e-09   2.212199e-02   2.741947e-12   263438
  1.110709e+01   1.950405e-09   4.418980e-02   2.706038e-12   265740
  1.112900e+01   1.946348e-09   0.000000e+00   2.718915e-12   264894
  1.115086e+01   1.939455e-09   0.000000e+00   2.682008e-12   269184
  1.117261e+01   1.945228e-09   4.239639e-02   2.703666e-12   266138
  1.119434e+01   1.936965e-09   3.041793e-02   2.683160e-12   270528
  1.121630e+01   1.933249e-09   0.000000e+00   2.688140e-12   268182
  1.123797e+01   1.930495e-09   0.000000e+00   2.666003e-12   270960
  1.125969e+01   1.918020e-09   5.138897e-02   2.628463e-12   274580
  1.128190e+01   1.916157e-09   0.000000e+00   2.621402e-12   276078
  1.130373e+01   1.921905e-09   0.000000e+00   2.652940e-12   273600
  1.132542e+01   1.908011e-09   4.285442e-02   2.621389e-12   274698
  1.134718e+01   1.902368e-09   4.574536e-02   2.596177e-12   276920
  1.136911e+01   1.905078e-09   0.000000e+00   2.608900e-12   276774
  1.139092e+01   1.901978e-09   0.000000e+00   2.596329e-12   279972
  1.141249e+01   1.896813e-09   3.715366e-02   2.601342e-12   276144
  1.143436e+01   1.891535e-09   1.783757e-02   2.563513e-12   282590
  1.145627e+01   1.884442e-09   0.000000e+00   2.560395e-12   282300
  1.147807e+01   1.889596e-09   0.000000e+00   2.551094e-12   283926
  1.149966e+01   1.877639e-09   4.952041e-02   2.575643e-12   279792
  1.152162e+01   1.872221e-09   0.000000e+00   2.524214e-12   287870
  1.154355e+01   1.882984e-09   0.000000e+00   2.559907e-12   286428
  1.156511e+01   1.869370e-09   4.807111e-02   2.525935e-12   284808
  1.158693e+01   1.873175e-09   1.692810e-02   2.521527e-12   289158
  1.160888e+01   1.858642e-09   0.000000e+00   2.508912e-12   290204
  1.163065e+01   1.860970e-09   0.000000e+00   2.505797e-12   290382
  1.165236e+01   1.857915e-09   3.354697e-02   2.505968e-12   291912
  1.167428e+01   1.852994e-09   0.000000e+00   2.508108e-12   290754
  1.169598e+01   1.844920e-09   1.711608e-02   2.468737e-12   296096
  1.171789e+01   1.845098e-09   2.756045e-02   2.490003e-12   294552
  1.173957e+01   1.844942e-09   4.928148e-02   2.484035e-12   293466
  1.176133e+01   1.839001e-09   0.000000e+00   2.467524e-12   296904
  1.178321e+01   1.832203e-09   0.000000e+00   2.451092e-12   298358
  1.180476e+01   1.838984e-09   4.851002e-02   2.454638e-12   297840
  1.182670e+01   1.829654e-09   1.948633e-02   2.448092e-12   301338
  1.184859e+01   1.829605e-09   0.000000e+00   2.447059e-12   300336
  1.187017e+01   1.820573e-09   5.175268e-02   2.414223e-12   303584
  1.189210e+01   1.826412e-09   4.266959e-02   2.442073e-12   304098
  1.191405e+01   1.815314e-09   0.000000e+00   2.412007e-12   304488
  1.193572e+01   1.818366e-09   4.699793e-02   2.409786e-12   306678
  1.195759e+01   1.815816e-09   0.000000e+00   2.411957e-12   305732
  1.197939e+01   1.810040e-09   1.676674e-02   2.406300e-12   309894
  1.200126e+01   1.812012e-09   2.518131e-02   2.403227e-12   310200
  1.202306e+01   1.801471e-09   0.000000e+00   2.404600e-12   307074
  1.204475e+01   1.809465e-09   4.911424e-02   2.383618e-12   315656
  1.206674e+01   1.800667e-09   0.000000e+00   2.386108e-12   310704
  1.208864e+01   1.797123e-09   0.000000e+00   2.381826e-12   314310
  1.211007e+01   1.787670e-09   5.790515e-02   2.360552e-12   312412
  1.213206e+01   1.798297e-09   0.000000e+00   2.358327e-12   318310
  1.215396e+01   1.792578e-09   0.000000e+00   2.362068e-12   315648
  1.217559e+01   1.782005e-09   4.569925e-02   2.340497e-12   320610
  1.219736e+01   1.795581e-09   0.000000e+00   2.393318e-12   313944
  1.221918e+01   1.778961e-09   0.000000e+00   2.314813e-12   325880
  1.224102e+01   1.778754e-09   4.568543e-02   2.353017e-12   319146
  1.226284e+01   1.779536e-09   0.000000e+00   2.346541e-12   322896
  1.228447e+01   1.779099e-09   5.073366e-02   2.346595e-12   322206
  1.230635e+01   1.778724e-09   0.000000e+00   2.330684e-12   327416
  1.232835e+01   1.768644e-09   0.000000e+00   2.313772e-12   325602
  1.234988e+01   1.773925e-09   6.193464e-02   2.324909e-12   328248
  1.237175e+01   1.771629e-09   0.000000e+00   2.307246e-12   326088
  1.239374e+01   1.772231e-09   0.000000e+00   2.319116e-12   331658
  1.241527e+01   1.766287e-09   5.576737e-02   2.316138e-12   331584
  1.243721e+01   1.761608e-09   2.612291e-02   2.323902e-12   330630
  1.245909e+01   1.767004e-09   0.000000e+00   2.310031e-12   333204
  1.248059e+01   1.758464e-09   6.279868e-02   2.294574e-12   333470
  1.250263e+01   1.765807e-09   0.000000e+00   2.313355e-12   335688
  1.252430e+01   1.755056e-09   2.266519e-02   2.288536e-12   336828
  1.254606e+01   1.761301e-09   2.870647e-02   2.300470e-12   337662
  1.256803e+01   1.752012e-09   0.000000e+00   2.280842e-12   338960
  1.258948e+01   1.761222e-09   5.798550e-02   2.301685e-12   338262
  1.261140e+01   1.751615e-09   4.883549e-02   2.273461e-12   344388
  1.263351e+01   1.752234e-09   0.000000e+00   2.279209e-12   342486
  1.265489e+01   1.751647e-09   7.338254e-02   2.286084e-12   343592
  1.267698e+01   1.746679e-09   6.840236e-03   2.268461e-12   347130
  1.269897e+01   1.758875e-09   0.000000e+00   2.312053e-12   346152
  1.272042e+01   1.748381e-09   7.008177e-02   2.281151e-12   345856
  1.274247e+01   1.756649e-09   0.000000e+00   2.304587e-12   349354
  1.276432e+01   1.748088e-09   0.000000e+00   2.264292e-12   352032
  1.278598e+01   1.751710e-09   5.842542e-02   2.291302e-12   348582
  1.280799e+01   1.745975e-09   0.000000e+00   2.271716e-12   352244
  1.282940e+01   1.743436e-09   7.162262e-02   2.279305e-12   351582
  1.285138e+01   1.751566e-09   1.257214e-02   2.281439e-12   357144
  1.287343e+01   1.744585e-09   0.000000e+00   2.275329e-12   355560
  1.289490e+01   1.740412e-09   6.705395e-02   2.264893e-12   354551
  1.291686e+01   1.734489e-09   9.012711e-03   2.247082e-12   358044
  1.293889e+01   1.723878e-09   0.000000e+00   2.238311e-12   355272
  1.296027e+01   1.716265e-09   7.336254e-02   2.215694e-12   352044
  1.298217e+01   1.712298e-09   0.000000e+00   2.217777e-12   352344
  1.300406e+01   1.703774e-09   0.000000e+00   2.184018e-12   356516
  1.302571e+01   1.696434e-09   5.115834e-02   2.197056e-12   352848
  1.304788e+01   1.688140e-09   0.000000e+00   2.158006e-12   352980
  1.306938e+01   1.674584e-09   4.360102e-02   2.146605e-12   348948
  1.309114e+01   1.664919e-09   3.813706e-02   2.129082e-12   351692
  1.311332e+01   1.669308e-09   0.000000e+00   2.127089e-12   353064
  1.313473e+01   1.659277e-09   6.502204e-02   2.134520e-12   345624
  1.315652e+01   1.650726e-09   0.000000e+00   2.103182e-12   347844
  1.317856e+01   1.643231e-09   0.000000e+00   2.079006e-12   351020
  1.320006e+01   1.634995e-09   6.119253e-02   2.083433e-12   345852
  1.322197e+01   1.631797e-09   1.152815e-02   2.069846e-12   347040
  1.324391e+01   1.622385e-09   0.000000e+00   2.058890e-12   345928
  1.326541e+01   1.615073e-09   6.152517e-02   2.038139e-12   347020
  1.328744e+01   1.605113e-09   8.235193e-03   2.035208e-12   343032
  1.330916e+01   1.606278e-09   0.000000e+00   2.031701e-12   343620
  1.333077e+01   1.597775e-09   6.370886e-02   2.014045e-12   343988
  1.335298e+01   1.590289e-09   0.000000e+00   1.997722e-12   344556
  1.337456e+01   1.579908e-09   4.621762e-02   1.975757e-12   343632
  1.339652e+01   1.574997e-09   0.000000e+00   1.976776e-12   340392
  1.341843e+01   1.569302e-09   0.000000e+00   1.965996e-12   339408
  1.343985e+01   1.560649e-09   7.810180e-02   1.946539e-12   341864
  1.346198e+01   1.553516e-09   0.000000e+00   1.941477e-12   341964
  1.348388e+01   1.552181e-09   0.000000e+00   1.963773e-12   334380
  1.350511e+01   1.539983e-09   7.367641e-02   1.932186e-12   336504
  1.352722e+01   1.540214e-09   1.938886e-02   1.911348e-12   339560
  1.354911e+01   1.531818e-09   0.000000e+00   1.914601e-12   336384
  1.357073e+01   1.522329e-09   7.675535e-02   1.900596e-12   337404
  1.359278e+01   1.524532e-09   0.000000e+00   1.931657e-12   330156
  1.361427e+01   1.513279e-09   6.010697e-02   1.873687e-12   337808
  1.363627e+01   1.508998e-09   0.000000e+00   1.883792e-12   332748
  1.365825e+01   1.508479e-09   0.000000e+00   1.885783e-12   333612
  1.367971e+01   1.498075e-09   6.118665e-02   1.864968e-12   331860
  1.370160e+01   1.492115e-09   2.919183e-02   1.855932e-12   328376
  1.372347e+01   1.489505e-09   0.000000e+00   1.859615e-12   331140
  1.374506e+01   1.478731e-09   7.472562e-02   1.833069e-12   332988
  1.376698e+01   1.478863e-09   2.819576e-02   1.845424e-12   325224
  1.378896e+01   1.468082e-09   0.000000e+00   1.806452e-12   331544
  1.381053e+01   1.461575e-09   6.965881e-02   1.808986e-12   327264
  1.383243e+01   1.456664e-09   0.000000e+00   1.820882e-12   322308
  1.385413e+01   1.459615e-09   2.570430e-02   1.805442e-12   328136
  1.387574e+01   1.446843e-09   5.204149e-02   1.799386e-12   323172
  1.389785e+01   1.445848e-09   0.000000e+00   1.784040e-12   325248
  1.391940e+01   1.440456e-09   6.526722e-02   1.785637e-12   324096
  1.394125e+01   1.432864e-09   0.000000e+00   1.777437e-12   321540
  1.396332e+01   1.428977e-09   0.000000e+00   1.767192e-12   323744
  1.398466e+01   1.425633e-09   7.287476e-02   1.761763e-12   317400
  1.400658e+01   1.417688e-09   1.826977e-02   1.744268e-12   322560
  1.402868e+01   1.415314e-09   0.000000e+00   1.753271e-12   320076
  1.405010e+01   1.415593e-09   7.531269e-02   1.749191e-12   317204
  1.407233e+01   1.402330e-09   0.000000e+00   1.719561e-12   323064
  1.409422e+01   1.402261e-09   0.000000e+00   1.736659e-12   315204
  1.411558e+01   1.399641e-09   8.215205e-02   1.730102e-12   315416
  1.413789e+01   1.386933e-09   0.000000e+00   1.707621e-12   316884
  1.415938e+01   1.389520e-09   4.967431e-02   1.730458e-12   312876
  1.418117e+01   1.382123e-09   5.735251e-02   1.703005e-12   315540
  1.420336e+01   1.377534e-09   0.000000e+00   1.709759e-12   312576
  1.422468e+01   1.375524e-09   8.174256e-02   1.705520e-12   312140
  1.424670e+01   1.365740e-09   2.206017e-02   1.698780e-12   310356
  1.426873e+01   1.366885e-09   0.000000e+00   1.691164e-12   311232
  1.429004e+01   1.362150e-09   7.362208e-02   1.685978e-12   307584
  1.431210e+01   1.357584e-09   3.465417e-02   1.666918e-12   310616
  1.433397e+01   1.348461e-09   0.000000e+00   1.677279e-12   304200
  1.435530e+01   1.347306e-09   8.177052e-02   1.668830e-12   306792
  1.437754e+01   1.343262e-09   0.000000e+00   1.660943e-12   306168
  1.439909e+01   1.339596e-09   0.000000e+00   1.663183e-12   304448
  1.442096e+01   1.340781e-09   7.104263e-02   1.652918e-12   308580
  1.444311e+01   1.329300e-09   0.000000e+00   1.654966e-12   299568
  1.446443e+01   1.323765e-09   7.088564e-02   1.642247e-12   304416
  1.448653e+01   1.319190e-09   3.894399e-02   1.633561e-12   302216
  1.450851e+01   1.320092e-09   0.000000e+00   1.638988e-12   300084
  1.452993e+01   1.314052e-09   8.873469e-02   1.625001e-12   299340
  1.455184e+01   1.307556e-09   0.000000e+00   1.630558e-12   296688
  1.457379e+01   1.309155e-09   0.000000e+00   1.616203e-12   298820
  1.459520e+01   1.300310e-09   8.515164e-02   1.606268e-12   296916
  1.461734e+01   1.297793e-09   0.000000e+00   1.610008e-12   295920
  1.463901e+01   1.293830e-09   7.442184e-03   1.610058e-12   292692
  1.466050e+01   1.287995e-09   7.856125e-02   1.591553e-12   295892
  1.468285e+01   1.288525e-09   0.000000e+00   1.600334e-12   293064
  1.470434e+01   1.286204e-09   4.243349e-02   1.598964e-12   293220
  1.472606e+01   1.283529e-09   3.781732e-02   1.613558e-12   286804
  1.474808e+01   1.274168e-09   0.000000e+00   1.569630e-12   293080
  1.476965e+01   1.275780e-09   7.741266e-02   1.583868e-12   291816
  1.479175e+01   1.267867e-09   0.000000e+00   1.569400e-12   287784
  1.481366e+01   1.269172e-09   0.000000e+00   1.589555e-12   286760
  1.483504e+01   1.266189e-09   8.177675e-02   1.581252e-12   287088
  1.485710e+01   1.258639e-09   0.000000e+00   1.574750e-12   286176
  1.487907e+01   1.256592e-09   0.000000e+00   1.566702e-12   284184
  1.490041e+01   1.253219e-09   7.238241e-02   1.572941e-12   282220
  1.492268e+01   1.246217e-09   0.000000e+00   1.555080e-12   284452
  1.494426e+01   1.249611e-09   0.000000e+00   1.582368e-12   279516
  1.496590e+01   1.240639e-09   7.916060e-02   1.550769e-12   282696
  1.498820e+01   1.241434e-09   0.000000e+00   1.564210e-12   278676
  1.500952e+01   1.235980e-09   8.128060e-02   1.549549e-12   279512
  1.503149e+01   1.233074e-09   6.523904e-03   1.555730e-12   276672
  1.505351e+01   1.233167e-09   0.000000e+00   1.559560e-12   276036
  1.507474e+01   1.225326e-09   7.883919e-02   1.538980e-12   274416
  1.509680e+01   1.222810e-09   3.585457e-02   1.534857e-12   275384
  1.511885e+01   1.218163e-09   0.000000e+00   1.531297e-12   274560
  1.514026e+01   1.214366e-09   8.706208e-02   1.535309e-12   272220
  1.516243e+01   1.215320e-09   0.000000e+00   1.537294e-12   270492
  1.518412e+01   1.212133e-09   0.000000e+00   1.530711e-12   271532
  1.520586e+01   1.205605e-09   5.188702e-02   1.516171e-12   272052
  1.522791e+01   1.207686e-09   0.000000e+00   1.548475e-12   264372
  1.524925e+01   1.203017e-09   4.703576e-02   1.514314e-12   268652
  1.527124e+01   1.201513e-09   5.508642e-02   1.529348e-12   266760
  1.529315e+01   1.200123e-09   0.000000e+00   1.541614e-12   262536
  1.531460e+01   1.193270e-09   8.645084e-02   1.515484e-12   266460
  1.533659e+01   1.190283e-09   0.000000e+00   1.520779e-12   261560
  1.535847e+01   1.187149e-09   0.000000e+00   1.514431e-12   262236
  1.538001e+01   1.186278e-09   7.697336e-02   1.508482e-12   261708
  1.540197e+01   1.182851e-09   0.000000e+00   1.508923e-12   258960
  1.542387e+01   1.182954e-09   0.000000e+00   1.519938e-12   258376
  1.544529e+01   1.176014e-09   7.283112e-02   1.504337e-12   258304
  1.546762e+01   1.174469e-09   0.000000e+00   1.493728e-12   259368
  1.548920e+01   1.171470e-09   3.566687e-02   1.510120e-12   253332
  1.551081e+01   1.170698e-09   7.722548e-02   1.511547e-12   254448
  1.553306e+01   1.166266e-09   0.000000e+00   1.496407e-12   255248
  1.555453e+01   1.166028e-09   7.978701e-02   1.501081e-12   252180
  1.557654e+01   1.160559e-09   3.150094e-02   1.488911e-12   252744
  1.559851e+01   1.159434e-09   0.000000e+00   1.509627e-12   247348
  1.561982e+01   1.155048e-09   9.647828e-02   1.491269e-12   250432
  1.564189e+01   1.153623e-09   0.000000e+00   1.492391e-12   247860
  1.566393e+01   1.152067e-09   0.000000e+00   1.490933e-12   247716
  1.568525e+01   1.149630e-09   8.100417e-02   1.503114e-12   242472
  1.570747e+01   1.150426e-09   0.000000e+00   1.490119e-12   248672
  1.572913e+01   1.145243e-09   3.546348e-02   1.499912e-12   239352
  1.575067e+01   1.140203e-09   6.484064e-02   1.479554e-12   245088
  1.577292e+01   1.142064e-09   0.000000e+00   1.508987e-12   239232
  1.579424e+01   1.139090e-09   8.560063e-02   1.501774e-12   240320
  1.581633e+01   1.139006e-09   0.000000e+00   1.490657e-12   239340
  1.583838e+01   1.135222e-09   0.000000e+00   1.490044e-12   237636
  1.585962e+01   1.131091e-09   8.228629e-02   1.493213e-12   235980
  1.588167e+01   1.130982e-09   0.000000e+00   1.501653e-12   235304
  1.590367e+01   1.129778e-09   0.000000e+00   1.506312e-12   234576
  1.592505e+01   1.130421e-09   7.632332e-02   1.500439e-12   232788
  1.594710e+01   1.125333e-09   0.000000e+00   1.490355e-12   230400
  1.596887e+01   1.122356e-09   0.000000e+00   1.494046e-12   231836
  1.599050e+01   1.124790e-09   8.161245e-02   1.496306e-12   231288
  1.601279e+01   1.118225e-09   0.000000e+00   1.494814e-12   226536
  1.603413e+01   1.116771e-09   6.401600e-02   1.500158e-12   226084
  1.605589e+01   1.113982e-09   5.385783e-02   1.489153e-12   227116
  1.607810e+01   1.110722e-09   0.000000e+00   1.494082e-12   223800
  1.609944e+01   1.109444e-09   8.741289e-02   1.498067e-12   223884
  1.612142e+01   1.109472e-09   0.000000e+00   1.501254e-12   222360
  1.614344e+01   1.104656e-09   0.000000e+00   1.503518e-12   221156
  1.616493e+01   1.106699e-09   9.702311e-02   1.506133e-12   221724
  1.618705e+01   1.103247e-09   0.000000e+00   1.508252e-12   217584
  1.620888e+01   1.102795e-09   0.000000e+00   1.503009e-12   217576
  1.623027e+01   1.098517e-09   1.006424e-01   1.501221e-12   215464
  1.625248e+01   1.100778e-09   0.000000e+00   1.507847e-12   215472
  1.627412e+01   1.095768e-09   2.612083e-02   1.501084e-12   213768
  1.629568e+01   1.096730e-09   8.659722e-02   1.514549e-12   210956
  1.631780e+01   1.092633e-09   0.000000e+00   1.512360e-12   211788
  1.633941e+01   1.090394e-09   4.750854e-02   1.502293e-12   211092
  1.636135e+01   1.090311e-09   3.355050e-02   1.510332e-12   209556
  1.638344e+01   1.093651e-09   0.000000e+00   1.528199e-12   206700
  1.640470e+01   1.088851e-09   8.233174e-02   1.525621e-12   206048
  1.642671e+01   1.089280e-09   0.000000e+00   1.533888e-12   204744
  1.644867e+01   1.085652e-09   0.000000e+00   1.531349e-12   202992
  1.646992e+01   1.081750e-09   9.173404e-02   1.525188e-12   201944
  1.649225e+01   1.079679e-09   0.000000e+00   1.522612e-12   203304
  1.651414e+01   1.082618e-09   0.000000e+00   1.535213e-12   200484
  1.653543e+01   1.084846e-09   9.772307e-02   1.559344e-12   195516
  1.655776e+01   1.078723e-09   0.000000e+00   1.529998e-12   198860
  1.657917e+01   1.072797e-09   4.376239e-02   1.540537e-12   195264
  1.660100e+01   1.077048e-09   6.354191e-02   1.553678e-12   195984
  1.662318e+01   1.078563e-09   0.000000e+00   1.564274e-12   191808
  1.664430e+01   1.070729e-09   7.490410e-02   1.548360e-12   190776
  1.666627e+01   1.067845e-09   1.851656e-02   1.541251e-12   192032
  1.668840e+01   1.070477e-09   0.000000e+00   1.561458e-12   188628
  1.670967e+01   1.068609e-09   1.038179e-01   1.555087e-12   189444
  1.673189e+01   1.072656e-09   0.000000e+00   1.572649e-12   186260
  1.675359e+01   1.067584e-09   0.000000e+00   1.569381e-12   184560
  1.677509e+01   1.065190e-09   9.448552e-02   1.560040e-12   185832
  1.679750e+01   1.062699e-09   0.000000e+00   1.577122e-12   182400
  1.681894e+01   1.062724e-09   4.412782e-02   1.577596e-12   181380
  1.684059e+01   1.060692e-09   7.883210e-02   1.583505e-12   180332
  1.686285e+01   1.053428e-09   0.000000e+00   1.576049e-12   178236
  1.688432e+01   1.061339e-09   5.567000e-02   1.592670e-12   179184
  1.690617e+01   1.056330e-09   7.210249e-02   1.592685e-12   175028
  1.692824e+01   1.054864e-09   0.000000e+00   1.589609e-12   175440
  1.694979e+01   1.052100e-09   7.732888e-02   1.592601e-12   174828
  1.697177e+01   1.053904e-09   0.000000e+00   1.618827e-12   169896
  1.699353e+01   1.053303e-09   0.000000e+00   1.610118e-12   171708
  1.701506e+01   1.048404e-09   1.000808e-01   1.610027e-12   169328
  1.703715e+01   1.049682e-09   0.000000e+00   1.624681e-12   167364
  1.705895e+01   1.048014e-09   3.605611e-02   1.607353e-12   168192
  1.708047e+01   1.048675e-09   8.894242e-02   1.646257e-12   163188
  1.710278e+01   1.045336e-09   0.000000e+00   1.624094e-12   166184
  1.712441e+01   1.044738e-09   4.495129e-02   1.637518e-12   161460
  1.714596e+01   1.044571e-09   8.326387e-02   1.643887e-12   159972
  1.716806e+01   1.045085e-09   0.000000e+00   1.642728e-12   159488
  1.718947e+01   1.042324e-09   7.823226e-02   1.655631e-12   158148
  1.721156e+01   1.041984e-09   0.000000e+00   1.649328e-12   158100
  1.723362e+01   1.037539e-09   0.000000e+00   1.664934e-12   155232
  1.725473e+01   1.038626e-09   8.897528e-02   1.668409e-12   151216
  1.727695e+01   1.040278e-09   0.000000e+00   1.671635e-12   155560
  1.729900e+01   1.037155e-09   0.000000e+00   1.680977e-12   151404
  1.732026e+01   1.043003e-09   1.053540e-01   1.706051e-12   148356
  1.734251e+01   1.037044e-09   0.000000e+00   1.707375e-12   147164
  1.736399e+01   1.032194e-09   2.959822e-02   1.699217e-12   147384
  1.738570e+01   1.041751e-09   7.219329e-02   1.725969e-12   145992
  1.740808e+01   1.037789e-09   0.000000e+00   1.724191e-12   143856
  1.742916e+01   1.033911e-09   6.990688e-02   1.741204e-12   140384
  1.745120e+01   1.039812e-09   3.540268e-02   1.736464e-12   143856
  1.747335e+01   1.030735e-09   0.000000e+00   1.750754e-12   136968
  1.749450e+01   1.032064e-09   9.755621e-02   1.749404e-12   139536
  1.751682e+01   1.032990e-09   0.000000e+00   1.750964e-12   136916
  1.753850e+01   1.024330e-09   0.000000e+00   1.767540e-12   133032
  1.755990e+01   1.029744e-09   9.779630e-02   1.765244e-12   135540
  1.758238e+01   1.025102e-09   0.000000e+00   1.783624e-12   132096
  1.760380e+01   1.022521e-09   0.000000e+00   1.779850e-12   129540
  1.762542e+01   1.024559e-09   9.614608e-02   1.795121e-12   130640
  1.764770e+01   1.019058e-09   0.000000e+00   1.818254e-12   126276
  1.766917e+01   1.023959e-09   5.813784e-02   1.810986e-12   128484
  1.769130e+01   1.025055e-09   1.996613e-02   1.841435e-12   124168
  1.771312e+01   1.014241e-09   0.000000e+00   1.813947e-12   122224
  1.773463e+01   1.019818e-09   8.553924e-02   1.830352e-12   123156
  1.775674e+01   1.014111e-09   0.000000e+00   1.833922e-12   119688
  1.777834e+01   1.017958e-09   0.000000e+00   1.889093e-12   116640
  1.779986e+01   1.014022e-09   1.002331e-01   1.841486e-12   119696
  1.782206e+01   1.008201e-09   0.000000e+00   1.867225e-12   114276
  1.784378e+01   1.015407e-09   0.000000e+00   1.888501e-12   114060
  1.786530e+01   1.007930e-09   9.446339e-02   1.895127e-12   112536
  1.788755e+01   1.006086e-09   0.000000e+00   1.903912e-12   112196
  1.790929e+01   1.007676e-09   4.283334e-02   1.918317e-12   109404
  1.793083e+01   1.004382e-09   5.257859e-02   1.938297e-12   105900
  1.795273e+01   1.008722e-09   0.000000e+00   1.932365e-12   107176
  1.797434e+01   1.002615e-09   7.009560e-02   1.950450e-12   105088
  1.799632e+01   9.924929e-10   2.524807e-02   1.934432e-12   103800
  1.801836e+01   1.001967e-09   0.000000e+00   1.989434e-12   101340
  1.803974e+01   9.963195e-10   7.912262e-02   1.973518e-12   100036
  1.806162e+01   9.931345e-10   0.000000e+00   1.986039e-12   97672
  1.808359e+01   9.924790e-10   0.000000e+00   1.992671e-12   97908
  1.810511e+01   9.874649e-10   8.279964e-02   2.000297e-12   95328
  1.812715e+01   9.876595e-10   0.000000e+00   2.035339e-12   93600
  1.814886e+01   9.767999e-10   0.000000e+00   2.005046e-12   92312
  1.817056e+01   9.810204e-10   6.938100e-02   2.039450e-12   91044
  1.819264e+01   9.678248e-10   0.000000e+00   2.022486e-12   88500
  1.821391e+01   9.765742e-10   5.323936e-02   2.066025e-12   86216
  1.823584e+01   9.636375e-10   0.000000e+00   2.042399e-12   87159
  1.825818e+01   9.671843e-10   0.000000e+00   2.044838e-12   86064
  1.827963e+01   9.601742e-10   8.286022e-02   2.059656e-12   81648
  1.830139e+01   9.639713e-10   0.000000e+00   2.074905e-12   81654
  1.832346e+01   9.562644e-10   0.000000e+00   2.061810e-12   81284
  1.834510e+01   9.633271e-10   5.989985e-02   2.102971e-12   78888
  1.836689e+01   9.523133e-10   1.533158e-02   2.090576e-12   77250
  1.838853e+01   9.571096e-10   0.000000e+00   2.110539e-12   75942
  1.841019e+01   9.549883e-10   6.345778e-02   2.104950e-12   77042
  1.843244e+01   9.477332e-10   0.000000e+00   2.123209e-12   74094
  1.845418e+01   9.484307e-10   3.395272e-02   2.153542e-12   73818
  1.847592e+01   9.509641e-10   0.000000e+00   2.186666e-12   70998
  1.849776e+01   9.453732e-10   0.000000e+00   2.136727e-12   72044
  1.851953e+01   9.383979e-10   6.747013e-02   2.163241e-12   69426
  1.854147e+01   9.425424e-10   0.000000e+00   2.197060e-12   69288
  1.856323e+01   9.402636e-10   0.000000e+00   2.196180e-12   67068
  1.858472e+01   9.348143e-10   7.097153e-02   2.186497e-12   66926
  1.860674e+01   9.350400e-10   5.616646e-02   2.187081e-12   66348
  1.862883e+01   9.333312e-10   0.000000e+00   2.231651e-12   64728
  1.865032e+01   9.339235e-10   0.000000e+00   2.257158e-12   62820
  1.867209e+01   9.379664e-10   0.000000e+00   2.228783e-12   63716
  1.869413e+01   9.288565e-10   1.815065e-02   2.243180e-12   62160
  1.871588e+01   9.310454e-10   0.000000e+00   2.283538e-12   59940
  1.873745e+01   9.296552e-10   1.490138e-02   2.262067e-12   60112
  1.875921e+01   9.281756e-10   6.737990e-02   2.285545e-12   59668
  1.878132e+01   9.223185e-10   0.000000e+00   2.301827e-12   57618
  1.880285e+01   9.328819e-10   2.016578e-02   2.338408e-12   56868
  1.882443e+01   9.345620e-10   6.345210e-02   2.350727e-12   56684
  1.884634e+01   9.178006e-10   2.788735e-02   2.328956e-12   55536
  1.886828e+01   9.220152e-10   0.000000e+00   2.366809e-12   54342
  1.889011e+01   9.258006e-10   2.289005e-02   2.360679e-12   54768
  1.891171e+01   9.197831e-10   6.466722e-02   2.415498e-12   52094
  1.893352e+01   9.173001e-10   0.000000e+00   2.395747e-12   52224
  1.895564e+01   9.197902e-10   0.000000e+00   2.412152e-12   52188
  1.897730e+01   9.221871e-10   5.592952e-02   2.452372e-12   50190
  1.899884e+01   9.203200e-10   4.632163e-02   2.475338e-12   49224
  1.902080e+01   9.110641e-10   0.000000e+00   2.472729e-12   49094
  1.904284e+01   9.199823e-10   1.702991e-02   2.439458e-12   49488
  1.906465e+01   9.192797e-10   5.980666e-02   2.518369e-12   46830
  1.908616e+01   9.135152e-10   1.260826e-02   2.540438e-12   45860
  1.910805e+01   9.217530e-10   0.000000e+00   2.536592e-12   46770
  1.913001e+01   9.103046e-10   2.366556e-02   2.525361e-12   45468
  1.915178e+01   9.114483e-10   4.096036e-02   2.572745e-12   44130
  1.917347e+01   9.162018e-10   0.000000e+00   2.606875e-12   43230
  1.919529e+01   9.182741e-10   0.000000e+00   2.594925e-12   44108
  1.921728e+01   9.122100e-10   3.951956e-02   2.609003e-12   42162
  1.923902e+01   9.079970e-10   3.870180e-02   2.613620e-12   41358
  1.926058e+01   9.118654e-10   0.000000e+00   2.704656e-12   40456
  1.928240e+01   9.170909e-10   3.726235e-02   2.638254e-12   41230
  1.930457e+01   9.081915e-10   4.870405e-02   2.661101e-12   39906
  1.932642e+01   9.089196e-10   0.000000e+00   2.723350e-12   38508
  1.934787e+01   9.071336e-10   0.000000e+00   2.777986e-12   37854
  1.936953e+01   9.047332e-10   5.864983e-02   2.729673e-12   38162
  1.939171e+01   9.088547e-10   2.901581e-02   2.787208e-12   37212
  1.941360e+01   9.096178e-10   0.000000e+00   2.818792e-12   36450
  1.943494e+01   9.115550e-10   3.350116e-02   2.858007e-12   34718
  1.945658e+01   9.155856e-10   2.477413e-02   2.826302e-12   35814
  1.947878e+01   9.144045e-10   2.128847e-02   2.894697e-12   34896
  1.950069e+01   9.087048e-10   0.000000e+00   2.895584e-12   33822
  1.952197e+01   9.024008e-10   4.652761e-02   2.928894e-12   32522
  1.954384e+01   9.147451e-10   0.000000e+00   2.919155e-12   33630
  1.956603e+01   9.074916e-10   0.000000e+00   2.977203e-12   32166
  1.958760e+01   9.137303e-10   2.175796e-02   3.015154e-12   31200
  1.960897e+01   9.110036e-10   1.344329e-02   3.050412e-12   30598
  1.963083e+01   9.049826e-10   2.254205e-02   2.980784e-12   31138
  1.965318e+01   9.059549e-10   0.000000e+00   3.058272e-12   30510
  1.967494e+01   9.064329e-10   3.609307e-02   3.132885e-12   28998
  1.969630e+01   8.998508e-10   0.000000e+00   3.171587e-12   28290
  1.971813e+01   9.088539e-10   4.585440e-02   3.121977e-12   29126
  1.974048e+01   9.077332e-10   0.000000e+00   3.199045e-12   28008
  1.976227e+01   9.090911e-10   1.369484e-02   3.224293e-12   27222
  1.978381e+01   9.076082e-10   2.336533e-02   3.254360e-12   26426
  1.980561e+01   9.082946e-10   1.193169e-02   3.264113e-12   26694
  1.982768e+01   9.092103e-10   2.739047e-02   3.332425e-12   25734
  1.984956e+01   9.122699e-10   0.000000e+00   3.366990e-12   25458
  1.987103e+01   9.116145e-10   5.641563e-03   3.408401e-12   24198
  1.989294e+01   9.115865e-10   0.000000e+00   3.390004e-12   25034
  1.991510e+01   9.140481e-10   2.027300e-02   3.484578e-12   23718
  1.993673e+01   9.129255e-10   0.000000e+00   3.497485e-12   23094
  1.995801e+01   9.242009e-10   2.946902e-02   3.549258e-12   22416
  1.997992e+01   9.071545e-10   5.940011e-03   3.484683e-12   23078
  2.000241e+01   9.013079e-10   0.000000e+00   3.522600e-12   22386
  2.002418e+01   9.154736e-10   0.000000e+00   3.672643e-12   21126
  2.004528e+01   9.168249e-10   0.000000e+00   3.745229e-12   20366
  2.006701e+01   9.176098e-10   4.004439e-02   3.652161e-12   21354
  2.008955e+01   9.104338e-10   0.000000e+00   3.657008e-12   20478
  2.011130e+01   9.272159e-10   0.000000e+00   3.858086e-12   19458
  2.013239e+01   9.251503e-10   9.215083e-03   3.887312e-12   18758
  2.015414e+01   9.187903e-10   4.365895e-02   3.757894e-12   19566
  2.017666e+01   9.149712e-10   2.732730e-02   3.922282e-12   18858
  2.019850e+01   9.247890e-10   7.194131e-03   4.026065e-12   17790
  2.021954e+01   9.254943e-10   0.000000e+00   4.131723e-12   17114
  2.024133e+01   9.167884e-10   0.000000e+00   3.904725e-12   17982
  2.026381e+01   9.184909e-10   0.000000e+00   4.077739e-12   17190
  2.028572e+01   9.210132e-10   0.000000e+00   4.214935e-12   16458
  2.030674e+01   9.182945e-10   3.299822e-02   4.343708e-12   15494
  2.032848e+01   9.257241e-10   9.750299e-03   4.306163e-12   16374
  2.035110e+01   9.311978e-10   6.810425e-03   4.317352e-12   15858
  2.037304e+01   9.234303e-10   0.000000e+00   4.383451e-12   14862
  2.039397e+01   9.261626e-10   0.000000e+00   4.498207e-12   14082
  2.041581e+01   9.262018e-10   0.000000e+00   4.398993e-12   14990
  2.043850e+01   9.141209e-10   1.468076e-02   4.494948e-12   14358
  2.046035e+01   9.231989e-10   0.000000e+00   4.688059e-12   13386
  2.048107e+01   9.303667e-10   0.000000e+00   4.922451e-12   12678
  2.050293e+01   9.310179e-10   2.651046e-02   4.613564e-12   13700
  2.052576e+01   9.161323e-10   1.630569e-02   4.692684e-12   12942
  2.054768e+01   9.221975e-10   4.054180e-02   4.883144e-12   12198
  2.056816e+01   9.192351e-10   0.000000e+00   4.985790e-12   11106
  2.058987e+01   9.379996e-10   0.000000e+00   4.882100e-12   12494
  2.061278e+01   9.349285e-10   2.875561e-02   5.119215e-12   11610
  2.063486e+01   9.200235e-10   0.000000e+00   5.024325e-12   11094
  2.065534e+01   9.345280e-10   2.069618e-02   5.579573e-12   9902
  2.067697e+01   9.347761e-10   1.890356e-02   5.089554e-12   11226
  2.069988e+01   9.434655e-10   0.000000e+00   5.413259e-12   10326
  2.072198e+01   9.395927e-10   2.078264e-02   5.500864e-12   10074
  2.074264e+01   9.264240e-10   1.025658e-02   5.572529e-12   8766
  2.076409e+01   9.438841e-10   0.000000e+00   5.521968e-12   9950
  2.078694e+01   9.431829e-10   1.470466e-02   5.625363e-12   9252
  2.080904e+01   9.448283e-10   0.000000e+00   5.812230e-12   8886
  2.082967e+01   9.430454e-10   0.000000e+00   6.133287e-12   7850
  2.085131e+01   9.378757e-10   8.491191e-03   5.720375e-12   8886
  2.087421e+01   9.478648e-10   6.231346e-03   5.970548e-12   8142
  2.089606e+01   9.424562e-10   1.763655e-02   6.146752e-12   7746
  2.091645e+01   9.580258e-10   2.058606e-02   6.699708e-12   6926
  2.093851e+01   9.293702e-10   0.000000e+00   6.016890e-12   7974
  2.096150e+01   9.389126e-10   1.994147e-02   6.448596e-12   7074
  2.098308e+01   9.629942e-10   0.000000e+00   6.737732e-12   6744
  2.100337e+01   9.530779e-10   2.070851e-02   6.959857e-12   6114
  2.102580e+01   9.629699e-10   0.000000e+00   6.561810e-12   7094
  2.104919e+01   9.648834e-10   0.000000e+00   7.171516e-12   6174
  2.107051e+01   9.722504e-10   4.747909e-03   7.456232e-12   5754
  2.109025e+01   9.595993e-10   0.000000e+00   7.615672e-12   5214
  2.111297e+01   9.744794e-10   0.000000e+00   7.002251e-12   6338
  2.113700e+01   9.703197e-10   7.035985e-03   7.740191e-12   5352
  2.115807e+01   9.487281e-10   0.000000e+00   7.999090e-12   4830
  2.117690e+01   9.750926e-10   8.174879e-03   8.481124e-12   4338
  2.119976e+01   9.897199e-10   0.000000e+00   7.712961e-12   5558
  2.122480e+01   9.914890e-10   1.488967e-02   8.044155e-12   4866
  2.124631e+01   9.874194e-10   2.532982e-02   8.920562e-12   3846
  2.126342e+01   1.002799e-09   0.000000e+00   9.665108e-12   3518
  2.128637e+01   9.909646e-10   2.347861e-02   8.164289e-12   4812
  2.131215e+01   9.633865e-10   4.955600e-03   8.718448e-12   4278
  2.133449e+01   9.682750e-10   2.032052e-02   1.029825e-11   3174
  2.134996e+01   9.976271e-10   0.000000e+00   1.107084e-11   2738
  2.137283e+01   9.929630e-10   8.835545e-03   9.112263e-12   4086
  2.139914e+01   9.867558e-10   0.000000e+00   9.480501e-12   3666
  2.142254e+01   1.007248e-09   1.520292e-02   1.143574e-11   2712
  2.143650e+01   1.038377e-09   8.681277e-03   1.404841e-11   1998
  2.145925e+01   9.967959e-10   7.558843e-03   9.605622e-12   3434
  2.148610e+01   1.020796e-09   3.534302e-03   1.045392e-11   3078
  2.151062e+01   1.028468e-09   1.065801e-02   1.206848e-11   2334
  2.152310e+01   1.011360e-09   0.000000e+00   1.563172e-11   1340
  2.154564e+01   9.770859e-10   0.000000e+00   1.073191e-11   2838
  2.157313e+01   1.032909e-09   0.000000e+00   1.212576e-11   2538
  2.159880e+01   1.031492e-09   8.995566e-03   1.338217e-11   1974
  2.160907e+01   9.970441e-10   1.359459e-02   2.074177e-11   774
  2.163172e+01   1.042512e-09   0.000000e+00   1.273120e-11   2300
  2.165989e+01   1.015996e-09   1.542846e-02   1.290934e-11   2046
  2.168672e+01   1.015362e-09   4.677963e-03   1.469825e-11   1626
  2.169506e+01   1.054744e-09   8.132370e-03   2.961429e-11   390
  2.171763e+01   1.047004e-09   8.254315e-03   1.347382e-11   1766
  2.174626e+01   1.021897e-09   0.000000e+00   1.509878e-11   1596
  2.177421e+01   1.011979e-09   0.000000e+00   1.549880e-11   1302
  2.178107e+01   1.070583e-09   0.000000e+00   4.406666e-11   150
  2.180369e+01   1.010077e-09   2.779674e-03   1.737530e-11   1298
  2.183241e+01   1.054992e-09   0.000000e+00   1.838819e-11   1158
  2.186098e+01   1.056408e-09   4.619603e-03   1.969363e-11   996
  2.187147e+01   8.276217e-10   1.131615e-02   6.168854e-11   38
  2.188994e+01   1.039681e-09   0.000000e+00   1.940678e-11   894
  2.191871e+01   1.027265e-09   7.897003e-03   2.025331e-11   786
  2.194751e+01   1.086134e-09   0.000000e+00   2.310223e-11   678
  2.197491e+01   7.630094e-10   0.000000e+00   1.493308e-10   8
  2.197635e+01   1.012177e-09   1.376256e-02   2.255767e-11   570
  2.200518e+01   1.013577e-09   9.940631e-03   2.763891e-11   486
  2.203405e+01   1.026090e-09   0.000000e+00   2.893298e-11   402
  2.206211e+01   1.401294e-09   0.000000e+00   2.177063e-10   8
  2.206295e+01   1.005318e-09   6.982960e-03   3.245793e-11   318
  2.209183e+01   1.108986e-09   0.000000e+00   4.149689e-11   258
  2.212076e+01   1.074840e-09   0.000000e+00   4.618538e-11   198
  2.214931e+01   8.240300e-10   0.000000e+00   1.165938e-10   8
  2.214972e+01   1.041958e-09   0.000000e+00   5.020169e-11   138
  2.217866e+01   1.201945e-09   3.770745e-03   4.325120e-11   102
  2.220764e+01   1.097490e-09   6.867792e-03   9.126317e-11   66
  2.223664e+01   9.168060e-10   0.000000e+00   7.042343e-11   38
  2.226566e+01   9.495021e-10   0.000000e+00   9.344408e-11   18
  2.229469e+01   1.201411e-09   0.000000e+00   1.739330e-10   6
