# power spectrum of omega (curl v)
# redshift z=1.305200
# k              Pk             sigma(k)       sigma(Pk)      count
  5.034611e-02   7.268688e-18   1.649661e-05   1.117741e-18   6
  7.120015e-02   5.026655e-17   0.000000e+00   8.072247e-18   12
  9.298354e-02   3.482711e-16   6.675868e-03   7.816934e-17   14
  1.179498e-01   6.284566e-16   5.372206e-03   6.972130e-17   48
  1.485703e-01   2.933393e-15   3.902364e-03   3.261932e-16   42
  1.630938e-01   5.672078e-15   3.885028e-03   4.585210e-16   48
  1.849248e-01   8.523429e-15   4.657527e-03   6.275363e-16   80
  2.095764e-01   2.021879e-14   3.616184e-03   1.360998e-15   90
  2.284365e-01   3.375281e-14   5.678407e-03   1.878539e-15   120
  2.552299e-01   7.126894e-14   4.772066e-03   4.194446e-15   158
  2.729761e-01   1.153879e-13   2.264649e-03   6.826655e-15   120
  2.943566e-01   1.387551e-13   5.061767e-03   8.691620e-15   186
  3.179794e-01   2.230074e-13   6.922087e-03   1.020412e-14   264
  3.371748e-01   3.063403e-13   3.737021e-03   1.628586e-14   168
  3.616666e-01   5.516081e-13   6.678935e-03   2.201065e-14   386
  3.821617e-01   6.534999e-13   4.041476e-03   2.883034e-14   192
  4.023269e-01   9.187046e-13   6.626239e-03   3.813768e-14   390
  4.249813e-01   1.220133e-12   6.937664e-03   4.105010e-14   396
  4.462644e-01   1.483579e-12   6.882941e-03   5.381771e-14   398
  4.696612e-01   2.407050e-12   6.746443e-03   7.599349e-14   576
  4.926857e-01   3.068243e-12   6.844329e-03   1.067975e-13   444
  5.128251e-01   3.568695e-12   6.175253e-03   1.095116e-13   590
  5.357574e-01   4.701893e-12   6.762370e-03   1.269242e-13   648
  5.581250e-01   5.545400e-12   5.984853e-03   1.576020e-13   654
  5.779979e-01   7.388203e-12   4.964212e-03   2.069245e-13   636
  6.002125e-01   8.196101e-12   7.442619e-03   2.067846e-13   830
  6.210565e-01   1.018526e-11   5.357348e-03   2.586296e-13   792
  6.423697e-01   1.127499e-11   5.509935e-03   2.833384e-13   804
  6.641974e-01   1.441510e-11   6.800522e-03   3.188195e-13   1038
  6.853297e-01   1.777671e-11   5.326721e-03   4.385665e-13   936
  7.082344e-01   2.045539e-11   6.224155e-03   4.326099e-13   1130
  7.289948e-01   2.251847e-11   5.780067e-03   5.081197e-13   1104
  7.517839e-01   2.697327e-11   6.426420e-03   5.558686e-13   1230
  7.726234e-01   3.086513e-11   6.530794e-03   5.843816e-13   1260
  7.937953e-01   3.649291e-11   5.642377e-03   7.451713e-13   1286
  8.177406e-01   4.169225e-11   6.847285e-03   6.949221e-13   1728
  8.404302e-01   4.761585e-11   6.057382e-03   9.323902e-13   1392
  8.619952e-01   5.321204e-11   5.759775e-03   9.397652e-13   1626
  8.840987e-01   6.110819e-11   6.796772e-03   1.048280e-12   1760
  9.062925e-01   6.934001e-11   5.620745e-03   1.151525e-12   1686
  9.272150e-01   7.788680e-11   5.697098e-03   1.293912e-12   1812
  9.486081e-01   8.848956e-11   6.573858e-03   1.451884e-12   1862
  9.704713e-01   9.803591e-11   5.863962e-03   1.488234e-12   2160
  9.924689e-01   1.049391e-10   5.988744e-03   1.721794e-12   1956
  1.014601e+00   1.256125e-10   6.726345e-03   1.755584e-12   2454
  1.036199e+00   1.329251e-10   5.264380e-03   2.064163e-12   2048
  1.057875e+00   1.495770e-10   6.837107e-03   2.058537e-12   2538
  1.079272e+00   1.631932e-10   5.730031e-03   2.376202e-12   2400
  1.100898e+00   1.838210e-10   6.814878e-03   2.531483e-12   2526
  1.122475e+00   1.994417e-10   6.758341e-03   2.630697e-12   2856
  1.144982e+00   2.138950e-10   6.348590e-03   2.795079e-12   2804
  1.167211e+00   2.372392e-10   6.585316e-03   3.097292e-12   2958
  1.188366e+00   2.571214e-10   6.403105e-03   3.365899e-12   2976
  1.210691e+00   2.833026e-10   6.397896e-03   3.603464e-12   3194
  1.231592e+00   2.980586e-10   6.379307e-03   3.736149e-12   3120
  1.254232e+00   3.327041e-10   6.441362e-03   3.955840e-12   3606
  1.275838e+00   3.550448e-10   5.899826e-03   4.400619e-12   3276
  1.296888e+00   3.798304e-10   6.668119e-03   4.571568e-12   3600
  1.318543e+00   4.101224e-10   5.858571e-03   4.776248e-12   3638
  1.339390e+00   4.398810e-10   6.238785e-03   5.063658e-12   3744
  1.361944e+00   4.758731e-10   6.448564e-03   5.131927e-12   4170
  1.383503e+00   5.076863e-10   6.119119e-03   5.829283e-12   3984
  1.405462e+00   5.310970e-10   6.180583e-03   5.929094e-12   4334
  1.427130e+00   5.796165e-10   5.733355e-03   6.291405e-12   4284
  1.448526e+00   6.052245e-10   6.923767e-03   6.378632e-12   4374
  1.470898e+00   6.519368e-10   6.138910e-03   6.650978e-12   5016
  1.492933e+00   6.819879e-10   5.906933e-03   7.288852e-12   4580
  1.514897e+00   7.304731e-10   6.943843e-03   7.234561e-12   5142
  1.537303e+00   7.974679e-10   6.690172e-03   7.861196e-12   5184
  1.559241e+00   8.426591e-10   5.201302e-03   8.528761e-12   5058
  1.580321e+00   8.938330e-10   6.199842e-03   8.478428e-12   5384
  1.602863e+00   9.443105e-10   7.026074e-03   9.305097e-12   5622
  1.624607e+00   1.004392e-09   5.915039e-03   9.497323e-12   5736
  1.646260e+00   1.055549e-09   5.319725e-03   1.019303e-11   5596
  1.668015e+00   1.121383e-09   6.735657e-03   1.031091e-11   6070
  1.689591e+00   1.180657e-09   5.205686e-03   1.080930e-11   6096
  1.712103e+00   1.226913e-09   6.401307e-03   1.102471e-11   6474
  1.732930e+00   1.287027e-09   6.165185e-03   1.227741e-11   6024
  1.755205e+00   1.353685e-09   6.154758e-03   1.158483e-11   7070
  1.777274e+00   1.442613e-09   5.047667e-03   1.284028e-11   6516
  1.798443e+00   1.531018e-09   6.078693e-03   1.318902e-11   6936
  1.820540e+00   1.540391e-09   6.154079e-03   1.325511e-11   7110
  1.841915e+00   1.663587e-09   4.600478e-03   1.457195e-11   7244
  1.864527e+00   1.704428e-09   6.714394e-03   1.364562e-11   7878
  1.886428e+00   1.796996e-09   6.483822e-03   1.497743e-11   7344
  1.907636e+00   1.833283e-09   6.725786e-03   1.489025e-11   7694
  1.929732e+00   1.971449e-09   6.476178e-03   1.529789e-11   8412
  1.951920e+00   2.071392e-09   6.782985e-03   1.652688e-11   7920
  1.973009e+00   2.119560e-09   5.739509e-03   1.712861e-11   8118
  1.994475e+00   2.187364e-09   6.628308e-03   1.693962e-11   8548
  2.016314e+00   2.264860e-09   6.679193e-03   1.746572e-11   8710
  2.037968e+00   2.353240e-09   5.834439e-03   1.770354e-11   8928
  2.060199e+00   2.498475e-09   6.324550e-03   1.850901e-11   9186
  2.081524e+00   2.596489e-09   7.023975e-03   1.962575e-11   9200
  2.103508e+00   2.650278e-09   5.902911e-03   1.913336e-11   9438
  2.124939e+00   2.731446e-09   8.429660e-03   1.982411e-11   9564
  2.146967e+00   2.833562e-09   6.525774e-03   2.005402e-11   10296
  2.169518e+00   2.972099e-09   5.789084e-03   2.152113e-11   10126
  2.190644e+00   3.071017e-09   6.975212e-03   2.155334e-11   10024
  2.213114e+00   3.205238e-09   5.008992e-03   2.149102e-11   11082
  2.235176e+00   3.332881e-09   7.760446e-03   2.307244e-11   10632
  2.256740e+00   3.412609e-09   5.564996e-03   2.355349e-11   10734
  2.278524e+00   3.515561e-09   6.776087e-03   2.373743e-11   11276
  2.300301e+00   3.650000e-09   6.085791e-03   2.446567e-11   11352
  2.322280e+00   3.720589e-09   6.393057e-03   2.491522e-11   11550
  2.343853e+00   3.862354e-09   5.930154e-03   2.564114e-11   11772
  2.365747e+00   3.992835e-09   7.369635e-03   2.646325e-11   12038
  2.387372e+00   4.097343e-09   9.055478e-03   2.644606e-11   12096
  2.409296e+00   4.172759e-09   7.265207e-03   2.652795e-11   12582
  2.430977e+00   4.267603e-09   1.953206e-03   2.652174e-11   12620
  2.453157e+00   4.375601e-09   7.678936e-03   2.715835e-11   13320
  2.474865e+00   4.528935e-09   6.898098e-03   2.861400e-11   12654
  2.496156e+00   4.693766e-09   1.062650e-03   2.943191e-11   13236
  2.517765e+00   4.742614e-09   1.010628e-02   2.909787e-11   13438
  2.539602e+00   5.028813e-09   9.833175e-03   3.030992e-11   14344
  2.562231e+00   5.081405e-09   5.939975e-03   3.027906e-11   14226
  2.583610e+00   5.200322e-09   4.971408e-03   3.124218e-11   14088
  2.605269e+00   5.359460e-09   0.000000e+00   3.214383e-11   14328
  2.626979e+00   5.531337e-09   6.865998e-03   3.235972e-11   14954
  2.648986e+00   5.567523e-09   5.347837e-03   3.256265e-11   15480
  2.671081e+00   5.740562e-09   7.085481e-03   3.325632e-11   14862
  2.692014e+00   5.843666e-09   8.486906e-03   3.331953e-11   15296
  2.713996e+00   6.032469e-09   7.958737e-03   3.407999e-11   15954
  2.735534e+00   6.181512e-09   6.931646e-03   3.548931e-11   15720
  2.757079e+00   6.189969e-09   2.748241e-03   3.430432e-11   16296
  2.779273e+00   6.341564e-09   4.240021e-03   3.447901e-11   17010
  2.800822e+00   6.554578e-09   3.760185e-03   3.622936e-11   16328
  2.822502e+00   6.588988e-09   3.723229e-03   3.587887e-11   17094
  2.844247e+00   6.800558e-09   8.910197e-03   3.691039e-11   17436
  2.866241e+00   6.960605e-09   9.018169e-03   3.689595e-11   17862
  2.888325e+00   6.943264e-09   7.788352e-03   3.633547e-11   18200
  2.910572e+00   7.235423e-09   1.871460e-03   3.813013e-11   18450
  2.932337e+00   7.306616e-09   3.583609e-03   3.825397e-11   18384
  2.954048e+00   7.515188e-09   6.141499e-03   3.944404e-11   18504
  2.975735e+00   7.693750e-09   4.520920e-03   3.903979e-11   19142
  2.997859e+00   7.901683e-09   6.241746e-03   3.977645e-11   19692
  3.019747e+00   7.987013e-09   6.237398e-03   4.172185e-11   19062
  3.041163e+00   8.100308e-09   0.000000e+00   4.020147e-11   20184
  3.063298e+00   8.261164e-09   7.732701e-03   4.206825e-11   19970
  3.084888e+00   8.334464e-09   0.000000e+00   4.226168e-11   20496
  3.107111e+00   8.455221e-09   9.095008e-03   4.142256e-11   21456
  3.128739e+00   8.611456e-09   6.234570e-03   4.386458e-11   19650
  3.149970e+00   8.815563e-09   1.008659e-02   4.212522e-11   22040
  3.172352e+00   8.943783e-09   1.357925e-02   4.392182e-11   21558
  3.193964e+00   9.121362e-09   0.000000e+00   4.447024e-11   21804
  3.215633e+00   9.248939e-09   8.611229e-03   4.392934e-11   21926
  3.237231e+00   9.378053e-09   1.016357e-02   4.448180e-11   22416
  3.258918e+00   9.501194e-09   8.940740e-03   4.423206e-11   22776
  3.281215e+00   9.760686e-09   7.062447e-03   4.512048e-11   23874
  3.303121e+00   9.764821e-09   1.407317e-03   4.559460e-11   23104
  3.324901e+00   9.868010e-09   0.000000e+00   4.534567e-11   23974
  3.346732e+00   1.010083e-08   1.448000e-02   4.694402e-11   23892
  3.368184e+00   1.036013e-08   0.000000e+00   4.834870e-11   23550
  3.389782e+00   1.041617e-08   7.277558e-03   4.701750e-11   25320
  3.411723e+00   1.060524e-08   1.250868e-02   4.826729e-11   24428
  3.433192e+00   1.064234e-08   8.761929e-03   4.740543e-11   25254
  3.455174e+00   1.082666e-08   0.000000e+00   4.798824e-11   26016
  3.476842e+00   1.104013e-08   1.976704e-03   4.951423e-11   25182
  3.498712e+00   1.105011e-08   3.664755e-03   4.772320e-11   27428
  3.520896e+00   1.122068e-08   5.585426e-03   5.030153e-11   25974
  3.542241e+00   1.146408e-08   9.287771e-03   4.958642e-11   26904
  3.563919e+00   1.165425e-08   3.481710e-03   5.102786e-11   26730
  3.585620e+00   1.166875e-08   0.000000e+00   4.997110e-11   27896
  3.607863e+00   1.185383e-08   1.093651e-02   4.970344e-11   28992
  3.630372e+00   1.199060e-08   2.803219e-03   5.028398e-11   28698
  3.651850e+00   1.220345e-08   0.000000e+00   5.252512e-11   27816
  3.673790e+00   1.226258e-08   0.000000e+00   5.063327e-11   29774
  3.695740e+00   1.251819e-08   6.880657e-03   5.206416e-11   29148
  3.717198e+00   1.259722e-08   0.000000e+00   5.267093e-11   28806
  3.738814e+00   1.266430e-08   1.195695e-02   5.185491e-11   30408
  3.760675e+00   1.303625e-08   0.000000e+00   5.253626e-11   30320
  3.782726e+00   1.301654e-08   0.000000e+00   5.270715e-11   30930
  3.804736e+00   1.311909e-08   0.000000e+00   5.301751e-11   31656
  3.826238e+00   1.327073e-08   1.185375e-03   5.453499e-11   30086
  3.847838e+00   1.357720e-08   1.404340e-02   5.316519e-11   32724
  3.869608e+00   1.360984e-08   8.382388e-03   5.524522e-11   30846
  3.891230e+00   1.390297e-08   3.699519e-03   5.385458e-11   33480
  3.913331e+00   1.382625e-08   1.137907e-02   5.431994e-11   32724
  3.934938e+00   1.390621e-08   7.136864e-03   5.491661e-11   32894
  3.956857e+00   1.410803e-08   0.000000e+00   5.399694e-11   34200
  3.978780e+00   1.420828e-08   9.181863e-03   5.480756e-11   33594
  4.000311e+00   1.445115e-08   0.000000e+00   5.559474e-11   34336
  4.022277e+00   1.464281e-08   2.670737e-03   5.622952e-11   34822
  4.044074e+00   1.482522e-08   0.000000e+00   5.613678e-11   35472
  4.065753e+00   1.472451e-08   0.000000e+00   5.637003e-11   34404
  4.087366e+00   1.482836e-08   0.000000e+00   5.605899e-11   36222
  4.109029e+00   1.501663e-08   6.738954e-03   5.659792e-11   35984
  4.130915e+00   1.524236e-08   8.939767e-03   5.741480e-11   36570
  4.152610e+00   1.520024e-08   0.000000e+00   5.644234e-11   37176
  4.174544e+00   1.545038e-08   0.000000e+00   5.605086e-11   37406
  4.196386e+00   1.561883e-08   1.216132e-03   5.699854e-11   38052
  4.218054e+00   1.572679e-08   0.000000e+00   5.848405e-11   37590
  4.240016e+00   1.579027e-08   1.124636e-02   5.678368e-11   39480
  4.261757e+00   1.607832e-08   0.000000e+00   5.859522e-11   38260
  4.283490e+00   1.601976e-08   1.100466e-02   5.685764e-11   39646
  4.305668e+00   1.628928e-08   5.913577e-03   5.803355e-11   40944
  4.327659e+00   1.628566e-08   0.000000e+00   5.866568e-11   39678
  4.349324e+00   1.650324e-08   0.000000e+00   5.843923e-11   40804
  4.371118e+00   1.661034e-08   0.000000e+00   5.873559e-11   40606
  4.392949e+00   1.679335e-08   1.472874e-02   5.827114e-11   42216
  4.414913e+00   1.682469e-08   0.000000e+00   5.868275e-11   41532
  4.436610e+00   1.691626e-08   0.000000e+00   5.890902e-11   41990
  4.458149e+00   1.703045e-08   1.539219e-02   5.938232e-11   42360
  4.480126e+00   1.736041e-08   5.817597e-03   5.921105e-11   43530
  4.501970e+00   1.703874e-08   8.914635e-03   5.797805e-11   43848
  4.523745e+00   1.750005e-08   0.000000e+00   6.019923e-11   42870
  4.545591e+00   1.751980e-08   1.495695e-02   5.818667e-11   46160
  4.567519e+00   1.768827e-08   6.302767e-03   6.056569e-11   43380
  4.589112e+00   1.777843e-08   0.000000e+00   5.918719e-11   45294
  4.610780e+00   1.783115e-08   1.381913e-02   5.953940e-11   45744
  4.632935e+00   1.779177e-08   0.000000e+00   5.893939e-11   46682
  4.654609e+00   1.802864e-08   7.684687e-03   6.027506e-11   45840
  4.676355e+00   1.830954e-08   0.000000e+00   6.064797e-11   47118
  4.698052e+00   1.837409e-08   2.037825e-02   6.048186e-11   47124
  4.719837e+00   1.842554e-08   4.745034e-03   5.970810e-11   47984
  4.742065e+00   1.846483e-08   8.414246e-03   5.944647e-11   49566
  4.763497e+00   1.864386e-08   5.837763e-03   6.185833e-11   46284
  4.784998e+00   1.887605e-08   1.443704e-02   6.014339e-11   49966
  4.806880e+00   1.892161e-08   1.087139e-02   6.126758e-11   49360
  4.828629e+00   1.905735e-08   2.965875e-03   6.139820e-11   49806
  4.850553e+00   1.911057e-08   1.228704e-02   6.052794e-11   51492
  4.872241e+00   1.913829e-08   1.589839e-02   6.136026e-11   49496
  4.894108e+00   1.924414e-08   1.617292e-02   5.921620e-11   53190
  4.916162e+00   1.934681e-08   0.000000e+00   6.186962e-11   51060
  4.937784e+00   1.950240e-08   0.000000e+00   6.102068e-11   52134
  4.959473e+00   1.945840e-08   1.057589e-02   6.109061e-11   53088
  4.981334e+00   1.975139e-08   6.711013e-03   6.140392e-11   52706
  5.003129e+00   1.988074e-08   1.023161e-02   6.061105e-11   54936
  5.025271e+00   1.992493e-08   0.000000e+00   6.178047e-11   53886
  5.046929e+00   1.983544e-08   0.000000e+00   6.076167e-11   54436
  5.068583e+00   2.022033e-08   0.000000e+00   6.254228e-11   55096
  5.090670e+00   2.017296e-08   0.000000e+00   6.106030e-11   56358
  5.112314e+00   1.999106e-08   0.000000e+00   6.102834e-11   55632
  5.134134e+00   2.025130e-08   2.096523e-02   6.098145e-11   56530
  5.155898e+00   2.036941e-08   0.000000e+00   6.138821e-11   57232
  5.177582e+00   2.060588e-08   0.000000e+00   6.243048e-11   56766
  5.199820e+00   2.055102e-08   0.000000e+00   5.948852e-11   60804
  5.221461e+00   2.073264e-08   0.000000e+00   6.277486e-11   55536
  5.243180e+00   2.079650e-08   2.658083e-02   6.000565e-11   61166
  5.264987e+00   2.082578e-08   0.000000e+00   6.216235e-11   57396
  5.286552e+00   2.076575e-08   1.264766e-02   6.048623e-11   60870
  5.308448e+00   2.090607e-08   0.000000e+00   6.105865e-11   60224
  5.330231e+00   2.109630e-08   1.859812e-02   6.159879e-11   61002
  5.352088e+00   2.100876e-08   1.693624e-02   6.014463e-11   62016
  5.373828e+00   2.112661e-08   0.000000e+00   6.148802e-11   60768
  5.395395e+00   2.135048e-08   2.451768e-02   6.176798e-11   62870
  5.417440e+00   2.139795e-08   8.989315e-03   6.157276e-11   63804
  5.439362e+00   2.136679e-08   1.126132e-02   6.094038e-11   63054
  5.460782e+00   2.159039e-08   9.427289e-03   6.217409e-11   63024
  5.482666e+00   2.162779e-08   0.000000e+00   6.101449e-11   65018
  5.504300e+00   2.160429e-08   1.613223e-02   6.123207e-11   64608
  5.526162e+00   2.183426e-08   0.000000e+00   6.116247e-11   65688
  5.547959e+00   2.162978e-08   2.365791e-02   6.044892e-11   65994
  5.569686e+00   2.176417e-08   0.000000e+00   6.009208e-11   66648
  5.591650e+00   2.171878e-08   1.639444e-02   5.996290e-11   67310
  5.613297e+00   2.192083e-08   0.000000e+00   6.143302e-11   67224
  5.635099e+00   2.192173e-08   5.762306e-03   6.024410e-11   68034
  5.656981e+00   2.191751e-08   0.000000e+00   5.977775e-11   69744
  5.678864e+00   2.211759e-08   1.244268e-02   6.079911e-11   68654
  5.700966e+00   2.214698e-08   1.640349e-02   5.906773e-11   72132
  5.722831e+00   2.217443e-08   1.078431e-02   6.024664e-11   68520
  5.744389e+00   2.231432e-08   1.570882e-02   6.059207e-11   71070
  5.766374e+00   2.225832e-08   0.000000e+00   5.980044e-11   71948
  5.788139e+00   2.218460e-08   2.413857e-02   5.946523e-11   71598
  5.810091e+00   2.240399e-08   0.000000e+00   5.987584e-11   73536
  5.831861e+00   2.251660e-08   2.888570e-02   6.020331e-11   71802
  5.853405e+00   2.236172e-08   0.000000e+00   5.920077e-11   73280
  5.875204e+00   2.243305e-08   0.000000e+00   5.961616e-11   73992
  5.897202e+00   2.227484e-08   1.394027e-02   5.840573e-11   75966
  5.918984e+00   2.255215e-08   0.000000e+00   5.959578e-11   74364
  5.940792e+00   2.272421e-08   1.674358e-02   5.949905e-11   76094
  5.962538e+00   2.265440e-08   0.000000e+00   5.988476e-11   76224
  5.984354e+00   2.270270e-08   1.080228e-02   6.011918e-11   76242
  6.005939e+00   2.265400e-08   0.000000e+00   5.929158e-11   76944
  6.027735e+00   2.278527e-08   0.000000e+00   5.926528e-11   78680
  6.049870e+00   2.264590e-08   1.889432e-02   5.828731e-11   79962
  6.071582e+00   2.298211e-08   9.038348e-03   5.988908e-11   77760
  6.093271e+00   2.276515e-08   2.237259e-02   5.841290e-11   79590
  6.115082e+00   2.285269e-08   0.000000e+00   5.865323e-11   80732
  6.136950e+00   2.304473e-08   2.813241e-02   5.890242e-11   81174
  6.158762e+00   2.277643e-08   1.032884e-02   5.791174e-11   80832
  6.180135e+00   2.300905e-08   2.848357e-02   5.890323e-11   79992
  6.202063e+00   2.306000e-08   0.000000e+00   5.779977e-11   84314
  6.224071e+00   2.297902e-08   0.000000e+00   5.710150e-11   83592
  6.245948e+00   2.305917e-08   2.106210e-02   5.828181e-11   83838
  6.267703e+00   2.301585e-08   0.000000e+00   5.745770e-11   83676
  6.289374e+00   2.314959e-08   1.331830e-02   5.792047e-11   84950
  6.311106e+00   2.313400e-08   0.000000e+00   5.787706e-11   84912
  6.332969e+00   2.320092e-08   2.547761e-02   5.739695e-11   87162
  6.354881e+00   2.315040e-08   0.000000e+00   5.775247e-11   86440
  6.376563e+00   2.316156e-08   0.000000e+00   5.728757e-11   86560
  6.398432e+00   2.323444e-08   0.000000e+00   5.693805e-11   88698
  6.420197e+00   2.345462e-08   3.174407e-02   5.710767e-11   88920
  6.442255e+00   2.316198e-08   0.000000e+00   5.709850e-11   88814
  6.463886e+00   2.338914e-08   7.362485e-03   5.681887e-11   90336
  6.485927e+00   2.331531e-08   0.000000e+00   5.684880e-11   90282
  6.507691e+00   2.321189e-08   0.000000e+00   5.649588e-11   90840
  6.529283e+00   2.344285e-08   2.341674e-02   5.688302e-11   91128
  6.551300e+00   2.341479e-08   0.000000e+00   5.600829e-11   92690
  6.572965e+00   2.338399e-08   0.000000e+00   5.630559e-11   92160
  6.594825e+00   2.342604e-08   0.000000e+00   5.625641e-11   93534
  6.616520e+00   2.342642e-08   0.000000e+00   5.598926e-11   93484
  6.638315e+00   2.330860e-08   6.207089e-03   5.516251e-11   95206
  6.660295e+00   2.349040e-08   1.062216e-02   5.525840e-11   96048
  6.681920e+00   2.336454e-08   9.659067e-03   5.586463e-11   93600
  6.703675e+00   2.333066e-08   0.000000e+00   5.482253e-11   97410
  6.725469e+00   2.360029e-08   2.885872e-02   5.558509e-11   97856
  6.747479e+00   2.332905e-08   0.000000e+00   5.478945e-11   97278
  6.769187e+00   2.342534e-08   1.823338e-02   5.457208e-11   98916
  6.790910e+00   2.351935e-08   0.000000e+00   5.589829e-11   96894
  6.812521e+00   2.334257e-08   0.000000e+00   5.413168e-11   100976
  6.834542e+00   2.349882e-08   3.315554e-03   5.466877e-11   100164
  6.856217e+00   2.333784e-08   0.000000e+00   5.403940e-11   100014
  6.877760e+00   2.335572e-08   2.121237e-02   5.372844e-11   101040
  6.899662e+00   2.342767e-08   0.000000e+00   5.410565e-11   102338
  6.921356e+00   2.347181e-08   1.206213e-02   5.378025e-11   102912
  6.943364e+00   2.332436e-08   0.000000e+00   5.333423e-11   104238
  6.964997e+00   2.331488e-08   2.076109e-02   5.318682e-11   103104
  6.986826e+00   2.336559e-08   1.841980e-02   5.289734e-11   105404
  7.008710e+00   2.347771e-08   0.000000e+00   5.362132e-11   105198
  7.030479e+00   2.335786e-08   0.000000e+00   5.241038e-11   106632
  7.052365e+00   2.322606e-08   2.702259e-02   5.235620e-11   106706
  7.074123e+00   2.337776e-08   0.000000e+00   5.263028e-11   106992
  7.096135e+00   2.346959e-08   0.000000e+00   5.196575e-11   110118
  7.117935e+00   2.326894e-08   3.319062e-02   5.245721e-11   108084
  7.139608e+00   2.348056e-08   1.286665e-02   5.281562e-11   108222
  7.161524e+00   2.328932e-08   0.000000e+00   5.129723e-11   112160
  7.183234e+00   2.334108e-08   1.927898e-02   5.220202e-11   108492
  7.205043e+00   2.330459e-08   2.355126e-02   5.108002e-11   113262
  7.226935e+00   2.322606e-08   0.000000e+00   5.169744e-11   111360
  7.248854e+00   2.328963e-08   0.000000e+00   5.108906e-11   114182
  7.270607e+00   2.312533e-08   3.489136e-02   5.085521e-11   112884
  7.292432e+00   2.316137e-08   7.611180e-03   5.073162e-11   113934
  7.314100e+00   2.306802e-08   0.000000e+00   5.062591e-11   114504
  7.336122e+00   2.323594e-08   0.000000e+00   5.046950e-11   117500
  7.357850e+00   2.310836e-08   2.487494e-02   5.087056e-11   114102
  7.379593e+00   2.308973e-08   1.017974e-02   4.991825e-11   118584
  7.401468e+00   2.296814e-08   0.000000e+00   5.043013e-11   115546
  7.422992e+00   2.311038e-08   2.262361e-02   4.971968e-11   118984
  7.445057e+00   2.309778e-08   1.669644e-03   4.967535e-11   119526
  7.466766e+00   2.302563e-08   2.673670e-03   4.930407e-11   119436
  7.488460e+00   2.305798e-08   0.000000e+00   4.987730e-11   118632
  7.510189e+00   2.285978e-08   2.474596e-02   4.865162e-11   122510
  7.532109e+00   2.304692e-08   0.000000e+00   4.915373e-11   121680
  7.553956e+00   2.293979e-08   0.000000e+00   4.907949e-11   121434
  7.575562e+00   2.286848e-08   0.000000e+00   4.863815e-11   123928
  7.597457e+00   2.296730e-08   0.000000e+00   4.878441e-11   123910
  7.619296e+00   2.266938e-08   0.000000e+00   4.805485e-11   124452
  7.641072e+00   2.290172e-08   0.000000e+00   4.830541e-11   125376
  7.662850e+00   2.259603e-08   2.206608e-02   4.761994e-11   126638
  7.684643e+00   2.278342e-08   8.098373e-03   4.785315e-11   125844
  7.706453e+00   2.253905e-08   0.000000e+00   4.723543e-11   128142
  7.728289e+00   2.258664e-08   2.740708e-03   4.709313e-11   128136
  7.749974e+00   2.269531e-08   9.258235e-03   4.757909e-11   127642
  7.771831e+00   2.263429e-08   0.000000e+00   4.686795e-11   131968
  7.793931e+00   2.254962e-08   0.000000e+00   4.716480e-11   130326
  7.815601e+00   2.251111e-08   2.290082e-02   4.646373e-11   131688
  7.837389e+00   2.241566e-08   1.211311e-02   4.670884e-11   130212
  7.859097e+00   2.255651e-08   0.000000e+00   4.671775e-11   132686
  7.881070e+00   2.248799e-08   0.000000e+00   4.593591e-11   135960
  7.902946e+00   2.232301e-08   1.680587e-02   4.608729e-11   131562
  7.924361e+00   2.230377e-08   1.322915e-02   4.603984e-11   134016
  7.946304e+00   2.234900e-08   0.000000e+00   4.569722e-11   136478
  7.968113e+00   2.226475e-08   3.004682e-02   4.544564e-11   136812
  7.990011e+00   2.222696e-08   1.839590e-02   4.497464e-11   137856
  8.011826e+00   2.213706e-08   0.000000e+00   4.514609e-11   135862
  8.033513e+00   2.222798e-08   0.000000e+00   4.456828e-11   140056
  8.055479e+00   2.218796e-08   2.562485e-02   4.496500e-11   139602
  8.077233e+00   2.202308e-08   0.000000e+00   4.447933e-11   139080
  8.098974e+00   2.197626e-08   0.000000e+00   4.400446e-11   140678
  8.120807e+00   2.203876e-08   1.278726e-02   4.413937e-11   142884
  8.142548e+00   2.199790e-08   1.080351e-02   4.420953e-11   139992
  8.164338e+00   2.190332e-08   0.000000e+00   4.388215e-11   144966
  8.186252e+00   2.181824e-08   0.000000e+00   4.357807e-11   143364
  8.207960e+00   2.165938e-08   1.965899e-02   4.321962e-11   144518
  8.229701e+00   2.179347e-08   2.132630e-02   4.351340e-11   145200
  8.251408e+00   2.183031e-08   0.000000e+00   4.367577e-11   143466
  8.273058e+00   2.161694e-08   0.000000e+00   4.232035e-11   148824
  8.294868e+00   2.180218e-08   1.645350e-02   4.326092e-11   145544
  8.316512e+00   2.144264e-08   0.000000e+00   4.229141e-11   148590
  8.338428e+00   2.162993e-08   0.000000e+00   4.238806e-11   150540
  8.360312e+00   2.142021e-08   2.941229e-02   4.190767e-11   150134
  8.382106e+00   2.155425e-08   0.000000e+00   4.199846e-11   151296
  8.404108e+00   2.149420e-08   0.000000e+00   4.193009e-11   152058
  8.425685e+00   2.130870e-08   1.790280e-02   4.181258e-11   150864
  8.447488e+00   2.136846e-08   1.571817e-02   4.137322e-11   154310
  8.469511e+00   2.121774e-08   0.000000e+00   4.138667e-11   155172
  8.491298e+00   2.127588e-08   0.000000e+00   4.123316e-11   154128
  8.513296e+00   2.116688e-08   1.350179e-02   4.059707e-11   158310
  8.534995e+00   2.110292e-08   1.980250e-02   4.132493e-11   153436
  8.556709e+00   2.116112e-08   0.000000e+00   4.093386e-11   157726
  8.578729e+00   2.094882e-08   0.000000e+00   4.001593e-11   160368
  8.600432e+00   2.097198e-08   9.672223e-03   4.057891e-11   155718
  8.622095e+00   2.088740e-08   0.000000e+00   4.001244e-11   160028
  8.643905e+00   2.085940e-08   0.000000e+00   3.971437e-11   160920
  8.665753e+00   2.087405e-08   1.306686e-02   3.994734e-11   161070
  8.687592e+00   2.079197e-08   3.220852e-02   3.934029e-11   163428
  8.709310e+00   2.062284e-08   0.000000e+00   3.948752e-11   159574
  8.731178e+00   2.061270e-08   0.000000e+00   3.873688e-11   167392
  8.753059e+00   2.071315e-08   2.600188e-02   3.947822e-11   162258
  8.774787e+00   2.050961e-08   1.323600e-02   3.846014e-11   167472
  8.796666e+00   2.045750e-08   0.000000e+00   3.851784e-11   163664
  8.818293e+00   2.045036e-08   0.000000e+00   3.833823e-11   166986
  8.840151e+00   2.041470e-08   1.824028e-02   3.798588e-11   169968
  8.862179e+00   2.038028e-08   0.000000e+00   3.838505e-11   167646
  8.883695e+00   2.029514e-08   0.000000e+00   3.797808e-11   168080
  8.905519e+00   2.031956e-08   1.721928e-02   3.772808e-11   170826
  8.927353e+00   2.029763e-08   0.000000e+00   3.798913e-11   170928
  8.948988e+00   2.023544e-08   1.814376e-02   3.778201e-11   170640
  8.970899e+00   2.015296e-08   0.000000e+00   3.744005e-11   173954
  8.992616e+00   2.009013e-08   2.809679e-02   3.717792e-11   173232
  9.014491e+00   2.000620e-08   0.000000e+00   3.697748e-11   174150
  9.036304e+00   1.997654e-08   3.874773e-03   3.667629e-11   176364
  9.058084e+00   2.000711e-08   1.757427e-02   3.682845e-11   175302
  9.079876e+00   1.984112e-08   8.334087e-03   3.652633e-11   177392
  9.101601e+00   1.981024e-08   1.979386e-02   3.630357e-11   176352
  9.123497e+00   1.963275e-08   0.000000e+00   3.581679e-11   180330
  9.145386e+00   1.976017e-08   9.533758e-03   3.581877e-11   180712
  9.167178e+00   1.963059e-08   1.615269e-02   3.582042e-11   179350
  9.189039e+00   1.962128e-08   1.417587e-02   3.552223e-11   183396
  9.210955e+00   1.956975e-08   0.000000e+00   3.583415e-11   180390
  9.232488e+00   1.944820e-08   0.000000e+00   3.563327e-11   181944
  9.254389e+00   1.946274e-08   0.000000e+00   3.521138e-11   185450
  9.276342e+00   1.931628e-08   8.637755e-03   3.485917e-11   186192
  9.298046e+00   1.930411e-08   2.122045e-02   3.508394e-11   183432
  9.319777e+00   1.926673e-08   0.000000e+00   3.480900e-11   185362
  9.341464e+00   1.915946e-08   4.313012e-03   3.429888e-11   188464
  9.363437e+00   1.920273e-08   0.000000e+00   3.453993e-11   188046
  9.385262e+00   1.908135e-08   1.434358e-02   3.402256e-11   191304
  9.407019e+00   1.905875e-08   2.594745e-02   3.417387e-11   186690
  9.428878e+00   1.903006e-08   0.000000e+00   3.370510e-11   194072
  9.450593e+00   1.902903e-08   2.174979e-02   3.420810e-11   188688
  9.472306e+00   1.892984e-08   0.000000e+00   3.369083e-11   192786
  9.494046e+00   1.886290e-08   1.033069e-02   3.346338e-11   193352
  9.516020e+00   1.880737e-08   0.000000e+00   3.322692e-11   195702
  9.537759e+00   1.878385e-08   2.981016e-02   3.340737e-11   195132
  9.559590e+00   1.869884e-08   0.000000e+00   3.301400e-11   195726
  9.581344e+00   1.852682e-08   0.000000e+00   3.271131e-11   197416
  9.603106e+00   1.870299e-08   6.897555e-03   3.297532e-11   196564
  9.624942e+00   1.844186e-08   2.070663e-02   3.226536e-11   201198
  9.646737e+00   1.859097e-08   1.316195e-04   3.278323e-11   197136
  9.668363e+00   1.847379e-08   0.000000e+00   3.244674e-11   199358
  9.690090e+00   1.839948e-08   2.902651e-02   3.216744e-11   203532
  9.712053e+00   1.845422e-08   0.000000e+00   3.247697e-11   201438
  9.733809e+00   1.822343e-08   0.000000e+00   3.177840e-11   203664
  9.755552e+00   1.821082e-08   2.894745e-02   3.147813e-11   203972
  9.777344e+00   1.811664e-08   2.309694e-02   3.156572e-11   205974
  9.799226e+00   1.814441e-08   0.000000e+00   3.158339e-11   205752
  9.821136e+00   1.805547e-08   0.000000e+00   3.130711e-11   207810
  9.842688e+00   1.803909e-08   3.774321e-02   3.137128e-11   206384
  9.864674e+00   1.795412e-08   0.000000e+00   3.079507e-11   210966
  9.886544e+00   1.790537e-08   0.000000e+00   3.085435e-11   210516
  9.908378e+00   1.798345e-08   0.000000e+00   3.082295e-11   209766
  9.930073e+00   1.776704e-08   4.247083e-02   3.044198e-11   212376
  9.951938e+00   1.783745e-08   0.000000e+00   3.047935e-11   212960
  9.973922e+00   1.763083e-08   0.000000e+00   3.016565e-11   214626
  9.995605e+00   1.772007e-08   3.165348e-02   3.039742e-11   213696
  1.001740e+01   1.760417e-08   3.103150e-02   3.005468e-11   215734
  1.003914e+01   1.752569e-08   0.000000e+00   3.007398e-11   213220
  1.006089e+01   1.753570e-08   0.000000e+00   2.969908e-11   219102
  1.008277e+01   1.740554e-08   3.572948e-02   2.951396e-11   220872
  1.010454e+01   1.743730e-08   5.245768e-02   2.971334e-11   216556
  1.012632e+01   1.731264e-08   4.075138e-02   2.928744e-11   221494
  1.014806e+01   1.727648e-08   4.452120e-02   2.938348e-11   219096
  1.016992e+01   1.727578e-08   3.255792e-02   2.906751e-11   224262
  1.019187e+01   1.720448e-08   0.000000e+00   2.913659e-11   222508
  1.021367e+01   1.721759e-08   0.000000e+00   2.890226e-11   222502
  1.023530e+01   1.709981e-08   4.205832e-02   2.864698e-11   227280
  1.025720e+01   1.716352e-08   2.022214e-02   2.880508e-11   223644
  1.027897e+01   1.699656e-08   0.000000e+00   2.854916e-11   226222
  1.030076e+01   1.694837e-08   0.000000e+00   2.821343e-11   229840
  1.032262e+01   1.695330e-08   2.731740e-02   2.832241e-11   228042
  1.034426e+01   1.691673e-08   0.000000e+00   2.829817e-11   227472
  1.036604e+01   1.682757e-08   0.000000e+00   2.783574e-11   230990
  1.038788e+01   1.674911e-08   6.099499e-03   2.781581e-11   233532
  1.040967e+01   1.684658e-08   3.089629e-02   2.790615e-11   231288
  1.043156e+01   1.665937e-08   0.000000e+00   2.774102e-11   233718
  1.045320e+01   1.663916e-08   0.000000e+00   2.749293e-11   232704
  1.047504e+01   1.661358e-08   3.283042e-02   2.726405e-11   239282
  1.049693e+01   1.654682e-08   3.950946e-02   2.741563e-11   234912
  1.051883e+01   1.654248e-08   0.000000e+00   2.707675e-11   238278
  1.054045e+01   1.645103e-08   3.896640e-02   2.697102e-11   237460
  1.056208e+01   1.651352e-08   2.815870e-02   2.712981e-11   236662
  1.058413e+01   1.633649e-08   0.000000e+00   2.645803e-11   246336
  1.060617e+01   1.635400e-08   0.000000e+00   2.656921e-11   241092
  1.062785e+01   1.623641e-08   3.631826e-02   2.657957e-11   242414
  1.064968e+01   1.628903e-08   1.450879e-02   2.646659e-11   243552
  1.067155e+01   1.622918e-08   0.000000e+00   2.626365e-11   243474
  1.069315e+01   1.621708e-08   2.604402e-02   2.635790e-11   245112
  1.071503e+01   1.615997e-08   2.764515e-02   2.599639e-11   246894
  1.073679e+01   1.610415e-08   2.120375e-02   2.619917e-11   247448
  1.075869e+01   1.613069e-08   0.000000e+00   2.609969e-11   247404
  1.078033e+01   1.601058e-08   4.164393e-02   2.592139e-11   249990
  1.080204e+01   1.600165e-08   3.944668e-02   2.575238e-11   249512
  1.082408e+01   1.592598e-08   0.000000e+00   2.549422e-11   253890
  1.084585e+01   1.590485e-08   0.000000e+00   2.557282e-11   250728
  1.086748e+01   1.588012e-08   5.047077e-02   2.534901e-11   253950
  1.088937e+01   1.580142e-08   0.000000e+00   2.536065e-11   254140
  1.091120e+01   1.582221e-08   0.000000e+00   2.516650e-11   255880
  1.093305e+01   1.568031e-08   3.180304e-02   2.484036e-11   258942
  1.095468e+01   1.570865e-08   4.826571e-02   2.507418e-11   253836
  1.097659e+01   1.564920e-08   0.000000e+00   2.466224e-11   260534
  1.099847e+01   1.562424e-08   0.000000e+00   2.474663e-11   259992
  1.102007e+01   1.562685e-08   4.913432e-02   2.475827e-11   258894
  1.104191e+01   1.553546e-08   3.938711e-02   2.461115e-11   263364
  1.106377e+01   1.557403e-08   0.000000e+00   2.463174e-11   259536
  1.108531e+01   1.541520e-08   2.175799e-02   2.423655e-11   263438
  1.110709e+01   1.546022e-08   4.410013e-02   2.417527e-11   265740
  1.112900e+01   1.538285e-08   0.000000e+00   2.412028e-11   264894
  1.115086e+01   1.536174e-08   0.000000e+00   2.396769e-11   269184
  1.117261e+01   1.538210e-08   4.285585e-02   2.414913e-11   266138
  1.119435e+01   1.530755e-08   2.978403e-02   2.395860e-11   270528
  1.121630e+01   1.529849e-08   0.000000e+00   2.392361e-11   268182
  1.123797e+01   1.521044e-08   0.000000e+00   2.364502e-11   270960
  1.125969e+01   1.525861e-08   5.153112e-02   2.343337e-11   274580
  1.128190e+01   1.509507e-08   0.000000e+00   2.338615e-11   276078
  1.130373e+01   1.515082e-08   0.000000e+00   2.350111e-11   273600
  1.132542e+01   1.512384e-08   4.269173e-02   2.340441e-11   274698
  1.134718e+01   1.504401e-08   4.607632e-02   2.317935e-11   276920
  1.136911e+01   1.511338e-08   0.000000e+00   2.318495e-11   276774
  1.139092e+01   1.491886e-08   0.000000e+00   2.293587e-11   279972
  1.141249e+01   1.494549e-08   3.695848e-02   2.297763e-11   276144
  1.143436e+01   1.493473e-08   1.704563e-02   2.276115e-11   282590
  1.145626e+01   1.494397e-08   0.000000e+00   2.277187e-11   282300
  1.147807e+01   1.488467e-08   0.000000e+00   2.267968e-11   283926
  1.149965e+01   1.488034e-08   4.980414e-02   2.291221e-11   279792
  1.152162e+01   1.484222e-08   0.000000e+00   2.242225e-11   287870
  1.154355e+01   1.477697e-08   0.000000e+00   2.259546e-11   286428
  1.156511e+01   1.483682e-08   4.820014e-02   2.248764e-11   284808
  1.158693e+01   1.468205e-08   1.692810e-02   2.228394e-11   289158
  1.160888e+01   1.472599e-08   0.000000e+00   2.208467e-11   290204
  1.163065e+01   1.470300e-08   1.036859e-03   2.217045e-11   290382
  1.165236e+01   1.463103e-08   3.318102e-02   2.200692e-11   291912
  1.167428e+01   1.468500e-08   0.000000e+00   2.212584e-11   290754
  1.169598e+01   1.457585e-08   1.711608e-02   2.190088e-11   296096
  1.171789e+01   1.457108e-08   2.703716e-02   2.188163e-11   294552
  1.173957e+01   1.457492e-08   4.939576e-02   2.197773e-11   293466
  1.176133e+01   1.448355e-08   0.000000e+00   2.174293e-11   296904
  1.178320e+01   1.452439e-08   0.000000e+00   2.174319e-11   298358
  1.180476e+01   1.453219e-08   4.825300e-02   2.177182e-11   297840
  1.182670e+01   1.451188e-08   1.894874e-02   2.152154e-11   301338
  1.184859e+01   1.441227e-08   0.000000e+00   2.151852e-11   300336
  1.187017e+01   1.440884e-08   5.188642e-02   2.123634e-11   303584
  1.189209e+01   1.438923e-08   4.278683e-02   2.133088e-11   304098
  1.191404e+01   1.441701e-08   0.000000e+00   2.118615e-11   304488
  1.193572e+01   1.426419e-08   4.670508e-02   2.105530e-11   306678
  1.195759e+01   1.438064e-08   0.000000e+00   2.122289e-11   305732
  1.197939e+01   1.433661e-08   1.642065e-02   2.108646e-11   309894
  1.200127e+01   1.424637e-08   2.476435e-02   2.097242e-11   310200
  1.202306e+01   1.432056e-08   0.000000e+00   2.096147e-11   307074
  1.204475e+01   1.423105e-08   4.911424e-02   2.077185e-11   315656
  1.206675e+01   1.423868e-08   0.000000e+00   2.080966e-11   310704
  1.208864e+01   1.417404e-08   0.000000e+00   2.077563e-11   314310
  1.211007e+01   1.414866e-08   5.809999e-02   2.074981e-11   312412
  1.213206e+01   1.413394e-08   0.000000e+00   2.035691e-11   318310
  1.215396e+01   1.415503e-08   0.000000e+00   2.071475e-11   315648
  1.217559e+01   1.416760e-08   4.484319e-02   2.043984e-11   320610
  1.219736e+01   1.406251e-08   0.000000e+00   2.062571e-11   313944
  1.221918e+01   1.409181e-08   0.000000e+00   2.023080e-11   325880
  1.224102e+01   1.400365e-08   4.655831e-02   2.033900e-11   319146
  1.226284e+01   1.407312e-08   0.000000e+00   2.032098e-11   322896
  1.228447e+01   1.403982e-08   5.094265e-02   2.044024e-11   322206
  1.230635e+01   1.410141e-08   0.000000e+00   2.022403e-11   327416
  1.232836e+01   1.400031e-08   0.000000e+00   2.011485e-11   325602
  1.234988e+01   1.394713e-08   6.160317e-02   2.012769e-11   328248
  1.237175e+01   1.404170e-08   0.000000e+00   2.013871e-11   326088
  1.239374e+01   1.394987e-08   0.000000e+00   2.002850e-11   331658
  1.241527e+01   1.400110e-08   5.599447e-02   1.994957e-11   331584
  1.243721e+01   1.388463e-08   2.650636e-02   1.992201e-11   330630
  1.245909e+01   1.397153e-08   0.000000e+00   1.995657e-11   333204
  1.248059e+01   1.393506e-08   6.381711e-02   1.984931e-11   333470
  1.250263e+01   1.388109e-08   0.000000e+00   1.980454e-11   335688
  1.252430e+01   1.392088e-08   2.210715e-02   1.980115e-11   336828
  1.254606e+01   1.387826e-08   2.892271e-02   1.980595e-11   337662
  1.256803e+01   1.395186e-08   0.000000e+00   1.974133e-11   338960
  1.258948e+01   1.386655e-08   5.821031e-02   1.970878e-11   338262
  1.261140e+01   1.380226e-08   4.896600e-02   1.953152e-11   344388
  1.263351e+01   1.384199e-08   0.000000e+00   1.957356e-11   342486
  1.265489e+01   1.380924e-08   7.346594e-02   1.956723e-11   343592
  1.267698e+01   1.386480e-08   8.428049e-03   1.938313e-11   347130
  1.269897e+01   1.376308e-08   0.000000e+00   1.948161e-11   346152
  1.272042e+01   1.388903e-08   6.973093e-02   1.956170e-11   345856
  1.274247e+01   1.380689e-08   0.000000e+00   1.944804e-11   349354
  1.276432e+01   1.380481e-08   0.000000e+00   1.927089e-11   352032
  1.278598e+01   1.381752e-08   5.852947e-02   1.952043e-11   348582
  1.280799e+01   1.379504e-08   0.000000e+00   1.938654e-11   352244
  1.282940e+01   1.375795e-08   7.103832e-02   1.920369e-11   351582
  1.285138e+01   1.375157e-08   1.365218e-02   1.916026e-11   357144
  1.287343e+01   1.383553e-08   0.000000e+00   1.924548e-11   355560
  1.289490e+01   1.374007e-08   6.714239e-02   1.909609e-11   354551
  1.291686e+01   1.387911e-08   9.599076e-03   1.912079e-11   358044
  1.293889e+01   1.390204e-08   0.000000e+00   1.910143e-11   355272
  1.296027e+01   1.400117e-08   7.328104e-02   1.934557e-11   352044
  1.298217e+01   1.406115e-08   0.000000e+00   1.936357e-11   352344
  1.300406e+01   1.405498e-08   0.000000e+00   1.916189e-11   356516
  1.302571e+01   1.409663e-08   5.161592e-02   1.928013e-11   352848
  1.304788e+01   1.414416e-08   0.000000e+00   1.923638e-11   352980
  1.306938e+01   1.418079e-08   4.318418e-02   1.948035e-11   348948
  1.309114e+01   1.429049e-08   3.813416e-02   1.950507e-11   351692
  1.311332e+01   1.424978e-08   0.000000e+00   1.947650e-11   353064
  1.313473e+01   1.432072e-08   6.530860e-02   1.968008e-11   345624
  1.315651e+01   1.434793e-08   0.000000e+00   1.971208e-11   347844
  1.317855e+01   1.434471e-08   0.000000e+00   1.965726e-11   351020
  1.320006e+01   1.443498e-08   6.079360e-02   1.984751e-11   345852
  1.322197e+01   1.437716e-08   1.152815e-02   1.976279e-11   347040
  1.324391e+01   1.443953e-08   0.000000e+00   1.990887e-11   345928
  1.326541e+01   1.442763e-08   6.132564e-02   1.985696e-11   347020
  1.328744e+01   1.447122e-08   0.000000e+00   2.001192e-11   343032
  1.330916e+01   1.445718e-08   0.000000e+00   1.996782e-11   343620
  1.333077e+01   1.454645e-08   6.321769e-02   2.023355e-11   343988
  1.335297e+01   1.456631e-08   0.000000e+00   2.025086e-11   344556
  1.337456e+01   1.457147e-08   4.595192e-02   2.029251e-11   343632
  1.339652e+01   1.450317e-08   0.000000e+00   2.037551e-11   340392
  1.341843e+01   1.449705e-08   0.000000e+00   2.026600e-11   339408
  1.343985e+01   1.449238e-08   7.810180e-02   2.037663e-11   341864
  1.346198e+01   1.446927e-08   0.000000e+00   2.031919e-11   341964
  1.348388e+01   1.453507e-08   0.000000e+00   2.062191e-11   334380
  1.350511e+01   1.451551e-08   7.315556e-02   2.061586e-11   336504
  1.352722e+01   1.450265e-08   1.694116e-02   2.038430e-11   339560
  1.354911e+01   1.455726e-08   0.000000e+00   2.065801e-11   336384
  1.357073e+01   1.445567e-08   7.667407e-02   2.049458e-11   337404
  1.359278e+01   1.449748e-08   0.000000e+00   2.084047e-11   330156
  1.361426e+01   1.447058e-08   6.053072e-02   2.060419e-11   337808
  1.363627e+01   1.442357e-08   0.000000e+00   2.072983e-11   332748
  1.365825e+01   1.446689e-08   0.000000e+00   2.075080e-11   333612
  1.367971e+01   1.440737e-08   6.139353e-02   2.078057e-11   331860
  1.370160e+01   1.441145e-08   2.852580e-02   2.089096e-11   328376
  1.372347e+01   1.437163e-08   0.000000e+00   2.085278e-11   331140
  1.374506e+01   1.436884e-08   7.447153e-02   2.083484e-11   332988
  1.376698e+01   1.433607e-08   2.985579e-02   2.102986e-11   325224
  1.378896e+01   1.426454e-08   0.000000e+00   2.069052e-11   331544
  1.381053e+01   1.433876e-08   6.984314e-02   2.099440e-11   327264
  1.383243e+01   1.435901e-08   0.000000e+00   2.121225e-11   322308
  1.385413e+01   1.426893e-08   2.619843e-02   2.086467e-11   328136
  1.387574e+01   1.425747e-08   5.244580e-02   2.110225e-11   323172
  1.389784e+01   1.420403e-08   0.000000e+00   2.106151e-11   325248
  1.391940e+01   1.421150e-08   6.556492e-02   2.113341e-11   324096
  1.394125e+01   1.415896e-08   0.000000e+00   2.104396e-11   321540
  1.396332e+01   1.405482e-08   0.000000e+00   2.091361e-11   323744
  1.398466e+01   1.406322e-08   7.248226e-02   2.114226e-11   317400
  1.400658e+01   1.401978e-08   1.744772e-02   2.091104e-11   322560
  1.402868e+01   1.401246e-08   0.000000e+00   2.107648e-11   320076
  1.405010e+01   1.402503e-08   7.513636e-02   2.115617e-11   317204
  1.407233e+01   1.385510e-08   0.000000e+00   2.086051e-11   323064
  1.409422e+01   1.385250e-08   0.000000e+00   2.091337e-11   315204
  1.411559e+01   1.382767e-08   8.188167e-02   2.095478e-11   315416
  1.413789e+01   1.380515e-08   0.000000e+00   2.098255e-11   316884
  1.415938e+01   1.379236e-08   4.967431e-02   2.105025e-11   312876
  1.418117e+01   1.371636e-08   5.723614e-02   2.099826e-11   315540
  1.420336e+01   1.365822e-08   0.000000e+00   2.087407e-11   312576
  1.422468e+01   1.367043e-08   8.166006e-02   2.084374e-11   312140
  1.424671e+01   1.358856e-08   1.987555e-02   2.088004e-11   310356
  1.426873e+01   1.357103e-08   0.000000e+00   2.081566e-11   311232
  1.429004e+01   1.356107e-08   7.334283e-02   2.103125e-11   307584
  1.431210e+01   1.345399e-08   3.426104e-02   2.068240e-11   310616
  1.433397e+01   1.349895e-08   0.000000e+00   2.108932e-11   304200
  1.435530e+01   1.336282e-08   8.156750e-02   2.073411e-11   306792
  1.437754e+01   1.337938e-08   0.000000e+00   2.084809e-11   306168
  1.439909e+01   1.326914e-08   0.000000e+00   2.078135e-11   304448
  1.442096e+01   1.326883e-08   7.146347e-02   2.064186e-11   308580
  1.444312e+01   1.328959e-08   0.000000e+00   2.101470e-11   299568
  1.446443e+01   1.314682e-08   7.025450e-02   2.065170e-11   304416
  1.448654e+01   1.310660e-08   3.813664e-02   2.052443e-11   302216
  1.450851e+01   1.309593e-08   0.000000e+00   2.062387e-11   300084
  1.452993e+01   1.302479e-08   8.897200e-02   2.060532e-11   299340
  1.455185e+01   1.295983e-08   0.000000e+00   2.060029e-11   296688
  1.457379e+01   1.288293e-08   0.000000e+00   2.042262e-11   298820
  1.459520e+01   1.290182e-08   8.502410e-02   2.060453e-11   296916
  1.461734e+01   1.284869e-08   0.000000e+00   2.042665e-11   295920
  1.463901e+01   1.273969e-08   5.160804e-03   2.051842e-11   292692
  1.466050e+01   1.279482e-08   7.879115e-02   2.039208e-11   295892
  1.468285e+01   1.264574e-08   0.000000e+00   2.032741e-11   293064
  1.470434e+01   1.263678e-08   4.233597e-02   2.031289e-11   293220
  1.472606e+01   1.260255e-08   3.797760e-02   2.044110e-11   286804
  1.474808e+01   1.254374e-08   0.000000e+00   2.019911e-11   293080
  1.476965e+01   1.249293e-08   7.765380e-02   2.020832e-11   291816
  1.479176e+01   1.248139e-08   0.000000e+00   2.024401e-11   287784
  1.481365e+01   1.242435e-08   0.000000e+00   2.022371e-11   286760
  1.483504e+01   1.240881e-08   8.235530e-02   2.021765e-11   287088
  1.485710e+01   1.225315e-08   0.000000e+00   1.994085e-11   286176
  1.487907e+01   1.224450e-08   0.000000e+00   2.001335e-11   284184
  1.490041e+01   1.223111e-08   7.269073e-02   2.012937e-11   282220
  1.492267e+01   1.210697e-08   0.000000e+00   1.975368e-11   284452
  1.494426e+01   1.214741e-08   0.000000e+00   2.011377e-11   279516
  1.496590e+01   1.198529e-08   7.862203e-02   1.964913e-11   282696
  1.498820e+01   1.199171e-08   0.000000e+00   1.985374e-11   278676
  1.500952e+01   1.194342e-08   8.110671e-02   1.972130e-11   279512
  1.503149e+01   1.186115e-08   8.448738e-03   1.980348e-11   276672
  1.505351e+01   1.184289e-08   0.000000e+00   1.965814e-11   276036
  1.507474e+01   1.178351e-08   7.912607e-02   1.982516e-11   274416
  1.509680e+01   1.173498e-08   3.646807e-02   1.962275e-11   275384
  1.511885e+01   1.171674e-08   0.000000e+00   1.967694e-11   274560
  1.514026e+01   1.159590e-08   8.679536e-02   1.948641e-11   272220
  1.516243e+01   1.158292e-08   0.000000e+00   1.954346e-11   270492
  1.518412e+01   1.153533e-08   0.000000e+00   1.927463e-11   271532
  1.520585e+01   1.146516e-08   5.274167e-02   1.924392e-11   272052
  1.522791e+01   1.147867e-08   0.000000e+00   1.959572e-11   264372
  1.524925e+01   1.132413e-08   4.736758e-02   1.916286e-11   268652
  1.527124e+01   1.132674e-08   5.452074e-02   1.921345e-11   266760
  1.529315e+01   1.130595e-08   0.000000e+00   1.925018e-11   262536
  1.531460e+01   1.119569e-08   8.635946e-02   1.909735e-11   266460
  1.533659e+01   1.119029e-08   0.000000e+00   1.920672e-11   261560
  1.535847e+01   1.108697e-08   0.000000e+00   1.909290e-11   262236
  1.538001e+01   1.114055e-08   7.749449e-02   1.921406e-11   261708
  1.540197e+01   1.107878e-08   0.000000e+00   1.907812e-11   258960
  1.542387e+01   1.097260e-08   0.000000e+00   1.891796e-11   258376
  1.544529e+01   1.092522e-08   7.350234e-02   1.881927e-11   258304
  1.546762e+01   1.090555e-08   0.000000e+00   1.874247e-11   259368
  1.548920e+01   1.083051e-08   3.614555e-02   1.882854e-11   253332
  1.551081e+01   1.085131e-08   7.689709e-02   1.883257e-11   254448
  1.553306e+01   1.073486e-08   0.000000e+00   1.864966e-11   255248
  1.555453e+01   1.069003e-08   8.000410e-02   1.870567e-11   252180
  1.557654e+01   1.072231e-08   3.150094e-02   1.870376e-11   252744
  1.559851e+01   1.059051e-08   0.000000e+00   1.883829e-11   247348
  1.561982e+01   1.060537e-08   9.638302e-02   1.855837e-11   250432
  1.564189e+01   1.053064e-08   0.000000e+00   1.871380e-11   247860
  1.566393e+01   1.043231e-08   0.000000e+00   1.839030e-11   247716
  1.568525e+01   1.047319e-08   8.066474e-02   1.854465e-11   242472
  1.570747e+01   1.038528e-08   0.000000e+00   1.843709e-11   248672
  1.572913e+01   1.035404e-08   3.496425e-02   1.857543e-11   239352
  1.575066e+01   1.027838e-08   6.486829e-02   1.826517e-11   245088
  1.577292e+01   1.019219e-08   0.000000e+00   1.838219e-11   239232
  1.579423e+01   1.029113e-08   8.624894e-02   1.847695e-11   240320
  1.581633e+01   1.012655e-08   0.000000e+00   1.819611e-11   239340
  1.583838e+01   1.013992e-08   0.000000e+00   1.816042e-11   237636
  1.585962e+01   1.008066e-08   8.217786e-02   1.821388e-11   235980
  1.588167e+01   9.957341e-09   2.199876e-03   1.799784e-11   235304
  1.590367e+01   1.003044e-08   0.000000e+00   1.807126e-11   234576
  1.592505e+01   9.929009e-09   7.605615e-02   1.816950e-11   232788
  1.594710e+01   9.908311e-09   0.000000e+00   1.814139e-11   230400
  1.596887e+01   9.920512e-09   0.000000e+00   1.800541e-11   231836
  1.599050e+01   9.791600e-09   8.187953e-02   1.790437e-11   231288
  1.601279e+01   9.826474e-09   0.000000e+00   1.817841e-11   226536
  1.603413e+01   9.690795e-09   6.401600e-02   1.787012e-11   226084
  1.605589e+01   9.676449e-09   5.464616e-02   1.781961e-11   227116
  1.607810e+01   9.723644e-09   0.000000e+00   1.804192e-11   223800
  1.609944e+01   9.606731e-09   8.755702e-02   1.787087e-11   223884
  1.612142e+01   9.563086e-09   0.000000e+00   1.779809e-11   222360
  1.614344e+01   9.573841e-09   0.000000e+00   1.790083e-11   221156
  1.616493e+01   9.532272e-09   9.721850e-02   1.786900e-11   221724
  1.618705e+01   9.554267e-09   0.000000e+00   1.783028e-11   217584
  1.620888e+01   9.413285e-09   0.000000e+00   1.771939e-11   217576
  1.623027e+01   9.405459e-09   1.005033e-01   1.780799e-11   215464
  1.625248e+01   9.363839e-09   0.000000e+00   1.771988e-11   215472
  1.627412e+01   9.283478e-09   2.774783e-02   1.776032e-11   213768
  1.629568e+01   9.334356e-09   8.716778e-02   1.762875e-11   210956
  1.631780e+01   9.172242e-09   0.000000e+00   1.745490e-11   211788
  1.633941e+01   9.213599e-09   4.828378e-02   1.758027e-11   211092
  1.636135e+01   9.196575e-09   3.355050e-02   1.758089e-11   209556
  1.638344e+01   9.112444e-09   0.000000e+00   1.763129e-11   206700
  1.640470e+01   9.100325e-09   8.245567e-02   1.740375e-11   206048
  1.642671e+01   9.072361e-09   0.000000e+00   1.755269e-11   204744
  1.644867e+01   9.049939e-09   0.000000e+00   1.761974e-11   202992
  1.646991e+01   9.016601e-09   9.165429e-02   1.751484e-11   201944
  1.649225e+01   8.946070e-09   0.000000e+00   1.735177e-11   203304
  1.651413e+01   8.972100e-09   0.000000e+00   1.748171e-11   200484
  1.653543e+01   8.882316e-09   9.738970e-02   1.757372e-11   195516
  1.655776e+01   8.831539e-09   0.000000e+00   1.729865e-11   198860
  1.657917e+01   8.924918e-09   4.351549e-02   1.752433e-11   195264
  1.660100e+01   8.734827e-09   6.376535e-02   1.720545e-11   195984
  1.662318e+01   8.797405e-09   0.000000e+00   1.749110e-11   191808
  1.664430e+01   8.777095e-09   7.475673e-02   1.749707e-11   190776
  1.666627e+01   8.660865e-09   1.986672e-02   1.735445e-11   192032
  1.668840e+01   8.728184e-09   0.000000e+00   1.758550e-11   188628
  1.670967e+01   8.599787e-09   1.034965e-01   1.720037e-11   189444
  1.673189e+01   8.617413e-09   0.000000e+00   1.737142e-11   186260
  1.675359e+01   8.643450e-09   0.000000e+00   1.749742e-11   184560
  1.677509e+01   8.521730e-09   9.380697e-02   1.719115e-11   185832
  1.679750e+01   8.608221e-09   0.000000e+00   1.733696e-11   182400
  1.681894e+01   8.477492e-09   4.386418e-02   1.737170e-11   181380
  1.684059e+01   8.446282e-09   7.915416e-02   1.717865e-11   180332
  1.686285e+01   8.525030e-09   0.000000e+00   1.729554e-11   178236
  1.688431e+01   8.409407e-09   5.633973e-02   1.730050e-11   179184
  1.690617e+01   8.448426e-09   7.226902e-02   1.744952e-11   175028
  1.692824e+01   8.375305e-09   0.000000e+00   1.724854e-11   175440
  1.694979e+01   8.354689e-09   7.697806e-02   1.741013e-11   174828
  1.697177e+01   8.381037e-09   0.000000e+00   1.739620e-11   169896
  1.699353e+01   8.281923e-09   0.000000e+00   1.735674e-11   171708
  1.701506e+01   8.286214e-09   9.951451e-02   1.738909e-11   169328
  1.703716e+01   8.265681e-09   0.000000e+00   1.737582e-11   167364
  1.705895e+01   8.213376e-09   3.640138e-02   1.727448e-11   168192
  1.708047e+01   8.248599e-09   8.966655e-02   1.744235e-11   163188
  1.710279e+01   8.149076e-09   0.000000e+00   1.719774e-11   166184
  1.712441e+01   8.171495e-09   4.524024e-02   1.736771e-11   161460
  1.714597e+01   8.171620e-09   8.229525e-02   1.744627e-11   159972
  1.716806e+01   8.058961e-09   0.000000e+00   1.739215e-11   159488
  1.718948e+01   8.105276e-09   7.718042e-02   1.747513e-11   158148
  1.721156e+01   8.058756e-09   0.000000e+00   1.710457e-11   158100
  1.723362e+01   8.073683e-09   0.000000e+00   1.747070e-11   155232
  1.725473e+01   8.125992e-09   8.881878e-02   1.761185e-11   151216
  1.727695e+01   7.911948e-09   0.000000e+00   1.715155e-11   155560
  1.729900e+01   8.069767e-09   0.000000e+00   1.751883e-11   151404
  1.732026e+01   8.002509e-09   1.055759e-01   1.759951e-11   148356
  1.734251e+01   7.972331e-09   0.000000e+00   1.755740e-11   147164
  1.736400e+01   8.036037e-09   2.782975e-02   1.744919e-11   147384
  1.738570e+01   7.869319e-09   7.183397e-02   1.758676e-11   145992
  1.740808e+01   7.940176e-09   0.000000e+00   1.758549e-11   143856
  1.742915e+01   7.939778e-09   7.009257e-02   1.765191e-11   140384
  1.745120e+01   7.803163e-09   3.621946e-02   1.744466e-11   143856
  1.747335e+01   7.903781e-09   0.000000e+00   1.771070e-11   136968
  1.749450e+01   7.828875e-09   9.740153e-02   1.759386e-11   139536
  1.751682e+01   7.842892e-09   0.000000e+00   1.777397e-11   136916
  1.753849e+01   7.891479e-09   0.000000e+00   1.775022e-11   133032
  1.755989e+01   7.702151e-09   9.902175e-02   1.757963e-11   135540
  1.758238e+01   7.805708e-09   0.000000e+00   1.758895e-11   132096
  1.760380e+01   7.779239e-09   0.000000e+00   1.776212e-11   129540
  1.762542e+01   7.719895e-09   9.564114e-02   1.791129e-11   130640
  1.764770e+01   7.894518e-09   0.000000e+00   1.781208e-11   126276
  1.766917e+01   7.640817e-09   5.727513e-02   1.770855e-11   128484
  1.769130e+01   7.727613e-09   1.808597e-02   1.800436e-11   124168
  1.771313e+01   7.752752e-09   0.000000e+00   1.792352e-11   122224
  1.773462e+01   7.629358e-09   8.576433e-02   1.787480e-11   123156
  1.775674e+01   7.769072e-09   0.000000e+00   1.802521e-11   119688
  1.777834e+01   7.678771e-09   0.000000e+00   1.830369e-11   116640
  1.779986e+01   7.658816e-09   1.004416e-01   1.803965e-11   119696
  1.782206e+01   7.810772e-09   0.000000e+00   1.839369e-11   114276
  1.784378e+01   7.560963e-09   0.000000e+00   1.830706e-11   114060
  1.786530e+01   7.686319e-09   9.466109e-02   1.837221e-11   112536
  1.788755e+01   7.615930e-09   0.000000e+00   1.815394e-11   112196
  1.790929e+01   7.555110e-09   4.155859e-02   1.825500e-11   109404
  1.793083e+01   7.750017e-09   5.281189e-02   1.855142e-11   105900
  1.795273e+01   7.580709e-09   0.000000e+00   1.852759e-11   107176
  1.797433e+01   7.568531e-09   7.055624e-02   1.838626e-11   105088
  1.799631e+01   7.649730e-09   2.927729e-02   1.870765e-11   103800
  1.801836e+01   7.650690e-09   0.000000e+00   1.907942e-11   101340
  1.803974e+01   7.639512e-09   7.981612e-02   1.868000e-11   100036
  1.806162e+01   7.524210e-09   0.000000e+00   1.898343e-11   97672
  1.808359e+01   7.598311e-09   0.000000e+00   1.905230e-11   97908
  1.810511e+01   7.615127e-09   8.229835e-02   1.905951e-11   95328
  1.812715e+01   7.548189e-09   0.000000e+00   1.915319e-11   93600
  1.814886e+01   7.523191e-09   0.000000e+00   1.922960e-11   92312
  1.817055e+01   7.597186e-09   7.080489e-02   1.953873e-11   91044
  1.819265e+01   7.556618e-09   0.000000e+00   1.939885e-11   88500
  1.821391e+01   7.571415e-09   5.123021e-02   1.948326e-11   86216
  1.823584e+01   7.538004e-09   0.000000e+00   1.941575e-11   87159
  1.825818e+01   7.601209e-09   0.000000e+00   1.978453e-11   86064
  1.827963e+01   7.588205e-09   8.317268e-02   1.987003e-11   81648
  1.830140e+01   7.514954e-09   0.000000e+00   1.980924e-11   81654
  1.832346e+01   7.485492e-09   0.000000e+00   1.988907e-11   81284
  1.834510e+01   7.448651e-09   6.045211e-02   2.016547e-11   78888
  1.836689e+01   7.435548e-09   1.701549e-02   2.026166e-11   77250
  1.838853e+01   7.438766e-09   0.000000e+00   2.049605e-11   75942
  1.841019e+01   7.335628e-09   6.265631e-02   2.002717e-11   77042
  1.843244e+01   7.296783e-09   0.000000e+00   2.017389e-11   74094
  1.845417e+01   7.318771e-09   3.689999e-02   2.034551e-11   73818
  1.847592e+01   7.222856e-09   0.000000e+00   2.062691e-11   70998
  1.849776e+01   7.135281e-09   0.000000e+00   2.016554e-11   72044
  1.851953e+01   7.162387e-09   6.765671e-02   2.083089e-11   69426
  1.854147e+01   7.091973e-09   0.000000e+00   2.060362e-11   69288
  1.856323e+01   7.084471e-09   0.000000e+00   2.091729e-11   67068
  1.858472e+01   6.976465e-09   6.987877e-02   2.056089e-11   66926
  1.860673e+01   6.966500e-09   5.863878e-02   2.095861e-11   66348
  1.862883e+01   6.904502e-09   0.000000e+00   2.084821e-11   64728
  1.865032e+01   6.836994e-09   0.000000e+00   2.111559e-11   62820
  1.867209e+01   6.778055e-09   0.000000e+00   2.073309e-11   63716
  1.869413e+01   6.742513e-09   1.992833e-02   2.086809e-11   62160
  1.871588e+01   6.692283e-09   0.000000e+00   2.124074e-11   59940
  1.873745e+01   6.629138e-09   1.708947e-02   2.100151e-11   60112
  1.875922e+01   6.659543e-09   6.732842e-02   2.145969e-11   59668
  1.878132e+01   6.499883e-09   0.000000e+00   2.139772e-11   57618
  1.880285e+01   6.479965e-09   2.192375e-02   2.123947e-11   56868
  1.882443e+01   6.528717e-09   6.436858e-02   2.170068e-11   56684
  1.884634e+01   6.353482e-09   3.008316e-02   2.122856e-11   55536
  1.886828e+01   6.231169e-09   0.000000e+00   2.092237e-11   54342
  1.889011e+01   6.387180e-09   2.451088e-02   2.169835e-11   54768
  1.891171e+01   6.199817e-09   6.395824e-02   2.155992e-11   52094
  1.893352e+01   6.076197e-09   0.000000e+00   2.088224e-11   52224
  1.895564e+01   6.095725e-09   0.000000e+00   2.143093e-11   52188
  1.897730e+01   6.008510e-09   5.689975e-02   2.113405e-11   50190
  1.899884e+01   5.985918e-09   4.693185e-02   2.121563e-11   49224
  1.902080e+01   5.856045e-09   0.000000e+00   2.085311e-11   49094
  1.904284e+01   5.825886e-09   1.936605e-02   2.086245e-11   49488
  1.906465e+01   5.792416e-09   5.946788e-02   2.146183e-11   46830
  1.908616e+01   5.717168e-09   1.260826e-02   2.107649e-11   45860
  1.910805e+01   5.702619e-09   0.000000e+00   2.110004e-11   46770
  1.913001e+01   5.589588e-09   2.414942e-02   2.076134e-11   45468
  1.915178e+01   5.536057e-09   4.279751e-02   2.104798e-11   44130
  1.917346e+01   5.550706e-09   0.000000e+00   2.116933e-11   43230
  1.919529e+01   5.430400e-09   0.000000e+00   2.072201e-11   44108
  1.921728e+01   5.303029e-09   3.951956e-02   2.058344e-11   42162
  1.923902e+01   5.319643e-09   3.837179e-02   2.063470e-11   41358
  1.926058e+01   5.297163e-09   0.000000e+00   2.120126e-11   40456
  1.928240e+01   5.149325e-09   3.886063e-02   2.021855e-11   41230
  1.930457e+01   5.121148e-09   4.770820e-02   2.065698e-11   39906
  1.932642e+01   5.097077e-09   0.000000e+00   2.088983e-11   38508
  1.934787e+01   5.084110e-09   0.000000e+00   2.109763e-11   37854
  1.936953e+01   4.947278e-09   5.780337e-02   2.040739e-11   38162
  1.939171e+01   4.862737e-09   2.967008e-02   2.029614e-11   37212
  1.941360e+01   4.789552e-09   0.000000e+00   1.996818e-11   36450
  1.943494e+01   4.811118e-09   3.304584e-02   2.074780e-11   34718
  1.945658e+01   4.668880e-09   2.371724e-02   1.984821e-11   35814
  1.947878e+01   4.669360e-09   2.198509e-02   1.991042e-11   34896
  1.950069e+01   4.601766e-09   0.000000e+00   2.010061e-11   33822
  1.952197e+01   4.556342e-09   4.790547e-02   2.040452e-11   32522
  1.954384e+01   4.451528e-09   0.000000e+00   1.965453e-11   33630
  1.956603e+01   4.393717e-09   0.000000e+00   1.986378e-11   32166
  1.958760e+01   4.378039e-09   2.006459e-02   1.979081e-11   31200
  1.960897e+01   4.328606e-09   1.811056e-02   1.990300e-11   30598
  1.963083e+01   4.152683e-09   2.254205e-02   1.847070e-11   31138
  1.965318e+01   4.164740e-09   0.000000e+00   1.913352e-11   30510
  1.967494e+01   4.088652e-09   3.320336e-02   1.931989e-11   28998
  1.969630e+01   4.078799e-09   0.000000e+00   1.963071e-11   28290
  1.971813e+01   3.955501e-09   4.673213e-02   1.872671e-11   29126
  1.974049e+01   3.926023e-09   0.000000e+00   1.900380e-11   28008
  1.976227e+01   3.891983e-09   1.050059e-02   1.909450e-11   27222
  1.978381e+01   3.828874e-09   2.520131e-02   1.917120e-11   26426
  1.980561e+01   3.768812e-09   1.668896e-02   1.843137e-11   26694
  1.982768e+01   3.629338e-09   2.759368e-02   1.796265e-11   25734
  1.984956e+01   3.668332e-09   0.000000e+00   1.851269e-11   25458
  1.987103e+01   3.685188e-09   5.641563e-03   1.875544e-11   24198
  1.989294e+01   3.527290e-09   0.000000e+00   1.788263e-11   25034
  1.991510e+01   3.458736e-09   2.126353e-02   1.825540e-11   23718
  1.993673e+01   3.428775e-09   0.000000e+00   1.801497e-11   23094
  1.995801e+01   3.487002e-09   3.151183e-02   1.922102e-11   22416
  1.997992e+01   3.352345e-09   1.091530e-02   1.794475e-11   23078
  2.000241e+01   3.271466e-09   0.000000e+00   1.747947e-11   22386
  2.002419e+01   3.230756e-09   0.000000e+00   1.794412e-11   21126
  2.004528e+01   3.209566e-09   0.000000e+00   1.811024e-11   20366
  2.006701e+01   3.067552e-09   4.218259e-02   1.720659e-11   21354
  2.008955e+01   3.043725e-09   0.000000e+00   1.719754e-11   20478
  2.011130e+01   3.016134e-09   0.000000e+00   1.727913e-11   19458
  2.013239e+01   3.019224e-09   1.365397e-02   1.795549e-11   18758
  2.015414e+01   2.871241e-09   4.365895e-02   1.709522e-11   19566
  2.017666e+01   2.839652e-09   2.732730e-02   1.651698e-11   18858
  2.019850e+01   2.786090e-09   7.194131e-03   1.755003e-11   17790
  2.021954e+01   2.797929e-09   0.000000e+00   1.738136e-11   17114
  2.024133e+01   2.655436e-09   0.000000e+00   1.606718e-11   17982
  2.026381e+01   2.609702e-09   0.000000e+00   1.596257e-11   17190
  2.028572e+01   2.595517e-09   0.000000e+00   1.665610e-11   16458
  2.030674e+01   2.561702e-09   3.299822e-02   1.637971e-11   15494
  2.032848e+01   2.467933e-09   1.262348e-02   1.524920e-11   16374
  2.035111e+01   2.426473e-09   0.000000e+00   1.541879e-11   15858
  2.037304e+01   2.387366e-09   0.000000e+00   1.615417e-11   14862
  2.039397e+01   2.407001e-09   0.000000e+00   1.647392e-11   14082
  2.041582e+01   2.215322e-09   0.000000e+00   1.437731e-11   14990
  2.043850e+01   2.239645e-09   1.468076e-02   1.483305e-11   14358
  2.046035e+01   2.195437e-09   0.000000e+00   1.503163e-11   13386
  2.048107e+01   2.180845e-09   0.000000e+00   1.553566e-11   12678
  2.050294e+01   2.074640e-09   2.192620e-02   1.404719e-11   13700
  2.052576e+01   2.040000e-09   1.464330e-02   1.435462e-11   12942
  2.054768e+01   2.066223e-09   4.107014e-02   1.470553e-11   12198
  2.056816e+01   2.003741e-09   0.000000e+00   1.501584e-11   11106
  2.058987e+01   1.918736e-09   0.000000e+00   1.404930e-11   12494
  2.061278e+01   1.878579e-09   2.984655e-02   1.410759e-11   11610
  2.063486e+01   1.882199e-09   0.000000e+00   1.421943e-11   11094
  2.065534e+01   1.804088e-09   2.069618e-02   1.447813e-11   9902
  2.067697e+01   1.715880e-09   1.269126e-02   1.341817e-11   11226
  2.069989e+01   1.693755e-09   0.000000e+00   1.350162e-11   10326
  2.072199e+01   1.690987e-09   1.862805e-02   1.339424e-11   10074
  2.074264e+01   1.671577e-09   4.592249e-03   1.403733e-11   8766
  2.076409e+01   1.552316e-09   0.000000e+00   1.262990e-11   9950
  2.078694e+01   1.496496e-09   8.075790e-03   1.241146e-11   9252
  2.080904e+01   1.503310e-09   0.000000e+00   1.283001e-11   8886
  2.082967e+01   1.467312e-09   0.000000e+00   1.297843e-11   7850
  2.085131e+01   1.410688e-09   6.519572e-03   1.224986e-11   8886
  2.087421e+01   1.348032e-09   0.000000e+00   1.212199e-11   8142
  2.089606e+01   1.369951e-09   1.857415e-02   1.252685e-11   7746
  2.091645e+01   1.342187e-09   2.148853e-02   1.245701e-11   6926
  2.093851e+01   1.242713e-09   0.000000e+00   1.095232e-11   7974
  2.096149e+01   1.177641e-09   2.199468e-02   1.123427e-11   7074
  2.098308e+01   1.185649e-09   0.000000e+00   1.170376e-11   6744
  2.100337e+01   1.215041e-09   2.172225e-02   1.242341e-11   6114
  2.102580e+01   1.065906e-09   0.000000e+00   9.901269e-12   7094
  2.104919e+01   1.018710e-09   0.000000e+00   1.032063e-11   6174
  2.107051e+01   1.035196e-09   1.782486e-03   1.054773e-11   5754
  2.109025e+01   1.101586e-09   0.000000e+00   1.224675e-11   5214
  2.111298e+01   9.118578e-10   0.000000e+00   8.925898e-12   6338
  2.113700e+01   9.203445e-10   7.035985e-03   1.049662e-11   5352
  2.115807e+01   9.207700e-10   0.000000e+00   1.063731e-11   4830
  2.117690e+01   9.337433e-10   3.096268e-03   1.148440e-11   4338
  2.119976e+01   8.122504e-10   0.000000e+00   8.493615e-12   5558
  2.122480e+01   7.857538e-10   1.488967e-02   8.865722e-12   4866
  2.124631e+01   7.656811e-10   2.599595e-02   9.773771e-12   3846
  2.126342e+01   7.990473e-10   0.000000e+00   1.010894e-11   3518
  2.128637e+01   6.886128e-10   2.228437e-02   7.760573e-12   4812
  2.131215e+01   6.772574e-10   1.198261e-02   8.399748e-12   4278
  2.133449e+01   6.443251e-10   2.131553e-02   9.016064e-12   3174
  2.134996e+01   7.310711e-10   0.000000e+00   1.022430e-11   2738
  2.137283e+01   5.944538e-10   1.194098e-02   7.023849e-12   4086
  2.139914e+01   5.552490e-10   0.000000e+00   7.098721e-12   3666
  2.142254e+01   5.384970e-10   1.520292e-02   8.058608e-12   2712
  2.143650e+01   6.060442e-10   1.040532e-02   1.002435e-11   1998
  2.145925e+01   5.072177e-10   7.558843e-03   6.812163e-12   3434
  2.148610e+01   4.712628e-10   0.000000e+00   6.705081e-12   3078
  2.151062e+01   4.469798e-10   1.065801e-02   7.430554e-12   2334
  2.152310e+01   5.521611e-10   0.000000e+00   1.164003e-11   1340
  2.154564e+01   4.032655e-10   0.000000e+00   5.593819e-12   2838
  2.157313e+01   3.699023e-10   0.000000e+00   5.674625e-12   2538
  2.159880e+01   3.614767e-10   8.995566e-03   6.094672e-12   1974
  2.160907e+01   4.314261e-10   1.359459e-02   1.186145e-11   774
  2.163172e+01   3.411410e-10   6.446757e-03   5.408918e-12   2300
  2.165989e+01   2.999099e-10   1.542846e-02   5.181822e-12   2046
  2.168672e+01   2.665959e-10   7.894162e-03   4.943757e-12   1626
  2.169506e+01   3.908597e-10   8.132370e-03   1.409230e-11   390
  2.171763e+01   2.714936e-10   8.254315e-03   4.828065e-12   1766
  2.174626e+01   2.426457e-10   0.000000e+00   4.767839e-12   1596
  2.177421e+01   1.999067e-10   0.000000e+00   4.265790e-12   1302
  2.178107e+01   2.992925e-10   0.000000e+00   1.942165e-11   150
  2.180369e+01   1.939966e-10   2.779674e-03   4.221528e-12   1298
  2.183241e+01   1.798528e-10   0.000000e+00   4.470681e-12   1158
  2.186098e+01   1.558076e-10   4.619603e-03   3.896766e-12   996
  2.187147e+01   2.616223e-10   1.131615e-02   2.792134e-11   38
  2.188994e+01   1.362681e-10   0.000000e+00   3.617786e-12   894
  2.191871e+01   1.169754e-10   1.020716e-02   3.026145e-12   786
  2.194751e+01   1.043995e-10   0.000000e+00   2.943143e-12   678
  2.197491e+01   4.974459e-11   0.000000e+00   4.614872e-12   8
  2.197635e+01   9.089533e-11   9.262839e-03   2.671524e-12   570
  2.200518e+01   7.877205e-11   9.940631e-03   3.089403e-12   486
  2.203405e+01   6.044084e-11   0.000000e+00   2.579415e-12   402
  2.206211e+01   3.028417e-11   0.000000e+00   1.841468e-12   8
  2.206295e+01   5.326234e-11   1.148833e-02   2.595089e-12   318
  2.209183e+01   4.257749e-11   0.000000e+00   2.210485e-12   258
  2.212076e+01   3.191112e-11   0.000000e+00   1.634831e-12   198
  2.214931e+01   1.794839e-11   0.000000e+00   4.887590e-12   8
  2.214972e+01   2.218081e-11   0.000000e+00   1.544647e-12   138
  2.217866e+01   1.724384e-11   3.770745e-03   1.147248e-12   102
  2.220764e+01   1.180939e-11   6.867792e-03   1.277684e-12   66
  2.223664e+01   8.133193e-12   0.000000e+00   8.984058e-13   38
  2.226566e+01   4.027426e-12   0.000000e+00   8.664436e-13   18
  2.229469e+01   1.405026e-12   0.000000e+00   4.113247e-13   6
