# power spectrum of theta (div v)
# redshift z=1.305200
# k              Pk             sigma(k)       sigma(Pk)      count
  5.034611e-02   4.136896e-10   1.649661e-05   1.499962e-10   6
  7.120015e-02   2.132436e-09   0.000000e+00   4.869795e-10   12
  9.298354e-02   2.234885e-09   6.675868e-03   4.250584e-10   14
  1.179498e-01   3.473141e-09   5.372206e-03   3.859213e-10   48
  1.485703e-01   4.456937e-09   3.902364e-03   4.942700e-10   42
  1.630938e-01   4.135218e-09   3.885028e-03   5.505284e-10   48
  1.849248e-01   6.099338e-09   4.657527e-03   6.473917e-10   80
  2.095764e-01   8.152503e-09   3.616184e-03   6.894035e-10   90
  2.284365e-01   6.876774e-09   5.678407e-03   7.028553e-10   120
  2.552299e-01   9.601091e-09   4.772066e-03   6.571502e-10   158
  2.729761e-01   1.002376e-08   2.264649e-03   1.028423e-09   120
  2.943566e-01   1.073024e-08   5.061767e-03   7.247217e-10   186
  3.179794e-01   1.191248e-08   6.922087e-03   7.381870e-10   264
  3.371748e-01   1.448848e-08   3.737021e-03   1.061806e-09   168
  3.616666e-01   1.427779e-08   6.678935e-03   7.457961e-10   386
  3.821617e-01   1.190323e-08   4.041476e-03   7.908174e-10   192
  4.023269e-01   1.637500e-08   6.626239e-03   7.821732e-10   390
  4.249813e-01   1.401338e-08   6.937664e-03   7.297082e-10   396
  4.462644e-01   1.731914e-08   6.882941e-03   8.672975e-10   398
  4.696612e-01   1.650727e-08   6.746443e-03   6.458654e-10   576
  4.926857e-01   1.775975e-08   6.844329e-03   8.486517e-10   444
  5.128251e-01   2.131683e-08   6.175253e-03   8.389558e-10   590
  5.357574e-01   1.934774e-08   6.762370e-03   7.447817e-10   648
  5.581250e-01   2.027179e-08   5.984853e-03   8.424119e-10   654
  5.779979e-01   2.143774e-08   4.964212e-03   7.895370e-10   636
  6.002125e-01   2.161373e-08   7.442619e-03   7.518825e-10   830
  6.210565e-01   2.213110e-08   5.357348e-03   7.459176e-10   792
  6.423697e-01   2.364611e-08   5.509935e-03   8.844205e-10   804
  6.641974e-01   2.390457e-08   6.800522e-03   8.128950e-10   1038
  6.853297e-01   2.408373e-08   5.326721e-03   7.544998e-10   936
  7.082344e-01   2.381813e-08   6.224155e-03   6.962818e-10   1130
  7.289948e-01   2.512924e-08   5.780067e-03   7.489207e-10   1104
  7.517839e-01   2.626190e-08   6.426420e-03   7.676933e-10   1230
  7.726234e-01   2.746770e-08   6.530794e-03   7.688431e-10   1260
  7.937952e-01   2.735616e-08   5.649419e-03   7.638770e-10   1286
  8.177406e-01   2.668919e-08   6.847285e-03   6.344387e-10   1728
  8.404302e-01   2.825749e-08   6.057382e-03   7.759302e-10   1392
  8.619952e-01   2.918680e-08   5.759775e-03   7.405553e-10   1626
  8.840987e-01   2.803992e-08   6.796772e-03   6.576335e-10   1760
  9.062925e-01   2.889831e-08   5.620745e-03   6.886798e-10   1686
  9.272150e-01   2.792465e-08   5.717340e-03   6.320282e-10   1812
  9.486081e-01   2.937484e-08   6.584341e-03   6.805507e-10   1862
  9.704713e-01   2.929202e-08   5.858890e-03   6.044278e-10   2160
  9.924688e-01   3.081492e-08   5.999953e-03   7.611442e-10   1956
  1.014601e+00   2.991440e-08   6.734120e-03   5.805518e-10   2454
  1.036199e+00   3.256769e-08   5.252456e-03   7.089501e-10   2048
  1.057875e+00   3.163323e-08   6.837107e-03   6.294627e-10   2538
  1.079272e+00   3.213978e-08   5.730031e-03   6.401807e-10   2400
  1.100898e+00   3.322995e-08   6.826964e-03   6.669008e-10   2526
  1.122475e+00   3.149661e-08   6.758341e-03   6.037672e-10   2856
  1.144982e+00   3.264953e-08   6.348590e-03   6.223818e-10   2804
  1.167211e+00   3.283010e-08   6.591905e-03   5.991055e-10   2958
  1.188366e+00   3.435276e-08   6.393824e-03   6.061668e-10   2976
  1.210691e+00   3.291215e-08   6.397896e-03   5.893189e-10   3194
  1.231592e+00   3.457003e-08   6.362345e-03   6.093211e-10   3120
  1.254232e+00   3.355707e-08   6.416195e-03   5.650471e-10   3606
  1.275838e+00   3.384343e-08   5.916416e-03   6.008244e-10   3276
  1.296888e+00   3.292045e-08   6.657411e-03   5.631274e-10   3600
  1.318543e+00   3.468906e-08   5.858571e-03   5.755358e-10   3638
  1.339390e+00   3.583098e-08   6.251833e-03   5.789969e-10   3744
  1.361944e+00   3.534632e-08   6.476647e-03   5.433292e-10   4170
  1.383503e+00   3.357475e-08   6.119119e-03   5.394940e-10   3984
  1.405462e+00   3.422995e-08   6.190164e-03   5.246721e-10   4334
  1.427130e+00   3.427717e-08   5.692301e-03   5.295045e-10   4284
  1.448526e+00   3.463603e-08   6.923767e-03   5.342232e-10   4374
  1.470898e+00   3.534746e-08   6.138910e-03   4.951885e-10   5016
  1.492933e+00   3.491446e-08   5.887916e-03   5.329462e-10   4580
  1.514897e+00   3.489752e-08   6.943843e-03   4.883254e-10   5142
  1.537303e+00   3.625435e-08   6.690172e-03   5.087084e-10   5184
  1.559241e+00   3.497599e-08   5.240205e-03   4.872810e-10   5058
  1.580321e+00   3.605160e-08   6.199842e-03   4.762841e-10   5384
  1.602863e+00   3.554966e-08   7.076790e-03   4.680187e-10   5622
  1.624607e+00   3.378373e-08   5.930158e-03   4.527609e-10   5736
  1.646260e+00   3.553743e-08   5.354122e-03   4.713921e-10   5596
  1.668015e+00   3.516248e-08   6.710485e-03   4.549214e-10   6070
  1.689591e+00   3.491757e-08   5.205686e-03   4.371325e-10   6096
  1.712103e+00   3.431800e-08   6.448186e-03   4.172420e-10   6474
  1.732930e+00   3.389746e-08   6.127453e-03   4.255908e-10   6024
  1.755205e+00   3.492378e-08   6.205512e-03   4.349961e-10   7070
  1.777274e+00   3.441534e-08   5.055694e-03   4.277890e-10   6516
  1.798442e+00   3.491610e-08   6.216604e-03   4.200382e-10   6936
  1.820539e+00   3.489156e-08   6.184627e-03   4.143794e-10   7110
  1.841914e+00   3.566949e-08   4.604510e-03   4.191901e-10   7244
  1.864527e+00   3.472573e-08   6.734559e-03   3.997793e-10   7878
  1.886428e+00   3.440242e-08   6.507843e-03   3.925278e-10   7344
  1.907636e+00   3.319122e-08   6.745609e-03   3.726885e-10   7694
  1.929732e+00   3.426702e-08   6.494024e-03   3.686315e-10   8412
  1.951920e+00   3.423841e-08   6.782985e-03   3.816704e-10   7920
  1.973009e+00   3.358914e-08   5.761514e-03   3.696287e-10   8118
  1.994476e+00   3.317431e-08   6.558436e-03   3.570235e-10   8548
  2.016313e+00   3.315687e-08   6.745298e-03   3.465420e-10   8710
  2.037968e+00   3.360391e-08   5.906378e-03   3.648282e-10   8928
  2.060199e+00   3.319558e-08   6.352200e-03   3.540699e-10   9186
  2.081524e+00   3.225102e-08   6.992108e-03   3.295521e-10   9200
  2.103507e+00   3.277133e-08   5.998171e-03   3.329836e-10   9438
  2.124939e+00   3.210555e-08   8.455106e-03   3.195488e-10   9564
  2.146967e+00   3.281839e-08   6.464327e-03   3.270053e-10   10296
  2.169518e+00   3.145356e-08   5.580135e-03   3.066744e-10   10126
  2.190644e+00   3.215930e-08   7.075913e-03   3.241021e-10   10024
  2.213114e+00   3.196837e-08   4.953969e-03   3.008691e-10   11082
  2.235177e+00   3.136871e-08   7.619139e-03   3.019272e-10   10632
  2.256740e+00   3.136440e-08   5.477413e-03   3.054570e-10   10734
  2.278524e+00   3.083056e-08   6.776087e-03   2.916231e-10   11276
  2.300301e+00   3.098493e-08   6.085791e-03   2.904154e-10   11352
  2.322280e+00   3.055354e-08   6.313623e-03   2.842610e-10   11550
  2.343853e+00   3.079941e-08   5.982415e-03   2.754019e-10   11772
  2.365747e+00   3.093607e-08   7.486429e-03   2.820885e-10   12038
  2.387372e+00   3.056346e-08   9.106151e-03   2.791527e-10   12096
  2.409296e+00   2.954248e-08   7.265207e-03   2.707758e-10   12582
  2.430977e+00   2.915382e-08   2.113344e-03   2.574239e-10   12620
  2.453157e+00   2.977554e-08   7.719005e-03   2.610970e-10   13320
  2.474865e+00   2.934364e-08   6.958782e-03   2.589747e-10   12654
  2.496156e+00   3.014804e-08   1.377608e-03   2.675001e-10   13236
  2.517766e+00   2.867464e-08   1.003223e-02   2.494970e-10   13438
  2.539602e+00   2.838443e-08   9.803999e-03   2.400437e-10   14344
  2.562231e+00   2.840492e-08   6.050948e-03   2.396132e-10   14226
  2.583610e+00   2.856754e-08   4.912386e-03   2.407900e-10   14088
  2.605268e+00   2.868980e-08   0.000000e+00   2.379869e-10   14328
  2.626980e+00   2.796697e-08   6.777734e-03   2.260676e-10   14954
  2.648987e+00   2.764768e-08   5.241713e-03   2.204779e-10   15480
  2.671081e+00   2.800594e-08   7.085481e-03   2.250806e-10   14862
  2.692014e+00   2.829080e-08   8.486906e-03   2.319869e-10   15296
  2.713996e+00   2.777312e-08   8.055239e-03   2.201970e-10   15954
  2.735534e+00   2.754260e-08   6.931646e-03   2.195471e-10   15720
  2.757079e+00   2.721216e-08   2.838511e-03   2.141152e-10   16296
  2.779273e+00   2.718198e-08   4.401576e-03   2.076413e-10   17010
  2.800822e+00   2.759863e-08   3.760185e-03   2.165715e-10   16328
  2.822502e+00   2.665160e-08   3.325309e-03   2.006975e-10   17094
  2.844247e+00   2.731280e-08   9.009062e-03   2.048244e-10   17436
  2.866241e+00   2.694605e-08   9.211725e-03   2.037809e-10   17862
  2.888325e+00   2.684111e-08   7.897756e-03   1.987503e-10   18200
  2.910573e+00   2.656919e-08   1.676605e-03   1.962142e-10   18450
  2.932336e+00   2.622599e-08   3.902905e-03   1.930123e-10   18384
  2.954048e+00   2.588300e-08   5.946300e-03   1.902302e-10   18504
  2.975734e+00   2.627347e-08   4.693861e-03   1.877355e-10   19142
  2.997859e+00   2.607294e-08   6.174522e-03   1.875651e-10   19692
  3.019747e+00   2.590371e-08   6.489371e-03   1.917795e-10   19062
  3.041162e+00   2.580166e-08   0.000000e+00   1.811260e-10   20184
  3.063298e+00   2.594403e-08   7.713563e-03   1.842642e-10   19970
  3.084888e+00   2.553829e-08   0.000000e+00   1.767172e-10   20496
  3.107111e+00   2.556199e-08   9.095008e-03   1.763574e-10   21456
  3.128739e+00   2.566723e-08   6.411022e-03   1.847829e-10   19650
  3.149970e+00   2.491549e-08   1.008659e-02   1.692771e-10   22040
  3.172352e+00   2.511046e-08   1.357925e-02   1.704416e-10   21558
  3.193964e+00   2.506726e-08   0.000000e+00   1.708482e-10   21804
  3.215633e+00   2.527813e-08   8.480133e-03   1.690300e-10   21926
  3.237231e+00   2.475403e-08   1.002383e-02   1.645792e-10   22416
  3.258918e+00   2.474246e-08   8.940740e-03   1.658901e-10   22776
  3.281215e+00   2.518561e-08   6.877483e-03   1.656122e-10   23874
  3.303121e+00   2.471576e-08   0.000000e+00   1.640344e-10   23104
  3.324901e+00   2.505498e-08   0.000000e+00   1.636169e-10   23974
  3.346732e+00   2.474595e-08   1.450374e-02   1.602976e-10   23892
  3.368184e+00   2.495861e-08   0.000000e+00   1.650535e-10   23550
  3.389782e+00   2.456601e-08   7.010293e-03   1.544372e-10   25320
  3.411724e+00   2.481131e-08   1.230832e-02   1.592873e-10   24428
  3.433193e+00   2.481258e-08   8.440805e-03   1.568358e-10   25254
  3.455173e+00   2.506952e-08   0.000000e+00   1.562399e-10   26016
  3.476843e+00   2.442875e-08   9.828950e-04   1.530049e-10   25182
  3.498712e+00   2.464538e-08   4.036603e-03   1.492387e-10   27428
  3.520895e+00   2.463147e-08   5.892484e-03   1.515638e-10   25974
  3.542241e+00   2.422439e-08   9.353318e-03   1.463851e-10   26904
  3.563919e+00   2.449298e-08   3.481710e-03   1.501688e-10   26730
  3.585620e+00   2.442499e-08   0.000000e+00   1.458847e-10   27896
  3.607863e+00   2.446085e-08   1.105975e-02   1.460650e-10   28992
  3.630372e+00   2.472273e-08   2.590859e-03   1.433269e-10   28698
  3.651850e+00   2.473003e-08   0.000000e+00   1.498475e-10   27816
  3.673790e+00   2.421420e-08   0.000000e+00   1.410386e-10   29774
  3.695740e+00   2.450151e-08   7.403417e-03   1.449376e-10   29148
  3.717199e+00   2.491506e-08   0.000000e+00   1.470248e-10   28806
  3.738814e+00   2.461585e-08   1.204703e-02   1.405371e-10   30408
  3.760675e+00   2.488312e-08   0.000000e+00   1.451477e-10   30320
  3.782726e+00   2.484666e-08   0.000000e+00   1.411859e-10   30930
  3.804736e+00   2.469508e-08   0.000000e+00   1.386231e-10   31656
  3.826238e+00   2.472034e-08   5.589935e-04   1.448613e-10   30086
  3.847838e+00   2.476094e-08   1.400759e-02   1.380159e-10   32724
  3.869608e+00   2.492243e-08   8.382388e-03   1.445443e-10   30846
  3.891230e+00   2.474673e-08   3.137269e-03   1.359002e-10   33480
  3.913331e+00   2.519418e-08   1.142312e-02   1.401900e-10   32724
  3.934938e+00   2.492017e-08   7.477724e-03   1.373753e-10   32894
  3.956857e+00   2.519985e-08   0.000000e+00   1.368822e-10   34200
  3.978780e+00   2.497015e-08   9.128421e-03   1.385286e-10   33594
  4.000311e+00   2.521480e-08   0.000000e+00   1.376112e-10   34336
  4.022277e+00   2.509304e-08   0.000000e+00   1.363414e-10   34822
  4.044074e+00   2.518790e-08   0.000000e+00   1.364059e-10   35472
  4.065752e+00   2.523899e-08   0.000000e+00   1.365368e-10   34404
  4.087366e+00   2.533196e-08   0.000000e+00   1.360815e-10   36222
  4.109030e+00   2.534985e-08   5.924869e-03   1.340620e-10   35984
  4.130914e+00   2.581494e-08   9.293174e-03   1.372446e-10   36570
  4.152611e+00   2.569539e-08   0.000000e+00   1.340465e-10   37176
  4.174544e+00   2.579296e-08   0.000000e+00   1.337665e-10   37406
  4.196388e+00   2.601581e-08   0.000000e+00   1.341813e-10   38052
  4.218054e+00   2.562596e-08   0.000000e+00   1.343374e-10   37590
  4.240016e+00   2.586311e-08   1.119738e-02   1.320704e-10   39480
  4.261757e+00   2.597426e-08   0.000000e+00   1.348379e-10   38260
  4.283492e+00   2.621179e-08   1.049464e-02   1.317483e-10   39646
  4.305669e+00   2.619892e-08   5.692115e-03   1.292790e-10   40944
  4.327659e+00   2.610918e-08   0.000000e+00   1.320691e-10   39678
  4.349324e+00   2.632681e-08   0.000000e+00   1.312730e-10   40804
  4.371119e+00   2.625738e-08   0.000000e+00   1.316202e-10   40606
  4.392949e+00   2.626575e-08   1.478152e-02   1.297784e-10   42216
  4.414913e+00   2.661996e-08   0.000000e+00   1.303360e-10   41532
  4.436610e+00   2.680041e-08   0.000000e+00   1.336775e-10   41990
  4.458148e+00   2.671128e-08   1.557470e-02   1.331073e-10   42360
  4.480126e+00   2.698418e-08   5.551910e-03   1.310319e-10   43530
  4.501970e+00   2.710527e-08   8.615731e-03   1.310008e-10   43848
  4.523745e+00   2.748894e-08   0.000000e+00   1.344252e-10   42870
  4.545592e+00   2.753968e-08   1.473248e-02   1.312406e-10   46160
  4.567519e+00   2.748856e-08   5.993298e-03   1.344274e-10   43380
  4.589112e+00   2.760406e-08   0.000000e+00   1.307671e-10   45294
  4.610780e+00   2.729222e-08   1.371472e-02   1.286767e-10   45744
  4.632934e+00   2.761905e-08   0.000000e+00   1.283203e-10   46682
  4.654608e+00   2.795483e-08   8.238491e-03   1.309604e-10   45840
  4.676354e+00   2.768815e-08   0.000000e+00   1.276502e-10   47118
  4.698053e+00   2.793515e-08   2.017342e-02   1.299341e-10   47124
  4.719837e+00   2.811579e-08   4.745034e-03   1.286037e-10   47984
  4.742064e+00   2.827172e-08   9.067608e-03   1.296079e-10   49566
  4.763498e+00   2.840186e-08   4.472130e-03   1.342284e-10   46284
  4.785000e+00   2.838037e-08   1.438013e-02   1.296542e-10   49966
  4.806879e+00   2.869746e-08   1.131040e-02   1.317662e-10   49360
  4.828629e+00   2.831799e-08   1.333887e-03   1.298679e-10   49806
  4.850553e+00   2.907733e-08   1.218268e-02   1.297285e-10   51492
  4.872241e+00   2.871131e-08   1.578737e-02   1.312164e-10   49496
  4.894108e+00   2.886993e-08   1.624917e-02   1.252639e-10   53190
  4.916163e+00   2.946749e-08   0.000000e+00   1.307860e-10   51060
  4.937783e+00   2.863919e-08   0.000000e+00   1.263456e-10   52134
  4.959474e+00   2.903861e-08   1.013294e-02   1.269858e-10   53088
  4.981333e+00   2.927225e-08   7.371847e-03   1.272800e-10   52706
  5.003129e+00   2.949707e-08   1.050698e-02   1.273878e-10   54936
  5.025272e+00   2.964996e-08   0.000000e+00   1.304139e-10   53886
  5.046930e+00   2.985939e-08   0.000000e+00   1.307124e-10   54436
  5.068583e+00   2.982468e-08   0.000000e+00   1.297495e-10   55096
  5.090671e+00   2.970206e-08   0.000000e+00   1.252852e-10   56358
  5.112315e+00   3.021253e-08   0.000000e+00   1.309392e-10   55632
  5.134134e+00   3.039661e-08   2.109347e-02   1.290074e-10   56530
  5.155898e+00   2.988016e-08   0.000000e+00   1.284732e-10   57232
  5.177584e+00   3.020949e-08   0.000000e+00   1.276148e-10   56766
  5.199821e+00   3.027385e-08   0.000000e+00   1.240800e-10   60804
  5.221460e+00   3.050819e-08   0.000000e+00   1.304882e-10   55536
  5.243179e+00   3.038624e-08   2.662701e-02   1.259243e-10   61166
  5.264986e+00   3.077805e-08   0.000000e+00   1.305607e-10   57396
  5.286552e+00   3.061641e-08   1.273277e-02   1.250744e-10   60870
  5.308449e+00   3.051696e-08   0.000000e+00   1.259335e-10   60224
  5.330232e+00   3.083148e-08   1.840605e-02   1.270975e-10   61002
  5.352088e+00   3.127418e-08   1.687353e-02   1.265449e-10   62016
  5.373827e+00   3.119349e-08   0.000000e+00   1.276448e-10   60768
  5.395393e+00   3.115008e-08   2.487082e-02   1.270461e-10   62870
  5.417440e+00   3.133770e-08   8.989315e-03   1.254118e-10   63804
  5.439362e+00   3.147050e-08   1.145218e-02   1.275629e-10   63054
  5.460782e+00   3.124463e-08   9.658988e-03   1.272499e-10   63024
  5.482666e+00   3.163129e-08   0.000000e+00   1.243403e-10   65018
  5.504300e+00   3.131661e-08   1.613223e-02   1.255806e-10   64608
  5.526161e+00   3.173594e-08   0.000000e+00   1.257765e-10   65688
  5.547958e+00   3.175716e-08   2.394857e-02   1.261494e-10   65994
  5.569686e+00   3.191093e-08   0.000000e+00   1.248878e-10   66648
  5.591649e+00   3.215944e-08   1.662331e-02   1.264905e-10   67310
  5.613297e+00   3.201735e-08   0.000000e+00   1.266289e-10   67224
  5.635098e+00   3.213865e-08   6.514763e-03   1.250801e-10   68034
  5.656981e+00   3.193443e-08   0.000000e+00   1.235938e-10   69744
  5.678864e+00   3.181733e-08   1.229486e-02   1.233519e-10   68654
  5.700966e+00   3.213065e-08   1.662427e-02   1.220358e-10   72132
  5.722833e+00   3.211099e-08   9.896803e-03   1.238698e-10   68520
  5.744389e+00   3.259493e-08   1.580794e-02   1.262013e-10   71070
  5.766374e+00   3.262053e-08   0.000000e+00   1.233540e-10   71948
  5.788140e+00   3.244437e-08   2.392873e-02   1.238877e-10   71598
  5.810091e+00   3.250180e-08   0.000000e+00   1.230655e-10   73536
  5.831860e+00   3.283590e-08   2.893247e-02   1.251339e-10   71802
  5.853405e+00   3.278236e-08   0.000000e+00   1.232955e-10   73280
  5.875205e+00   3.260237e-08   0.000000e+00   1.214586e-10   73992
  5.897202e+00   3.278240e-08   1.427467e-02   1.219566e-10   75966
  5.918984e+00   3.264828e-08   0.000000e+00   1.219514e-10   74364
  5.940792e+00   3.319785e-08   1.677220e-02   1.234979e-10   76094
  5.962538e+00   3.288856e-08   0.000000e+00   1.225633e-10   76224
  5.984354e+00   3.333053e-08   1.052423e-02   1.229397e-10   76242
  6.005938e+00   3.322352e-08   0.000000e+00   1.222690e-10   76944
  6.027736e+00   3.323371e-08   0.000000e+00   1.211188e-10   78680
  6.049870e+00   3.293793e-08   1.866321e-02   1.183611e-10   79962
  6.071582e+00   3.354420e-08   9.758063e-03   1.232107e-10   77760
  6.093272e+00   3.315373e-08   2.205324e-02   1.217852e-10   79590
  6.115082e+00   3.334736e-08   0.000000e+00   1.198838e-10   80732
  6.136950e+00   3.338103e-08   2.809700e-02   1.205411e-10   81174
  6.158762e+00   3.341002e-08   9.293717e-03   1.196666e-10   80832
  6.180135e+00   3.372947e-08   2.833088e-02   1.215865e-10   79992
  6.202064e+00   3.343843e-08   0.000000e+00   1.171367e-10   84314
  6.224069e+00   3.356065e-08   0.000000e+00   1.185853e-10   83592
  6.245949e+00   3.376348e-08   2.092900e-02   1.188516e-10   83838
  6.267703e+00   3.364432e-08   0.000000e+00   1.183093e-10   83676
  6.289373e+00   3.390275e-08   1.361064e-02   1.193444e-10   84950
  6.311107e+00   3.379526e-08   0.000000e+00   1.188023e-10   84912
  6.332969e+00   3.351552e-08   2.565508e-02   1.151140e-10   87162
  6.354882e+00   3.400620e-08   0.000000e+00   1.191919e-10   86440
  6.376562e+00   3.407353e-08   0.000000e+00   1.189843e-10   86560
  6.398432e+00   3.402791e-08   2.285502e-03   1.171794e-10   88698
  6.420198e+00   3.418735e-08   3.169987e-02   1.167451e-10   88920
  6.442256e+00   3.401083e-08   0.000000e+00   1.170229e-10   88814
  6.463885e+00   3.417921e-08   8.097240e-03   1.163395e-10   90336
  6.485927e+00   3.438433e-08   0.000000e+00   1.172473e-10   90282
  6.507691e+00   3.405459e-08   0.000000e+00   1.163763e-10   90840
  6.529284e+00   3.438888e-08   2.266088e-02   1.163725e-10   91128
  6.551301e+00   3.409001e-08   0.000000e+00   1.146823e-10   92690
  6.572968e+00   3.440705e-08   0.000000e+00   1.161948e-10   92160
  6.594828e+00   3.421966e-08   0.000000e+00   1.142470e-10   93534
  6.616520e+00   3.431259e-08   0.000000e+00   1.151459e-10   93484
  6.638317e+00   3.476449e-08   3.830148e-03   1.155290e-10   95206
  6.660295e+00   3.463165e-08   1.101371e-02   1.160055e-10   96048
  6.681920e+00   3.450887e-08   9.512513e-03   1.153492e-10   93600
  6.703675e+00   3.422917e-08   0.000000e+00   1.127161e-10   97410
  6.725470e+00   3.465581e-08   2.867101e-02   1.147815e-10   97856
  6.747480e+00   3.463666e-08   0.000000e+00   1.143138e-10   97278
  6.769188e+00   3.445103e-08   1.808880e-02   1.130073e-10   98916
  6.790910e+00   3.441646e-08   0.000000e+00   1.132921e-10   96894
  6.812521e+00   3.466171e-08   0.000000e+00   1.136308e-10   100976
  6.834544e+00   3.470769e-08   0.000000e+00   1.134645e-10   100164
  6.856216e+00   3.461066e-08   0.000000e+00   1.138452e-10   100014
  6.877761e+00   3.466050e-08   2.093533e-02   1.129024e-10   101040
  6.899662e+00   3.447665e-08   0.000000e+00   1.112637e-10   102338
  6.921356e+00   3.451814e-08   1.227216e-02   1.108596e-10   102912
  6.943366e+00   3.466701e-08   0.000000e+00   1.102643e-10   104238
  6.964996e+00   3.489451e-08   2.087221e-02   1.123024e-10   103104
  6.986825e+00   3.445945e-08   1.891837e-02   1.092039e-10   105404
  7.008709e+00   3.465005e-08   0.000000e+00   1.109469e-10   105198
  7.030479e+00   3.461608e-08   0.000000e+00   1.099640e-10   106632
  7.052366e+00   3.444547e-08   2.676209e-02   1.086197e-10   106706
  7.074124e+00   3.434147e-08   0.000000e+00   1.091498e-10   106992
  7.096135e+00   3.480698e-08   0.000000e+00   1.085193e-10   110118
  7.117931e+00   3.476854e-08   3.373515e-02   1.092198e-10   108084
  7.139607e+00   3.479649e-08   1.317153e-02   1.088738e-10   108222
  7.161524e+00   3.447298e-08   0.000000e+00   1.065508e-10   112160
  7.183233e+00   3.449076e-08   1.972942e-02   1.083041e-10   108492
  7.205043e+00   3.449565e-08   2.374763e-02   1.064677e-10   113262
  7.226936e+00   3.467139e-08   0.000000e+00   1.066400e-10   111360
  7.248854e+00   3.468187e-08   0.000000e+00   1.060410e-10   114182
  7.270607e+00   3.427180e-08   3.469047e-02   1.059697e-10   112884
  7.292431e+00   3.449550e-08   7.701874e-03   1.054134e-10   113934
  7.314100e+00   3.437545e-08   0.000000e+00   1.052419e-10   114504
  7.336123e+00   3.443380e-08   0.000000e+00   1.043033e-10   117500
  7.357850e+00   3.451458e-08   2.478212e-02   1.057658e-10   114102
  7.379594e+00   3.461126e-08   1.015677e-02   1.047468e-10   118584
  7.401467e+00   3.411497e-08   0.000000e+00   1.045271e-10   115546
  7.422994e+00   3.434389e-08   2.209927e-02   1.032498e-10   118984
  7.445055e+00   3.435185e-08   5.269312e-03   1.034431e-10   119526
  7.466766e+00   3.441503e-08   2.752735e-03   1.042575e-10   119436
  7.488460e+00   3.452576e-08   0.000000e+00   1.043500e-10   118632
  7.510190e+00   3.424629e-08   2.465298e-02   1.015479e-10   122510
  7.532111e+00   3.423636e-08   0.000000e+00   1.027196e-10   121680
  7.553954e+00   3.420918e-08   0.000000e+00   1.020651e-10   121434
  7.575562e+00   3.410917e-08   0.000000e+00   1.012195e-10   123928
  7.597456e+00   3.429745e-08   0.000000e+00   1.008257e-10   123910
  7.619296e+00   3.409277e-08   0.000000e+00   1.007070e-10   124452
  7.641073e+00   3.399253e-08   0.000000e+00   9.988250e-11   125376
  7.662852e+00   3.386560e-08   2.147708e-02   9.949680e-11   126638
  7.684644e+00   3.392345e-08   7.530182e-03   9.948295e-11   125844
  7.706453e+00   3.381360e-08   0.000000e+00   9.888276e-11   128142
  7.728288e+00   3.374880e-08   4.930198e-03   9.900039e-11   128136
  7.749975e+00   3.380854e-08   8.776710e-03   9.895953e-11   127642
  7.771831e+00   3.360617e-08   0.000000e+00   9.655903e-11   131968
  7.793931e+00   3.352114e-08   0.000000e+00   9.668456e-11   130326
  7.815602e+00   3.335401e-08   2.307537e-02   9.666287e-11   131688
  7.837391e+00   3.370725e-08   1.068640e-02   9.766150e-11   130212
  7.859096e+00   3.341986e-08   0.000000e+00   9.628877e-11   132686
  7.881070e+00   3.346386e-08   0.000000e+00   9.505469e-11   135960
  7.902944e+00   3.340124e-08   1.738785e-02   9.674284e-11   131562
  7.924361e+00   3.337203e-08   1.352257e-02   9.610497e-11   134016
  7.946305e+00   3.346550e-08   0.000000e+00   9.558940e-11   136478
  7.968112e+00   3.306094e-08   3.022746e-02   9.456704e-11   136812
  7.990009e+00   3.307547e-08   1.896838e-02   9.299619e-11   137856
  8.011824e+00   3.295986e-08   0.000000e+00   9.401632e-11   135862
  8.033514e+00   3.293767e-08   0.000000e+00   9.309544e-11   140056
  8.055479e+00   3.302914e-08   2.547739e-02   9.376065e-11   139602
  8.077232e+00   3.289859e-08   0.000000e+00   9.282164e-11   139080
  8.098975e+00   3.303088e-08   0.000000e+00   9.286646e-11   140678
  8.120806e+00   3.267648e-08   1.330493e-02   9.117858e-11   142884
  8.142548e+00   3.263028e-08   1.114586e-02   9.146300e-11   139992
  8.164337e+00   3.265965e-08   0.000000e+00   9.028343e-11   144966
  8.186252e+00   3.259598e-08   0.000000e+00   9.073290e-11   143364
  8.207960e+00   3.238370e-08   1.965899e-02   8.987779e-11   144518
  8.229702e+00   3.252158e-08   2.101741e-02   9.015963e-11   145200
  8.251407e+00   3.238775e-08   0.000000e+00   9.073037e-11   143466
  8.273060e+00   3.201723e-08   0.000000e+00   8.719220e-11   148824
  8.294867e+00   3.231635e-08   1.705765e-02   8.934059e-11   145544
  8.316512e+00   3.213445e-08   0.000000e+00   8.901115e-11   148590
  8.338430e+00   3.205967e-08   0.000000e+00   8.753694e-11   150540
  8.360313e+00   3.172188e-08   2.908336e-02   8.728791e-11   150134
  8.382106e+00   3.161832e-08   0.000000e+00   8.625218e-11   151296
  8.404107e+00   3.195445e-08   0.000000e+00   8.744531e-11   152058
  8.425685e+00   3.152832e-08   1.750899e-02   8.589952e-11   150864
  8.447487e+00   3.159964e-08   1.605039e-02   8.553188e-11   154310
  8.469509e+00   3.112681e-08   0.000000e+00   8.369408e-11   155172
  8.491297e+00   3.145848e-08   0.000000e+00   8.575606e-11   154128
  8.513295e+00   3.113343e-08   1.448468e-02   8.323100e-11   158310
  8.534995e+00   3.113170e-08   2.009607e-02   8.486553e-11   153436
  8.556709e+00   3.105569e-08   0.000000e+00   8.426078e-11   157726
  8.578729e+00   3.108324e-08   0.000000e+00   8.301753e-11   160368
  8.600431e+00   3.108488e-08   9.561040e-03   8.384808e-11   155718
  8.622093e+00   3.107817e-08   0.000000e+00   8.321012e-11   160028
  8.643905e+00   3.099450e-08   0.000000e+00   8.270061e-11   160920
  8.665751e+00   3.079951e-08   1.357402e-02   8.236469e-11   161070
  8.687593e+00   3.088675e-08   3.216792e-02   8.203266e-11   163428
  8.709311e+00   3.031328e-08   0.000000e+00   8.099156e-11   159574
  8.731176e+00   3.045277e-08   0.000000e+00   7.966023e-11   167392
  8.753059e+00   3.053521e-08   2.600188e-02   8.137178e-11   162258
  8.774788e+00   3.028647e-08   1.261263e-02   7.943002e-11   167472
  8.796666e+00   2.999432e-08   0.000000e+00   7.923843e-11   163664
  8.818291e+00   2.996452e-08   0.000000e+00   7.904975e-11   166986
  8.840150e+00   2.999013e-08   1.895796e-02   7.809948e-11   169968
  8.862181e+00   2.972941e-08   0.000000e+00   7.782585e-11   167646
  8.883695e+00   2.989347e-08   0.000000e+00   7.886660e-11   168080
  8.905519e+00   2.984624e-08   1.647561e-02   7.712184e-11   170826
  8.927353e+00   2.948203e-08   0.000000e+00   7.716259e-11   170928
  8.948988e+00   2.967288e-08   1.788088e-02   7.747004e-11   170640
  8.970897e+00   2.931985e-08   0.000000e+00   7.600459e-11   173954
  8.992617e+00   2.930942e-08   2.760185e-02   7.622967e-11   173232
  9.014490e+00   2.920666e-08   0.000000e+00   7.572684e-11   174150
  9.036304e+00   2.902110e-08   5.190674e-03   7.518973e-11   176364
  9.058083e+00   2.897445e-08   1.832416e-02   7.456576e-11   175302
  9.079874e+00   2.895232e-08   9.785024e-03   7.380681e-11   177392
  9.101601e+00   2.867930e-08   1.964260e-02   7.414149e-11   176352
  9.123495e+00   2.855126e-08   0.000000e+00   7.293346e-11   180330
  9.145386e+00   2.875322e-08   8.902267e-03   7.342657e-11   180712
  9.167178e+00   2.828481e-08   1.633324e-02   7.197617e-11   179350
  9.189039e+00   2.834458e-08   1.434856e-02   7.212292e-11   183396
  9.210955e+00   2.812217e-08   0.000000e+00   7.227577e-11   180390
  9.232490e+00   2.796628e-08   0.000000e+00   7.087942e-11   181944
  9.254392e+00   2.787562e-08   0.000000e+00   7.008733e-11   185450
  9.276344e+00   2.782755e-08   6.715482e-03   7.025920e-11   186192
  9.298046e+00   2.792230e-08   2.122045e-02   7.125113e-11   183432
  9.319777e+00   2.763946e-08   0.000000e+00   6.947251e-11   185362
  9.341463e+00   2.763506e-08   6.301696e-03   6.952196e-11   188464
  9.363436e+00   2.755487e-08   0.000000e+00   6.851993e-11   188046
  9.385262e+00   2.722449e-08   1.509084e-02   6.804978e-11   191304
  9.407019e+00   2.724275e-08   2.614306e-02   6.874223e-11   186690
  9.428877e+00   2.718273e-08   0.000000e+00   6.776405e-11   194072
  9.450592e+00   2.695977e-08   2.217992e-02   6.764414e-11   188688
  9.472305e+00   2.681386e-08   2.250727e-03   6.705968e-11   192786
  9.494047e+00   2.686808e-08   9.590130e-03   6.703617e-11   193352
  9.516020e+00   2.670424e-08   0.000000e+00   6.645901e-11   195702
  9.537760e+00   2.644835e-08   2.962602e-02   6.555175e-11   195132
  9.559590e+00   2.635670e-08   0.000000e+00   6.555527e-11   195726
  9.581344e+00   2.619155e-08   0.000000e+00   6.514329e-11   197416
  9.603106e+00   2.618160e-08   6.897555e-03   6.477298e-11   196564
  9.624944e+00   2.602613e-08   2.020713e-02   6.404709e-11   201198
  9.646735e+00   2.595770e-08   3.761877e-03   6.458647e-11   197136
  9.668363e+00   2.568229e-08   0.000000e+00   6.352114e-11   199358
  9.690090e+00   2.566738e-08   2.902651e-02   6.333789e-11   203532
  9.712055e+00   2.567966e-08   0.000000e+00   6.288310e-11   201438
  9.733809e+00   2.543876e-08   0.000000e+00   6.266939e-11   203664
  9.755553e+00   2.532878e-08   2.901106e-02   6.190253e-11   203972
  9.777345e+00   2.513539e-08   2.275266e-02   6.123035e-11   205974
  9.799226e+00   2.516740e-08   0.000000e+00   6.115497e-11   205752
  9.821138e+00   2.499888e-08   0.000000e+00   6.071991e-11   207810
  9.842687e+00   2.479040e-08   3.808473e-02   6.046201e-11   206384
  9.864674e+00   2.468016e-08   0.000000e+00   5.962442e-11   210966
  9.886543e+00   2.470373e-08   0.000000e+00   5.996269e-11   210516
  9.908378e+00   2.443704e-08   0.000000e+00   5.910331e-11   209766
  9.930071e+00   2.431801e-08   4.290052e-02   5.864044e-11   212376
  9.951939e+00   2.447087e-08   0.000000e+00   5.903037e-11   212960
  9.973921e+00   2.408492e-08   0.000000e+00   5.793133e-11   214626
  9.995606e+00   2.401343e-08   3.111178e-02   5.814131e-11   213696
  1.001740e+01   2.391915e-08   3.103150e-02   5.734523e-11   215734
  1.003914e+01   2.376692e-08   0.000000e+00   5.802283e-11   213220
  1.006089e+01   2.376531e-08   0.000000e+00   5.668210e-11   219102
  1.008277e+01   2.358178e-08   3.559593e-02   5.640290e-11   220872
  1.010454e+01   2.353953e-08   5.245768e-02   5.676866e-11   216556
  1.012632e+01   2.332099e-08   4.075138e-02   5.560988e-11   221494
  1.014806e+01   2.307446e-08   4.452120e-02   5.505170e-11   219096
  1.016992e+01   2.309005e-08   3.255792e-02   5.447404e-11   224262
  1.019187e+01   2.289327e-08   0.000000e+00   5.492820e-11   222508
  1.021367e+01   2.294782e-08   0.000000e+00   5.456917e-11   222502
  1.023530e+01   2.274470e-08   4.220188e-02   5.357520e-11   227280
  1.025720e+01   2.272003e-08   2.102416e-02   5.385103e-11   223644
  1.027897e+01   2.241586e-08   0.000000e+00   5.332361e-11   226222
  1.030076e+01   2.246273e-08   0.000000e+00   5.269552e-11   229840
  1.032262e+01   2.225006e-08   2.770291e-02   5.249256e-11   228042
  1.034426e+01   2.203124e-08   0.000000e+00   5.207677e-11   227472
  1.036604e+01   2.210045e-08   0.000000e+00   5.168860e-11   230990
  1.038788e+01   2.181264e-08   8.150973e-03   5.114862e-11   233532
  1.040967e+01   2.184082e-08   3.108221e-02   5.160767e-11   231288
  1.043156e+01   2.153072e-08   0.000000e+00   5.060835e-11   233718
  1.045320e+01   2.160993e-08   0.000000e+00   5.098988e-11   232704
  1.047504e+01   2.139133e-08   3.269624e-02   4.967395e-11   239282
  1.049693e+01   2.122434e-08   3.939596e-02   4.938408e-11   234912
  1.051883e+01   2.135335e-08   0.000000e+00   4.977198e-11   238278
  1.054045e+01   2.108074e-08   3.932941e-02   4.933128e-11   237460
  1.056208e+01   2.109915e-08   2.831611e-02   4.942883e-11   236662
  1.058413e+01   2.087126e-08   0.000000e+00   4.794760e-11   246336
  1.060617e+01   2.085931e-08   0.000000e+00   4.845268e-11   241092
  1.062784e+01   2.060242e-08   3.695865e-02   4.827473e-11   242414
  1.064968e+01   2.060046e-08   1.571740e-02   4.765768e-11   243552
  1.067155e+01   2.039910e-08   0.000000e+00   4.744695e-11   243474
  1.069315e+01   2.029591e-08   2.550983e-02   4.722262e-11   245112
  1.071503e+01   2.024306e-08   2.764515e-02   4.651247e-11   246894
  1.073679e+01   2.009474e-08   2.032400e-02   4.655174e-11   247448
  1.075869e+01   1.998072e-08   0.000000e+00   4.603868e-11   247404
  1.078033e+01   1.979498e-08   4.174485e-02   4.562761e-11   249990
  1.080204e+01   1.975254e-08   3.944668e-02   4.553406e-11   249512
  1.082409e+01   1.956781e-08   0.000000e+00   4.476811e-11   253890
  1.084585e+01   1.949697e-08   0.000000e+00   4.481988e-11   250728
  1.086748e+01   1.938828e-08   5.046282e-02   4.455153e-11   253950
  1.088937e+01   1.923284e-08   0.000000e+00   4.418925e-11   254140
  1.091120e+01   1.915631e-08   0.000000e+00   4.390174e-11   255880
  1.093305e+01   1.897963e-08   3.244009e-02   4.332224e-11   258942
  1.095468e+01   1.904752e-08   4.800743e-02   4.395192e-11   253836
  1.097659e+01   1.877229e-08   0.000000e+00   4.266771e-11   260534
  1.099847e+01   1.870782e-08   0.000000e+00   4.251991e-11   259992
  1.102007e+01   1.868080e-08   4.963006e-02   4.267542e-11   258894
  1.104192e+01   1.847761e-08   3.898078e-02   4.191060e-11   263364
  1.106378e+01   1.850947e-08   0.000000e+00   4.230077e-11   259536
  1.108531e+01   1.820105e-08   2.120304e-02   4.141767e-11   263438
  1.110709e+01   1.814463e-08   4.436860e-02   4.099649e-11   265740
  1.112900e+01   1.801866e-08   0.000000e+00   4.123455e-11   264894
  1.115086e+01   1.788767e-08   0.000000e+00   4.037038e-11   269184
  1.117260e+01   1.793538e-08   4.321908e-02   4.070424e-11   266138
  1.119435e+01   1.785939e-08   2.978403e-02   4.009837e-11   270528
  1.121630e+01   1.762092e-08   0.000000e+00   3.999749e-11   268182
  1.123797e+01   1.747217e-08   0.000000e+00   3.967950e-11   270960
  1.125969e+01   1.748095e-08   5.167960e-02   3.911542e-11   274580
  1.128190e+01   1.723168e-08   0.000000e+00   3.864507e-11   276078
  1.130373e+01   1.724854e-08   0.000000e+00   3.876928e-11   273600
  1.132542e+01   1.706534e-08   4.303277e-02   3.854111e-11   274698
  1.134718e+01   1.701146e-08   4.604992e-02   3.815828e-11   276920
  1.136911e+01   1.700699e-08   0.000000e+00   3.813067e-11   276774
  1.139092e+01   1.665614e-08   0.000000e+00   3.727877e-11   279972
  1.141249e+01   1.660193e-08   3.695848e-02   3.767973e-11   276144
  1.143436e+01   1.649185e-08   1.704563e-02   3.686711e-11   282590
  1.145627e+01   1.640995e-08   0.000000e+00   3.691339e-11   282300
  1.147807e+01   1.634229e-08   0.000000e+00   3.604628e-11   283926
  1.149966e+01   1.619288e-08   4.981366e-02   3.638912e-11   279792
  1.152162e+01   1.621459e-08   0.000000e+00   3.596794e-11   287870
  1.154355e+01   1.602439e-08   0.000000e+00   3.555928e-11   286428
  1.156511e+01   1.590250e-08   4.776277e-02   3.527719e-11   284808
  1.158693e+01   1.574859e-08   1.649269e-02   3.509252e-11   289158
  1.160888e+01   1.569147e-08   0.000000e+00   3.461661e-11   290204
  1.163065e+01   1.562498e-08   0.000000e+00   3.470929e-11   290382
  1.165236e+01   1.547475e-08   3.298539e-02   3.445379e-11   291912
  1.167428e+01   1.543228e-08   0.000000e+00   3.420140e-11   290754
  1.169598e+01   1.525981e-08   1.818527e-02   3.361352e-11   296096
  1.171789e+01   1.520161e-08   2.750337e-02   3.366686e-11   294552
  1.173957e+01   1.502196e-08   4.885877e-02   3.352844e-11   293466
  1.176133e+01   1.501335e-08   0.000000e+00   3.318537e-11   296904
  1.178321e+01   1.493486e-08   0.000000e+00   3.305444e-11   298358
  1.180476e+01   1.474571e-08   4.862060e-02   3.242239e-11   297840
  1.182670e+01   1.476303e-08   1.926661e-02   3.220869e-11   301338
  1.184859e+01   1.452074e-08   0.000000e+00   3.189895e-11   300336
  1.187017e+01   1.447105e-08   5.140462e-02   3.165047e-11   303584
  1.189209e+01   1.443082e-08   4.310901e-02   3.186357e-11   304098
  1.191405e+01   1.432744e-08   0.000000e+00   3.136263e-11   304488
  1.193572e+01   1.410046e-08   4.737077e-02   3.089734e-11   306678
  1.195759e+01   1.410382e-08   0.000000e+00   3.085108e-11   305732
  1.197939e+01   1.402596e-08   1.570560e-02   3.060681e-11   309894
  1.200126e+01   1.379889e-08   2.544922e-02   3.017592e-11   310200
  1.202307e+01   1.382080e-08   0.000000e+00   3.014275e-11   307074
  1.204475e+01   1.373266e-08   4.980854e-02   2.976040e-11   315656
  1.206674e+01   1.368512e-08   0.000000e+00   2.998404e-11   310704
  1.208864e+01   1.346449e-08   0.000000e+00   2.917691e-11   314310
  1.211007e+01   1.352267e-08   5.778873e-02   2.956112e-11   312412
  1.213206e+01   1.335828e-08   0.000000e+00   2.883575e-11   318310
  1.215396e+01   1.327018e-08   0.000000e+00   2.876821e-11   315648
  1.217559e+01   1.322846e-08   4.522718e-02   2.851355e-11   320610
  1.219736e+01   1.303173e-08   0.000000e+00   2.860678e-11   313944
  1.221918e+01   1.304035e-08   0.000000e+00   2.797908e-11   325880
  1.224102e+01   1.279723e-08   4.592187e-02   2.783431e-11   319146
  1.226285e+01   1.282195e-08   0.000000e+00   2.757075e-11   322896
  1.228447e+01   1.270149e-08   5.094265e-02   2.758620e-11   322206
  1.230635e+01   1.258215e-08   0.000000e+00   2.702718e-11   327416
  1.232835e+01   1.256154e-08   0.000000e+00   2.702703e-11   325602
  1.234988e+01   1.238027e-08   6.193464e-02   2.662157e-11   328248
  1.237175e+01   1.235223e-08   0.000000e+00   2.669953e-11   326088
  1.239374e+01   1.227062e-08   0.000000e+00   2.615192e-11   331658
  1.241527e+01   1.224003e-08   5.599447e-02   2.620541e-11   331584
  1.243721e+01   1.213902e-08   2.650636e-02   2.606283e-11   330630
  1.245909e+01   1.203790e-08   0.000000e+00   2.576307e-11   333204
  1.248059e+01   1.196427e-08   6.350549e-02   2.565664e-11   333470
  1.250263e+01   1.183294e-08   0.000000e+00   2.531827e-11   335688
  1.252430e+01   1.179751e-08   2.194934e-02   2.503366e-11   336828
  1.254606e+01   1.168180e-08   2.812361e-02   2.484259e-11   337662
  1.256803e+01   1.161934e-08   0.000000e+00   2.467266e-11   338960
  1.258948e+01   1.148269e-08   5.798550e-02   2.449573e-11   338262
  1.261140e+01   1.146167e-08   4.921489e-02   2.424982e-11   344388
  1.263351e+01   1.139336e-08   0.000000e+00   2.410489e-11   342486
  1.265489e+01   1.128583e-08   7.346594e-02   2.387499e-11   343592
  1.267698e+01   1.128207e-08   7.675312e-03   2.373430e-11   347130
  1.269897e+01   1.115676e-08   0.000000e+00   2.362486e-11   346152
  1.272042e+01   1.108668e-08   7.008177e-02   2.333693e-11   345856
  1.274247e+01   1.100680e-08   0.000000e+00   2.314313e-11   349354
  1.276432e+01   1.096010e-08   0.000000e+00   2.300582e-11   352032
  1.278599e+01   1.093569e-08   5.774877e-02   2.297388e-11   348582
  1.280799e+01   1.080073e-08   0.000000e+00   2.261577e-11   352244
  1.282940e+01   1.074707e-08   7.137299e-02   2.250373e-11   351582
  1.285138e+01   1.064654e-08   1.407706e-02   2.214680e-11   357144
  1.287343e+01   1.063024e-08   0.000000e+00   2.209904e-11   355560
  1.289490e+01   1.057934e-08   6.714614e-02   2.204063e-11   354551
  1.291686e+01   1.053209e-08   1.128710e-02   2.169548e-11   358044
  1.293889e+01   1.055660e-08   0.000000e+00   2.204027e-11   355272
  1.296027e+01   1.055343e-08   7.328104e-02   2.191840e-11   352044
  1.298217e+01   1.047519e-08   0.000000e+00   2.133549e-11   352344
  1.300407e+01   1.044982e-08   0.000000e+00   2.128969e-11   356516
  1.302571e+01   1.048464e-08   5.173131e-02   2.152773e-11   352848
  1.304788e+01   1.043405e-08   0.000000e+00   2.123825e-11   352980
  1.306938e+01   1.036666e-08   4.360102e-02   2.103380e-11   348948
  1.309114e+01   1.045877e-08   3.875657e-02   2.113829e-11   351692
  1.311332e+01   1.038297e-08   0.000000e+00   2.086120e-11   353064
  1.313473e+01   1.031938e-08   6.568038e-02   2.085334e-11   345624
  1.315651e+01   1.032261e-08   0.000000e+00   2.067794e-11   347844
  1.317855e+01   1.029249e-08   0.000000e+00   2.067079e-11   351020
  1.320006e+01   1.033604e-08   6.099340e-02   2.086959e-11   345852
  1.322197e+01   1.028812e-08   9.811392e-03   2.045445e-11   347040
  1.324391e+01   1.018971e-08   0.000000e+00   2.031138e-11   345928
  1.326541e+01   1.023659e-08   6.162363e-02   2.029790e-11   347020
  1.328744e+01   1.016474e-08   6.526025e-03   2.030176e-11   343032
  1.330916e+01   1.021120e-08   0.000000e+00   2.037845e-11   343620
  1.333077e+01   1.012438e-08   6.331902e-02   1.984147e-11   343988
  1.335297e+01   1.012559e-08   0.000000e+00   2.004891e-11   344556
  1.337456e+01   1.015581e-08   4.668909e-02   1.999074e-11   343632
  1.339652e+01   1.003202e-08   0.000000e+00   1.979718e-11   340392
  1.341843e+01   1.006455e-08   0.000000e+00   1.981025e-11   339408
  1.343985e+01   1.004585e-08   7.810180e-02   1.970376e-11   341864
  1.346198e+01   9.978497e-09   0.000000e+00   1.947564e-11   341964
  1.348388e+01   9.962135e-09   0.000000e+00   1.955905e-11   334380
  1.350511e+01   9.978612e-09   7.324097e-02   1.956476e-11   336504
  1.352722e+01   9.908060e-09   1.803523e-02   1.934976e-11   339560
  1.354911e+01   9.884474e-09   0.000000e+00   1.925269e-11   336384
  1.357072e+01   9.834038e-09   7.692640e-02   1.903408e-11   337404
  1.359278e+01   9.819629e-09   0.000000e+00   1.933173e-11   330156
  1.361426e+01   9.792918e-09   6.053072e-02   1.892539e-11   337808
  1.363627e+01   9.747802e-09   0.000000e+00   1.892933e-11   332748
  1.365825e+01   9.803482e-09   0.000000e+00   1.894540e-11   333612
  1.367971e+01   9.709257e-09   6.214475e-02   1.878572e-11   331860
  1.370161e+01   9.659808e-09   2.825653e-02   1.880934e-11   328376
  1.372347e+01   9.662746e-09   0.000000e+00   1.873339e-11   331140
  1.374507e+01   9.625679e-09   7.428899e-02   1.861956e-11   332988
  1.376698e+01   9.587527e-09   2.870153e-02   1.871461e-11   325224
  1.378896e+01   9.596308e-09   0.000000e+00   1.847741e-11   331544
  1.381053e+01   9.553365e-09   7.013744e-02   1.851300e-11   327264
  1.383243e+01   9.495806e-09   0.000000e+00   1.852533e-11   322308
  1.385413e+01   9.440801e-09   2.447948e-02   1.818574e-11   328136
  1.387574e+01   9.479777e-09   5.204149e-02   1.853349e-11   323172
  1.389784e+01   9.341717e-09   0.000000e+00   1.807001e-11   325248
  1.391940e+01   9.337906e-09   6.588449e-02   1.814453e-11   324096
  1.394125e+01   9.359125e-09   0.000000e+00   1.822397e-11   321540
  1.396332e+01   9.309531e-09   0.000000e+00   1.811893e-11   323744
  1.398466e+01   9.283652e-09   7.275610e-02   1.822813e-11   317400
  1.400658e+01   9.255041e-09   1.826977e-02   1.793525e-11   322560
  1.402868e+01   9.201567e-09   0.000000e+00   1.801398e-11   320076
  1.405010e+01   9.207544e-09   7.606729e-02   1.793597e-11   317204
  1.407233e+01   9.092195e-09   0.000000e+00   1.761448e-11   323064
  1.409422e+01   9.064407e-09   0.000000e+00   1.767112e-11   315204
  1.411559e+01   9.025492e-09   8.188167e-02   1.768470e-11   315416
  1.413789e+01   8.961988e-09   0.000000e+00   1.744226e-11   316884
  1.415938e+01   8.960201e-09   4.949103e-02   1.756649e-11   312876
  1.418117e+01   8.906783e-09   5.723614e-02   1.729891e-11   315540
  1.420336e+01   8.924845e-09   0.000000e+00   1.741543e-11   312576
  1.422468e+01   8.914542e-09   8.166006e-02   1.752148e-11   312140
  1.424671e+01   8.777669e-09   1.904700e-02   1.722499e-11   310356
  1.426873e+01   8.758009e-09   0.000000e+00   1.712109e-11   311232
  1.429004e+01   8.728782e-09   7.301356e-02   1.719682e-11   307584
  1.431210e+01   8.759960e-09   3.338475e-02   1.715097e-11   310616
  1.433397e+01   8.688509e-09   0.000000e+00   1.713704e-11   304200
  1.435530e+01   8.643984e-09   8.193809e-02   1.706594e-11   306792
  1.437754e+01   8.579746e-09   0.000000e+00   1.690719e-11   306168
  1.439909e+01   8.558981e-09   0.000000e+00   1.691463e-11   304448
  1.442096e+01   8.490911e-09   7.123432e-02   1.670245e-11   308580
  1.444312e+01   8.460005e-09   0.000000e+00   1.691922e-11   299568
  1.446443e+01   8.483877e-09   7.035281e-02   1.677994e-11   304416
  1.448654e+01   8.408948e-09   3.849999e-02   1.669616e-11   302216
  1.450851e+01   8.426993e-09   0.000000e+00   1.682353e-11   300084
  1.452993e+01   8.322382e-09   8.916950e-02   1.666615e-11   299340
  1.455184e+01   8.323338e-09   0.000000e+00   1.664636e-11   296688
  1.457379e+01   8.247120e-09   0.000000e+00   1.644825e-11   298820
  1.459519e+01   8.171548e-09   8.536205e-02   1.636082e-11   296916
  1.461734e+01   8.166680e-09   0.000000e+00   1.632500e-11   295920
  1.463900e+01   8.121221e-09   9.007635e-03   1.637491e-11   292692
  1.466050e+01   8.120354e-09   7.888134e-02   1.631859e-11   295892
  1.468285e+01   8.116364e-09   0.000000e+00   1.645742e-11   293064
  1.470434e+01   7.984670e-09   4.226406e-02   1.605366e-11   293220
  1.472606e+01   7.998782e-09   3.781732e-02   1.626116e-11   286804
  1.474808e+01   7.958362e-09   0.000000e+00   1.606047e-11   293080
  1.476965e+01   7.931977e-09   7.765380e-02   1.604529e-11   291816
  1.479176e+01   7.875465e-09   0.000000e+00   1.603224e-11   287784
  1.481366e+01   7.792272e-09   0.000000e+00   1.595655e-11   286760
  1.483504e+01   7.822253e-09   8.199859e-02   1.585529e-11   287088
  1.485710e+01   7.734923e-09   0.000000e+00   1.586236e-11   286176
  1.487907e+01   7.725490e-09   0.000000e+00   1.583374e-11   284184
  1.490040e+01   7.671397e-09   7.267614e-02   1.575179e-11   282220
  1.492268e+01   7.608389e-09   0.000000e+00   1.560913e-11   284452
  1.494426e+01   7.596544e-09   0.000000e+00   1.574881e-11   279516
  1.496590e+01   7.527987e-09   7.887806e-02   1.563021e-11   282696
  1.498820e+01   7.498491e-09   0.000000e+00   1.555942e-11   278676
  1.500952e+01   7.465816e-09   8.119946e-02   1.547271e-11   279512
  1.503149e+01   7.416709e-09   1.001005e-02   1.559824e-11   276672
  1.505351e+01   7.377030e-09   0.000000e+00   1.542970e-11   276036
  1.507474e+01   7.333615e-09   7.959183e-02   1.541607e-11   274416
  1.509680e+01   7.272222e-09   3.667697e-02   1.523225e-11   275384
  1.511885e+01   7.253603e-09   0.000000e+00   1.527994e-11   274560
  1.514026e+01   7.195494e-09   8.749174e-02   1.514006e-11   272220
  1.516243e+01   7.195345e-09   0.000000e+00   1.520186e-11   270492
  1.518412e+01   7.154433e-09   0.000000e+00   1.516426e-11   271532
  1.520585e+01   7.065690e-09   5.245833e-02   1.493696e-11   272052
  1.522791e+01   7.079979e-09   0.000000e+00   1.518971e-11   264372
  1.524925e+01   7.005947e-09   4.736758e-02   1.505925e-11   268652
  1.527124e+01   6.980228e-09   5.494307e-02   1.497498e-11   266760
  1.529315e+01   6.957297e-09   0.000000e+00   1.506199e-11   262536
  1.531460e+01   6.879518e-09   8.635946e-02   1.482656e-11   266460
  1.533659e+01   6.851739e-09   0.000000e+00   1.488044e-11   261560
  1.535847e+01   6.787691e-09   0.000000e+00   1.469169e-11   262236
  1.538001e+01   6.779648e-09   7.707807e-02   1.471442e-11   261708
  1.540197e+01   6.734592e-09   0.000000e+00   1.470412e-11   258960
  1.542387e+01   6.661693e-09   0.000000e+00   1.470870e-11   258376
  1.544529e+01   6.644884e-09   7.305776e-02   1.453593e-11   258304
  1.546762e+01   6.632258e-09   0.000000e+00   1.446056e-11   259368
  1.548920e+01   6.550612e-09   3.591505e-02   1.451727e-11   253332
  1.551081e+01   6.538575e-09   7.711833e-02   1.444691e-11   254448
  1.553306e+01   6.466024e-09   0.000000e+00   1.433916e-11   255248
  1.555453e+01   6.465655e-09   8.000410e-02   1.439873e-11   252180
  1.557655e+01   6.429731e-09   3.011993e-02   1.424508e-11   252744
  1.559851e+01   6.374846e-09   0.000000e+00   1.440075e-11   247348
  1.561982e+01   6.348015e-09   9.611300e-02   1.417923e-11   250432
  1.564189e+01   6.296369e-09   0.000000e+00   1.428786e-11   247860
  1.566393e+01   6.229559e-09   0.000000e+00   1.412341e-11   247716
  1.568526e+01   6.218005e-09   8.064727e-02   1.413241e-11   242472
  1.570747e+01   6.149943e-09   0.000000e+00   1.388293e-11   248672
  1.572913e+01   6.155178e-09   3.600231e-02   1.407269e-11   239352
  1.575066e+01   6.107745e-09   6.530068e-02   1.389098e-11   245088
  1.577291e+01   6.081287e-09   0.000000e+00   1.409463e-11   239232
  1.579424e+01   6.078560e-09   8.602723e-02   1.397253e-11   240320
  1.581633e+01   5.970169e-09   0.000000e+00   1.382741e-11   239340
  1.583838e+01   5.994524e-09   0.000000e+00   1.397301e-11   237636
  1.585962e+01   5.938826e-09   8.196060e-02   1.385146e-11   235980
  1.588167e+01   5.887455e-09   0.000000e+00   1.380298e-11   235304
  1.590367e+01   5.850631e-09   0.000000e+00   1.371650e-11   234576
  1.592505e+01   5.803519e-09   7.581812e-02   1.371159e-11   232788
  1.594710e+01   5.737532e-09   0.000000e+00   1.359463e-11   230400
  1.596887e+01   5.779562e-09   0.000000e+00   1.370507e-11   231836
  1.599050e+01   5.689283e-09   8.124752e-02   1.348567e-11   231288
  1.601279e+01   5.677925e-09   0.000000e+00   1.360570e-11   226536
  1.603413e+01   5.597871e-09   6.403917e-02   1.354649e-11   226084
  1.605589e+01   5.604881e-09   5.481542e-02   1.345901e-11   227116
  1.607809e+01   5.552319e-09   0.000000e+00   1.342564e-11   223800
  1.609944e+01   5.470067e-09   8.780799e-02   1.321383e-11   223884
  1.612142e+01   5.450876e-09   0.000000e+00   1.327393e-11   222360
  1.614344e+01   5.449901e-09   0.000000e+00   1.325011e-11   221156
  1.616493e+01   5.407827e-09   9.702311e-02   1.329882e-11   221724
  1.618705e+01   5.381473e-09   0.000000e+00   1.313435e-11   217584
  1.620888e+01   5.306391e-09   0.000000e+00   1.310334e-11   217576
  1.623027e+01   5.309239e-09   1.009750e-01   1.323904e-11   215464
  1.625248e+01   5.286394e-09   0.000000e+00   1.309628e-11   215472
  1.627412e+01   5.188357e-09   2.649494e-02   1.300158e-11   213768
  1.629568e+01   5.211517e-09   8.705331e-02   1.309068e-11   210956
  1.631780e+01   5.113663e-09   0.000000e+00   1.295751e-11   211788
  1.633940e+01   5.117141e-09   4.920059e-02   1.288591e-11   211092
  1.636135e+01   5.084166e-09   3.362551e-02   1.278436e-11   209556
  1.638344e+01   5.058272e-09   0.000000e+00   1.300490e-11   206700
  1.640470e+01   5.059052e-09   8.220763e-02   1.296003e-11   206048
  1.642671e+01   4.985051e-09   0.000000e+00   1.281624e-11   204744
  1.644867e+01   4.950051e-09   0.000000e+00   1.273501e-11   202992
  1.646991e+01   4.943146e-09   9.176789e-02   1.284377e-11   201944
  1.649225e+01   4.884405e-09   0.000000e+00   1.256725e-11   203304
  1.651413e+01   4.871897e-09   0.000000e+00   1.266736e-11   200484
  1.653543e+01   4.831976e-09   9.772307e-02   1.269028e-11   195516
  1.655777e+01   4.776048e-09   0.000000e+00   1.251987e-11   198860
  1.657917e+01   4.833271e-09   4.417531e-02   1.270740e-11   195264
  1.660100e+01   4.714610e-09   6.454973e-02   1.247004e-11   195984
  1.662318e+01   4.732825e-09   0.000000e+00   1.260987e-11   191808
  1.664430e+01   4.672491e-09   7.475673e-02   1.249742e-11   190776
  1.666627e+01   4.647757e-09   1.986672e-02   1.253927e-11   192032
  1.668840e+01   4.636691e-09   0.000000e+00   1.244188e-11   188628
  1.670967e+01   4.555554e-09   1.037109e-01   1.230102e-11   189444
  1.673190e+01   4.550570e-09   0.000000e+00   1.239097e-11   186260
  1.675359e+01   4.545917e-09   0.000000e+00   1.236873e-11   184560
  1.677509e+01   4.460444e-09   9.373582e-02   1.213656e-11   185832
  1.679750e+01   4.492735e-09   0.000000e+00   1.232757e-11   182400
  1.681894e+01   4.425403e-09   4.513890e-02   1.234676e-11   181380
  1.684059e+01   4.440210e-09   7.818403e-02   1.228017e-11   180332
  1.686284e+01   4.405469e-09   0.000000e+00   1.222413e-11   178236
  1.688431e+01   4.368507e-09   5.633973e-02   1.222777e-11   179184
  1.690617e+01   4.381751e-09   7.226902e-02   1.234848e-11   175028
  1.692824e+01   4.342054e-09   0.000000e+00   1.219616e-11   175440
  1.694979e+01   4.241369e-09   7.763949e-02   1.196808e-11   174828
  1.697177e+01   4.308338e-09   0.000000e+00   1.231010e-11   169896
  1.699354e+01   4.225764e-09   0.000000e+00   1.210546e-11   171708
  1.701506e+01   4.195256e-09   9.972376e-02   1.203836e-11   169328
  1.703715e+01   4.191355e-09   0.000000e+00   1.212135e-11   167364
  1.705895e+01   4.144757e-09   3.605611e-02   1.202558e-11   168192
  1.708047e+01   4.160797e-09   8.943528e-02   1.204530e-11   163188
  1.710278e+01   4.128574e-09   0.000000e+00   1.202639e-11   166184
  1.712441e+01   4.075526e-09   4.552735e-02   1.196678e-11   161460
  1.714597e+01   4.089568e-09   8.261426e-02   1.196518e-11   159972
  1.716806e+01   4.016796e-09   0.000000e+00   1.190156e-11   159488
  1.718948e+01   4.051901e-09   7.752438e-02   1.199636e-11   158148
  1.721156e+01   4.022586e-09   0.000000e+00   1.188408e-11   158100
  1.723362e+01   3.970680e-09   0.000000e+00   1.189387e-11   155232
  1.725473e+01   3.979194e-09   8.881878e-02   1.197751e-11   151216
  1.727694e+01   3.900260e-09   0.000000e+00   1.165904e-11   155560
  1.729900e+01   3.921721e-09   0.000000e+00   1.187255e-11   151404
  1.732026e+01   3.896012e-09   1.058130e-01   1.197017e-11   148356
  1.734251e+01   3.857662e-09   0.000000e+00   1.174185e-11   147164
  1.736399e+01   3.903383e-09   2.959822e-02   1.181143e-11   147384
  1.738570e+01   3.826972e-09   7.129158e-02   1.181688e-11   145992
  1.740808e+01   3.855101e-09   0.000000e+00   1.187688e-11   143856
  1.742915e+01   3.833578e-09   7.051890e-02   1.199786e-11   140384
  1.745120e+01   3.736202e-09   3.621946e-02   1.155350e-11   143856
  1.747335e+01   3.800494e-09   0.000000e+00   1.178665e-11   136968
  1.749450e+01   3.694265e-09   9.711027e-02   1.150826e-11   139536
  1.751682e+01   3.699555e-09   0.000000e+00   1.164499e-11   136916
  1.753850e+01   3.729979e-09   0.000000e+00   1.179803e-11   133032
  1.755990e+01   3.633674e-09   9.779630e-02   1.153845e-11   135540
  1.758238e+01   3.712008e-09   0.000000e+00   1.177846e-11   132096
  1.760380e+01   3.647787e-09   0.000000e+00   1.171788e-11   129540
  1.762542e+01   3.623537e-09   9.530211e-02   1.160620e-11   130640
  1.764769e+01   3.701807e-09   0.000000e+00   1.186430e-11   126276
  1.766917e+01   3.552009e-09   5.814919e-02   1.155911e-11   128484
  1.769130e+01   3.584138e-09   1.598620e-02   1.158778e-11   124168
  1.771312e+01   3.603799e-09   0.000000e+00   1.175618e-11   122224
  1.773463e+01   3.500092e-09   8.573872e-02   1.146793e-11   123156
  1.775674e+01   3.593224e-09   0.000000e+00   1.178535e-11   119688
  1.777834e+01   3.535189e-09   0.000000e+00   1.181309e-11   116640
  1.779986e+01   3.505322e-09   1.002498e-01   1.156099e-11   119696
  1.782206e+01   3.578790e-09   0.000000e+00   1.193368e-11   114276
  1.784378e+01   3.472282e-09   0.000000e+00   1.168392e-11   114060
  1.786529e+01   3.484841e-09   9.489083e-02   1.164724e-11   112536
  1.788755e+01   3.511809e-09   0.000000e+00   1.167214e-11   112196
  1.790929e+01   3.492173e-09   4.336788e-02   1.190629e-11   109404
  1.793083e+01   3.521310e-09   5.295508e-02   1.189872e-11   105900
  1.795273e+01   3.431787e-09   0.000000e+00   1.176539e-11   107176
  1.797433e+01   3.451849e-09   7.048605e-02   1.188863e-11   105088
  1.799632e+01   3.456890e-09   2.421316e-02   1.172297e-11   103800
  1.801836e+01   3.446907e-09   0.000000e+00   1.191305e-11   101340
  1.803974e+01   3.439771e-09   8.021039e-02   1.184250e-11   100036
  1.806162e+01   3.416198e-09   0.000000e+00   1.189237e-11   97672
  1.808359e+01   3.413398e-09   0.000000e+00   1.182083e-11   97908
  1.810511e+01   3.447545e-09   8.279964e-02   1.191062e-11   95328
  1.812714e+01   3.393220e-09   0.000000e+00   1.199047e-11   93600
  1.814886e+01   3.388645e-09   0.000000e+00   1.191208e-11   92312
  1.817055e+01   3.386806e-09   7.103943e-02   1.192003e-11   91044
  1.819264e+01   3.395037e-09   0.000000e+00   1.205280e-11   88500
  1.821390e+01   3.398146e-09   5.381386e-02   1.210777e-11   86216
  1.823583e+01   3.361381e-09   0.000000e+00   1.194553e-11   87159
  1.825818e+01   3.377264e-09   0.000000e+00   1.192060e-11   86064
  1.827963e+01   3.397133e-09   8.348192e-02   1.231485e-11   81648
  1.830139e+01   3.350417e-09   9.917527e-03   1.221055e-11   81654
  1.832346e+01   3.359296e-09   0.000000e+00   1.207423e-11   81284
  1.834510e+01   3.334224e-09   6.081750e-02   1.220780e-11   78888
  1.836688e+01   3.340567e-09   2.313918e-02   1.229337e-11   77250
  1.838853e+01   3.334481e-09   0.000000e+00   1.252073e-11   75942
  1.841019e+01   3.308620e-09   6.394078e-02   1.223682e-11   77042
  1.843244e+01   3.257717e-09   0.000000e+00   1.231671e-11   74094
  1.845417e+01   3.245087e-09   3.689999e-02   1.210305e-11   73818
  1.847592e+01   3.241558e-09   0.000000e+00   1.250701e-11   70998
  1.849776e+01   3.230051e-09   0.000000e+00   1.229279e-11   72044
  1.851953e+01   3.219980e-09   6.852189e-02   1.237818e-11   69426
  1.854147e+01   3.179922e-09   0.000000e+00   1.225254e-11   69288
  1.856323e+01   3.189483e-09   0.000000e+00   1.255813e-11   67068
  1.858472e+01   3.125770e-09   7.052720e-02   1.225060e-11   66926
  1.860673e+01   3.123084e-09   5.970077e-02   1.237337e-11   66348
  1.862884e+01   3.145314e-09   0.000000e+00   1.249533e-11   64728
  1.865032e+01   3.087574e-09   0.000000e+00   1.247862e-11   62820
  1.867209e+01   3.057510e-09   0.000000e+00   1.239457e-11   63716
  1.869413e+01   3.048125e-09   1.825164e-02   1.252306e-11   62160
  1.871588e+01   3.028249e-09   0.000000e+00   1.258089e-11   59940
  1.873745e+01   3.024893e-09   1.708947e-02   1.252290e-11   60112
  1.875922e+01   2.993506e-09   6.622040e-02   1.235878e-11   59668
  1.878132e+01   2.963184e-09   0.000000e+00   1.256142e-11   57618
  1.880286e+01   2.943723e-09   2.092882e-02   1.254661e-11   56868
  1.882443e+01   2.940143e-09   6.436858e-02   1.267321e-11   56684
  1.884634e+01   2.912109e-09   2.933073e-02   1.246466e-11   55536
  1.886828e+01   2.876925e-09   0.000000e+00   1.247977e-11   54342
  1.889011e+01   2.852904e-09   2.186292e-02   1.229207e-11   54768
  1.891171e+01   2.784244e-09   6.435420e-02   1.237612e-11   52094
  1.893352e+01   2.796610e-09   0.000000e+00   1.247518e-11   52224
  1.895563e+01   2.757588e-09   0.000000e+00   1.216468e-11   52188
  1.897730e+01   2.767296e-09   5.653020e-02   1.249791e-11   50190
  1.899884e+01   2.732180e-09   4.678071e-02   1.249302e-11   49224
  1.902080e+01   2.704091e-09   0.000000e+00   1.249296e-11   49094
  1.904284e+01   2.681954e-09   1.702991e-02   1.217169e-11   49488
  1.906465e+01   2.656902e-09   5.946788e-02   1.238408e-11   46830
  1.908616e+01   2.627068e-09   1.604080e-02   1.262840e-11   45860
  1.910805e+01   2.602241e-09   0.000000e+00   1.216886e-11   46770
  1.913001e+01   2.631040e-09   2.295019e-02   1.270784e-11   45468
  1.915178e+01   2.552234e-09   4.320086e-02   1.249441e-11   44130
  1.917347e+01   2.514303e-09   0.000000e+00   1.223460e-11   43230
  1.919529e+01   2.498650e-09   0.000000e+00   1.212193e-11   44108
  1.921728e+01   2.468747e-09   4.065946e-02   1.224400e-11   42162
  1.923902e+01   2.451600e-09   3.870180e-02   1.250406e-11   41358
  1.926058e+01   2.475318e-09   0.000000e+00   1.266530e-11   40456
  1.928240e+01   2.410143e-09   3.726235e-02   1.220375e-11   41230
  1.930457e+01   2.387892e-09   4.860714e-02   1.229607e-11   39906
  1.932641e+01   2.369384e-09   0.000000e+00   1.237568e-11   38508
  1.934787e+01   2.344808e-09   0.000000e+00   1.247017e-11   37854
  1.936953e+01   2.303032e-09   5.864983e-02   1.221642e-11   38162
  1.939171e+01   2.291116e-09   2.631652e-02   1.219375e-11   37212
  1.941359e+01   2.260040e-09   0.000000e+00   1.215332e-11   36450
  1.943494e+01   2.279985e-09   3.431940e-02   1.272321e-11   34718
  1.945658e+01   2.211544e-09   2.477413e-02   1.201127e-11   35814
  1.947878e+01   2.175233e-09   2.065746e-02   1.210796e-11   34896
  1.950069e+01   2.163618e-09   0.000000e+00   1.212911e-11   33822
  1.952197e+01   2.121750e-09   4.617870e-02   1.223693e-11   32522
  1.954384e+01   2.098131e-09   0.000000e+00   1.178726e-11   33630
  1.956603e+01   2.052718e-09   0.000000e+00   1.193245e-11   32166
  1.958760e+01   2.036724e-09   2.332873e-02   1.190992e-11   31200
  1.960897e+01   2.042201e-09   1.991862e-02   1.185899e-11   30598
  1.963083e+01   1.999353e-09   2.254205e-02   1.179475e-11   31138
  1.965318e+01   1.984585e-09   0.000000e+00   1.181511e-11   30510
  1.967494e+01   1.949998e-09   3.320336e-02   1.178771e-11   28998
  1.969630e+01   1.936563e-09   1.094481e-02   1.202036e-11   28290
  1.971813e+01   1.891199e-09   4.634409e-02   1.165355e-11   29126
  1.974048e+01   1.842340e-09   0.000000e+00   1.139072e-11   28008
  1.976227e+01   1.836793e-09   1.283165e-02   1.167461e-11   27222
  1.978381e+01   1.845338e-09   2.420218e-02   1.165131e-11   26426
  1.980561e+01   1.753666e-09   1.193169e-02   1.117761e-11   26694
  1.982768e+01   1.761763e-09   2.585504e-02   1.148489e-11   25734
  1.984956e+01   1.752218e-09   0.000000e+00   1.150729e-11   25458
  1.987103e+01   1.717669e-09   5.641563e-03   1.156434e-11   24198
  1.989294e+01   1.664636e-09   0.000000e+00   1.092708e-11   25034
  1.991510e+01   1.641651e-09   2.093856e-02   1.130820e-11   23718
  1.993673e+01   1.632999e-09   0.000000e+00   1.127431e-11   23094
  1.995801e+01   1.631015e-09   2.962207e-02   1.153360e-11   22416
  1.997992e+01   1.579321e-09   5.289583e-03   1.086863e-11   23078
  2.000241e+01   1.572625e-09   0.000000e+00   1.127517e-11   22386
  2.002419e+01   1.560222e-09   0.000000e+00   1.109719e-11   21126
  2.004528e+01   1.551791e-09   0.000000e+00   1.125441e-11   20366
  2.006701e+01   1.491258e-09   4.035076e-02   1.097386e-11   21354
  2.008955e+01   1.486438e-09   0.000000e+00   1.110438e-11   20478
  2.011129e+01   1.437066e-09   0.000000e+00   1.089402e-11   19458
  2.013239e+01   1.422407e-09   8.217300e-03   1.116773e-11   18758
  2.015414e+01   1.393732e-09   4.488076e-02   1.044912e-11   19566
  2.017665e+01   1.376651e-09   3.078889e-02   1.057731e-11   18858
  2.019850e+01   1.353837e-09   8.620388e-03   1.068908e-11   17790
  2.021954e+01   1.311741e-09   0.000000e+00   1.059881e-11   17114
  2.024133e+01   1.301954e-09   0.000000e+00   1.041414e-11   17982
  2.026381e+01   1.262619e-09   0.000000e+00   1.028775e-11   17190
  2.028572e+01   1.248238e-09   0.000000e+00   1.034482e-11   16458
  2.030673e+01   1.264182e-09   3.305725e-02   1.065910e-11   15494
  2.032848e+01   1.182938e-09   5.551904e-03   9.675006e-12   16374
  2.035110e+01   1.160472e-09   3.635151e-03   9.693367e-12   15858
  2.037304e+01   1.148791e-09   0.000000e+00   1.000535e-11   14862
  2.039396e+01   1.156803e-09   4.752635e-03   1.009654e-11   14082
  2.041582e+01   1.083920e-09   0.000000e+00   9.349303e-12   14990
  2.043850e+01   1.103112e-09   1.337506e-02   9.681385e-12   14358
  2.046035e+01   1.069337e-09   0.000000e+00   9.879473e-12   13386
  2.048107e+01   1.065866e-09   0.000000e+00   9.956795e-12   12678
  2.050293e+01   1.018365e-09   2.471796e-02   9.400378e-12   13700
  2.052576e+01   1.012423e-09   1.781362e-02   9.615069e-12   12942
  2.054768e+01   9.834933e-10   4.107014e-02   9.727861e-12   12198
  2.056815e+01   1.016458e-09   0.000000e+00   1.026712e-11   11106
  2.058987e+01   9.328515e-10   5.770931e-03   8.836756e-12   12494
  2.061278e+01   9.339131e-10   2.984655e-02   9.026094e-12   11610
  2.063486e+01   9.175007e-10   0.000000e+00   9.327628e-12   11094
  2.065534e+01   9.030905e-10   1.845108e-02   9.365683e-12   9902
  2.067697e+01   8.558845e-10   1.623695e-02   8.607666e-12   11226
  2.069988e+01   7.982140e-10   0.000000e+00   8.227253e-12   10326
  2.072199e+01   7.950783e-10   1.862805e-02   8.459527e-12   10074
  2.074264e+01   8.304928e-10   0.000000e+00   9.298383e-12   8766
  2.076409e+01   7.714507e-10   0.000000e+00   8.119167e-12   9950
  2.078694e+01   7.569968e-10   1.393971e-02   8.226391e-12   9252
  2.080904e+01   7.647685e-10   0.000000e+00   9.007489e-12   8886
  2.082967e+01   7.288420e-10   0.000000e+00   8.579574e-12   7850
  2.085131e+01   6.785886e-10   8.491191e-03   7.878354e-12   8886
  2.087422e+01   6.947672e-10   0.000000e+00   8.224509e-12   8142
  2.089606e+01   6.890989e-10   1.857415e-02   7.955356e-12   7746
  2.091645e+01   6.488228e-10   2.348574e-02   8.055402e-12   6926
  2.093851e+01   6.239333e-10   0.000000e+00   7.500031e-12   7974
  2.096150e+01   6.205630e-10   1.994147e-02   8.003959e-12   7074
  2.098308e+01   5.811207e-10   0.000000e+00   7.363387e-12   6744
  2.100337e+01   5.924239e-10   2.070851e-02   8.187359e-12   6114
  2.102580e+01   5.262112e-10   0.000000e+00   6.661699e-12   7094
  2.104919e+01   5.301393e-10   0.000000e+00   7.147909e-12   6174
  2.107051e+01   5.017536e-10   8.261203e-03   6.832605e-12   5754
  2.109025e+01   5.360618e-10   0.000000e+00   7.563996e-12   5214
  2.111298e+01   4.844098e-10   0.000000e+00   6.509659e-12   6338
  2.113700e+01   4.647708e-10   7.035985e-03   6.856552e-12   5352
  2.115807e+01   4.456794e-10   0.000000e+00   6.705396e-12   4830
  2.117690e+01   4.758210e-10   1.333905e-02   7.836591e-12   4338
  2.119976e+01   4.000748e-10   0.000000e+00   5.571365e-12   5558
  2.122480e+01   3.756038e-10   1.577102e-02   5.518519e-12   4866
  2.124631e+01   4.009387e-10   2.740138e-02   6.864622e-12   3846
  2.126342e+01   4.124808e-10   0.000000e+00   7.700392e-12   3518
  2.128637e+01   3.612922e-10   2.228437e-02   5.593518e-12   4812
  2.131215e+01   3.292704e-10   1.198261e-02   5.407932e-12   4278
  2.133449e+01   3.334762e-10   2.131553e-02   6.310719e-12   3174
  2.134996e+01   3.407700e-10   0.000000e+00   6.558888e-12   2738
  2.137283e+01   2.939902e-10   1.194098e-02   5.108242e-12   4086
  2.139914e+01   2.871574e-10   0.000000e+00   5.241956e-12   3666
  2.142254e+01   2.653116e-10   1.520292e-02   5.960592e-12   2712
  2.143650e+01   3.143330e-10   8.681277e-03   7.191445e-12   1998
  2.145925e+01   2.484845e-10   1.366653e-02   4.438552e-12   3434
  2.148610e+01   2.375192e-10   0.000000e+00   4.474201e-12   3078
  2.151062e+01   2.205588e-10   1.065801e-02   4.815312e-12   2334
  2.152310e+01   2.740158e-10   0.000000e+00   7.333040e-12   1340
  2.154564e+01   2.066001e-10   0.000000e+00   4.432411e-12   2838
  2.157313e+01   1.861973e-10   0.000000e+00   4.166011e-12   2538
  2.159879e+01   1.804526e-10   1.358619e-02   4.534323e-12   1974
  2.160907e+01   2.210270e-10   1.359459e-02   7.905851e-12   774
  2.163172e+01   1.672902e-10   0.000000e+00   3.647126e-12   2300
  2.165989e+01   1.516990e-10   1.542846e-02   3.548114e-12   2046
  2.168672e+01   1.397733e-10   4.677963e-03   3.615916e-12   1626
  2.169506e+01   2.259938e-10   8.132370e-03   1.195124e-11   390
  2.171763e+01   1.318064e-10   8.254315e-03   3.405761e-12   1766
  2.174626e+01   1.244649e-10   0.000000e+00   3.225090e-12   1596
  2.177421e+01   1.041978e-10   0.000000e+00   3.288356e-12   1302
  2.178107e+01   1.757993e-10   0.000000e+00   1.496537e-11   150
  2.180369e+01   9.618450e-11   0.000000e+00   2.844182e-12   1298
  2.183241e+01   8.478459e-11   0.000000e+00   2.640278e-12   1158
  2.186098e+01   7.838115e-11   4.619603e-03   2.708746e-12   996
  2.187147e+01   1.451558e-10   1.131615e-02   2.018759e-11   38
  2.188994e+01   7.181441e-11   0.000000e+00   2.585441e-12   894
  2.191871e+01   5.803705e-11   1.020716e-02   2.269399e-12   786
  2.194751e+01   5.475988e-11   0.000000e+00   2.190704e-12   678
  2.197491e+01   1.612287e-11   0.000000e+00   3.627133e-12   8
  2.197635e+01   4.933531e-11   9.262839e-03   2.075955e-12   570
  2.200518e+01   3.134419e-11   9.940631e-03   1.438872e-12   486
  2.203405e+01   3.103802e-11   0.000000e+00   1.628785e-12   402
  2.206211e+01   1.116681e-11   0.000000e+00   2.305411e-12   8
  2.206295e+01   2.370320e-11   1.148833e-02   1.330978e-12   318
  2.209183e+01   1.976473e-11   0.000000e+00   1.553498e-12   258
  2.212076e+01   1.611226e-11   0.000000e+00   1.151259e-12   198
  2.214931e+01   5.356385e-12   0.000000e+00   1.124062e-12   8
  2.214972e+01   1.193346e-11   0.000000e+00   1.503870e-12   138
  2.217866e+01   7.195919e-12   3.770745e-03   8.828635e-13   102
  2.220764e+01   4.627265e-12   6.867792e-03   6.140290e-13   66
  2.223664e+01   2.913487e-12   0.000000e+00   4.418417e-13   38
  2.226566e+01   1.919371e-12   0.000000e+00   5.779566e-13   18
  2.229469e+01   3.714354e-13   0.000000e+00   6.002571e-14   6
