# power spectrum of delta
# redshift z=1.404800
# k              Pk             sigma(k)       sigma(Pk)      count
  5.034611e-02   1.040535e-02   1.649661e-05   3.915251e-03   6
  7.120015e-02   5.612932e-02   0.000000e+00   1.219703e-02   12
  9.298354e-02   6.132173e-02   6.675868e-03   1.115201e-02   14
  1.179498e-01   1.006450e-01   5.372206e-03   1.133838e-02   48
  1.485703e-01   1.294385e-01   3.902364e-03   1.413682e-02   42
  1.630938e-01   1.205878e-01   3.885028e-03   1.635748e-02   48
  1.849248e-01   1.736406e-01   4.657527e-03   1.835239e-02   80
  2.095764e-01   2.396321e-01   3.616184e-03   2.005203e-02   90
  2.284365e-01   2.149732e-01   5.678407e-03   2.181128e-02   120
  2.552299e-01   2.995552e-01   4.772066e-03   2.176364e-02   158
  2.729761e-01   3.244144e-01   2.264649e-03   3.363806e-02   120
  2.943566e-01   3.531348e-01   5.061767e-03   2.423760e-02   186
  3.179794e-01   4.060321e-01   6.922087e-03   2.390110e-02   264
  3.371748e-01   4.860565e-01   3.737021e-03   3.435327e-02   168
  3.616666e-01   5.126061e-01   6.678935e-03   2.824188e-02   386
  3.821617e-01   4.079905e-01   4.041476e-03   2.846101e-02   192
  4.023269e-01   6.058400e-01   6.626239e-03   2.931773e-02   390
  4.249813e-01   5.451723e-01   6.937664e-03   2.850802e-02   396
  4.462644e-01   6.480601e-01   6.882941e-03   3.357031e-02   398
  4.696612e-01   6.638654e-01   6.746443e-03   2.591578e-02   576
  4.926857e-01   6.728418e-01   6.844329e-03   3.287773e-02   444
  5.128250e-01   8.684452e-01   6.180984e-03   3.460670e-02   590
  5.357574e-01   8.529789e-01   6.762370e-03   3.250122e-02   648
  5.581250e-01   9.126386e-01   5.984853e-03   3.823048e-02   654
  5.779979e-01   9.748957e-01   4.964212e-03   3.651055e-02   636
  6.002125e-01   1.017163e+00   7.442619e-03   3.361406e-02   830
  6.210565e-01   1.105316e+00   5.357348e-03   3.826447e-02   792
  6.423697e-01   1.149171e+00   5.509935e-03   4.401201e-02   804
  6.641974e-01   1.231907e+00   6.800522e-03   4.057601e-02   1038
  6.853297e-01   1.270040e+00   5.326721e-03   4.013993e-02   936
  7.082344e-01   1.224935e+00   6.224155e-03   3.567105e-02   1130
  7.289948e-01   1.379083e+00   5.780067e-03   4.106094e-02   1104
  7.517839e-01   1.435245e+00   6.426420e-03   4.181228e-02   1230
  7.726234e-01   1.556016e+00   6.530794e-03   4.191363e-02   1260
  7.937953e-01   1.569792e+00   5.642377e-03   4.305154e-02   1286
  8.177406e-01   1.530490e+00   6.847285e-03   3.689417e-02   1728
  8.404302e-01   1.694406e+00   6.057382e-03   4.749571e-02   1392
  8.619953e-01   1.862071e+00   5.731261e-03   4.487737e-02   1626
  8.840987e-01   1.757414e+00   6.802137e-03   4.274288e-02   1760
  9.062925e-01   1.881187e+00   5.620745e-03   4.661401e-02   1686
  9.272150e-01   1.924306e+00   5.717340e-03   4.554088e-02   1812
  9.486081e-01   2.041339e+00   6.573858e-03   4.481745e-02   1862
  9.704713e-01   2.130748e+00   5.863962e-03   4.441629e-02   2160
  9.924688e-01   2.212517e+00   5.999953e-03   5.217879e-02   1956
  1.014601e+00   2.191907e+00   6.734120e-03   4.299840e-02   2454
  1.036199e+00   2.397797e+00   5.252456e-03   5.093380e-02   2048
  1.057875e+00   2.507220e+00   6.837107e-03   5.003525e-02   2538
  1.079272e+00   2.647859e+00   5.720686e-03   5.268264e-02   2400
  1.100898e+00   2.808305e+00   6.826964e-03   5.688868e-02   2526
  1.122475e+00   2.690096e+00   6.758341e-03   5.024881e-02   2856
  1.144982e+00   2.816235e+00   6.348590e-03   5.276503e-02   2804
  1.167211e+00   2.970865e+00   6.610118e-03   5.621494e-02   2958
  1.188366e+00   3.169096e+00   6.393824e-03   5.630253e-02   2976
  1.210691e+00   3.118975e+00   6.397896e-03   5.481250e-02   3194
  1.231592e+00   3.355372e+00   6.379307e-03   6.035987e-02   3120
  1.254231e+00   3.360573e+00   6.491404e-03   5.716173e-02   3606
  1.275838e+00   3.431502e+00   5.899826e-03   5.947106e-02   3276
  1.296888e+00   3.438096e+00   6.706003e-03   5.641898e-02   3600
  1.318543e+00   3.662240e+00   5.858571e-03   6.155899e-02   3638
  1.339390e+00   3.862125e+00   6.262796e-03   6.060308e-02   3744
  1.361944e+00   3.920968e+00   6.476647e-03   6.168569e-02   4170
  1.383503e+00   3.918437e+00   6.119119e-03   6.316356e-02   3984
  1.405462e+00   4.084379e+00   6.190164e-03   6.320056e-02   4334
  1.427130e+00   4.126898e+00   5.733355e-03   6.244130e-02   4284
  1.448526e+00   4.286006e+00   6.923767e-03   6.415872e-02   4374
  1.470898e+00   4.500327e+00   6.152516e-03   6.465818e-02   5016
  1.492933e+00   4.497496e+00   5.887916e-03   7.044570e-02   4580
  1.514897e+00   4.607919e+00   6.943843e-03   6.529831e-02   5142
  1.537303e+00   4.758533e+00   6.675345e-03   0.000000e+00   5184
  1.559241e+00   4.856496e+00   5.220789e-03   0.000000e+00   5058
  1.580321e+00   4.962059e+00   6.199842e-03   0.000000e+00   5384
  1.602863e+00   4.993290e+00   7.063868e-03   0.000000e+00   5622
  1.624607e+00   5.099618e+00   5.979550e-03   0.000000e+00   5736
  1.646260e+00   5.404039e+00   5.354122e-03   0.000000e+00   5596
  1.668015e+00   5.460707e+00   6.735657e-03   0.000000e+00   6070
  1.689591e+00   5.534614e+00   5.173212e-03   0.000000e+00   6096
  1.712103e+00   5.801893e+00   6.448186e-03   0.000000e+00   6474
  1.732930e+00   5.907984e+00   6.165185e-03   0.000000e+00   6024
  1.755205e+00   6.028846e+00   6.201795e-03   0.000000e+00   7070
  1.777274e+00   6.128906e+00   5.086783e-03   0.000000e+00   6516
  1.798443e+00   6.233989e+00   6.107403e-03   0.000000e+00   6936
  1.820539e+00   6.420078e+00   6.184627e-03   0.000000e+00   7110
  1.841915e+00   6.604272e+00   4.498810e-03   0.000000e+00   7244
  1.864527e+00   6.735368e+00   6.733788e-03   0.000000e+00   7878
  1.886428e+00   6.698749e+00   6.507843e-03   0.000000e+00   7344
  1.907636e+00   6.914624e+00   6.725786e-03   0.000000e+00   7694
  1.929732e+00   7.130865e+00   6.438354e-03   0.000000e+00   8412
  1.951920e+00   7.181136e+00   6.743310e-03   0.000000e+00   7920
  1.973009e+00   7.532358e+00   5.761514e-03   0.000000e+00   8118
  1.994475e+00   7.318697e+00   6.697452e-03   0.000000e+00   8548
  2.016313e+00   7.650940e+00   6.745298e-03   0.000000e+00   8710
  2.037968e+00   8.065499e+00   5.906378e-03   0.000000e+00   8928
  2.060199e+00   8.059769e+00   6.359816e-03   0.000000e+00   9186
  2.081524e+00   8.134798e+00   7.045286e-03   0.000000e+00   9200
  2.103507e+00   8.098714e+00   5.998171e-03   0.000000e+00   9438
  2.124939e+00   8.392319e+00   8.411468e-03   0.000000e+00   9564
  2.146967e+00   8.530203e+00   6.415017e-03   0.000000e+00   10296
  2.169518e+00   8.834270e+00   5.667698e-03   0.000000e+00   10126
  2.190644e+00   8.799874e+00   7.046887e-03   0.000000e+00   10024
  2.213114e+00   9.091471e+00   5.026669e-03   0.000000e+00   11082
  2.235177e+00   9.257631e+00   7.619139e-03   0.000000e+00   10632
  2.256739e+00   9.335143e+00   5.720327e-03   0.000000e+00   10734
  2.278524e+00   9.576777e+00   6.776087e-03   0.000000e+00   11276
  2.300301e+00   9.855036e+00   6.085791e-03   0.000000e+00   11352
  2.322280e+00   9.868646e+00   6.233177e-03   0.000000e+00   11550
  2.343853e+00   9.945121e+00   5.900649e-03   0.000000e+00   11772
  2.365747e+00   1.049640e+01   7.369635e-03   0.000000e+00   12038
  2.387372e+00   1.021150e+01   9.106151e-03   0.000000e+00   12096
  2.409296e+00   1.057426e+01   7.220115e-03   0.000000e+00   12582
  2.430977e+00   1.052875e+01   2.113344e-03   0.000000e+00   12620
  2.453157e+00   1.086943e+01   7.638656e-03   0.000000e+00   13320
  2.474865e+00   1.071958e+01   6.958782e-03   0.000000e+00   12654
  2.496156e+00   1.110528e+01   1.062650e-03   0.000000e+00   13236
  2.517765e+00   1.117638e+01   1.010628e-02   0.000000e+00   13438
  2.539602e+00   1.120205e+01   9.833175e-03   0.000000e+00   14344
  2.562230e+00   1.164967e+01   6.206635e-03   0.000000e+00   14226
  2.583610e+00   1.191089e+01   4.762312e-03   0.000000e+00   14088
  2.605268e+00   1.188529e+01   0.000000e+00   0.000000e+00   14328
  2.626979e+00   1.201669e+01   6.865998e-03   0.000000e+00   14954
  2.648986e+00   1.245540e+01   5.347837e-03   0.000000e+00   15480
  2.671080e+00   1.218244e+01   7.132340e-03   0.000000e+00   14862
  2.692014e+00   1.242705e+01   8.455194e-03   0.000000e+00   15296
  2.713995e+00   1.259887e+01   8.024931e-03   0.000000e+00   15954
  2.735535e+00   1.299094e+01   6.812715e-03   0.000000e+00   15720
  2.757079e+00   1.288875e+01   2.748241e-03   0.000000e+00   16296
  2.779273e+00   1.332783e+01   4.346346e-03   0.000000e+00   17010
  2.800823e+00   1.350747e+01   3.623142e-03   0.000000e+00   16328
  2.822502e+00   1.338135e+01   3.402703e-03   0.000000e+00   17094
  2.844247e+00   1.364908e+01   8.956592e-03   0.000000e+00   17436
  2.866240e+00   1.376605e+01   9.298810e-03   0.000000e+00   17862
  2.888325e+00   1.393749e+01   7.840373e-03   0.000000e+00   18200
  2.910573e+00   1.385073e+01   4.880016e-04   0.000000e+00   18450
  2.932337e+00   1.432218e+01   3.583609e-03   0.000000e+00   18384
  2.954048e+00   1.433589e+01   6.085496e-03   0.000000e+00   18504
  2.975734e+00   1.450356e+01   4.758525e-03   0.000000e+00   19142
  2.997858e+00   1.483957e+01   6.297132e-03   0.000000e+00   19692
  3.019747e+00   1.472889e+01   6.306141e-03   0.000000e+00   19062
  3.041162e+00   1.502013e+01   0.000000e+00   0.000000e+00   20184
  3.063298e+00   1.533484e+01   7.766732e-03   0.000000e+00   19970
  3.084888e+00   1.531748e+01   0.000000e+00   0.000000e+00   20496
  3.107111e+00   1.521308e+01   9.072778e-03   0.000000e+00   21456
  3.128739e+00   1.549685e+01   6.301295e-03   0.000000e+00   19650
  3.149970e+00   1.613061e+01   9.976062e-03   0.000000e+00   22040
  3.172352e+00   1.608664e+01   1.357925e-02   0.000000e+00   21558
  3.193964e+00   1.600658e+01   0.000000e+00   0.000000e+00   21804
  3.215633e+00   1.624913e+01   8.391268e-03   0.000000e+00   21926
  3.237231e+00   1.652451e+01   9.950409e-03   0.000000e+00   22416
  3.258918e+00   1.663951e+01   8.940740e-03   0.000000e+00   22776
  3.281215e+00   1.696285e+01   6.927355e-03   0.000000e+00   23874
  3.303121e+00   1.694782e+01   0.000000e+00   0.000000e+00   23104
  3.324902e+00   1.732185e+01   0.000000e+00   0.000000e+00   23974
  3.346732e+00   1.728133e+01   1.445623e-02   0.000000e+00   23892
  3.368184e+00   1.733247e+01   0.000000e+00   0.000000e+00   23550
  3.389782e+00   1.770278e+01   7.102290e-03   0.000000e+00   25320
  3.411723e+00   1.753892e+01   1.238144e-02   0.000000e+00   24428
  3.433192e+00   1.772058e+01   8.665010e-03   0.000000e+00   25254
  3.455174e+00   1.778803e+01   0.000000e+00   0.000000e+00   26016
  3.476843e+00   1.788757e+01   0.000000e+00   0.000000e+00   25182
  3.498712e+00   1.820667e+01   3.664755e-03   0.000000e+00   27428
  3.520896e+00   1.838589e+01   5.697597e-03   0.000000e+00   25974
  3.542241e+00   1.862528e+01   9.192834e-03   0.000000e+00   26904
  3.563919e+00   1.872366e+01   3.258017e-03   0.000000e+00   26730
  3.585620e+00   1.885886e+01   0.000000e+00   0.000000e+00   27896
  3.607863e+00   1.905711e+01   1.093651e-02   0.000000e+00   28992
  3.630372e+00   1.896618e+01   2.024021e-03   0.000000e+00   28698
  3.651850e+00   1.968725e+01   0.000000e+00   0.000000e+00   27816
  3.673790e+00   1.937392e+01   0.000000e+00   0.000000e+00   29774
  3.695740e+00   1.938085e+01   7.062519e-03   0.000000e+00   29148
  3.717199e+00   1.964885e+01   0.000000e+00   0.000000e+00   28806
  3.738814e+00   2.000664e+01   1.204703e-02   0.000000e+00   30408
  3.760675e+00   1.983355e+01   0.000000e+00   0.000000e+00   30320
  3.782726e+00   2.023880e+01   0.000000e+00   0.000000e+00   30930
  3.804736e+00   2.020970e+01   0.000000e+00   0.000000e+00   31656
  3.826238e+00   2.028203e+01   5.589935e-04   0.000000e+00   30086
  3.847838e+00   2.046406e+01   1.400759e-02   0.000000e+00   32724
  3.869609e+00   2.060353e+01   8.107770e-03   0.000000e+00   30846
  3.891231e+00   2.093349e+01   2.642036e-03   0.000000e+00   33480
  3.913331e+00   2.091022e+01   1.129044e-02   0.000000e+00   32724
  3.934938e+00   2.095101e+01   7.410600e-03   0.000000e+00   32894
  3.956857e+00   2.109885e+01   0.000000e+00   0.000000e+00   34200
  3.978780e+00   2.121807e+01   8.916845e-03   0.000000e+00   33594
  4.000311e+00   2.141421e+01   0.000000e+00   0.000000e+00   34336
  4.022276e+00   2.145347e+01   3.234733e-03   0.000000e+00   34822
  4.044074e+00   2.164344e+01   0.000000e+00   0.000000e+00   35472
  4.065753e+00   2.199842e+01   0.000000e+00   0.000000e+00   34404
  4.087366e+00   2.212955e+01   0.000000e+00   0.000000e+00   36222
  4.109029e+00   2.184390e+01   6.487363e-03   0.000000e+00   35984
  4.130915e+00   2.217185e+01   8.838642e-03   0.000000e+00   36570
  4.152610e+00   2.258337e+01   0.000000e+00   0.000000e+00   37176
  4.174543e+00   2.239335e+01   0.000000e+00   0.000000e+00   37406
  4.196387e+00   2.227523e+01   0.000000e+00   0.000000e+00   38052
  4.218054e+00   2.268595e+01   0.000000e+00   0.000000e+00   37590
  4.240016e+00   2.292133e+01   1.119738e-02   0.000000e+00   39480
  4.261757e+00   2.256849e+01   0.000000e+00   0.000000e+00   38260
  4.283491e+00   2.280931e+01   1.087940e-02   0.000000e+00   39646
  4.305669e+00   2.323644e+01   5.692115e-03   0.000000e+00   40944
  4.327659e+00   2.325118e+01   0.000000e+00   0.000000e+00   39678
  4.349325e+00   2.330241e+01   0.000000e+00   0.000000e+00   40804
  4.371118e+00   2.333209e+01   0.000000e+00   0.000000e+00   40606
  4.392950e+00   2.316273e+01   1.453410e-02   0.000000e+00   42216
  4.414913e+00   2.352773e+01   0.000000e+00   0.000000e+00   41532
  4.436610e+00   2.355837e+01   0.000000e+00   0.000000e+00   41990
  4.458148e+00   2.380366e+01   1.550875e-02   0.000000e+00   42360
  4.480127e+00   2.415072e+01   5.482714e-03   0.000000e+00   43530
  4.501970e+00   2.402169e+01   8.788041e-03   0.000000e+00   43848
  4.523746e+00   2.394655e+01   0.000000e+00   0.000000e+00   42870
  4.545592e+00   2.445480e+01   1.478074e-02   0.000000e+00   46160
  4.567519e+00   2.432273e+01   6.181367e-03   0.000000e+00   43380
  4.589112e+00   2.459092e+01   0.000000e+00   0.000000e+00   45294
  4.610780e+00   2.435819e+01   1.381913e-02   0.000000e+00   45744
  4.632935e+00   2.482325e+01   0.000000e+00   0.000000e+00   46682
  4.654609e+00   2.446965e+01   7.816964e-03   0.000000e+00   45840
  4.676354e+00   2.455410e+01   0.000000e+00   0.000000e+00   47118
  4.698052e+00   2.497911e+01   2.037825e-02   0.000000e+00   47124
  4.719838e+00   2.502090e+01   4.332738e-03   0.000000e+00   47984
  4.742064e+00   2.493998e+01   8.770162e-03   0.000000e+00   49566
  4.763498e+00   2.530837e+01   5.239707e-03   0.000000e+00   46284
  4.784998e+00   2.519683e+01   1.455609e-02   0.000000e+00   49966
  4.806880e+00   2.529810e+01   1.099323e-02   0.000000e+00   49360
  4.828629e+00   2.525924e+01   9.723399e-04   0.000000e+00   49806
  4.850554e+00   2.548320e+01   1.180524e-02   0.000000e+00   51492
  4.872240e+00   2.565533e+01   1.617373e-02   0.000000e+00   49496
  4.894109e+00   2.577116e+01   1.607848e-02   0.000000e+00   53190
  4.916163e+00   2.574761e+01   0.000000e+00   0.000000e+00   51060
  4.937784e+00   2.578637e+01   0.000000e+00   0.000000e+00   52134
  4.959473e+00   2.593001e+01   1.045814e-02   0.000000e+00   53088
  4.981334e+00   2.589894e+01   6.522489e-03   0.000000e+00   52706
  5.003129e+00   2.584224e+01   1.039246e-02   0.000000e+00   54936
  5.025272e+00   2.610622e+01   0.000000e+00   0.000000e+00   53886
  5.046929e+00   2.601979e+01   0.000000e+00   0.000000e+00   54436
  5.068583e+00   2.596942e+01   0.000000e+00   0.000000e+00   55096
  5.090671e+00   2.626227e+01   0.000000e+00   0.000000e+00   56358
  5.112315e+00   2.618876e+01   0.000000e+00   0.000000e+00   55632
  5.134133e+00   2.653000e+01   2.111103e-02   0.000000e+00   56530
  5.155898e+00   2.663959e+01   0.000000e+00   0.000000e+00   57232
  5.177583e+00   2.640571e+01   0.000000e+00   0.000000e+00   56766
  5.199821e+00   2.653144e+01   0.000000e+00   0.000000e+00   60804
  5.221460e+00   2.676439e+01   0.000000e+00   0.000000e+00   55536
  5.243179e+00   2.668155e+01   2.662701e-02   0.000000e+00   61166
  5.264987e+00   2.661424e+01   0.000000e+00   0.000000e+00   57396
  5.286552e+00   2.668850e+01   1.254878e-02   0.000000e+00   60870
  5.308448e+00   2.667451e+01   0.000000e+00   0.000000e+00   60224
  5.330232e+00   2.694654e+01   1.821635e-02   0.000000e+00   61002
  5.352087e+00   2.676514e+01   1.707155e-02   0.000000e+00   62016
  5.373827e+00   2.708576e+01   0.000000e+00   0.000000e+00   60768
  5.395394e+00   2.680141e+01   2.465430e-02   0.000000e+00   62870
  5.417440e+00   2.725439e+01   9.215724e-03   0.000000e+00   63804
  5.439362e+00   2.715809e+01   1.126132e-02   0.000000e+00   63054
  5.460783e+00   2.721324e+01   9.180698e-03   0.000000e+00   63024
  5.482666e+00   2.723636e+01   0.000000e+00   0.000000e+00   65018
  5.504300e+00   2.724823e+01   1.606902e-02   0.000000e+00   64608
  5.526162e+00   2.717030e+01   0.000000e+00   0.000000e+00   65688
  5.547959e+00   2.732188e+01   2.369999e-02   0.000000e+00   65994
  5.569685e+00   2.747996e+01   0.000000e+00   0.000000e+00   66648
  5.591650e+00   2.744980e+01   1.639444e-02   0.000000e+00   67310
  5.613298e+00   2.740883e+01   0.000000e+00   0.000000e+00   67224
  5.635098e+00   2.758521e+01   6.804971e-03   0.000000e+00   68034
  5.656981e+00   2.720147e+01   0.000000e+00   0.000000e+00   69744
  5.678865e+00   2.728251e+01   1.183299e-02   0.000000e+00   68654
  5.700966e+00   2.767862e+01   1.642380e-02   0.000000e+00   72132
  5.722833e+00   2.756382e+01   9.700960e-03   0.000000e+00   68520
  5.744390e+00   2.778207e+01   1.559983e-02   0.000000e+00   71070
  5.766375e+00   2.772044e+01   0.000000e+00   0.000000e+00   71948
  5.788139e+00   2.764003e+01   2.399888e-02   0.000000e+00   71598
  5.810091e+00   2.766820e+01   0.000000e+00   0.000000e+00   73536
  5.831861e+00   2.779567e+01   2.881669e-02   0.000000e+00   71802
  5.853405e+00   2.789024e+01   0.000000e+00   0.000000e+00   73280
  5.875205e+00   2.777239e+01   0.000000e+00   0.000000e+00   73992
  5.897203e+00   2.822910e+01   1.339396e-02   0.000000e+00   75966
  5.918986e+00   2.778037e+01   0.000000e+00   0.000000e+00   74364
  5.940793e+00   2.796219e+01   1.636954e-02   0.000000e+00   76094
  5.962538e+00   2.805843e+01   0.000000e+00   0.000000e+00   76224
  5.984354e+00   2.776242e+01   1.064143e-02   0.000000e+00   76242
  6.005938e+00   2.793676e+01   0.000000e+00   0.000000e+00   76944
  6.027735e+00   2.805916e+01   0.000000e+00   0.000000e+00   78680
  6.049871e+00   2.811386e+01   1.842920e-02   0.000000e+00   79962
  6.071580e+00   2.841156e+01   1.022226e-02   0.000000e+00   77760
  6.093272e+00   2.811127e+01   2.212803e-02   0.000000e+00   79590
  6.115082e+00   2.819382e+01   0.000000e+00   0.000000e+00   80732
  6.136951e+00   2.810078e+01   2.800375e-02   0.000000e+00   81174
  6.158762e+00   2.828644e+01   9.573339e-03   0.000000e+00   80832
  6.180135e+00   2.821635e+01   2.844669e-02   0.000000e+00   79992
  6.202064e+00   2.827582e+01   0.000000e+00   0.000000e+00   84314
  6.224071e+00   2.837622e+01   0.000000e+00   0.000000e+00   83592
  6.245949e+00   2.822753e+01   2.103638e-02   0.000000e+00   83838
  6.267704e+00   2.833953e+01   0.000000e+00   0.000000e+00   83676
  6.289373e+00   2.820889e+01   1.361064e-02   0.000000e+00   84950
  6.311106e+00   2.829742e+01   0.000000e+00   0.000000e+00   84912
  6.332969e+00   2.834556e+01   2.529935e-02   0.000000e+00   87162
  6.354881e+00   2.823783e+01   0.000000e+00   0.000000e+00   86440
  6.376563e+00   2.835542e+01   0.000000e+00   0.000000e+00   86560
  6.398431e+00   2.861923e+01   3.319849e-03   0.000000e+00   88698
  6.420197e+00   2.839220e+01   3.169745e-02   0.000000e+00   88920
  6.442253e+00   2.830369e+01   0.000000e+00   0.000000e+00   88814
  6.463886e+00   2.814234e+01   7.557604e-03   0.000000e+00   90336
  6.485929e+00   2.829920e+01   0.000000e+00   0.000000e+00   90282
  6.507693e+00   2.839880e+01   0.000000e+00   0.000000e+00   90840
  6.529284e+00   2.847672e+01   2.296931e-02   0.000000e+00   91128
  6.551301e+00   2.868577e+01   0.000000e+00   0.000000e+00   92690
  6.572966e+00   2.863558e+01   0.000000e+00   0.000000e+00   92160
  6.594826e+00   2.856237e+01   0.000000e+00   0.000000e+00   93534
  6.616518e+00   2.855852e+01   0.000000e+00   0.000000e+00   93484
  6.638314e+00   2.836060e+01   6.372532e-03   0.000000e+00   95206
  6.660295e+00   2.827004e+01   1.036119e-02   0.000000e+00   96048
  6.681921e+00   2.854127e+01   8.415187e-03   0.000000e+00   93600
  6.703677e+00   2.851627e+01   0.000000e+00   0.000000e+00   97410
  6.725469e+00   2.848964e+01   2.885872e-02   0.000000e+00   97856
  6.747481e+00   2.838960e+01   0.000000e+00   0.000000e+00   97278
  6.769188e+00   2.840079e+01   1.794122e-02   0.000000e+00   98916
  6.790911e+00   2.820477e+01   0.000000e+00   0.000000e+00   96894
  6.812521e+00   2.861728e+01   0.000000e+00   0.000000e+00   100976
  6.834544e+00   2.852905e+01   0.000000e+00   0.000000e+00   100164
  6.856217e+00   2.857355e+01   0.000000e+00   0.000000e+00   100014
  6.877762e+00   2.837800e+01   2.081740e-02   0.000000e+00   101040
  6.899663e+00   2.844269e+01   0.000000e+00   0.000000e+00   102338
  6.921356e+00   2.845701e+01   1.206213e-02   0.000000e+00   102912
  6.943366e+00   2.817258e+01   0.000000e+00   0.000000e+00   104238
  6.964996e+00   2.842715e+01   2.087221e-02   0.000000e+00   103104
  6.986823e+00   2.837188e+01   1.956338e-02   0.000000e+00   105404
  7.008712e+00   2.836694e+01   0.000000e+00   0.000000e+00   105198
  7.030479e+00   2.844500e+01   0.000000e+00   0.000000e+00   106632
  7.052366e+00   2.831295e+01   2.685402e-02   0.000000e+00   106706
  7.074123e+00   2.817414e+01   0.000000e+00   0.000000e+00   106992
  7.096135e+00   2.849508e+01   0.000000e+00   0.000000e+00   110118
  7.117933e+00   2.848910e+01   3.347172e-02   0.000000e+00   108084
  7.139606e+00   2.849241e+01   1.417281e-02   0.000000e+00   108222
  7.161524e+00   2.818773e+01   0.000000e+00   0.000000e+00   112160
  7.183237e+00   2.832208e+01   1.863443e-02   0.000000e+00   108492
  7.205042e+00   2.823214e+01   2.389110e-02   0.000000e+00   113262
  7.226935e+00   2.838469e+01   0.000000e+00   0.000000e+00   111360
  7.248853e+00   2.808119e+01   0.000000e+00   0.000000e+00   114182
  7.270606e+00   2.802296e+01   3.476836e-02   0.000000e+00   112884
  7.292431e+00   2.821452e+01   8.594339e-03   0.000000e+00   113934
  7.314099e+00   2.819499e+01   0.000000e+00   0.000000e+00   114504
  7.336123e+00   2.828895e+01   0.000000e+00   0.000000e+00   117500
  7.357851e+00   2.823322e+01   2.455356e-02   0.000000e+00   114102
  7.379594e+00   2.812650e+01   9.710264e-03   0.000000e+00   118584
  7.401470e+00   2.806856e+01   0.000000e+00   0.000000e+00   115546
  7.422992e+00   2.814831e+01   2.244738e-02   0.000000e+00   118984
  7.445054e+00   2.798922e+01   5.309493e-03   0.000000e+00   119526
  7.466766e+00   2.817659e+01   2.673670e-03   0.000000e+00   119436
  7.488461e+00   2.802051e+01   0.000000e+00   0.000000e+00   118632
  7.510188e+00   2.809452e+01   2.511446e-02   0.000000e+00   122510
  7.532109e+00   2.817793e+01   0.000000e+00   0.000000e+00   121680
  7.553956e+00   2.811820e+01   0.000000e+00   0.000000e+00   121434
  7.575563e+00   2.809252e+01   0.000000e+00   0.000000e+00   123928
  7.597457e+00   2.791489e+01   0.000000e+00   0.000000e+00   123910
  7.619296e+00   2.788985e+01   0.000000e+00   0.000000e+00   124452
  7.641073e+00   2.783115e+01   0.000000e+00   0.000000e+00   125376
  7.662851e+00   2.769288e+01   2.225024e-02   0.000000e+00   126638
  7.684644e+00   2.773251e+01   8.044593e-03   0.000000e+00   125844
  7.706452e+00   2.770082e+01   0.000000e+00   0.000000e+00   128142
  7.728288e+00   2.789668e+01   4.473696e-03   0.000000e+00   128136
  7.749974e+00   2.784755e+01   9.704522e-03   0.000000e+00   127642
  7.771831e+00   2.793360e+01   0.000000e+00   0.000000e+00   131968
  7.793930e+00   2.768403e+01   0.000000e+00   0.000000e+00   130326
  7.815602e+00   2.749207e+01   2.281508e-02   0.000000e+00   131688
  7.837392e+00   2.763298e+01   9.689984e-03   0.000000e+00   130212
  7.859096e+00   2.757336e+01   0.000000e+00   0.000000e+00   132686
  7.881070e+00   2.764821e+01   0.000000e+00   0.000000e+00   135960
  7.902946e+00   2.748623e+01   1.692439e-02   0.000000e+00   131562
  7.924360e+00   2.746787e+01   1.350981e-02   0.000000e+00   134016
  7.946303e+00   2.731365e+01   0.000000e+00   0.000000e+00   136478
  7.968113e+00   2.738477e+01   3.011072e-02   0.000000e+00   136812
  7.990008e+00   2.738295e+01   1.944545e-02   0.000000e+00   137856
  8.011825e+00   2.724599e+01   0.000000e+00   0.000000e+00   135862
  8.033513e+00   2.723825e+01   0.000000e+00   0.000000e+00   140056
  8.055478e+00   2.725475e+01   2.603569e-02   0.000000e+00   139602
  8.077232e+00   2.724455e+01   0.000000e+00   0.000000e+00   139080
  8.098975e+00   2.708412e+01   0.000000e+00   0.000000e+00   140678
  8.120804e+00   2.693664e+01   1.380320e-02   0.000000e+00   142884
  8.142548e+00   2.716742e+01   1.114586e-02   0.000000e+00   139992
  8.164337e+00   2.703216e+01   0.000000e+00   0.000000e+00   144966
  8.186253e+00   2.698842e+01   0.000000e+00   0.000000e+00   143364
  8.207959e+00   2.672699e+01   2.017321e-02   0.000000e+00   144518
  8.229701e+00   2.695499e+01   2.132630e-02   0.000000e+00   145200
  8.251407e+00   2.676381e+01   0.000000e+00   0.000000e+00   143466
  8.273060e+00   2.674476e+01   0.000000e+00   0.000000e+00   148824
  8.294868e+00   2.690253e+01   1.645350e-02   0.000000e+00   145544
  8.316512e+00   2.669834e+01   0.000000e+00   0.000000e+00   148590
  8.338429e+00   2.664021e+01   0.000000e+00   0.000000e+00   150540
  8.360312e+00   2.675631e+01   2.929294e-02   0.000000e+00   150134
  8.382108e+00   2.645624e+01   0.000000e+00   0.000000e+00   151296
  8.404107e+00   2.654808e+01   0.000000e+00   0.000000e+00   152058
  8.425685e+00   2.650361e+01   1.790280e-02   0.000000e+00   150864
  8.447487e+00   2.668389e+01   1.626137e-02   0.000000e+00   154310
  8.469509e+00   2.642916e+01   0.000000e+00   0.000000e+00   155172
  8.491298e+00   2.642431e+01   0.000000e+00   0.000000e+00   154128
  8.513295e+00   2.639769e+01   1.448468e-02   0.000000e+00   158310
  8.534995e+00   2.615014e+01   1.962863e-02   0.000000e+00   153436
  8.556709e+00   2.644945e+01   0.000000e+00   0.000000e+00   157726
  8.578728e+00   2.625937e+01   0.000000e+00   0.000000e+00   160368
  8.600431e+00   2.620992e+01   9.561040e-03   0.000000e+00   155718
  8.622094e+00   2.624717e+01   0.000000e+00   0.000000e+00   160028
  8.643904e+00   2.620718e+01   0.000000e+00   0.000000e+00   160920
  8.665750e+00   2.598638e+01   1.505892e-02   0.000000e+00   161070
  8.687593e+00   2.624023e+01   3.216792e-02   0.000000e+00   163428
  8.709311e+00   2.602496e+01   0.000000e+00   0.000000e+00   159574
  8.731177e+00   2.607580e+01   0.000000e+00   0.000000e+00   167392
  8.753059e+00   2.591744e+01   2.600188e-02   0.000000e+00   162258
  8.774786e+00   2.608276e+01   1.355207e-02   0.000000e+00   167472
  8.796666e+00   2.584294e+01   0.000000e+00   0.000000e+00   163664
  8.818291e+00   2.590649e+01   0.000000e+00   0.000000e+00   166986
  8.840152e+00   2.563529e+01   1.801607e-02   0.000000e+00   169968
  8.862181e+00   2.566883e+01   0.000000e+00   0.000000e+00   167646
  8.883697e+00   2.562909e+01   0.000000e+00   0.000000e+00   168080
  8.905519e+00   2.541800e+01   1.666145e-02   0.000000e+00   170826
  8.927355e+00   2.571179e+01   0.000000e+00   0.000000e+00   170928
  8.948987e+00   2.552379e+01   1.832506e-02   0.000000e+00   170640
  8.970897e+00   2.534776e+01   0.000000e+00   0.000000e+00   173954
  8.992616e+00   2.550326e+01   2.809679e-02   0.000000e+00   173232
  9.014490e+00   2.547557e+01   0.000000e+00   0.000000e+00   174150
  9.036304e+00   2.531006e+01   5.190674e-03   0.000000e+00   176364
  9.058084e+00   2.527845e+01   1.816121e-02   0.000000e+00   175302
  9.079875e+00   2.519995e+01   9.173347e-03   0.000000e+00   177392
  9.101603e+00   2.505713e+01   1.879538e-02   0.000000e+00   176352
  9.123495e+00   2.508974e+01   0.000000e+00   0.000000e+00   180330
  9.145388e+00   2.498208e+01   8.096913e-03   0.000000e+00   180712
  9.167178e+00   2.505382e+01   1.615269e-02   0.000000e+00   179350
  9.189039e+00   2.497023e+01   1.454706e-02   0.000000e+00   183396
  9.210954e+00   2.484197e+01   0.000000e+00   0.000000e+00   180390
  9.232488e+00   2.490783e+01   0.000000e+00   0.000000e+00   181944
  9.254392e+00   2.499086e+01   0.000000e+00   0.000000e+00   185450
  9.276343e+00   2.472375e+01   8.366688e-03   0.000000e+00   186192
  9.298046e+00   2.483221e+01   2.108490e-02   0.000000e+00   183432
  9.319777e+00   2.450013e+01   0.000000e+00   0.000000e+00   185362
  9.341463e+00   2.453357e+01   7.132650e-03   0.000000e+00   188464
  9.363436e+00   2.451186e+01   0.000000e+00   0.000000e+00   188046
  9.385262e+00   2.452776e+01   1.400597e-02   0.000000e+00   191304
  9.407020e+00   2.431206e+01   2.590353e-02   0.000000e+00   186690
  9.428877e+00   2.433508e+01   0.000000e+00   0.000000e+00   194072
  9.450591e+00   2.429900e+01   2.252642e-02   0.000000e+00   188688
  9.472306e+00   2.423070e+01   0.000000e+00   0.000000e+00   192786
  9.494047e+00   2.425118e+01   1.014158e-02   0.000000e+00   193352
  9.516021e+00   2.416827e+01   0.000000e+00   0.000000e+00   195702
  9.537758e+00   2.420775e+01   3.046960e-02   0.000000e+00   195132
  9.559590e+00   2.401676e+01   0.000000e+00   0.000000e+00   195726
  9.581345e+00   2.401227e+01   0.000000e+00   0.000000e+00   197416
  9.603106e+00   2.399373e+01   6.897555e-03   0.000000e+00   196564
  9.624942e+00   2.389413e+01   2.095761e-02   0.000000e+00   201198
  9.646735e+00   2.382414e+01   5.957870e-03   0.000000e+00   197136
  9.668364e+00   2.390037e+01   0.000000e+00   0.000000e+00   199358
  9.690090e+00   2.388987e+01   2.902651e-02   0.000000e+00   203532
  9.712055e+00   2.377481e+01   0.000000e+00   0.000000e+00   201438
  9.733808e+00   2.364230e+01   0.000000e+00   0.000000e+00   203664
  9.755553e+00   2.362386e+01   2.883274e-02   0.000000e+00   203972
  9.777345e+00   2.360630e+01   2.275266e-02   0.000000e+00   205974
  9.799225e+00   2.360730e+01   0.000000e+00   0.000000e+00   205752
  9.821136e+00   2.358329e+01   0.000000e+00   0.000000e+00   207810
  9.842687e+00   2.340384e+01   3.821833e-02   0.000000e+00   206384
  9.864672e+00   2.333333e+01   0.000000e+00   0.000000e+00   210966
  9.886543e+00   2.324180e+01   0.000000e+00   0.000000e+00   210516
  9.908378e+00   2.322355e+01   0.000000e+00   0.000000e+00   209766
  9.930071e+00   2.321349e+01   4.264177e-02   0.000000e+00   212376
  9.951939e+00   2.316375e+01   0.000000e+00   0.000000e+00   212960
  9.973921e+00   2.304288e+01   0.000000e+00   0.000000e+00   214626
  9.995607e+00   2.305440e+01   3.075744e-02   0.000000e+00   213696
  1.001740e+01   2.287988e+01   3.103150e-02   0.000000e+00   215734
  1.003914e+01   2.301316e+01   0.000000e+00   0.000000e+00   213220
  1.006089e+01   2.284499e+01   0.000000e+00   0.000000e+00   219102
  1.008277e+01   2.281718e+01   3.572948e-02   0.000000e+00   220872
  1.010454e+01   2.267953e+01   5.245768e-02   0.000000e+00   216556
  1.012632e+01   2.265797e+01   4.047457e-02   0.000000e+00   221494
  1.014806e+01   2.281588e+01   4.441323e-02   0.000000e+00   219096
  1.016993e+01   2.269349e+01   3.207343e-02   0.000000e+00   224262
  1.019187e+01   2.254957e+01   0.000000e+00   0.000000e+00   222508
  1.021367e+01   2.253393e+01   0.000000e+00   0.000000e+00   222502
  1.023530e+01   2.256555e+01   4.245412e-02   0.000000e+00   227280
  1.025720e+01   2.234503e+01   2.102416e-02   0.000000e+00   223644
  1.027897e+01   2.238233e+01   0.000000e+00   0.000000e+00   226222
  1.030076e+01   2.228579e+01   0.000000e+00   0.000000e+00   229840
  1.032262e+01   2.223428e+01   2.753589e-02   0.000000e+00   228042
  1.034426e+01   2.229885e+01   0.000000e+00   0.000000e+00   227472
  1.036604e+01   2.218488e+01   0.000000e+00   0.000000e+00   230990
  1.038788e+01   2.214360e+01   6.798004e-03   0.000000e+00   233532
  1.040967e+01   2.213418e+01   3.108221e-02   0.000000e+00   231288
  1.043156e+01   2.201722e+01   0.000000e+00   0.000000e+00   233718
  1.045320e+01   2.184636e+01   0.000000e+00   0.000000e+00   232704
  1.047504e+01   2.190915e+01   3.238732e-02   0.000000e+00   239282
  1.049692e+01   2.193347e+01   4.013688e-02   0.000000e+00   234912
  1.051883e+01   2.170153e+01   0.000000e+00   0.000000e+00   238278
  1.054045e+01   2.162628e+01   3.907992e-02   0.000000e+00   237460
  1.056208e+01   2.164747e+01   2.831611e-02   0.000000e+00   236662
  1.058413e+01   2.174261e+01   0.000000e+00   0.000000e+00   246336
  1.060617e+01   2.156664e+01   0.000000e+00   0.000000e+00   241092
  1.062785e+01   2.165198e+01   3.595801e-02   0.000000e+00   242414
  1.064968e+01   2.155958e+01   1.480349e-02   0.000000e+00   243552
  1.067155e+01   2.147564e+01   0.000000e+00   0.000000e+00   243474
  1.069315e+01   2.139284e+01   2.604402e-02   0.000000e+00   245112
  1.071503e+01   2.134698e+01   2.730627e-02   0.000000e+00   246894
  1.073679e+01   2.138364e+01   2.140330e-02   0.000000e+00   247448
  1.075869e+01   2.127710e+01   0.000000e+00   0.000000e+00   247404
  1.078033e+01   2.116852e+01   4.154276e-02   0.000000e+00   249990
  1.080204e+01   2.132772e+01   3.923234e-02   0.000000e+00   249512
  1.082409e+01   2.113657e+01   0.000000e+00   0.000000e+00   253890
  1.084585e+01   2.114040e+01   0.000000e+00   0.000000e+00   250728
  1.086748e+01   2.100046e+01   5.021596e-02   0.000000e+00   253950
  1.088937e+01   2.107203e+01   0.000000e+00   0.000000e+00   254140
  1.091120e+01   2.097047e+01   0.000000e+00   0.000000e+00   255880
  1.093305e+01   2.084926e+01   3.218866e-02   0.000000e+00   258942
  1.095467e+01   2.096671e+01   4.827132e-02   0.000000e+00   253836
  1.097659e+01   2.091826e+01   0.000000e+00   0.000000e+00   260534
  1.099847e+01   2.080190e+01   0.000000e+00   0.000000e+00   259992
  1.102007e+01   2.073876e+01   4.938178e-02   0.000000e+00   258894
  1.104192e+01   2.077430e+01   3.898078e-02   0.000000e+00   263364
  1.106377e+01   2.052365e+01   0.000000e+00   0.000000e+00   259536
  1.108531e+01   2.059169e+01   2.157641e-02   0.000000e+00   263438
  1.110709e+01   2.055609e+01   4.427930e-02   0.000000e+00   265740
  1.112900e+01   2.041236e+01   0.000000e+00   0.000000e+00   264894
  1.115086e+01   2.054282e+01   0.000000e+00   0.000000e+00   269184
  1.117261e+01   2.044236e+01   4.258244e-02   0.000000e+00   266138
  1.119435e+01   2.048808e+01   2.978403e-02   0.000000e+00   270528
  1.121630e+01   2.048754e+01   0.000000e+00   0.000000e+00   268182
  1.123797e+01   2.045294e+01   0.000000e+00   0.000000e+00   270960
  1.125969e+01   2.021162e+01   5.160541e-02   0.000000e+00   274580
  1.128190e+01   2.016909e+01   0.000000e+00   0.000000e+00   276078
  1.130373e+01   2.027178e+01   0.000000e+00   0.000000e+00   273600
  1.132542e+01   2.010427e+01   4.252018e-02   0.000000e+00   274698
  1.134718e+01   2.004818e+01   4.574536e-02   0.000000e+00   276920
  1.136912e+01   2.016284e+01   0.000000e+00   0.000000e+00   276774
  1.139092e+01   2.007191e+01   0.000000e+00   0.000000e+00   279972
  1.141249e+01   2.001366e+01   3.756154e-02   0.000000e+00   276144
  1.143436e+01   1.988170e+01   1.660311e-02   0.000000e+00   282590
  1.145627e+01   1.993328e+01   0.000000e+00   0.000000e+00   282300
  1.147807e+01   1.976548e+01   0.000000e+00   0.000000e+00   283926
  1.149965e+01   1.986473e+01   4.995489e-02   0.000000e+00   279792
  1.152162e+01   1.981689e+01   0.000000e+00   0.000000e+00   287870
  1.154355e+01   1.976785e+01   0.000000e+00   0.000000e+00   286428
  1.156512e+01   1.973190e+01   4.792945e-02   0.000000e+00   284808
  1.158693e+01   1.976217e+01   1.612997e-02   0.000000e+00   289158
  1.160888e+01   1.964965e+01   0.000000e+00   0.000000e+00   290204
  1.163065e+01   1.971206e+01   0.000000e+00   0.000000e+00   290382
  1.165236e+01   1.958303e+01   3.339753e-02   0.000000e+00   291912
  1.167428e+01   1.956186e+01   0.000000e+00   0.000000e+00   290754
  1.169598e+01   1.959650e+01   1.783599e-02   0.000000e+00   296096
  1.171789e+01   1.951881e+01   2.776185e-02   0.000000e+00   294552
  1.173957e+01   1.955556e+01   4.885877e-02   0.000000e+00   293466
  1.176133e+01   1.953347e+01   0.000000e+00   0.000000e+00   296904
  1.178321e+01   1.948570e+01   0.000000e+00   0.000000e+00   298358
  1.180476e+01   1.936422e+01   4.781182e-02   0.000000e+00   297840
  1.182670e+01   1.935114e+01   1.988710e-02   0.000000e+00   301338
  1.184859e+01   1.928833e+01   0.000000e+00   0.000000e+00   300336
  1.187017e+01   1.924883e+01   5.163692e-02   0.000000e+00   303584
  1.189210e+01   1.934944e+01   4.266959e-02   0.000000e+00   304098
  1.191405e+01   1.931081e+01   0.000000e+00   0.000000e+00   304488
  1.193572e+01   1.924109e+01   4.708024e-02   0.000000e+00   306678
  1.195759e+01   1.920420e+01   0.000000e+00   0.000000e+00   305732
  1.197939e+01   1.921633e+01   1.676674e-02   0.000000e+00   309894
  1.200127e+01   1.918602e+01   2.421041e-02   0.000000e+00   310200
  1.202306e+01   1.902770e+01   0.000000e+00   0.000000e+00   307074
  1.204475e+01   1.917472e+01   4.911424e-02   0.000000e+00   315656
  1.206674e+01   1.913197e+01   0.000000e+00   0.000000e+00   310704
  1.208864e+01   1.905706e+01   0.000000e+00   0.000000e+00   314310
  1.211007e+01   1.904411e+01   5.757402e-02   0.000000e+00   312412
  1.213206e+01   1.893089e+01   0.000000e+00   0.000000e+00   318310
  1.215396e+01   1.899313e+01   0.000000e+00   0.000000e+00   315648
  1.217559e+01   1.896314e+01   4.593347e-02   0.000000e+00   320610
  1.219736e+01   1.899281e+01   0.000000e+00   0.000000e+00   313944
  1.221918e+01   1.884722e+01   0.000000e+00   0.000000e+00   325880
  1.224102e+01   1.891031e+01   4.544777e-02   0.000000e+00   319146
  1.226285e+01   1.885076e+01   0.000000e+00   0.000000e+00   322896
  1.228447e+01   1.887206e+01   5.135809e-02   0.000000e+00   322206
  1.230635e+01   1.889287e+01   0.000000e+00   0.000000e+00   327416
  1.232835e+01   1.887494e+01   0.000000e+00   0.000000e+00   325602
  1.234988e+01   1.879517e+01   6.160317e-02   0.000000e+00   328248
  1.237175e+01   1.871476e+01   0.000000e+00   0.000000e+00   326088
  1.239374e+01   1.878974e+01   0.000000e+00   0.000000e+00   331658
  1.241527e+01   1.881627e+01   5.581501e-02   0.000000e+00   331584
  1.243720e+01   1.867332e+01   2.744156e-02   0.000000e+00   330630
  1.245909e+01   1.868317e+01   0.000000e+00   0.000000e+00   333204
  1.248059e+01   1.874247e+01   6.334910e-02   0.000000e+00   333470
  1.250263e+01   1.871840e+01   0.000000e+00   0.000000e+00   335688
  1.252430e+01   1.859600e+01   2.179039e-02   0.000000e+00   336828
  1.254606e+01   1.867492e+01   2.892271e-02   0.000000e+00   337662
  1.256803e+01   1.868195e+01   0.000000e+00   0.000000e+00   338960
  1.258948e+01   1.871298e+01   5.787814e-02   0.000000e+00   338262
  1.261140e+01   1.868885e+01   4.820028e-02   0.000000e+00   344388
  1.263351e+01   1.862863e+01   0.000000e+00   0.000000e+00   342486
  1.265489e+01   1.873876e+01   7.380717e-02   0.000000e+00   343592
  1.267698e+01   1.866354e+01   5.866540e-03   0.000000e+00   347130
  1.269897e+01   1.869868e+01   0.000000e+00   0.000000e+00   346152
  1.272042e+01   1.868520e+01   6.973093e-02   0.000000e+00   345856
  1.274247e+01   1.876806e+01   0.000000e+00   0.000000e+00   349354
  1.276432e+01   1.875915e+01   0.000000e+00   0.000000e+00   352032
  1.278598e+01   1.876628e+01   5.863250e-02   0.000000e+00   348582
  1.280799e+01   1.871252e+01   0.000000e+00   0.000000e+00   352244
  1.282940e+01   1.865280e+01   7.112250e-02   0.000000e+00   351582
  1.285138e+01   1.878155e+01   1.365218e-02   0.000000e+00   357144
  1.287343e+01   1.874328e+01   0.000000e+00   0.000000e+00   355560
  1.289490e+01   1.867275e+01   6.696916e-02   0.000000e+00   354551
  1.291686e+01   1.868130e+01   1.075390e-02   0.000000e+00   358044
  1.293889e+01   1.860401e+01   0.000000e+00   0.000000e+00   355272
  1.296027e+01   1.851667e+01   7.360478e-02   0.000000e+00   352044
  1.298217e+01   1.846582e+01   0.000000e+00   0.000000e+00   352344
  1.300406e+01   1.841511e+01   0.000000e+00   0.000000e+00   356516
  1.302571e+01   1.836042e+01   5.092471e-02   0.000000e+00   352848
  1.304788e+01   1.831724e+01   0.000000e+00   0.000000e+00   352980
  1.306938e+01   1.826834e+01   4.449178e-02   0.000000e+00   348948
  1.309115e+01   1.820655e+01   3.766647e-02   0.000000e+00   351692
  1.311332e+01   1.812958e+01   0.000000e+00   0.000000e+00   353064
  1.313473e+01   1.808963e+01   6.540175e-02   0.000000e+00   345624
  1.315651e+01   1.802808e+01   0.000000e+00   0.000000e+00   347844
  1.317855e+01   1.795289e+01   0.000000e+00   0.000000e+00   351020
  1.320006e+01   1.795774e+01   6.089357e-02   0.000000e+00   345852
  1.322197e+01   1.786394e+01   9.172714e-03   0.000000e+00   347040
  1.324391e+01   1.785989e+01   0.000000e+00   0.000000e+00   345928
  1.326541e+01   1.782994e+01   6.102833e-02   0.000000e+00   347020
  1.328744e+01   1.767327e+01   7.453321e-03   0.000000e+00   343032
  1.330916e+01   1.773601e+01   0.000000e+00   0.000000e+00   343620
  1.333077e+01   1.767603e+01   6.302389e-02   0.000000e+00   343988
  1.335297e+01   1.759522e+01   0.000000e+00   0.000000e+00   344556
  1.337456e+01   1.754862e+01   4.568467e-02   0.000000e+00   343632
  1.339652e+01   1.745330e+01   0.000000e+00   0.000000e+00   340392
  1.341843e+01   1.744156e+01   0.000000e+00   0.000000e+00   339408
  1.343985e+01   1.729584e+01   7.802296e-02   0.000000e+00   341864
  1.346198e+01   1.732873e+01   0.000000e+00   0.000000e+00   341964
  1.348388e+01   1.731621e+01   0.000000e+00   0.000000e+00   334380
  1.350511e+01   1.717701e+01   7.359151e-02   0.000000e+00   336504
  1.352722e+01   1.717544e+01   1.803523e-02   0.000000e+00   339560
  1.354911e+01   1.710152e+01   0.000000e+00   0.000000e+00   336384
  1.357072e+01   1.710581e+01   7.684530e-02   0.000000e+00   337404
  1.359278e+01   1.698071e+01   0.000000e+00   0.000000e+00   330156
  1.361427e+01   1.697622e+01   6.000326e-02   0.000000e+00   337808
  1.363627e+01   1.692401e+01   0.000000e+00   0.000000e+00   332748
  1.365825e+01   1.689624e+01   0.000000e+00   0.000000e+00   333612
  1.367971e+01   1.680232e+01   6.139353e-02   0.000000e+00   331860
  1.370160e+01   1.680400e+01   2.945255e-02   0.000000e+00   328376
  1.372347e+01   1.673446e+01   0.000000e+00   0.000000e+00   331140
  1.374506e+01   1.670711e+01   7.472562e-02   0.000000e+00   332988
  1.376698e+01   1.665140e+01   2.963832e-02   0.000000e+00   325224
  1.378896e+01   1.651534e+01   0.000000e+00   0.000000e+00   331544
  1.381053e+01   1.657371e+01   6.965881e-02   0.000000e+00   327264
  1.383243e+01   1.648092e+01   0.000000e+00   0.000000e+00   322308
  1.385413e+01   1.642191e+01   2.570430e-02   0.000000e+00   328136
  1.387574e+01   1.633201e+01   5.219695e-02   0.000000e+00   323172
  1.389784e+01   1.630495e+01   0.000000e+00   0.000000e+00   325248
  1.391939e+01   1.626024e+01   6.620250e-02   0.000000e+00   324096
  1.394125e+01   1.628919e+01   0.000000e+00   0.000000e+00   321540
  1.396332e+01   1.617514e+01   0.000000e+00   0.000000e+00   323744
  1.398466e+01   1.617445e+01   7.317465e-02   0.000000e+00   317400
  1.400658e+01   1.609722e+01   1.862335e-02   0.000000e+00   322560
  1.402868e+01   1.596445e+01   0.000000e+00   0.000000e+00   320076
  1.405010e+01   1.605727e+01   7.580526e-02   0.000000e+00   317204
  1.407233e+01   1.589564e+01   0.000000e+00   0.000000e+00   323064
  1.409422e+01   1.587065e+01   0.000000e+00   0.000000e+00   315204
  1.411559e+01   1.589196e+01   8.188167e-02   0.000000e+00   315416
  1.413789e+01   1.577570e+01   0.000000e+00   0.000000e+00   316884
  1.415938e+01   1.570742e+01   4.953875e-02   0.000000e+00   312876
  1.418117e+01   1.574876e+01   5.785291e-02   0.000000e+00   315540
  1.420336e+01   1.572946e+01   0.000000e+00   0.000000e+00   312576
  1.422468e+01   1.562699e+01   8.166006e-02   0.000000e+00   312140
  1.424671e+01   1.549995e+01   2.054637e-02   0.000000e+00   310356
  1.426873e+01   1.550978e+01   0.000000e+00   0.000000e+00   311232
  1.429004e+01   1.555304e+01   7.343603e-02   0.000000e+00   307584
  1.431210e+01   1.540498e+01   3.378809e-02   0.000000e+00   310616
  1.433397e+01   1.540852e+01   0.000000e+00   0.000000e+00   304200
  1.435530e+01   1.535009e+01   8.136396e-02   0.000000e+00   306792
  1.437754e+01   1.541799e+01   0.000000e+00   0.000000e+00   306168
  1.439909e+01   1.527860e+01   0.000000e+00   0.000000e+00   304448
  1.442096e+01   1.529798e+01   7.094660e-02   0.000000e+00   308580
  1.444312e+01   1.519465e+01   0.000000e+00   0.000000e+00   299568
  1.446443e+01   1.514545e+01   7.011225e-02   0.000000e+00   304416
  1.448654e+01   1.512381e+01   3.831875e-02   0.000000e+00   302216
  1.450851e+01   1.511830e+01   0.000000e+00   0.000000e+00   300084
  1.452994e+01   1.508410e+01   8.829774e-02   0.000000e+00   299340
  1.455184e+01   1.505230e+01   0.000000e+00   0.000000e+00   296688
  1.457379e+01   1.498293e+01   0.000000e+00   0.000000e+00   298820
  1.459520e+01   1.484812e+01   8.523482e-02   0.000000e+00   296916
  1.461734e+01   1.490348e+01   0.000000e+00   0.000000e+00   295920
  1.463900e+01   1.484876e+01   8.170763e-03   0.000000e+00   292692
  1.466050e+01   1.473253e+01   7.874206e-02   0.000000e+00   295892
  1.468285e+01   1.465575e+01   0.000000e+00   0.000000e+00   293064
  1.470434e+01   1.465713e+01   4.182443e-02   0.000000e+00   293220
  1.472606e+01   1.464653e+01   3.633660e-02   0.000000e+00   286804
  1.474808e+01   1.463080e+01   0.000000e+00   0.000000e+00   293080
  1.476965e+01   1.456251e+01   7.774659e-02   0.000000e+00   291816
  1.479176e+01   1.462742e+01   0.000000e+00   0.000000e+00   287784
  1.481366e+01   1.452874e+01   0.000000e+00   0.000000e+00   286760
  1.483504e+01   1.449265e+01   8.210341e-02   0.000000e+00   287088
  1.485710e+01   1.447735e+01   0.000000e+00   0.000000e+00   286176
  1.487907e+01   1.437001e+01   0.000000e+00   0.000000e+00   284184
  1.490040e+01   1.425601e+01   7.307077e-02   0.000000e+00   282220
  1.492268e+01   1.428243e+01   0.000000e+00   0.000000e+00   284452
  1.494426e+01   1.428856e+01   0.000000e+00   0.000000e+00   279516
  1.496590e+01   1.425752e+01   7.939446e-02   0.000000e+00   282696
  1.498820e+01   1.413258e+01   0.000000e+00   0.000000e+00   278676
  1.500952e+01   1.417342e+01   8.119946e-02   0.000000e+00   279512
  1.503149e+01   1.408516e+01   1.194287e-02   0.000000e+00   276672
  1.505351e+01   1.401193e+01   0.000000e+00   0.000000e+00   276036
  1.507474e+01   1.409592e+01   7.939894e-02   0.000000e+00   274416
  1.509680e+01   1.400641e+01   3.709123e-02   0.000000e+00   275384
  1.511885e+01   1.396317e+01   0.000000e+00   0.000000e+00   274560
  1.514026e+01   1.400687e+01   8.688436e-02   0.000000e+00   272220
  1.516243e+01   1.396232e+01   0.000000e+00   0.000000e+00   270492
  1.518412e+01   1.380196e+01   0.000000e+00   0.000000e+00   271532
  1.520585e+01   1.386585e+01   5.288809e-02   0.000000e+00   272052
  1.522791e+01   1.383111e+01   0.000000e+00   0.000000e+00   264372
  1.524925e+01   1.373659e+01   4.703576e-02   0.000000e+00   268652
  1.527124e+01   1.370156e+01   5.466022e-02   0.000000e+00   266760
  1.529315e+01   1.369173e+01   0.000000e+00   0.000000e+00   262536
  1.531460e+01   1.372344e+01   8.635946e-02   0.000000e+00   266460
  1.533659e+01   1.360666e+01   0.000000e+00   0.000000e+00   261560
  1.535847e+01   1.354446e+01   0.000000e+00   0.000000e+00   262236
  1.538001e+01   1.368011e+01   7.707773e-02   0.000000e+00   261708
  1.540197e+01   1.352296e+01   0.000000e+00   0.000000e+00   258960
  1.542387e+01   1.349734e+01   0.000000e+00   0.000000e+00   258376
  1.544529e+01   1.344654e+01   7.350564e-02   0.000000e+00   258304
  1.546762e+01   1.346996e+01   0.000000e+00   0.000000e+00   259368
  1.548920e+01   1.338853e+01   3.614555e-02   0.000000e+00   253332
  1.551081e+01   1.339125e+01   7.656730e-02   0.000000e+00   254448
  1.553306e+01   1.334271e+01   0.000000e+00   0.000000e+00   255248
  1.555453e+01   1.331681e+01   8.000410e-02   0.000000e+00   252180
  1.557654e+01   1.328841e+01   3.204441e-02   0.000000e+00   252744
  1.559851e+01   1.328457e+01   0.000000e+00   0.000000e+00   247348
  1.561982e+01   1.328431e+01   9.629582e-02   0.000000e+00   250432
  1.564189e+01   1.318052e+01   0.000000e+00   0.000000e+00   247860
  1.566393e+01   1.324576e+01   0.000000e+00   0.000000e+00   247716
  1.568526e+01   1.318941e+01   8.041430e-02   0.000000e+00   242472
  1.570747e+01   1.306234e+01   0.000000e+00   0.000000e+00   248672
  1.572914e+01   1.314760e+01   3.436048e-02   0.000000e+00   239352
  1.575066e+01   1.301961e+01   6.471735e-02   0.000000e+00   245088
  1.577291e+01   1.296381e+01   0.000000e+00   0.000000e+00   239232
  1.579424e+01   1.299275e+01   8.580492e-02   0.000000e+00   240320
  1.581633e+01   1.298034e+01   0.000000e+00   0.000000e+00   239340
  1.583838e+01   1.288064e+01   0.000000e+00   0.000000e+00   237636
  1.585962e+01   1.287776e+01   8.208135e-02   0.000000e+00   235980
  1.588167e+01   1.287192e+01   0.000000e+00   0.000000e+00   235304
  1.590367e+01   1.289240e+01   0.000000e+00   0.000000e+00   234576
  1.592505e+01   1.287299e+01   7.647145e-02   0.000000e+00   232788
  1.594710e+01   1.279519e+01   0.000000e+00   0.000000e+00   230400
  1.596887e+01   1.281101e+01   0.000000e+00   0.000000e+00   231836
  1.599050e+01   1.267602e+01   8.147114e-02   0.000000e+00   231288
  1.601279e+01   1.273208e+01   0.000000e+00   0.000000e+00   226536
  1.603413e+01   1.279198e+01   6.403917e-02   0.000000e+00   226084
  1.605589e+01   1.268501e+01   5.464616e-02   0.000000e+00   227116
  1.607809e+01   1.261421e+01   0.000000e+00   0.000000e+00   223800
  1.609944e+01   1.261020e+01   8.741289e-02   0.000000e+00   223884
  1.612142e+01   1.259761e+01   0.000000e+00   0.000000e+00   222360
  1.614344e+01   1.257791e+01   0.000000e+00   0.000000e+00   221156
  1.616493e+01   1.258178e+01   9.712085e-02   0.000000e+00   221724
  1.618705e+01   1.259807e+01   0.000000e+00   0.000000e+00   217584
  1.620888e+01   1.251809e+01   0.000000e+00   0.000000e+00   217576
  1.623027e+01   1.254989e+01   1.009331e-01   0.000000e+00   215464
  1.625248e+01   1.246302e+01   0.000000e+00   0.000000e+00   215472
  1.627412e+01   1.245992e+01   2.702914e-02   0.000000e+00   213768
  1.629568e+01   1.248582e+01   8.659722e-02   0.000000e+00   210956
  1.631780e+01   1.241428e+01   0.000000e+00   0.000000e+00   211788
  1.633940e+01   1.243740e+01   4.899761e-02   0.000000e+00   211092
  1.636135e+01   1.241509e+01   3.421745e-02   0.000000e+00   209556
  1.638344e+01   1.239652e+01   0.000000e+00   0.000000e+00   206700
  1.640470e+01   1.232736e+01   8.144783e-02   0.000000e+00   206048
  1.642671e+01   1.240403e+01   0.000000e+00   0.000000e+00   204744
  1.644867e+01   1.230819e+01   0.000000e+00   0.000000e+00   202992
  1.646991e+01   1.235499e+01   9.217526e-02   0.000000e+00   201944
  1.649225e+01   1.231707e+01   0.000000e+00   0.000000e+00   203304
  1.651413e+01   1.223334e+01   0.000000e+00   0.000000e+00   200484
  1.653543e+01   1.222750e+01   9.798049e-02   0.000000e+00   195516
  1.655776e+01   1.227516e+01   0.000000e+00   0.000000e+00   198860
  1.657917e+01   1.218505e+01   4.293156e-02   0.000000e+00   195264
  1.660100e+01   1.223043e+01   6.404673e-02   0.000000e+00   195984
  1.662318e+01   1.220198e+01   0.000000e+00   0.000000e+00   191808
  1.664430e+01   1.218955e+01   7.490410e-02   0.000000e+00   190776
  1.666627e+01   1.214894e+01   1.909907e-02   0.000000e+00   192032
  1.668840e+01   1.205233e+01   0.000000e+00   0.000000e+00   188628
  1.670967e+01   1.216682e+01   1.037109e-01   0.000000e+00   189444
  1.673189e+01   1.207925e+01   0.000000e+00   0.000000e+00   186260
  1.675359e+01   1.209517e+01   0.000000e+00   0.000000e+00   184560
  1.677509e+01   1.207204e+01   9.448552e-02   0.000000e+00   185832
  1.679750e+01   1.204630e+01   0.000000e+00   0.000000e+00   182400
  1.681894e+01   1.203609e+01   4.386418e-02   0.000000e+00   181380
  1.684059e+01   1.196335e+01   7.850873e-02   0.000000e+00   180332
  1.686285e+01   1.190389e+01   0.000000e+00   0.000000e+00   178236
  1.688432e+01   1.202965e+01   5.545869e-02   0.000000e+00   179184
  1.690617e+01   1.204553e+01   7.264172e-02   0.000000e+00   175028
  1.692824e+01   1.199991e+01   0.000000e+00   0.000000e+00   175440
  1.694979e+01   1.196398e+01   7.748434e-02   0.000000e+00   174828
  1.697177e+01   1.190417e+01   0.000000e+00   0.000000e+00   169896
  1.699353e+01   1.198039e+01   0.000000e+00   0.000000e+00   171708
  1.701506e+01   1.194641e+01   9.959909e-02   0.000000e+00   169328
  1.703715e+01   1.186391e+01   0.000000e+00   0.000000e+00   167364
  1.705895e+01   1.201272e+01   3.605611e-02   0.000000e+00   168192
  1.708047e+01   1.186243e+01   8.952264e-02   0.000000e+00   163188
  1.710278e+01   1.191391e+01   0.000000e+00   0.000000e+00   166184
  1.712441e+01   1.187539e+01   4.524024e-02   0.000000e+00   161460
  1.714596e+01   1.189795e+01   8.326387e-02   0.000000e+00   159972
  1.716806e+01   1.192741e+01   0.000000e+00   0.000000e+00   159488
  1.718948e+01   1.194118e+01   7.735258e-02   0.000000e+00   158148
  1.721156e+01   1.191807e+01   0.000000e+00   0.000000e+00   158100
  1.723362e+01   1.184976e+01   0.000000e+00   0.000000e+00   155232
  1.725473e+01   1.182509e+01   8.866199e-02   0.000000e+00   151216
  1.727694e+01   1.188248e+01   0.000000e+00   0.000000e+00   155560
  1.729900e+01   1.179646e+01   0.000000e+00   0.000000e+00   151404
  1.732026e+01   1.177957e+01   1.057101e-01   0.000000e+00   148356
  1.734251e+01   1.177624e+01   0.000000e+00   0.000000e+00   147164
  1.736399e+01   1.180575e+01   2.911193e-02   0.000000e+00   147384
  1.738570e+01   1.187768e+01   7.129158e-02   0.000000e+00   145992
  1.740807e+01   1.175578e+01   0.000000e+00   0.000000e+00   143856
  1.742916e+01   1.173304e+01   6.969217e-02   0.000000e+00   140384
  1.745120e+01   1.183853e+01   3.540268e-02   0.000000e+00   143856
  1.747335e+01   1.170172e+01   0.000000e+00   0.000000e+00   136968
  1.749450e+01   1.189032e+01   9.755621e-02   0.000000e+00   139536
  1.751682e+01   1.177571e+01   0.000000e+00   0.000000e+00   136916
  1.753850e+01   1.169327e+01   0.000000e+00   0.000000e+00   133032
  1.755990e+01   1.177982e+01   9.763745e-02   0.000000e+00   135540
  1.758238e+01   1.173586e+01   0.000000e+00   0.000000e+00   132096
  1.760380e+01   1.167882e+01   0.000000e+00   0.000000e+00   129540
  1.762542e+01   1.171349e+01   9.547094e-02   0.000000e+00   130640
  1.764770e+01   1.153580e+01   0.000000e+00   0.000000e+00   126276
  1.766917e+01   1.182313e+01   5.813784e-02   0.000000e+00   128484
  1.769130e+01   1.166946e+01   1.712351e-02   0.000000e+00   124168
  1.771313e+01   1.157487e+01   0.000000e+00   0.000000e+00   122224
  1.773462e+01   1.168129e+01   8.596329e-02   0.000000e+00   123156
  1.775674e+01   1.151027e+01   0.000000e+00   0.000000e+00   119688
  1.777834e+01   1.171242e+01   0.000000e+00   0.000000e+00   116640
  1.779985e+01   1.153264e+01   1.010149e-01   0.000000e+00   119696
  1.782206e+01   1.139943e+01   0.000000e+00   0.000000e+00   114276
  1.784378e+01   1.166887e+01   0.000000e+00   0.000000e+00   114060
  1.786529e+01   1.146426e+01   9.526674e-02   0.000000e+00   112536
  1.788755e+01   1.136372e+01   0.000000e+00   0.000000e+00   112196
  1.790929e+01   1.146751e+01   4.238200e-02   0.000000e+00   109404
  1.793083e+01   1.134065e+01   5.327546e-02   0.000000e+00   105900
  1.795273e+01   1.163045e+01   0.000000e+00   0.000000e+00   107176
  1.797433e+01   1.141025e+01   7.147171e-02   0.000000e+00   105088
  1.799632e+01   1.128887e+01   2.524807e-02   0.000000e+00   103800
  1.801836e+01   1.143352e+01   0.000000e+00   0.000000e+00   101340
  1.803974e+01   1.125401e+01   7.965246e-02   0.000000e+00   100036
  1.806162e+01   1.126443e+01   0.000000e+00   0.000000e+00   97672
  1.808359e+01   1.122170e+01   0.000000e+00   0.000000e+00   97908
  1.810510e+01   1.120034e+01   8.397408e-02   0.000000e+00   95328
  1.812715e+01   1.126133e+01   0.000000e+00   0.000000e+00   93600
  1.814886e+01   1.111512e+01   0.000000e+00   0.000000e+00   92312
  1.817055e+01   1.112474e+01   7.033346e-02   0.000000e+00   91044
  1.819265e+01   1.094868e+01   0.000000e+00   0.000000e+00   88500
  1.821391e+01   1.087439e+01   5.253792e-02   0.000000e+00   86216
  1.823584e+01   1.094138e+01   0.000000e+00   0.000000e+00   87159
  1.825818e+01   1.078690e+01   0.000000e+00   0.000000e+00   86064
  1.827963e+01   1.083248e+01   8.301762e-02   0.000000e+00   81648
  1.830139e+01   1.082682e+01   6.026427e-03   0.000000e+00   81654
  1.832346e+01   1.063423e+01   0.000000e+00   0.000000e+00   81284
  1.834510e+01   1.069326e+01   5.989985e-02   0.000000e+00   78888
  1.836689e+01   1.055532e+01   2.158951e-02   0.000000e+00   77250
  1.838853e+01   1.063446e+01   0.000000e+00   0.000000e+00   75942
  1.841019e+01   1.048313e+01   6.388667e-02   0.000000e+00   77042
  1.843244e+01   1.054330e+01   0.000000e+00   0.000000e+00   74094
  1.845417e+01   1.059762e+01   3.611935e-02   0.000000e+00   73818
  1.847592e+01   1.043961e+01   0.000000e+00   0.000000e+00   70998
  1.849776e+01   1.041314e+01   0.000000e+00   0.000000e+00   72044
  1.851953e+01   1.036616e+01   6.747013e-02   0.000000e+00   69426
  1.854147e+01   1.043640e+01   0.000000e+00   0.000000e+00   69288
  1.856323e+01   1.044915e+01   0.000000e+00   0.000000e+00   67068
  1.858472e+01   1.031522e+01   7.052720e-02   0.000000e+00   66926
  1.860674e+01   1.041067e+01   5.727769e-02   0.000000e+00   66348
  1.862884e+01   1.023193e+01   0.000000e+00   0.000000e+00   64728
  1.865033e+01   1.026266e+01   0.000000e+00   0.000000e+00   62820
  1.867209e+01   1.031940e+01   0.000000e+00   0.000000e+00   63716
  1.869413e+01   1.030536e+01   1.719301e-02   0.000000e+00   62160
  1.871588e+01   1.018434e+01   0.000000e+00   0.000000e+00   59940
  1.873745e+01   1.022443e+01   1.603280e-02   0.000000e+00   60112
  1.875922e+01   1.015542e+01   6.568578e-02   0.000000e+00   59668
  1.878132e+01   1.006481e+01   0.000000e+00   0.000000e+00   57618
  1.880286e+01   1.015118e+01   1.988418e-02   0.000000e+00   56868
  1.882443e+01   1.026782e+01   6.407962e-02   0.000000e+00   56684
  1.884634e+01   1.006599e+01   2.944679e-02   0.000000e+00   55536
  1.886828e+01   1.005679e+01   0.000000e+00   0.000000e+00   54342
  1.889011e+01   1.007422e+01   2.387303e-02   0.000000e+00   54768
  1.891172e+01   1.002853e+01   6.263586e-02   0.000000e+00   52094
  1.893352e+01   9.953954e+00   0.000000e+00   0.000000e+00   52224
  1.895563e+01   9.934818e+00   0.000000e+00   0.000000e+00   52188
  1.897730e+01   9.842783e+00   5.677174e-02   0.000000e+00   50190
  1.899883e+01   9.920254e+00   4.753423e-02   0.000000e+00   49224
  1.902080e+01   9.944950e+00   0.000000e+00   0.000000e+00   49094
  1.904284e+01   9.886340e+00   1.823543e-02   0.000000e+00   49488
  1.906465e+01   9.802670e+00   5.946788e-02   0.000000e+00   46830
  1.908616e+01   9.872764e+00   1.498424e-02   0.000000e+00   45860
  1.910805e+01   9.882336e+00   0.000000e+00   0.000000e+00   46770
  1.913001e+01   9.853993e+00   2.638486e-02   0.000000e+00   45468
  1.915178e+01   9.916524e+00   4.223685e-02   0.000000e+00   44130
  1.917346e+01   9.876972e+00   0.000000e+00   0.000000e+00   43230
  1.919529e+01   9.848568e+00   0.000000e+00   0.000000e+00   44108
  1.921728e+01   9.841578e+00   3.801908e-02   0.000000e+00   42162
  1.923902e+01   9.743975e+00   3.927388e-02   0.000000e+00   41358
  1.926057e+01   9.826041e+00   0.000000e+00   0.000000e+00   40456
  1.928240e+01   9.831881e+00   3.615762e-02   0.000000e+00   41230
  1.930456e+01   9.680165e+00   5.018852e-02   0.000000e+00   39906
  1.932642e+01   9.723890e+00   0.000000e+00   0.000000e+00   38508
  1.934787e+01   9.804190e+00   0.000000e+00   0.000000e+00   37854
  1.936953e+01   9.686134e+00   5.965021e-02   0.000000e+00   38162
  1.939171e+01   9.597253e+00   3.044214e-02   0.000000e+00   37212
  1.941359e+01   9.673106e+00   0.000000e+00   0.000000e+00   36450
  1.943494e+01   9.786000e+00   3.387509e-02   0.000000e+00   34718
  1.945658e+01   9.570724e+00   2.308972e-02   0.000000e+00   35814
  1.947878e+01   9.553026e+00   2.775047e-02   0.000000e+00   34896
  1.950069e+01   9.744273e+00   0.000000e+00   0.000000e+00   33822
  1.952197e+01   9.768182e+00   4.617870e-02   0.000000e+00   32522
  1.954384e+01   9.598112e+00   0.000000e+00   0.000000e+00   33630
  1.956602e+01   9.665888e+00   0.000000e+00   0.000000e+00   32166
  1.958760e+01   9.659924e+00   2.175796e-02   0.000000e+00   31200
  1.960897e+01   9.773223e+00   1.811056e-02   0.000000e+00   30598
  1.963083e+01   9.636691e+00   2.327933e-02   0.000000e+00   31138
  1.965318e+01   9.632981e+00   0.000000e+00   0.000000e+00   30510
  1.967494e+01   9.718093e+00   3.441581e-02   0.000000e+00   28998
  1.969630e+01   9.613778e+00   5.800736e-03   0.000000e+00   28290
  1.971813e+01   9.452649e+00   4.495953e-02   0.000000e+00   29126
  1.974048e+01   9.579878e+00   0.000000e+00   0.000000e+00   28008
  1.976227e+01   9.726269e+00   1.220269e-02   0.000000e+00   27222
  1.978381e+01   9.610958e+00   2.420218e-02   0.000000e+00   26426
  1.980561e+01   9.600847e+00   1.641811e-02   0.000000e+00   26694
  1.982768e+01   9.658702e+00   2.375671e-02   0.000000e+00   25734
  1.984956e+01   9.633584e+00   0.000000e+00   0.000000e+00   25458
  1.987103e+01   9.698560e+00   5.641563e-03   0.000000e+00   24198
  1.989294e+01   9.589603e+00   0.000000e+00   0.000000e+00   25034
  1.991510e+01   9.787212e+00   2.093856e-02   0.000000e+00   23718
  1.993673e+01   9.663241e+00   0.000000e+00   0.000000e+00   23094
  1.995801e+01   9.526895e+00   2.962207e-02   0.000000e+00   22416
  1.997992e+01   9.691196e+00   1.283456e-02   0.000000e+00   23078
  2.000241e+01   9.726446e+00   0.000000e+00   0.000000e+00   22386
  2.002419e+01   9.808103e+00   0.000000e+00   0.000000e+00   21126
  2.004528e+01   9.683265e+00   0.000000e+00   0.000000e+00   20366
  2.006701e+01   9.601027e+00   3.987966e-02   0.000000e+00   21354
  2.008955e+01   9.811031e+00   0.000000e+00   0.000000e+00   20478
  2.011130e+01   9.644516e+00   0.000000e+00   0.000000e+00   19458
  2.013239e+01   9.692295e+00   9.215083e-03   0.000000e+00   18758
  2.015414e+01   9.738827e+00   4.417153e-02   0.000000e+00   19566
  2.017665e+01   9.602890e+00   2.917238e-02   0.000000e+00   18858
  2.019850e+01   9.697704e+00   4.710622e-03   0.000000e+00   17790
  2.021954e+01   9.905288e+00   0.000000e+00   0.000000e+00   17114
  2.024133e+01   9.702999e+00   0.000000e+00   0.000000e+00   17982
  2.026381e+01   9.810993e+00   0.000000e+00   0.000000e+00   17190
  2.028572e+01   9.638468e+00   0.000000e+00   0.000000e+00   16458
  2.030674e+01   9.895350e+00   3.299822e-02   0.000000e+00   15494
  2.032848e+01   9.648983e+00   1.262348e-02   0.000000e+00   16374
  2.035110e+01   9.755160e+00   3.635151e-03   0.000000e+00   15858
  2.037304e+01   9.790932e+00   0.000000e+00   0.000000e+00   14862
  2.039397e+01   9.835073e+00   0.000000e+00   0.000000e+00   14082
  2.041581e+01   9.681996e+00   0.000000e+00   0.000000e+00   14990
  2.043850e+01   1.001863e+01   1.337506e-02   0.000000e+00   14358
  2.046035e+01   9.818524e+00   0.000000e+00   0.000000e+00   13386
  2.048107e+01   9.892797e+00   0.000000e+00   0.000000e+00   12678
  2.050293e+01   9.762835e+00   2.471796e-02   0.000000e+00   13700
  2.052576e+01   1.000256e+01   1.464330e-02   0.000000e+00   12942
  2.054768e+01   9.922172e+00   4.054180e-02   0.000000e+00   12198
  2.056815e+01   9.756397e+00   0.000000e+00   0.000000e+00   11106
  2.058987e+01   9.798431e+00   2.387700e-03   0.000000e+00   12494
  2.061278e+01   1.000031e+01   2.984655e-02   0.000000e+00   11610
  2.063486e+01   9.977973e+00   0.000000e+00   0.000000e+00   11094
  2.065534e+01   9.996422e+00   2.069618e-02   0.000000e+00   9902
  2.067697e+01   1.009744e+01   1.623695e-02   0.000000e+00   11226
  2.069988e+01   9.856300e+00   0.000000e+00   0.000000e+00   10326
  2.072199e+01   1.015073e+01   1.791365e-02   0.000000e+00   10074
  2.074264e+01   1.018233e+01   0.000000e+00   0.000000e+00   8766
  2.076409e+01   9.993998e+00   0.000000e+00   0.000000e+00   9950
  2.078694e+01   1.029950e+01   1.393971e-02   0.000000e+00   9252
  2.080904e+01   1.011786e+01   0.000000e+00   0.000000e+00   8886
  2.082967e+01   1.042110e+01   0.000000e+00   0.000000e+00   7850
  2.085131e+01   1.042197e+01   6.519572e-03   0.000000e+00   8886
  2.087422e+01   1.028141e+01   0.000000e+00   0.000000e+00   8142
  2.089605e+01   1.070984e+01   2.127715e-02   0.000000e+00   7746
  2.091645e+01   1.043401e+01   2.148853e-02   0.000000e+00   6926
  2.093851e+01   1.064641e+01   0.000000e+00   0.000000e+00   7974
  2.096149e+01   1.047802e+01   2.199468e-02   0.000000e+00   7074
  2.098308e+01   1.060406e+01   0.000000e+00   0.000000e+00   6744
  2.100337e+01   1.041288e+01   2.423060e-02   0.000000e+00   6114
  2.102580e+01   1.021453e+01   0.000000e+00   0.000000e+00   7094
  2.104919e+01   1.048296e+01   0.000000e+00   0.000000e+00   6174
  2.107051e+01   1.036946e+01   4.747909e-03   0.000000e+00   5754
  2.109025e+01   1.072688e+01   0.000000e+00   0.000000e+00   5214
  2.111298e+01   1.069026e+01   0.000000e+00   0.000000e+00   6338
  2.113700e+01   1.046760e+01   7.035985e-03   0.000000e+00   5352
  2.115807e+01   1.067806e+01   0.000000e+00   0.000000e+00   4830
  2.117690e+01   1.099027e+01   2.490967e-03   0.000000e+00   4338
  2.119976e+01   1.068420e+01   0.000000e+00   0.000000e+00   5558
  2.122480e+01   1.112490e+01   1.577102e-02   0.000000e+00   4866
  2.124631e+01   1.086473e+01   2.740138e-02   0.000000e+00   3846
  2.126342e+01   1.157077e+01   0.000000e+00   0.000000e+00   3518
  2.128637e+01   1.126255e+01   2.228437e-02   0.000000e+00   4812
  2.131215e+01   1.105273e+01   1.198261e-02   0.000000e+00   4278
  2.133449e+01   1.101564e+01   2.131553e-02   0.000000e+00   3174
  2.134996e+01   1.141461e+01   0.000000e+00   0.000000e+00   2738
  2.137283e+01   1.087776e+01   6.773887e-03   0.000000e+00   4086
  2.139914e+01   1.144577e+01   0.000000e+00   0.000000e+00   3666
  2.142254e+01   1.129243e+01   1.520292e-02   0.000000e+00   2712
  2.143650e+01   1.257290e+01   8.681277e-03   0.000000e+00   1998
  2.145925e+01   1.143515e+01   9.768702e-03   0.000000e+00   3434
  2.148610e+01   1.173665e+01   0.000000e+00   0.000000e+00   3078
  2.151062e+01   1.153185e+01   1.065801e-02   0.000000e+00   2334
  2.152310e+01   1.093263e+01   0.000000e+00   0.000000e+00   1340
  2.154564e+01   1.169778e+01   0.000000e+00   0.000000e+00   2838
  2.157313e+01   1.186703e+01   0.000000e+00   0.000000e+00   2538
  2.159880e+01   1.215489e+01   8.995566e-03   0.000000e+00   1974
  2.160907e+01   1.128570e+01   1.359459e-02   4.063809e-01   774
  2.163172e+01   1.174138e+01   0.000000e+00   0.000000e+00   2300
  2.165989e+01   1.213114e+01   1.434933e-02   0.000000e+00   2046
  2.168672e+01   1.248726e+01   7.894162e-03   0.000000e+00   1626
  2.169506e+01   1.185912e+01   1.226482e-02   5.229623e-01   390
  2.171763e+01   1.230377e+01   8.254315e-03   0.000000e+00   1766
  2.174626e+01   1.220773e+01   0.000000e+00   0.000000e+00   1596
  2.177421e+01   1.271848e+01   0.000000e+00   0.000000e+00   1302
  2.178107e+01   1.297252e+01   0.000000e+00   9.863550e-01   150
  2.180369e+01   1.290806e+01   2.779674e-03   0.000000e+00   1298
  2.183241e+01   1.289631e+01   0.000000e+00   0.000000e+00   1158
  2.186098e+01   1.270921e+01   4.619603e-03   0.000000e+00   996
  2.187147e+01   1.154662e+01   1.131615e-02   1.749841e+00   38
  2.188994e+01   1.217114e+01   0.000000e+00   0.000000e+00   894
  2.191871e+01   1.388930e+01   1.020716e-02   0.000000e+00   786
  2.194751e+01   1.297364e+01   0.000000e+00   4.823631e-01   678
  2.197491e+01   2.383273e+01   0.000000e+00   5.277931e+00   8
  2.197635e+01   1.503690e+01   9.262839e-03   0.000000e+00   570
  2.200518e+01   1.345004e+01   9.940631e-03   6.152232e-01   486
  2.203405e+01   1.433349e+01   0.000000e+00   7.233088e-01   402
  2.206211e+01   1.170347e+01   0.000000e+00   4.278806e+00   8
  2.206295e+01   1.508389e+01   1.148833e-02   8.766446e-01   318
  2.209183e+01   1.368521e+01   0.000000e+00   8.617813e-01   258
  2.212076e+01   1.319559e+01   0.000000e+00   9.139738e-01   198
  2.214931e+01   1.150889e+01   0.000000e+00   2.235165e+00   8
  2.214972e+01   1.737141e+01   0.000000e+00   1.209525e+00   138
  2.217866e+01   1.253932e+01   3.770745e-03   1.116269e+00   102
  2.220764e+01   1.658191e+01   6.867792e-03   1.982105e+00   66
  2.223664e+01   1.639390e+01   0.000000e+00   2.041237e+00   38
  2.226566e+01   1.036809e+01   0.000000e+00   1.633382e+00   18
  2.229469e+01   2.669899e+01   0.000000e+00   5.427862e+00   6
