# power spectrum of velocity
# redshift z=0.216400
# k              Pk             sigma(k)       sigma(Pk)      count
  5.034611e-02   5.150766e-07   1.649661e-05   1.858187e-07   6
  7.120015e-02   1.271904e-06   0.000000e+00   2.963649e-07   12
  9.298354e-02   7.068857e-07   6.675868e-03   1.379383e-07   14
  1.179498e-01   7.292344e-07   5.372206e-03   7.234903e-08   48
  1.485703e-01   5.883728e-07   3.902364e-03   6.560588e-08   42
  1.630938e-01   4.377259e-07   3.885028e-03   5.628664e-08   48
  1.849248e-01   5.262375e-07   4.657527e-03   5.543440e-08   80
  2.095764e-01   5.077936e-07   3.616184e-03   4.697611e-08   90
  2.284365e-01   3.521533e-07   5.678407e-03   3.311302e-08   120
  2.552299e-01   3.783027e-07   4.772066e-03   2.603757e-08   158
  2.729761e-01   3.613049e-07   2.264649e-03   3.742412e-08   120
  2.943566e-01   3.238938e-07   5.061767e-03   2.123675e-08   186
  3.179794e-01   3.000331e-07   6.922087e-03   1.992648e-08   264
  3.371748e-01   3.247966e-07   3.737021e-03   2.323453e-08   168
  3.616666e-01   2.740752e-07   6.678935e-03   1.391730e-08   386
  3.821617e-01   2.279786e-07   4.041476e-03   1.754093e-08   192
  4.023269e-01   2.579252e-07   6.626239e-03   1.382330e-08   390
  4.249813e-01   2.135616e-07   6.937664e-03   9.865875e-09   396
  4.462644e-01   2.135209e-07   6.882941e-03   9.924453e-09   398
  4.696612e-01   1.962577e-07   6.746443e-03   7.778830e-09   576
  4.926857e-01   1.791745e-07   6.844329e-03   8.039312e-09   444
  5.128250e-01   1.955584e-07   6.180984e-03   7.403384e-09   590
  5.357574e-01   1.579049e-07   6.762370e-03   6.455795e-09   648
  5.581250e-01   1.561728e-07   5.984853e-03   6.023166e-09   654
  5.779979e-01   1.495608e-07   4.964212e-03   5.469899e-09   636
  6.002125e-01   1.444442e-07   7.442619e-03   4.967724e-09   830
  6.210565e-01   1.284950e-07   5.357348e-03   4.278989e-09   792
  6.423697e-01   1.307939e-07   5.509935e-03   4.523348e-09   804
  6.641974e-01   1.366641e-07   6.800522e-03   4.720259e-09   1038
  6.853297e-01   1.082495e-07   5.326721e-03   3.504224e-09   936
  7.082344e-01   1.122416e-07   6.224155e-03   3.413516e-09   1130
  7.289948e-01   9.862216e-08   5.780067e-03   2.960623e-09   1104
  7.517838e-01   9.606673e-08   6.429799e-03   2.695232e-09   1230
  7.726234e-01   9.401025e-08   6.530794e-03   2.488594e-09   1260
  7.937953e-01   8.601661e-08   5.642377e-03   2.447885e-09   1286
  8.177406e-01   8.561589e-08   6.847285e-03   1.905400e-09   1728
  8.404302e-01   8.355907e-08   6.057382e-03   2.189767e-09   1392
  8.619952e-01   7.647670e-08   5.752915e-03   1.872041e-09   1626
  8.840987e-01   7.739553e-08   6.796772e-03   1.709000e-09   1760
  9.062925e-01   7.087707e-08   5.620745e-03   1.670000e-09   1686
  9.272150e-01   6.586735e-08   5.711139e-03   1.508291e-09   1812
  9.486081e-01   6.585552e-08   6.584341e-03   1.533608e-09   1862
  9.704714e-01   6.226504e-08   5.854341e-03   1.270871e-09   2160
  9.924689e-01   5.961138e-08   5.994222e-03   1.299461e-09   1956
  1.014601e+00   5.574896e-08   6.734120e-03   1.073663e-09   2454
  1.036199e+00   5.527986e-08   5.264380e-03   1.184744e-09   2048
  1.057875e+00   5.521861e-08   6.844502e-03   1.032804e-09   2538
  1.079272e+00   4.911773e-08   5.730031e-03   9.606817e-10   2400
  1.100898e+00   4.814996e-08   6.826964e-03   8.510272e-10   2526
  1.122475e+00   4.233676e-08   6.758341e-03   7.342207e-10   2856
  1.144982e+00   4.460685e-08   6.355800e-03   8.099931e-10   2804
  1.167211e+00   4.368513e-08   6.585316e-03   7.287479e-10   2958
  1.188366e+00   4.206092e-08   6.403105e-03   6.779462e-10   2976
  1.210691e+00   3.800798e-08   6.397896e-03   6.059090e-10   3194
  1.231592e+00   3.740587e-08   6.379307e-03   6.029984e-10   3120
  1.254232e+00   3.610882e-08   6.466432e-03   5.287173e-10   3606
  1.275838e+00   3.494192e-08   5.899826e-03   5.533429e-10   3276
  1.296888e+00   3.452955e-08   6.681751e-03   5.086542e-10   3600
  1.318543e+00   3.281814e-08   5.870609e-03   4.858689e-10   3638
  1.339390e+00   3.250478e-08   6.251833e-03   4.718866e-10   3744
  1.361944e+00   2.991264e-08   6.448564e-03   3.946960e-10   4170
  1.383503e+00   3.010140e-08   6.119119e-03   4.161313e-10   3984
  1.405462e+00   2.978560e-08   6.180583e-03   3.879322e-10   4334
  1.427130e+00   2.794263e-08   5.733355e-03   3.693404e-10   4284
  1.448526e+00   2.745497e-08   6.906785e-03   3.583092e-10   4374
  1.470898e+00   2.718811e-08   6.122207e-03   3.272486e-10   5016
  1.492933e+00   2.634598e-08   5.940795e-03   3.287231e-10   4580
  1.514897e+00   2.597106e-08   6.969640e-03   3.019770e-10   5142
  1.537303e+00   2.494608e-08   6.722093e-03   2.921516e-10   5184
  1.559241e+00   2.459302e-08   5.201302e-03   2.868935e-10   5058
  1.580321e+00   2.429042e-08   6.199842e-03   2.683146e-10   5384
  1.602863e+00   2.349580e-08   7.076790e-03   2.483880e-10   5622
  1.624607e+00   2.311193e-08   5.915039e-03   2.416582e-10   5736
  1.646260e+00   2.264257e-08   5.319725e-03   2.457346e-10   5596
  1.668015e+00   2.215090e-08   6.676360e-03   2.234599e-10   6070
  1.689591e+00   2.129220e-08   5.249008e-03   2.053339e-10   6096
  1.712103e+00   2.093391e-08   6.423530e-03   2.007685e-10   6474
  1.732930e+00   2.129853e-08   6.165185e-03   2.143415e-10   6024
  1.755205e+00   2.055311e-08   6.205512e-03   1.885387e-10   7070
  1.777274e+00   2.056614e-08   5.055694e-03   1.987230e-10   6516
  1.798442e+00   2.032139e-08   6.332397e-03   1.814759e-10   6936
  1.820539e+00   1.950841e-08   6.207945e-03   1.733945e-10   7110
  1.841915e+00   1.978312e-08   4.569549e-03   1.685570e-10   7244
  1.864527e+00   1.966090e-08   6.733788e-03   1.650194e-10   7878
  1.886428e+00   1.903264e-08   6.483822e-03   1.682565e-10   7344
  1.907636e+00   1.880604e-08   6.745609e-03   1.594637e-10   7694
  1.929731e+00   1.863924e-08   6.530548e-03   1.471774e-10   8412
  1.951920e+00   1.875132e-08   6.762519e-03   1.563413e-10   7920
  1.973009e+00   1.794349e-08   5.694837e-03   1.440063e-10   8118
  1.994476e+00   1.805880e-08   6.558436e-03   1.431298e-10   8548
  2.016313e+00   1.758431e-08   6.745298e-03   1.349982e-10   8710
  2.037968e+00   1.751937e-08   5.906378e-03   1.399246e-10   8928
  2.060199e+00   1.778615e-08   6.289086e-03   1.346996e-10   9186
  2.081524e+00   1.719999e-08   6.992108e-03   1.320326e-10   9200
  2.103507e+00   1.714531e-08   6.070323e-03   1.256958e-10   9438
  2.124939e+00   1.731732e-08   8.455106e-03   1.276131e-10   9564
  2.146967e+00   1.696560e-08   6.464327e-03   1.196218e-10   10296
  2.169518e+00   1.661592e-08   5.616379e-03   1.150420e-10   10126
  2.190644e+00   1.683517e-08   7.046887e-03   1.160487e-10   10024
  2.213114e+00   1.649392e-08   4.953969e-03   1.101792e-10   11082
  2.235177e+00   1.658287e-08   7.727718e-03   1.118246e-10   10632
  2.256740e+00   1.618358e-08   5.599285e-03   1.093586e-10   10734
  2.278524e+00   1.619834e-08   6.802923e-03   1.064805e-10   11276
  2.300302e+00   1.582549e-08   5.985945e-03   1.038113e-10   11352
  2.322280e+00   1.624039e-08   6.175836e-03   1.072035e-10   11550
  2.343853e+00   1.596714e-08   5.900649e-03   1.034266e-10   11772
  2.365747e+00   1.573376e-08   7.394676e-03   1.002640e-10   12038
  2.387372e+00   1.556265e-08   9.092916e-03   9.944567e-11   12096
  2.409296e+00   1.559856e-08   7.206434e-03   9.647585e-11   12582
  2.430977e+00   1.573280e-08   1.953206e-03   9.875902e-11   12620
  2.453157e+00   1.549209e-08   7.678936e-03   9.194613e-11   13320
  2.474865e+00   1.537150e-08   6.958782e-03   9.477976e-11   12654
  2.496156e+00   1.550826e-08   1.062650e-03   9.355706e-11   13236
  2.517765e+00   1.516711e-08   1.010628e-02   8.882797e-11   13438
  2.539602e+00   1.493817e-08   9.803999e-03   8.509004e-11   14344
  2.562230e+00   1.527184e-08   6.253001e-03   8.916349e-11   14226
  2.583609e+00   1.480485e-08   4.990495e-03   8.423964e-11   14088
  2.605269e+00   1.510139e-08   0.000000e+00   8.995043e-11   14328
  2.626979e+00   1.494188e-08   6.865998e-03   8.446201e-11   14954
  2.648986e+00   1.480860e-08   5.297967e-03   8.233324e-11   15480
  2.671081e+00   1.477756e-08   7.046352e-03   8.242389e-11   14862
  2.692014e+00   1.477300e-08   8.455194e-03   8.135470e-11   15296
  2.713995e+00   1.452031e-08   8.154856e-03   7.762133e-11   15954
  2.735535e+00   1.456835e-08   6.774237e-03   7.828783e-11   15720
  2.757079e+00   1.430626e-08   2.838511e-03   7.705595e-11   16296
  2.779273e+00   1.438370e-08   4.346346e-03   7.568429e-11   17010
  2.800822e+00   1.450328e-08   3.760185e-03   7.695417e-11   16328
  2.822502e+00   1.444972e-08   3.466875e-03   7.529245e-11   17094
  2.844247e+00   1.442671e-08   9.009062e-03   7.435955e-11   17436
  2.866241e+00   1.443565e-08   9.161641e-03   7.373330e-11   17862
  2.888325e+00   1.423998e-08   7.788352e-03   7.154704e-11   18200
  2.910573e+00   1.407104e-08   4.880016e-04   7.097817e-11   18450
  2.932337e+00   1.421022e-08   3.583609e-03   7.178773e-11   18384
  2.954048e+00   1.420251e-08   6.012071e-03   7.128973e-11   18504
  2.975734e+00   1.402288e-08   4.601485e-03   6.874762e-11   19142
  2.997858e+00   1.409294e-08   6.163156e-03   6.710845e-11   19692
  3.019746e+00   1.398931e-08   6.546225e-03   6.846251e-11   19062
  3.041162e+00   1.393923e-08   0.000000e+00   6.580347e-11   20184
  3.063298e+00   1.384765e-08   7.819539e-03   6.610347e-11   19970
  3.084888e+00   1.382442e-08   0.000000e+00   6.557369e-11   20496
  3.107111e+00   1.386382e-08   9.137026e-03   6.364571e-11   21456
  3.128739e+00   1.377685e-08   6.454426e-03   6.618519e-11   19650
  3.149970e+00   1.383306e-08   1.019592e-02   6.322302e-11   22040
  3.172353e+00   1.354602e-08   1.337901e-02   6.210315e-11   21558
  3.193964e+00   1.378691e-08   0.000000e+00   6.340276e-11   21804
  3.215633e+00   1.360831e-08   8.346976e-03   6.151017e-11   21926
  3.237231e+00   1.361706e-08   9.987187e-03   6.160196e-11   22416
  3.258918e+00   1.360057e-08   8.981007e-03   6.023253e-11   22776
  3.281215e+00   1.343577e-08   7.013536e-03   5.848892e-11   23874
  3.303121e+00   1.368251e-08   0.000000e+00   6.039190e-11   23104
  3.324901e+00   1.332180e-08   0.000000e+00   5.726584e-11   23974
  3.346732e+00   1.356071e-08   1.457742e-02   5.817839e-11   23892
  3.368184e+00   1.329739e-08   0.000000e+00   5.812394e-11   23550
  3.389782e+00   1.350679e-08   7.102290e-03   5.659024e-11   25320
  3.411723e+00   1.328385e-08   1.249030e-02   5.771755e-11   24428
  3.433192e+00   1.323500e-08   8.665010e-03   5.600027e-11   25254
  3.455173e+00   1.316282e-08   0.000000e+00   5.435098e-11   26016
  3.476842e+00   1.309821e-08   1.874594e-03   5.492461e-11   25182
  3.498712e+00   1.306870e-08   3.824782e-03   5.203873e-11   27428
  3.520895e+00   1.316642e-08   5.892484e-03   5.427812e-11   25974
  3.542241e+00   1.292460e-08   9.367544e-03   5.278008e-11   26904
  3.563919e+00   1.299257e-08   3.926240e-03   5.342310e-11   26730
  3.585620e+00   1.302203e-08   0.000000e+00   5.185201e-11   27896
  3.607863e+00   1.291915e-08   1.083233e-02   5.070265e-11   28992
  3.630372e+00   1.282761e-08   2.359462e-03   5.137227e-11   28698
  3.651850e+00   1.283912e-08   0.000000e+00   5.148712e-11   27816
  3.673791e+00   1.283527e-08   0.000000e+00   4.961894e-11   29774
  3.695740e+00   1.267239e-08   6.704309e-03   4.958896e-11   29148
  3.717199e+00   1.266363e-08   0.000000e+00   4.936829e-11   28806
  3.738813e+00   1.261609e-08   1.224918e-02   4.868261e-11   30408
  3.760676e+00   1.265979e-08   0.000000e+00   4.787421e-11   30320
  3.782726e+00   1.261889e-08   0.000000e+00   4.868740e-11   30930
  3.804736e+00   1.276906e-08   0.000000e+00   4.788977e-11   31656
  3.826238e+00   1.245430e-08   0.000000e+00   4.811224e-11   30086
  3.847838e+00   1.248748e-08   1.397169e-02   4.568828e-11   32724
  3.869609e+00   1.244211e-08   8.246223e-03   4.671433e-11   30846
  3.891230e+00   1.241148e-08   2.976673e-03   4.515222e-11   33480
  3.913331e+00   1.242426e-08   1.133484e-02   4.576578e-11   32724
  3.934938e+00   1.229449e-08   7.342862e-03   4.494067e-11   32894
  3.956857e+00   1.225127e-08   0.000000e+00   4.431351e-11   34200
  3.978780e+00   1.232535e-08   9.232391e-03   4.468649e-11   33594
  4.000310e+00   1.224373e-08   0.000000e+00   4.434462e-11   34336
  4.022277e+00   1.218386e-08   1.832128e-03   4.382800e-11   34822
  4.044074e+00   1.207250e-08   0.000000e+00   4.319823e-11   35472
  4.065753e+00   1.217129e-08   0.000000e+00   4.350689e-11   34404
  4.087366e+00   1.205782e-08   0.000000e+00   4.224134e-11   36222
  4.109029e+00   1.204863e-08   6.873180e-03   4.256633e-11   35984
  4.130915e+00   1.190750e-08   8.838642e-03   4.151340e-11   36570
  4.152611e+00   1.196820e-08   0.000000e+00   4.135574e-11   37176
  4.174544e+00   1.189059e-08   0.000000e+00   4.091414e-11   37406
  4.196387e+00   1.188651e-08   0.000000e+00   4.019458e-11   38052
  4.218053e+00   1.173151e-08   0.000000e+00   3.964081e-11   37590
  4.240016e+00   1.171711e-08   1.117207e-02   3.909758e-11   39480
  4.261757e+00   1.182494e-08   0.000000e+00   4.027633e-11   38260
  4.283491e+00   1.170074e-08   1.095535e-02   3.887018e-11   39646
  4.305668e+00   1.161744e-08   6.231030e-03   3.790077e-11   40944
  4.327660e+00   1.168957e-08   0.000000e+00   3.928367e-11   39678
  4.349324e+00   1.162653e-08   0.000000e+00   3.853588e-11   40804
  4.371118e+00   1.154320e-08   0.000000e+00   3.792826e-11   40606
  4.392949e+00   1.150039e-08   1.455170e-02   3.709284e-11   42216
  4.414913e+00   1.148418e-08   0.000000e+00   3.750017e-11   41532
  4.436610e+00   1.135681e-08   0.000000e+00   3.639052e-11   41990
  4.458148e+00   1.147160e-08   1.550875e-02   3.690503e-11   42360
  4.480126e+00   1.135764e-08   5.551910e-03   3.629521e-11   43530
  4.501970e+00   1.130179e-08   8.528272e-03   3.551955e-11   43848
  4.523746e+00   1.123035e-08   0.000000e+00   3.622762e-11   42870
  4.545591e+00   1.119695e-08   1.500449e-02   3.414201e-11   46160
  4.567519e+00   1.114519e-08   5.865495e-03   3.532698e-11   43380
  4.589112e+00   1.120177e-08   0.000000e+00   3.469189e-11   45294
  4.610780e+00   1.114242e-08   1.366931e-02   3.455338e-11   45744
  4.632935e+00   1.108570e-08   0.000000e+00   3.405001e-11   46682
  4.654609e+00   1.101902e-08   7.816964e-03   3.405631e-11   45840
  4.676354e+00   1.096150e-08   0.000000e+00   3.326842e-11   47118
  4.698053e+00   1.098751e-08   2.013881e-02   3.358391e-11   47124
  4.719837e+00   1.083801e-08   4.745034e-03   3.252815e-11   47984
  4.742064e+00   1.093195e-08   8.920126e-03   3.261760e-11   49566
  4.763498e+00   1.090383e-08   5.102355e-03   3.382623e-11   46284
  4.784998e+00   1.084851e-08   1.455609e-02   3.202598e-11   49966
  4.806880e+00   1.084481e-08   1.083117e-02   3.249442e-11   49360
  4.828629e+00   1.079533e-08   1.333887e-03   3.164701e-11   49806
  4.850554e+00   1.069523e-08   1.204855e-02   3.092635e-11   51492
  4.872240e+00   1.073237e-08   1.617373e-02   3.179276e-11   49496
  4.894109e+00   1.061937e-08   1.607848e-02   3.025331e-11   53190
  4.916163e+00   1.062253e-08   0.000000e+00   3.116568e-11   51060
  4.937784e+00   1.051161e-08   0.000000e+00   3.010284e-11   52134
  4.959473e+00   1.056554e-08   1.031091e-02   3.016216e-11   53088
  4.981334e+00   1.051551e-08   7.330540e-03   2.987253e-11   52706
  5.003129e+00   1.041789e-08   1.050698e-02   2.904397e-11   54936
  5.025271e+00   1.042047e-08   0.000000e+00   2.960635e-11   53886
  5.046930e+00   1.039561e-08   0.000000e+00   2.948277e-11   54436
  5.068583e+00   1.034111e-08   0.000000e+00   2.895527e-11   55096
  5.090671e+00   1.024337e-08   0.000000e+00   2.826243e-11   56358
  5.112315e+00   1.028983e-08   0.000000e+00   2.886340e-11   55632
  5.134134e+00   1.021638e-08   2.096523e-02   2.787297e-11   56530
  5.155898e+00   1.022461e-08   0.000000e+00   2.805710e-11   57232
  5.177583e+00   1.018426e-08   0.000000e+00   2.788161e-11   56766
  5.199820e+00   1.014009e-08   0.000000e+00   2.722699e-11   60804
  5.221460e+00   1.012985e-08   0.000000e+00   2.839094e-11   55536
  5.243180e+00   1.008940e-08   2.641277e-02   2.664646e-11   61166
  5.264987e+00   1.007684e-08   0.000000e+00   2.733354e-11   57396
  5.286552e+00   9.985560e-09   1.256197e-02   2.646802e-11   60870
  5.308448e+00   1.003670e-08   0.000000e+00   2.698467e-11   60224
  5.330232e+00   9.931954e-09   1.839299e-02   2.672568e-11   61002
  5.352088e+00   9.960560e-09   1.687353e-02   2.628340e-11   62016
  5.373828e+00   9.906070e-09   0.000000e+00   2.643568e-11   60768
  5.395394e+00   9.869675e-09   2.469668e-02   2.582256e-11   62870
  5.417440e+00   9.846227e-09   9.103225e-03   2.564198e-11   63804
  5.439362e+00   9.783374e-09   1.145218e-02   2.554716e-11   63054
  5.460782e+00   9.745706e-09   9.537304e-03   2.562678e-11   63024
  5.482664e+00   9.699644e-09   0.000000e+00   2.487234e-11   65018
  5.504301e+00   9.714530e-09   1.580906e-02   2.493686e-11   64608
  5.526161e+00   9.700715e-09   0.000000e+00   2.498572e-11   65688
  5.547959e+00   9.648800e-09   2.369999e-02   2.472434e-11   65994
  5.569685e+00   9.585738e-09   0.000000e+00   2.426647e-11   66648
  5.591651e+00   9.542120e-09   1.567797e-02   2.403239e-11   67310
  5.613298e+00   9.529413e-09   0.000000e+00   2.400729e-11   67224
  5.635098e+00   9.527349e-09   7.073274e-03   2.400205e-11   68034
  5.656981e+00   9.501607e-09   0.000000e+00   2.345636e-11   69744
  5.678864e+00   9.413084e-09   1.244268e-02   2.345828e-11   68654
  5.700966e+00   9.414983e-09   1.620029e-02   2.295431e-11   72132
  5.722832e+00   9.411239e-09   1.026102e-02   2.358365e-11   68520
  5.744389e+00   9.354712e-09   1.570882e-02   2.284937e-11   71070
  5.766374e+00   9.360273e-09   0.000000e+00   2.267425e-11   71948
  5.788139e+00   9.348197e-09   2.384534e-02   2.286471e-11   71598
  5.810092e+00   9.263832e-09   0.000000e+00   2.238720e-11   73536
  5.831861e+00   9.200419e-09   2.875307e-02   2.255851e-11   71802
  5.853404e+00   9.235374e-09   0.000000e+00   2.236205e-11   73280
  5.875205e+00   9.171164e-09   0.000000e+00   2.209928e-11   73992
  5.897203e+00   9.137960e-09   1.313295e-02   2.170362e-11   75966
  5.918986e+00   9.136751e-09   0.000000e+00   2.186312e-11   74364
  5.940792e+00   9.081529e-09   1.684647e-02   2.153641e-11   76094
  5.962539e+00   9.028851e-09   0.000000e+00   2.136792e-11   76224
  5.984354e+00   9.053700e-09   9.670191e-03   2.134409e-11   76242
  6.005939e+00   8.950303e-09   0.000000e+00   2.104908e-11   76944
  6.027737e+00   8.949525e-09   0.000000e+00   2.069856e-11   78680
  6.049871e+00   8.928720e-09   1.860680e-02   2.051463e-11   79962
  6.071582e+00   8.931837e-09   9.223543e-03   2.111038e-11   77760
  6.093271e+00   8.774050e-09   2.214994e-02   2.039262e-11   79590
  6.115083e+00   8.864908e-09   0.000000e+00   2.050893e-11   80732
  6.136950e+00   8.807253e-09   2.803928e-02   2.018882e-11   81174
  6.158762e+00   8.767272e-09   9.907360e-03   2.012202e-11   80832
  6.180136e+00   8.772273e-09   2.802302e-02   2.034086e-11   79992
  6.202065e+00   8.671385e-09   0.000000e+00   1.945106e-11   84314
  6.224070e+00   8.677673e-09   0.000000e+00   1.966385e-11   83592
  6.245949e+00   8.622485e-09   2.091950e-02   1.944309e-11   83838
  6.267703e+00   8.639219e-09   0.000000e+00   1.962428e-11   83676
  6.289373e+00   8.601123e-09   1.400777e-02   1.916276e-11   84950
  6.311107e+00   8.537732e-09   0.000000e+00   1.908947e-11   84912
  6.332969e+00   8.508337e-09   2.577242e-02   1.883152e-11   87162
  6.354881e+00   8.503761e-09   0.000000e+00   1.882815e-11   86440
  6.376563e+00   8.481489e-09   0.000000e+00   1.891501e-11   86560
  6.398432e+00   8.446924e-09   0.000000e+00   1.851838e-11   88698
  6.420197e+00   8.369453e-09   3.165076e-02   1.817844e-11   88920
  6.442253e+00   8.370552e-09   0.000000e+00   1.829240e-11   88814
  6.463887e+00   8.337817e-09   6.666744e-03   1.806086e-11   90336
  6.485927e+00   8.359008e-09   0.000000e+00   1.808867e-11   90282
  6.507693e+00   8.275665e-09   0.000000e+00   1.781682e-11   90840
  6.529282e+00   8.253687e-09   2.365441e-02   1.795815e-11   91128
  6.551301e+00   8.239385e-09   0.000000e+00   1.767382e-11   92690
  6.572967e+00   8.220566e-09   0.000000e+00   1.762983e-11   92160
  6.594827e+00   8.189633e-09   0.000000e+00   1.736051e-11   93534
  6.616516e+00   8.129165e-09   0.000000e+00   1.718264e-11   93484
  6.638314e+00   8.140323e-09   6.585700e-03   1.718647e-11   95206
  6.660296e+00   8.063108e-09   1.039689e-02   1.691939e-11   96048
  6.681921e+00   8.087380e-09   9.089493e-03   1.724624e-11   93600
  6.703675e+00   8.050248e-09   0.000000e+00   1.681905e-11   97410
  6.725467e+00   8.011972e-09   2.920015e-02   1.657401e-11   97856
  6.747477e+00   7.972196e-09   0.000000e+00   1.659916e-11   97278
  6.769187e+00   7.935424e-09   1.808698e-02   1.630503e-11   98916
  6.790911e+00   7.889354e-09   0.000000e+00   1.633389e-11   96894
  6.812521e+00   7.894425e-09   0.000000e+00   1.623892e-11   100976
  6.834542e+00   7.884359e-09   3.315554e-03   1.625820e-11   100164
  6.856217e+00   7.870328e-09   0.000000e+00   1.617242e-11   100014
  6.877761e+00   7.850637e-09   2.081063e-02   1.615242e-11   101040
  6.899661e+00   7.817059e-09   0.000000e+00   1.583509e-11   102338
  6.921355e+00   7.729615e-09   1.246030e-02   1.556645e-11   102912
  6.943364e+00   7.700549e-09   0.000000e+00   1.546327e-11   104238
  6.964998e+00   7.736752e-09   2.024125e-02   1.568060e-11   103104
  6.986827e+00   7.630828e-09   1.799378e-02   1.523687e-11   105404
  7.008711e+00   7.618297e-09   0.000000e+00   1.519410e-11   105198
  7.030478e+00   7.630641e-09   0.000000e+00   1.520420e-11   106632
  7.052366e+00   7.601875e-09   2.703695e-02   1.497560e-11   106706
  7.074123e+00   7.560002e-09   0.000000e+00   1.492731e-11   106992
  7.096134e+00   7.543894e-09   0.000000e+00   1.478290e-11   110118
  7.117933e+00   7.504126e-09   3.339895e-02   1.478904e-11   108084
  7.139609e+00   7.475904e-09   1.263584e-02   1.482392e-11   108222
  7.161526e+00   7.460227e-09   0.000000e+00   1.444736e-11   112160
  7.183234e+00   7.422952e-09   1.970384e-02   1.456267e-11   108492
  7.205043e+00   7.423039e-09   2.368051e-02   1.424958e-11   113262
  7.226935e+00   7.335005e-09   0.000000e+00   1.422650e-11   111360
  7.248853e+00   7.373344e-09   0.000000e+00   1.412741e-11   114182
  7.270606e+00   7.316918e-09   3.470129e-02   1.408511e-11   112884
  7.292431e+00   7.298457e-09   8.321431e-03   1.406342e-11   113934
  7.314099e+00   7.278671e-09   2.677248e-03   1.392998e-11   114504
  7.336123e+00   7.286909e-09   0.000000e+00   1.374282e-11   117500
  7.357851e+00   7.220502e-09   2.474058e-02   1.375492e-11   114102
  7.379593e+00   7.245498e-09   1.039532e-02   1.359347e-11   118584
  7.401469e+00   7.160310e-09   0.000000e+00   1.369184e-11   115546
  7.422994e+00   7.183840e-09   2.189833e-02   1.354462e-11   118984
  7.445055e+00   7.155879e-09   6.400553e-03   1.339020e-11   119526
  7.466768e+00   7.105438e-09   0.000000e+00   1.327482e-11   119436
  7.488461e+00   7.063691e-09   0.000000e+00   1.326045e-11   118632
  7.510188e+00   7.078694e-09   2.520574e-02   1.317850e-11   122510
  7.532109e+00   7.023554e-09   0.000000e+00   1.303525e-11   121680
  7.553956e+00   7.002760e-09   0.000000e+00   1.301840e-11   121434
  7.575563e+00   6.978305e-09   0.000000e+00   1.274196e-11   123928
  7.597456e+00   6.953218e-09   0.000000e+00   1.287542e-11   123910
  7.619294e+00   6.937868e-09   0.000000e+00   1.275466e-11   124452
  7.641072e+00   6.888787e-09   0.000000e+00   1.265909e-11   125376
  7.662852e+00   6.883272e-09   2.176522e-02   1.252089e-11   126638
  7.684644e+00   6.871893e-09   8.300303e-03   1.253359e-11   125844
  7.706452e+00   6.832279e-09   0.000000e+00   1.237527e-11   128142
  7.728288e+00   6.813153e-09   2.808504e-03   1.238910e-11   128136
  7.749976e+00   6.809705e-09   7.767012e-03   1.226888e-11   127642
  7.771831e+00   6.773850e-09   0.000000e+00   1.206358e-11   131968
  7.793931e+00   6.732576e-09   0.000000e+00   1.198995e-11   130326
  7.815601e+00   6.735420e-09   2.307456e-02   1.201595e-11   131688
  7.837391e+00   6.708053e-09   1.087376e-02   1.200627e-11   130212
  7.859097e+00   6.666210e-09   0.000000e+00   1.177590e-11   132686
  7.881068e+00   6.660101e-09   0.000000e+00   1.165500e-11   135960
  7.902945e+00   6.612491e-09   1.704035e-02   1.171654e-11   131562
  7.924361e+00   6.626892e-09   1.322915e-02   1.161782e-11   134016
  7.946304e+00   6.577138e-09   0.000000e+00   1.149166e-11   136478
  7.968113e+00   6.576276e-09   2.998277e-02   1.156540e-11   136812
  7.990009e+00   6.535963e-09   1.876616e-02   1.132281e-11   137856
  8.011823e+00   6.504235e-09   0.000000e+00   1.136453e-11   135862
  8.033512e+00   6.483488e-09   0.000000e+00   1.127646e-11   140056
  8.055478e+00   6.464007e-09   2.589058e-02   1.117526e-11   139602
  8.077232e+00   6.445423e-09   0.000000e+00   1.107510e-11   139080
  8.098974e+00   6.420990e-09   0.000000e+00   1.100708e-11   140678
  8.120806e+00   6.408584e-09   1.330493e-02   1.090143e-11   142884
  8.142548e+00   6.380727e-09   1.114586e-02   1.101349e-11   139992
  8.164339e+00   6.356978e-09   0.000000e+00   1.076888e-11   144966
  8.186252e+00   6.334935e-09   0.000000e+00   1.082031e-11   143364
  8.207958e+00   6.295533e-09   2.067464e-02   1.070928e-11   144518
  8.229702e+00   6.289655e-09   2.066983e-02   1.064183e-11   145200
  8.251409e+00   6.270777e-09   0.000000e+00   1.069743e-11   143466
  8.273060e+00   6.240014e-09   0.000000e+00   1.043304e-11   148824
  8.294868e+00   6.192344e-09   1.667169e-02   1.045236e-11   145544
  8.316512e+00   6.173589e-09   0.000000e+00   1.029728e-11   148590
  8.338428e+00   6.155562e-09   0.000000e+00   1.020247e-11   150540
  8.360314e+00   6.131725e-09   2.864409e-02   1.023351e-11   150134
  8.382106e+00   6.106891e-09   0.000000e+00   1.009245e-11   151296
  8.404107e+00   6.112502e-09   0.000000e+00   1.010969e-11   152058
  8.425686e+00   6.072048e-09   1.756115e-02   1.008648e-11   150864
  8.447487e+00   6.082101e-09   1.583660e-02   9.953093e-12   154310
  8.469510e+00   6.034087e-09   0.000000e+00   9.844329e-12   155172
  8.491297e+00   6.019257e-09   0.000000e+00   9.817242e-12   154128
  8.513296e+00   5.977478e-09   1.350179e-02   9.684653e-12   158310
  8.534995e+00   5.977955e-09   1.997485e-02   9.814552e-12   153436
  8.556710e+00   5.954346e-09   0.000000e+00   9.617106e-12   157726
  8.578729e+00   5.929350e-09   0.000000e+00   9.497986e-12   160368
  8.600432e+00   5.933989e-09   9.672223e-03   9.683528e-12   155718
  8.622094e+00   5.873309e-09   0.000000e+00   9.487968e-12   160028
  8.643906e+00   5.866937e-09   0.000000e+00   9.374481e-12   160920
  8.665751e+00   5.832441e-09   1.451989e-02   9.299179e-12   161070
  8.687592e+00   5.831455e-09   3.230829e-02   9.221901e-12   163428
  8.709310e+00   5.829109e-09   0.000000e+00   9.391832e-12   159574
  8.731179e+00   5.773681e-09   0.000000e+00   9.069001e-12   167392
  8.753059e+00   5.790314e-09   2.607851e-02   9.200358e-12   162258
  8.774786e+00   5.762694e-09   1.430693e-02   9.081315e-12   167472
  8.796666e+00   5.739279e-09   0.000000e+00   9.122864e-12   163664
  8.818292e+00   5.704000e-09   0.000000e+00   8.951335e-12   166986
  8.840153e+00   5.683459e-09   1.743765e-02   8.869480e-12   169968
  8.862179e+00   5.669939e-09   0.000000e+00   8.937890e-12   167646
  8.883695e+00   5.651154e-09   0.000000e+00   8.851967e-12   168080
  8.905519e+00   5.639166e-09   1.684523e-02   8.782943e-12   170826
  8.927355e+00   5.628465e-09   0.000000e+00   8.716039e-12   170928
  8.948987e+00   5.608792e-09   1.865843e-02   8.738454e-12   170640
  8.970899e+00   5.610888e-09   0.000000e+00   8.682062e-12   173954
  8.992616e+00   5.585056e-09   2.809679e-02   8.603523e-12   173232
  9.014491e+00   5.547405e-09   0.000000e+00   8.533337e-12   174150
  9.036305e+00   5.535517e-09   0.000000e+00   8.458186e-12   176364
  9.058084e+00   5.499056e-09   1.740270e-02   8.468361e-12   175302
  9.079875e+00   5.484118e-09   8.502363e-03   8.363510e-12   177392
  9.101603e+00   5.449792e-09   1.879538e-02   8.335833e-12   176352
  9.123497e+00   5.449594e-09   0.000000e+00   8.214043e-12   180330
  9.145386e+00   5.433591e-09   9.533758e-03   8.192236e-12   180712
  9.167178e+00   5.426683e-09   1.651182e-02   8.232959e-12   179350
  9.189040e+00   5.414959e-09   1.388367e-02   8.172043e-12   183396
  9.210956e+00   5.364929e-09   0.000000e+00   8.077133e-12   180390
  9.232488e+00   5.376093e-09   0.000000e+00   8.088692e-12   181944
  9.254393e+00   5.336305e-09   0.000000e+00   7.933330e-12   185450
  9.276344e+00   5.324838e-09   6.280757e-03   7.941492e-12   186192
  9.298045e+00   5.291160e-09   2.192326e-02   7.955095e-12   183432
  9.319777e+00   5.316481e-09   0.000000e+00   7.929496e-12   185362
  9.341465e+00   5.268498e-09   3.773296e-03   7.778677e-12   188464
  9.363438e+00   5.252963e-09   0.000000e+00   7.776423e-12   188046
  9.385262e+00   5.260048e-09   1.439322e-02   7.707562e-12   191304
  9.407019e+00   5.239141e-09   2.616371e-02   7.795023e-12   186690
  9.428877e+00   5.201141e-09   0.000000e+00   7.575859e-12   194072
  9.450591e+00   5.214145e-09   2.227756e-02   7.729241e-12   188688
  9.472305e+00   5.175135e-09   0.000000e+00   7.567530e-12   192786
  9.494047e+00   5.160443e-09   9.590130e-03   7.580162e-12   193352
  9.516021e+00   5.152707e-09   0.000000e+00   7.431181e-12   195702
  9.537759e+00   5.126275e-09   2.999046e-02   7.451222e-12   195132
  9.559590e+00   5.107246e-09   0.000000e+00   7.427285e-12   195726
  9.581341e+00   5.089837e-09   0.000000e+00   7.309889e-12   197416
  9.603106e+00   5.089633e-09   8.724953e-03   7.390342e-12   196564
  9.624944e+00   5.064804e-09   2.020713e-02   7.235234e-12   201198
  9.646737e+00   5.034295e-09   0.000000e+00   7.276237e-12   197136
  9.668362e+00   5.029396e-09   0.000000e+00   7.291522e-12   199358
  9.690090e+00   5.008208e-09   2.902651e-02   7.116183e-12   203532
  9.712054e+00   4.991549e-09   0.000000e+00   7.132102e-12   201438
  9.733807e+00   4.985316e-09   0.000000e+00   7.065939e-12   203664
  9.755550e+00   4.966899e-09   2.962640e-02   7.041884e-12   203972
  9.777345e+00   4.969075e-09   2.281379e-02   7.081650e-12   205974
  9.799225e+00   4.918824e-09   0.000000e+00   6.958888e-12   205752
  9.821138e+00   4.919817e-09   0.000000e+00   6.951303e-12   207810
  9.842687e+00   4.894567e-09   3.791436e-02   6.922522e-12   206384
  9.864674e+00   4.892428e-09   0.000000e+00   6.863471e-12   210966
  9.886544e+00   4.877278e-09   0.000000e+00   6.815992e-12   210516
  9.908378e+00   4.849219e-09   0.000000e+00   6.809183e-12   209766
  9.930073e+00   4.835777e-09   4.220944e-02   6.730828e-12   212376
  9.951939e+00   4.817458e-09   0.000000e+00   6.676586e-12   212960
  9.973922e+00   4.806505e-09   0.000000e+00   6.642534e-12   214626
  9.995606e+00   4.799720e-09   3.095315e-02   6.623567e-12   213696
  1.001740e+01   4.796852e-09   3.064724e-02   6.630926e-12   215734
  1.003914e+01   4.773138e-09   0.000000e+00   6.622377e-12   213220
  1.006089e+01   4.762384e-09   0.000000e+00   6.520550e-12   219102
  1.008277e+01   4.751725e-09   3.635680e-02   6.466550e-12   220872
  1.010454e+01   4.713276e-09   5.279288e-02   6.533646e-12   216556
  1.012632e+01   4.736035e-09   4.019586e-02   6.478136e-12   221494
  1.014806e+01   4.699980e-09   4.426238e-02   6.443411e-12   219096
  1.016992e+01   4.678946e-09   3.255792e-02   6.326007e-12   224262
  1.019187e+01   4.681226e-09   0.000000e+00   6.352483e-12   222508
  1.021367e+01   4.659795e-09   0.000000e+00   6.353136e-12   222502
  1.023530e+01   4.653242e-09   4.194813e-02   6.280591e-12   227280
  1.025720e+01   4.629472e-09   2.022214e-02   6.283463e-12   223644
  1.027897e+01   4.639714e-09   0.000000e+00   6.250703e-12   226222
  1.030076e+01   4.616215e-09   0.000000e+00   6.176988e-12   229840
  1.032262e+01   4.600401e-09   2.786893e-02   6.203579e-12   228042
  1.034426e+01   4.580614e-09   0.000000e+00   6.154997e-12   227472
  1.036604e+01   4.583361e-09   0.000000e+00   6.137788e-12   230990
  1.038787e+01   4.564964e-09   8.812201e-03   6.077249e-12   233532
  1.040967e+01   4.543197e-09   3.141216e-02   6.047338e-12   231288
  1.043156e+01   4.555588e-09   0.000000e+00   6.044090e-12   233718
  1.045320e+01   4.519999e-09   0.000000e+00   5.988028e-12   232704
  1.047504e+01   4.506055e-09   3.283042e-02   5.905737e-12   239282
  1.049693e+01   4.502861e-09   3.988710e-02   5.997788e-12   234912
  1.051883e+01   4.484460e-09   0.000000e+00   5.889967e-12   238278
  1.054045e+01   4.485043e-09   3.932941e-02   5.888623e-12   237460
  1.056208e+01   4.449662e-09   2.796620e-02   5.881971e-12   236662
  1.058413e+01   4.465666e-09   0.000000e+00   5.785473e-12   246336
  1.060617e+01   4.439616e-09   0.000000e+00   5.811357e-12   241092
  1.062785e+01   4.430183e-09   3.645692e-02   5.801457e-12   242414
  1.064968e+01   4.411838e-09   1.450879e-02   5.728649e-12   243552
  1.067155e+01   4.425078e-09   0.000000e+00   5.751708e-12   243474
  1.069315e+01   4.392584e-09   2.534104e-02   5.695573e-12   245112
  1.071503e+01   4.380214e-09   2.699240e-02   5.660540e-12   246894
  1.073679e+01   4.375743e-09   2.056896e-02   5.669011e-12   247448
  1.075869e+01   4.361369e-09   0.000000e+00   5.658524e-12   247404
  1.078033e+01   4.368136e-09   4.164393e-02   5.623861e-12   249990
  1.080204e+01   4.362981e-09   3.944668e-02   5.619946e-12   249512
  1.082408e+01   4.332747e-09   0.000000e+00   5.531816e-12   253890
  1.084585e+01   4.333138e-09   0.000000e+00   5.563234e-12   250728
  1.086748e+01   4.305328e-09   5.047077e-02   5.491074e-12   253950
  1.088937e+01   4.297153e-09   0.000000e+00   5.498112e-12   254140
  1.091120e+01   4.282851e-09   0.000000e+00   5.417668e-12   255880
  1.093305e+01   4.284994e-09   3.244319e-02   5.436400e-12   258942
  1.095468e+01   4.273099e-09   4.800743e-02   5.454504e-12   253836
  1.097659e+01   4.265045e-09   0.000000e+00   5.374065e-12   260534
  1.099847e+01   4.244919e-09   0.000000e+00   5.349293e-12   259992
  1.102007e+01   4.237012e-09   4.938385e-02   5.347518e-12   258894
  1.104191e+01   4.219055e-09   3.938711e-02   5.290828e-12   263364
  1.106377e+01   4.210661e-09   0.000000e+00   5.316156e-12   259536
  1.108531e+01   4.217235e-09   2.120304e-02   5.316529e-12   263438
  1.110709e+01   4.206184e-09   4.471687e-02   5.260889e-12   265740
  1.112900e+01   4.202251e-09   0.000000e+00   5.270276e-12   264894
  1.115086e+01   4.178129e-09   0.000000e+00   5.162357e-12   269184
  1.117261e+01   4.176592e-09   4.239639e-02   5.231357e-12   266138
  1.119435e+01   4.167086e-09   2.978403e-02   5.145324e-12   270528
  1.121630e+01   4.154555e-09   0.000000e+00   5.161042e-12   268182
  1.123797e+01   4.146347e-09   0.000000e+00   5.135735e-12   270960
  1.125969e+01   4.127263e-09   5.146347e-02   5.059588e-12   274580
  1.128190e+01   4.137334e-09   0.000000e+00   5.087119e-12   276078
  1.130373e+01   4.121976e-09   0.000000e+00   5.111494e-12   273600
  1.132542e+01   4.115446e-09   4.252018e-02   5.093399e-12   274698
  1.134718e+01   4.103965e-09   4.573649e-02   5.052825e-12   276920
  1.136911e+01   4.082983e-09   0.000000e+00   5.013540e-12   276774
  1.139092e+01   4.098522e-09   0.000000e+00   5.017691e-12   279972
  1.141249e+01   4.091526e-09   3.695848e-02   5.047586e-12   276144
  1.143436e+01   4.068834e-09   1.825017e-02   4.947721e-12   282590
  1.145627e+01   4.059885e-09   0.000000e+00   4.940418e-12   282300
  1.147807e+01   4.057760e-09   0.000000e+00   4.923680e-12   283926
  1.149965e+01   4.047576e-09   4.995489e-02   4.960758e-12   279792
  1.152162e+01   4.041323e-09   0.000000e+00   4.890704e-12   287870
  1.154355e+01   4.042468e-09   0.000000e+00   4.928032e-12   286428
  1.156511e+01   4.021148e-09   4.820014e-02   4.883121e-12   284808
  1.158693e+01   4.031912e-09   1.612997e-02   4.864696e-12   289158
  1.160888e+01   4.009420e-09   0.000000e+00   4.840850e-12   290204
  1.163065e+01   4.009248e-09   0.000000e+00   4.846455e-12   290382
  1.165236e+01   4.010675e-09   3.339753e-02   4.829678e-12   291912
  1.167428e+01   3.987428e-09   0.000000e+00   4.812009e-12   290754
  1.169597e+01   3.988855e-09   1.848394e-02   4.781039e-12   296096
  1.171789e+01   3.980013e-09   2.730006e-02   4.774336e-12   294552
  1.173957e+01   3.986508e-09   4.913579e-02   4.817508e-12   293466
  1.176133e+01   3.971939e-09   0.000000e+00   4.761005e-12   296904
  1.178321e+01   3.976011e-09   0.000000e+00   4.764842e-12   298358
  1.180476e+01   3.970755e-09   4.771710e-02   4.752117e-12   297840
  1.182670e+01   3.958743e-09   1.721921e-02   4.719113e-12   301338
  1.184859e+01   3.952794e-09   0.000000e+00   4.755616e-12   300336
  1.187017e+01   3.961939e-09   5.161860e-02   4.698558e-12   303584
  1.189209e+01   3.942627e-09   4.320297e-02   4.704436e-12   304098
  1.191405e+01   3.946065e-09   0.000000e+00   4.707292e-12   304488
  1.193572e+01   3.946448e-09   4.737077e-02   4.699040e-12   306678
  1.195759e+01   3.934700e-09   0.000000e+00   4.678026e-12   305732
  1.197939e+01   3.923679e-09   1.570560e-02   4.626621e-12   309894
  1.200126e+01   3.932041e-09   2.607588e-02   4.672288e-12   310200
  1.202306e+01   3.901317e-09   0.000000e+00   4.633969e-12   307074
  1.204475e+01   3.919036e-09   4.922681e-02   4.624346e-12   315656
  1.206674e+01   3.898956e-09   0.000000e+00   4.602444e-12   310704
  1.208864e+01   3.910922e-09   0.000000e+00   4.615304e-12   314310
  1.211007e+01   3.896989e-09   5.767209e-02   4.629476e-12   312412
  1.213206e+01   3.902493e-09   0.000000e+00   4.591154e-12   318310
  1.215396e+01   3.884512e-09   0.000000e+00   4.594330e-12   315648
  1.217559e+01   3.880412e-09   4.484319e-02   4.534305e-12   320610
  1.219736e+01   3.898588e-09   0.000000e+00   4.636963e-12   313944
  1.221918e+01   3.883459e-09   0.000000e+00   4.525130e-12   325880
  1.224102e+01   3.882917e-09   4.620808e-02   4.588749e-12   319146
  1.226284e+01   3.882221e-09   0.000000e+00   4.548661e-12   322896
  1.228447e+01   3.880996e-09   5.068565e-02   4.532313e-12   322206
  1.230635e+01   3.892145e-09   0.000000e+00   4.547800e-12   327416
  1.232835e+01   3.868085e-09   0.000000e+00   4.506161e-12   325602
  1.234988e+01   3.881136e-09   6.193464e-02   4.547373e-12   328248
  1.237175e+01   3.862165e-09   0.000000e+00   4.513583e-12   326088
  1.239374e+01   3.888957e-09   0.000000e+00   4.508423e-12   331658
  1.241527e+01   3.860810e-09   5.581501e-02   4.516493e-12   331584
  1.243721e+01   3.856879e-09   2.612291e-02   4.494406e-12   330630
  1.245909e+01   3.880722e-09   0.000000e+00   4.526247e-12   333204
  1.248059e+01   3.860910e-09   6.340607e-02   4.507975e-12   333470
  1.250263e+01   3.868624e-09   0.000000e+00   4.515720e-12   335688
  1.252429e+01   3.871827e-09   2.350746e-02   4.515324e-12   336828
  1.254606e+01   3.871229e-09   2.858626e-02   4.510291e-12   337662
  1.256803e+01   3.850630e-09   0.000000e+00   4.441440e-12   338960
  1.258948e+01   3.868748e-09   5.771134e-02   4.497238e-12   338262
  1.261140e+01   3.853240e-09   4.820028e-02   4.461186e-12   344388
  1.263351e+01   3.858419e-09   0.000000e+00   4.492606e-12   342486
  1.265490e+01   3.868219e-09   7.329474e-02   4.488604e-12   343592
  1.267698e+01   3.840281e-09   7.675312e-03   4.433526e-12   347130
  1.269897e+01   3.877681e-09   0.000000e+00   4.529871e-12   346152
  1.272042e+01   3.854467e-09   6.999215e-02   4.477262e-12   345856
  1.274247e+01   3.873861e-09   0.000000e+00   4.506054e-12   349354
  1.276432e+01   3.858806e-09   0.000000e+00   4.445687e-12   352032
  1.278598e+01   3.868028e-09   5.894134e-02   4.511238e-12   348582
  1.280799e+01   3.872966e-09   0.000000e+00   4.500676e-12   352244
  1.282940e+01   3.865157e-09   7.145679e-02   4.503664e-12   351582
  1.285138e+01   3.866989e-09   1.257214e-02   4.464096e-12   357144
  1.287343e+01   3.867781e-09   0.000000e+00   4.499503e-12   355560
  1.289490e+01   3.851793e-09   6.652845e-02   4.471394e-12   354551
  1.291686e+01   3.842308e-09   1.128710e-02   4.447253e-12   358044
  1.293889e+01   3.835507e-09   0.000000e+00   4.447928e-12   355272
  1.296027e+01   3.819219e-09   7.291577e-02   4.416594e-12   352044
  1.298217e+01   3.795801e-09   0.000000e+00   4.394634e-12   352344
  1.300406e+01   3.788850e-09   0.000000e+00   4.350533e-12   356516
  1.302571e+01   3.774341e-09   5.184644e-02   4.334438e-12   352848
  1.304788e+01   3.766917e-09   0.000000e+00   4.314227e-12   352980
  1.306938e+01   3.741410e-09   4.373908e-02   4.313011e-12   348948
  1.309115e+01   3.726477e-09   3.670420e-02   4.264516e-12   351692
  1.311332e+01   3.716831e-09   0.000000e+00   4.261263e-12   353064
  1.313473e+01   3.702497e-09   6.568038e-02   4.269556e-12   345624
  1.315651e+01   3.695100e-09   0.000000e+00   4.231409e-12   347844
  1.317855e+01   3.674582e-09   0.000000e+00   4.206057e-12   351020
  1.320006e+01   3.671116e-09   6.069025e-02   4.208593e-12   345852
  1.322197e+01   3.646916e-09   9.172714e-03   4.165416e-12   347040
  1.324391e+01   3.649008e-09   0.000000e+00   4.159667e-12   345928
  1.326541e+01   3.623001e-09   6.132564e-02   4.090281e-12   347020
  1.328744e+01   3.615718e-09   0.000000e+00   4.133463e-12   343032
  1.330916e+01   3.605923e-09   0.000000e+00   4.130792e-12   343620
  1.333077e+01   3.590728e-09   6.312086e-02   4.081047e-12   343988
  1.335298e+01   3.581619e-09   0.000000e+00   4.063126e-12   344556
  1.337456e+01   3.574178e-09   4.595192e-02   4.056658e-12   343632
  1.339652e+01   3.571924e-09   0.000000e+00   4.067867e-12   340392
  1.341843e+01   3.538763e-09   0.000000e+00   4.004060e-12   339408
  1.343985e+01   3.514906e-09   7.818584e-02   3.965459e-12   341864
  1.346198e+01   3.514493e-09   0.000000e+00   3.967833e-12   341964
  1.348388e+01   3.512729e-09   0.000000e+00   3.987851e-12   334380
  1.350511e+01   3.499737e-09   7.358164e-02   3.969819e-12   336504
  1.352722e+01   3.482652e-09   1.730303e-02   3.902141e-12   339560
  1.354911e+01   3.475916e-09   0.000000e+00   3.907130e-12   336384
  1.357073e+01   3.467800e-09   7.642970e-02   3.900990e-12   337404
  1.359278e+01   3.459894e-09   0.000000e+00   3.910300e-12   330156
  1.361426e+01   3.454836e-09   6.063353e-02   3.867552e-12   337808
  1.363627e+01   3.442620e-09   0.000000e+00   3.910983e-12   332748
  1.365824e+01   3.424279e-09   0.000000e+00   3.875048e-12   333612
  1.367971e+01   3.419321e-09   6.183795e-02   3.850613e-12   331860
  1.370160e+01   3.414036e-09   2.852580e-02   3.884443e-12   328376
  1.372347e+01   3.402890e-09   0.000000e+00   3.837651e-12   331140
  1.374507e+01   3.391289e-09   7.420389e-02   3.807299e-12   332988
  1.376698e+01   3.394532e-09   2.847524e-02   3.841927e-12   325224
  1.378896e+01   3.374659e-09   0.000000e+00   3.784949e-12   331544
  1.381053e+01   3.373664e-09   6.945510e-02   3.812671e-12   327264
  1.383243e+01   3.356786e-09   0.000000e+00   3.824430e-12   322308
  1.385413e+01   3.355349e-09   2.619843e-02   3.769401e-12   328136
  1.387573e+01   3.336328e-09   5.272369e-02   3.786834e-12   323172
  1.389785e+01   3.338546e-09   0.000000e+00   3.775352e-12   325248
  1.391940e+01   3.322387e-09   6.588449e-02   3.739705e-12   324096
  1.394125e+01   3.316236e-09   0.000000e+00   3.758357e-12   321540
  1.396332e+01   3.310153e-09   0.000000e+00   3.733474e-12   323744
  1.398466e+01   3.305809e-09   7.296567e-02   3.757371e-12   317400
  1.400658e+01   3.289121e-09   1.862335e-02   3.705999e-12   322560
  1.402868e+01   3.288087e-09   0.000000e+00   3.711380e-12   320076
  1.405010e+01   3.279401e-09   7.495959e-02   3.704865e-12   317204
  1.407233e+01   3.259502e-09   0.000000e+00   3.650487e-12   323064
  1.409422e+01   3.256735e-09   0.000000e+00   3.702842e-12   315204
  1.411558e+01   3.255673e-09   8.215205e-02   3.692434e-12   315416
  1.413789e+01   3.237229e-09   0.000000e+00   3.647891e-12   316884
  1.415938e+01   3.241523e-09   4.921854e-02   3.695339e-12   312876
  1.418117e+01   3.219755e-09   5.700267e-02   3.629305e-12   315540
  1.420336e+01   3.231174e-09   0.000000e+00   3.666591e-12   312576
  1.422467e+01   3.212422e-09   8.201909e-02   3.650083e-12   312140
  1.424671e+01   3.211120e-09   1.987555e-02   3.648277e-12   310356
  1.426873e+01   3.199252e-09   0.000000e+00   3.629902e-12   311232
  1.429004e+01   3.205422e-09   7.371493e-02   3.660093e-12   307584
  1.431210e+01   3.186946e-09   3.386334e-02   3.594452e-12   310616
  1.433397e+01   3.182283e-09   0.000000e+00   3.634374e-12   304200
  1.435530e+01   3.183599e-09   8.148338e-02   3.640413e-12   306792
  1.437754e+01   3.177442e-09   0.000000e+00   3.610593e-12   306168
  1.439909e+01   3.161006e-09   0.000000e+00   3.614771e-12   304448
  1.442096e+01   3.168953e-09   7.075413e-02   3.583865e-12   308580
  1.444312e+01   3.155522e-09   0.000000e+00   3.625579e-12   299568
  1.446443e+01   3.148507e-09   7.001361e-02   3.590082e-12   304416
  1.448653e+01   3.141414e-09   3.929987e-02   3.579594e-12   302216
  1.450851e+01   3.138692e-09   0.000000e+00   3.598157e-12   300084
  1.452993e+01   3.128147e-09   8.885366e-02   3.583974e-12   299340
  1.455184e+01   3.138990e-09   0.000000e+00   3.603304e-12   296688
  1.457379e+01   3.125339e-09   0.000000e+00   3.567635e-12   298820
  1.459519e+01   3.117124e-09   8.544502e-02   3.570657e-12   296916
  1.461734e+01   3.107155e-09   0.000000e+00   3.562902e-12   295920
  1.463900e+01   3.092911e-09   7.237766e-03   3.577615e-12   292692
  1.466050e+01   3.095785e-09   7.773443e-02   3.559074e-12   295892
  1.468285e+01   3.082109e-09   0.000000e+00   3.552449e-12   293064
  1.470434e+01   3.086906e-09   4.182443e-02   3.535762e-12   293220
  1.472606e+01   3.076255e-09   3.726472e-02   3.565545e-12   286804
  1.474808e+01   3.071934e-09   0.000000e+00   3.524057e-12   293080
  1.476965e+01   3.071467e-09   7.826355e-02   3.535728e-12   291816
  1.479176e+01   3.062059e-09   0.000000e+00   3.534814e-12   287784
  1.481365e+01   3.067370e-09   0.000000e+00   3.561415e-12   286760
  1.483504e+01   3.048893e-09   8.194025e-02   3.536488e-12   287088
  1.485710e+01   3.053767e-09   0.000000e+00   3.548760e-12   286176
  1.487907e+01   3.040585e-09   0.000000e+00   3.524868e-12   284184
  1.490040e+01   3.043693e-09   7.288100e-02   3.543904e-12   282220
  1.492267e+01   3.045673e-09   0.000000e+00   3.542430e-12   284452
  1.494426e+01   3.033793e-09   0.000000e+00   3.548922e-12   279516
  1.496590e+01   3.033484e-09   7.914694e-02   3.528641e-12   282696
  1.498820e+01   3.030534e-09   0.000000e+00   3.552789e-12   278676
  1.500952e+01   3.022769e-09   8.137315e-02   3.535320e-12   279512
  1.503149e+01   3.015544e-09   1.194287e-02   3.539847e-12   276672
  1.505351e+01   3.021147e-09   0.000000e+00   3.555485e-12   276036
  1.507474e+01   3.010075e-09   7.967088e-02   3.560349e-12   274416
  1.509680e+01   3.003936e-09   3.667697e-02   3.532919e-12   275384
  1.511885e+01   3.002858e-09   0.000000e+00   3.540582e-12   274560
  1.514026e+01   2.999347e-09   8.689094e-02   3.554808e-12   272220
  1.516243e+01   2.982259e-09   0.000000e+00   3.543050e-12   270492
  1.518412e+01   2.984146e-09   0.000000e+00   3.540233e-12   271532
  1.520585e+01   2.987136e-09   5.260555e-02   3.525746e-12   272052
  1.522791e+01   2.988223e-09   0.000000e+00   3.574466e-12   264372
  1.524925e+01   2.981589e-09   4.768914e-02   3.538994e-12   268652
  1.527124e+01   2.966493e-09   5.494804e-02   3.527877e-12   266760
  1.529315e+01   2.979440e-09   0.000000e+00   3.576315e-12   262536
  1.531460e+01   2.964123e-09   8.653916e-02   3.531506e-12   266460
  1.533659e+01   2.959283e-09   0.000000e+00   3.556774e-12   261560
  1.535847e+01   2.972502e-09   0.000000e+00   3.564264e-12   262236
  1.538001e+01   2.964225e-09   7.707773e-02   3.553710e-12   261708
  1.540197e+01   2.963210e-09   0.000000e+00   3.564040e-12   258960
  1.542387e+01   2.961121e-09   0.000000e+00   3.570899e-12   258376
  1.544529e+01   2.947847e-09   7.328039e-02   3.545051e-12   258304
  1.546762e+01   2.949671e-09   0.000000e+00   3.547240e-12   259368
  1.548920e+01   2.948781e-09   3.614555e-02   3.570260e-12   253332
  1.551081e+01   2.948151e-09   7.734217e-02   3.575361e-12   254448
  1.553306e+01   2.945270e-09   0.000000e+00   3.556834e-12   255248
  1.555453e+01   2.945199e-09   7.968238e-02   3.573896e-12   252180
  1.557654e+01   2.934251e-09   3.152059e-02   3.571959e-12   252744
  1.559851e+01   2.943299e-09   0.000000e+00   3.611931e-12   247348
  1.561982e+01   2.933441e-09   9.629582e-02   3.575094e-12   250432
  1.564189e+01   2.930681e-09   0.000000e+00   3.597086e-12   247860
  1.566393e+01   2.924132e-09   0.000000e+00   3.581279e-12   247716
  1.568526e+01   2.933951e-09   8.052213e-02   3.640634e-12   242472
  1.570747e+01   2.925901e-09   0.000000e+00   3.592644e-12   248672
  1.572914e+01   2.920822e-09   3.440917e-02   3.627450e-12   239352
  1.575066e+01   2.916750e-09   6.500047e-02   3.587595e-12   245088
  1.577291e+01   2.915899e-09   0.000000e+00   3.637478e-12   239232
  1.579424e+01   2.912879e-09   8.590690e-02   3.616153e-12   240320
  1.581633e+01   2.913375e-09   0.000000e+00   3.624234e-12   239340
  1.583838e+01   2.912957e-09   0.000000e+00   3.632756e-12   237636
  1.585962e+01   2.914385e-09   8.185176e-02   3.666379e-12   235980
  1.588167e+01   2.914980e-09   0.000000e+00   3.646565e-12   235304
  1.590367e+01   2.899798e-09   0.000000e+00   3.667891e-12   234576
  1.592505e+01   2.902173e-09   7.605615e-02   3.659680e-12   232788
  1.594710e+01   2.906408e-09   0.000000e+00   3.692351e-12   230400
  1.596887e+01   2.890947e-09   0.000000e+00   3.648943e-12   231836
  1.599050e+01   2.900376e-09   8.172383e-02   3.666599e-12   231288
  1.601279e+01   2.886827e-09   0.000000e+00   3.684676e-12   226536
  1.603413e+01   2.901610e-09   6.437527e-02   3.700645e-12   226084
  1.605589e+01   2.897592e-09   5.464616e-02   3.710659e-12   227116
  1.607809e+01   2.890096e-09   0.000000e+00   3.733679e-12   223800
  1.609944e+01   2.891030e-09   8.744962e-02   3.702970e-12   223884
  1.612142e+01   2.878511e-09   0.000000e+00   3.719492e-12   222360
  1.614344e+01   2.893372e-09   0.000000e+00   3.746179e-12   221156
  1.616493e+01   2.877429e-09   9.744902e-02   3.733897e-12   221724
  1.618705e+01   2.881973e-09   0.000000e+00   3.747531e-12   217584
  1.620888e+01   2.892116e-09   0.000000e+00   3.779013e-12   217576
  1.623027e+01   2.880769e-09   1.004061e-01   3.782020e-12   215464
  1.625248e+01   2.881357e-09   0.000000e+00   3.771234e-12   215472
  1.627412e+01   2.877781e-09   2.612083e-02   3.790064e-12   213768
  1.629568e+01   2.866942e-09   8.711225e-02   3.777675e-12   210956
  1.631780e+01   2.879774e-09   0.000000e+00   3.810283e-12   211788
  1.633941e+01   2.874734e-09   4.755924e-02   3.804048e-12   211092
  1.636135e+01   2.877919e-09   3.392277e-02   3.815962e-12   209556
  1.638344e+01   2.881485e-09   0.000000e+00   3.843265e-12   206700
  1.640470e+01   2.872169e-09   8.176620e-02   3.843399e-12   206048
  1.642671e+01   2.877963e-09   0.000000e+00   3.867076e-12   204744
  1.644867e+01   2.879596e-09   0.000000e+00   3.882623e-12   202992
  1.646992e+01   2.870509e-09   9.150662e-02   3.873300e-12   201944
  1.649225e+01   2.876968e-09   0.000000e+00   3.868219e-12   203304
  1.651413e+01   2.880584e-09   0.000000e+00   3.921663e-12   200484
  1.653543e+01   2.875857e-09   9.731684e-02   3.933009e-12   195516
  1.655777e+01   2.889929e-09   0.000000e+00   3.945191e-12   198860
  1.657917e+01   2.871309e-09   4.326718e-02   3.967705e-12   195264
  1.660100e+01   2.878181e-09   6.359677e-02   3.953136e-12   195984
  1.662318e+01   2.874073e-09   0.000000e+00   3.990475e-12   191808
  1.664430e+01   2.876705e-09   7.435021e-02   4.011521e-12   190776
  1.666627e+01   2.880558e-09   1.986672e-02   3.994005e-12   192032
  1.668840e+01   2.868749e-09   0.000000e+00   4.009288e-12   188628
  1.670967e+01   2.878509e-09   1.037109e-01   4.022602e-12   189444
  1.673189e+01   2.874977e-09   0.000000e+00   4.071774e-12   186260
  1.675359e+01   2.869605e-09   0.000000e+00   4.073557e-12   184560
  1.677509e+01   2.874097e-09   9.443630e-02   4.054542e-12   185832
  1.679750e+01   2.860393e-09   0.000000e+00   4.098944e-12   182400
  1.681894e+01   2.875783e-09   4.412782e-02   4.111428e-12   181380
  1.684059e+01   2.871738e-09   7.944839e-02   4.087270e-12   180332
  1.686285e+01   2.866299e-09   0.000000e+00   4.134448e-12   178236
  1.688432e+01   2.875816e-09   5.541750e-02   4.145146e-12   179184
  1.690618e+01   2.875722e-09   7.206137e-02   4.205902e-12   175028
  1.692824e+01   2.870302e-09   0.000000e+00   4.179045e-12   175440
  1.694978e+01   2.873184e-09   7.802576e-02   4.162625e-12   174828
  1.697177e+01   2.870326e-09   0.000000e+00   4.233707e-12   169896
  1.699354e+01   2.870800e-09   0.000000e+00   4.233106e-12   171708
  1.701506e+01   2.883874e-09   9.976390e-02   4.275240e-12   169328
  1.703715e+01   2.865715e-09   0.000000e+00   4.258523e-12   167364
  1.705895e+01   2.876561e-09   3.640138e-02   4.249503e-12   168192
  1.708047e+01   2.863157e-09   8.943528e-02   4.290511e-12   163188
  1.710279e+01   2.867166e-09   0.000000e+00   4.306762e-12   166184
  1.712441e+01   2.880852e-09   4.453326e-02   4.354260e-12   161460
  1.714597e+01   2.869556e-09   8.261426e-02   4.369773e-12   159972
  1.716806e+01   2.866907e-09   0.000000e+00   4.354948e-12   159488
  1.718947e+01   2.863462e-09   7.789142e-02   4.371122e-12   158148
  1.721156e+01   2.872634e-09   0.000000e+00   4.402596e-12   158100
  1.723362e+01   2.873390e-09   0.000000e+00   4.466834e-12   155232
  1.725473e+01   2.876593e-09   8.856773e-02   4.502544e-12   151216
  1.727694e+01   2.872542e-09   0.000000e+00   4.484429e-12   155560
  1.729900e+01   2.867570e-09   0.000000e+00   4.500153e-12   151404
  1.732026e+01   2.883243e-09   1.052193e-01   4.548766e-12   148356
  1.734251e+01   2.879863e-09   0.000000e+00   4.601753e-12   147164
  1.736399e+01   2.864578e-09   2.911193e-02   4.543083e-12   147384
  1.738570e+01   2.875583e-09   7.219329e-02   4.606714e-12   145992
  1.740808e+01   2.873505e-09   0.000000e+00   4.648959e-12   143856
  1.742915e+01   2.874761e-09   7.030606e-02   4.665700e-12   140384
  1.745120e+01   2.876247e-09   3.346785e-02   4.626058e-12   143856
  1.747334e+01   2.863734e-09   0.000000e+00   4.709689e-12   136968
  1.749450e+01   2.878245e-09   9.740153e-02   4.719951e-12   139536
  1.751682e+01   2.879048e-09   0.000000e+00   4.728597e-12   136916
  1.753850e+01   2.860533e-09   0.000000e+00   4.774353e-12   133032
  1.755990e+01   2.885562e-09   9.795488e-02   4.791344e-12   135540
  1.758238e+01   2.874667e-09   0.000000e+00   4.833946e-12   132096
  1.760380e+01   2.870890e-09   0.000000e+00   4.860114e-12   129540
  1.762542e+01   2.882212e-09   9.597732e-02   4.867098e-12   130640
  1.764770e+01   2.854103e-09   0.000000e+00   4.904730e-12   126276
  1.766917e+01   2.882249e-09   5.785550e-02   4.948363e-12   128484
  1.769130e+01   2.871850e-09   1.488861e-02   4.991228e-12   124168
  1.771313e+01   2.867215e-09   0.000000e+00   5.017093e-12   122224
  1.773463e+01   2.882945e-09   8.573872e-02   5.027207e-12   123156
  1.775674e+01   2.864693e-09   0.000000e+00   5.069482e-12   119688
  1.777834e+01   2.877791e-09   0.000000e+00   5.157037e-12   116640
  1.779986e+01   2.866838e-09   1.006331e-01   5.053916e-12   119696
  1.782206e+01   2.856526e-09   0.000000e+00   5.177005e-12   114276
  1.784378e+01   2.880587e-09   0.000000e+00   5.235408e-12   114060
  1.786529e+01   2.854120e-09   9.546278e-02   5.176945e-12   112536
  1.788754e+01   2.857026e-09   0.000000e+00   5.190012e-12   112196
  1.790929e+01   2.865405e-09   4.178932e-02   5.291716e-12   109404
  1.793083e+01   2.852454e-09   5.299043e-02   5.298172e-12   105900
  1.795273e+01   2.872488e-09   0.000000e+00   5.367103e-12   107176
  1.797433e+01   2.844244e-09   7.076951e-02   5.380838e-12   105088
  1.799632e+01   2.839312e-09   2.399221e-02   5.350682e-12   103800
  1.801836e+01   2.853859e-09   0.000000e+00   5.437145e-12   101340
  1.803974e+01   2.837416e-09   7.921423e-02   5.465212e-12   100036
  1.806162e+01   2.835403e-09   0.000000e+00   5.479390e-12   97672
  1.808359e+01   2.834313e-09   0.000000e+00   5.479476e-12   97908
  1.810510e+01   2.819751e-09   8.384256e-02   5.499828e-12   95328
  1.812714e+01   2.830316e-09   0.000000e+00   5.628131e-12   93600
  1.814886e+01   2.813285e-09   0.000000e+00   5.599353e-12   92312
  1.817055e+01   2.814815e-09   7.080489e-02   5.619160e-12   91044
  1.819264e+01   2.796292e-09   0.000000e+00   5.705588e-12   88500
  1.821391e+01   2.813861e-09   5.323936e-02   5.756802e-12   86216
  1.823583e+01   2.782643e-09   0.000000e+00   5.716474e-12   87159
  1.825818e+01   2.791265e-09   0.000000e+00   5.719600e-12   86064
  1.827963e+01   2.781368e-09   8.286229e-02   5.853461e-12   81648
  1.830139e+01   2.790744e-09   9.917527e-03   5.885434e-12   81654
  1.832346e+01   2.772196e-09   0.000000e+00   5.810936e-12   81284
  1.834510e+01   2.783266e-09   5.945295e-02   5.923016e-12   78888
  1.836689e+01   2.762607e-09   1.798186e-02   6.003709e-12   77250
  1.838853e+01   2.757034e-09   0.000000e+00   5.978256e-12   75942
  1.841019e+01   2.760307e-09   6.324224e-02   5.974525e-12   77042
  1.843244e+01   2.764848e-09   0.000000e+00   6.046163e-12   74094
  1.845418e+01   2.745606e-09   3.559201e-02   6.035078e-12   73818
  1.847592e+01   2.741936e-09   0.000000e+00   6.165102e-12   70998
  1.849776e+01   2.757909e-09   0.000000e+00   6.133258e-12   72044
  1.851953e+01   2.747947e-09   6.807820e-02   6.191046e-12   69426
  1.854147e+01   2.751020e-09   0.000000e+00   6.207430e-12   69288
  1.856323e+01   2.738561e-09   0.000000e+00   6.243196e-12   67068
  1.858472e+01   2.747873e-09   7.139023e-02   6.266632e-12   66926
  1.860674e+01   2.741606e-09   5.838107e-02   6.253112e-12   66348
  1.862883e+01   2.722073e-09   0.000000e+00   6.315863e-12   64728
  1.865032e+01   2.725448e-09   0.000000e+00   6.410514e-12   62820
  1.867209e+01   2.732180e-09   0.000000e+00   6.330489e-12   63716
  1.869413e+01   2.736546e-09   1.915643e-02   6.504848e-12   62160
  1.871588e+01   2.719131e-09   0.000000e+00   6.541804e-12   59940
  1.873745e+01   2.738675e-09   1.603280e-02   6.573979e-12   60112
  1.875922e+01   2.724288e-09   6.706606e-02   6.565335e-12   59668
  1.878132e+01   2.729283e-09   0.000000e+00   6.668282e-12   57618
  1.880286e+01   2.730195e-09   2.002548e-02   6.739745e-12   56868
  1.882443e+01   2.739355e-09   6.311305e-02   6.752595e-12   56684
  1.884634e+01   2.737817e-09   2.800938e-02   6.827111e-12   55536
  1.886828e+01   2.748763e-09   0.000000e+00   6.930298e-12   54342
  1.889011e+01   2.737431e-09   2.543129e-02   6.810690e-12   54768
  1.891171e+01   2.738875e-09   6.403965e-02   6.989766e-12   52094
  1.893352e+01   2.750504e-09   0.000000e+00   7.052479e-12   52224
  1.895564e+01   2.740405e-09   0.000000e+00   6.990313e-12   52188
  1.897730e+01   2.738887e-09   5.689975e-02   7.045463e-12   50190
  1.899884e+01   2.747251e-09   4.678071e-02   7.228823e-12   49224
  1.902080e+01   2.734432e-09   0.000000e+00   7.256438e-12   49094
  1.904284e+01   2.739218e-09   1.433768e-02   7.268230e-12   49488
  1.906465e+01   2.725301e-09   5.855452e-02   7.409815e-12   46830
  1.908616e+01   2.734519e-09   1.796849e-02   7.435887e-12   45860
  1.910805e+01   2.726920e-09   0.000000e+00   7.377344e-12   46770
  1.913001e+01   2.725522e-09   2.549292e-02   7.437334e-12   45468
  1.915178e+01   2.727339e-09   4.096036e-02   7.514025e-12   44130
  1.917346e+01   2.745862e-09   0.000000e+00   7.701650e-12   43230
  1.919529e+01   2.746475e-09   0.000000e+00   7.714379e-12   44108
  1.921728e+01   2.725444e-09   4.014594e-02   7.760066e-12   42162
  1.923902e+01   2.746044e-09   3.991625e-02   7.881813e-12   41358
  1.926058e+01   2.741615e-09   0.000000e+00   8.011317e-12   40456
  1.928240e+01   2.738943e-09   3.819843e-02   7.892471e-12   41230
  1.930457e+01   2.744617e-09   4.914647e-02   7.990468e-12   39906
  1.932642e+01   2.739613e-09   0.000000e+00   8.132674e-12   38508
  1.934787e+01   2.785393e-09   0.000000e+00   8.370189e-12   37854
  1.936953e+01   2.753910e-09   5.864983e-02   8.201349e-12   38162
  1.939171e+01   2.747733e-09   2.901581e-02   8.269286e-12   37212
  1.941359e+01   2.761789e-09   0.000000e+00   8.401950e-12   36450
  1.943494e+01   2.760389e-09   3.072350e-02   8.621613e-12   34718
  1.945658e+01   2.733197e-09   2.371724e-02   8.375970e-12   35814
  1.947878e+01   2.740717e-09   2.198509e-02   8.483487e-12   34896
  1.950068e+01   2.763660e-09   0.000000e+00   8.800936e-12   33822
  1.952197e+01   2.772682e-09   4.617870e-02   8.997100e-12   32522
  1.954384e+01   2.762415e-09   0.000000e+00   8.775566e-12   33630
  1.956602e+01   2.774286e-09   0.000000e+00   9.043305e-12   32166
  1.958760e+01   2.788240e-09   2.332873e-02   9.147895e-12   31200
  1.960897e+01   2.802409e-09   1.344329e-02   9.479282e-12   30598
  1.963083e+01   2.771573e-09   2.254205e-02   9.090707e-12   31138
  1.965318e+01   2.775971e-09   0.000000e+00   9.151184e-12   30510
  1.967494e+01   2.773799e-09   3.320336e-02   9.511182e-12   28998
  1.969630e+01   2.778437e-09   9.088702e-03   9.544617e-12   28290
  1.971813e+01   2.759056e-09   4.595278e-02   9.377019e-12   29126
  1.974048e+01   2.752243e-09   0.000000e+00   9.349276e-12   28008
  1.976227e+01   2.796949e-09   1.503967e-02   9.806459e-12   27222
  1.978381e+01   2.818926e-09   2.336533e-02   1.010954e-11   26426
  1.980561e+01   2.794782e-09   1.348231e-02   9.779623e-12   26694
  1.982768e+01   2.775455e-09   2.585504e-02   9.947763e-12   25734
  1.984956e+01   2.790852e-09   0.000000e+00   9.918717e-12   25458
  1.987103e+01   2.787867e-09   9.523432e-03   1.047441e-11   24198
  1.989294e+01   2.794628e-09   0.000000e+00   1.018535e-11   25034
  1.991510e+01   2.783624e-09   1.906393e-02   1.056131e-11   23718
  1.993673e+01   2.802097e-09   0.000000e+00   1.071879e-11   23094
  1.995801e+01   2.780130e-09   2.962207e-02   1.064445e-11   22416
  1.997992e+01   2.765995e-09   1.355968e-02   1.052147e-11   23078
  2.000241e+01   2.783043e-09   0.000000e+00   1.069821e-11   22386
  2.002419e+01   2.816426e-09   0.000000e+00   1.139277e-11   21126
  2.004528e+01   2.819222e-09   0.000000e+00   1.134942e-11   20366
  2.006701e+01   2.811456e-09   4.004439e-02   1.108637e-11   21354
  2.008955e+01   2.788457e-09   0.000000e+00   1.148840e-11   20478
  2.011130e+01   2.823854e-09   0.000000e+00   1.188092e-11   19458
  2.013239e+01   2.831698e-09   1.258535e-02   1.182626e-11   18758
  2.015414e+01   2.800058e-09   4.386618e-02   1.153158e-11   19566
  2.017665e+01   2.788087e-09   2.917238e-02   1.162738e-11   18858
  2.019850e+01   2.820216e-09   4.710622e-03   1.223749e-11   17790
  2.021954e+01   2.828920e-09   0.000000e+00   1.251945e-11   17114
  2.024133e+01   2.821611e-09   0.000000e+00   1.216335e-11   17982
  2.026381e+01   2.820677e-09   0.000000e+00   1.237303e-11   17190
  2.028572e+01   2.848731e-09   0.000000e+00   1.306838e-11   16458
  2.030674e+01   2.817206e-09   3.299822e-02   1.285329e-11   15494
  2.032848e+01   2.830411e-09   7.933851e-03   1.284977e-11   16374
  2.035111e+01   2.826855e-09   0.000000e+00   1.296707e-11   15858
  2.037304e+01   2.826346e-09   0.000000e+00   1.308325e-11   14862
  2.039396e+01   2.824803e-09   0.000000e+00   1.364411e-11   14082
  2.041582e+01   2.838589e-09   0.000000e+00   1.349031e-11   14990
  2.043850e+01   2.840531e-09   1.468076e-02   1.369475e-11   14358
  2.046035e+01   2.811368e-09   0.000000e+00   1.402669e-11   13386
  2.048107e+01   2.851556e-09   0.000000e+00   1.472365e-11   12678
  2.050293e+01   2.884553e-09   2.651046e-02   1.429217e-11   13700
  2.052576e+01   2.855427e-09   1.630569e-02   1.464624e-11   12942
  2.054768e+01   2.875450e-09   4.000647e-02   1.510529e-11   12198
  2.056815e+01   2.904620e-09   0.000000e+00   1.617776e-11   11106
  2.058987e+01   2.846943e-09   0.000000e+00   1.474758e-11   12494
  2.061278e+01   2.911043e-09   2.762160e-02   1.542627e-11   11610
  2.063486e+01   2.900984e-09   0.000000e+00   1.585819e-11   11094
  2.065534e+01   2.938355e-09   2.132817e-02   1.668149e-11   9902
  2.067697e+01   2.902763e-09   1.441946e-02   1.560760e-11   11226
  2.069988e+01   2.941720e-09   0.000000e+00   1.677943e-11   10326
  2.072199e+01   2.893415e-09   1.716955e-02   1.669912e-11   10074
  2.074264e+01   2.886974e-09   0.000000e+00   1.790771e-11   8766
  2.076409e+01   2.895913e-09   0.000000e+00   1.686929e-11   9950
  2.078694e+01   2.935651e-09   9.676937e-03   1.765627e-11   9252
  2.080904e+01   2.961072e-09   0.000000e+00   1.831805e-11   8886
  2.082967e+01   2.963924e-09   0.000000e+00   1.973380e-11   7850
  2.085131e+01   2.881791e-09   6.519572e-03   1.764693e-11   8886
  2.087422e+01   2.966504e-09   0.000000e+00   1.945983e-11   8142
  2.089605e+01   2.946091e-09   2.046377e-02   1.917463e-11   7746
  2.091645e+01   2.896942e-09   2.266294e-02   1.980680e-11   6926
  2.093851e+01   2.965668e-09   0.000000e+00   1.953380e-11   7974
  2.096150e+01   2.943299e-09   1.994147e-02   2.035687e-11   7074
  2.098307e+01   3.014922e-09   7.325250e-03   2.085599e-11   6744
  2.100337e+01   2.958075e-09   2.172225e-02   2.193523e-11   6114
  2.102580e+01   2.985353e-09   0.000000e+00   2.075857e-11   7094
  2.104919e+01   3.026293e-09   0.000000e+00   2.279954e-11   6174
  2.107051e+01   3.024100e-09   4.747909e-03   2.282858e-11   5754
  2.109025e+01   2.943696e-09   0.000000e+00   2.363283e-11   5214
  2.111298e+01   2.961666e-09   0.000000e+00   2.118644e-11   6338
  2.113700e+01   3.051761e-09   7.035985e-03   2.443938e-11   5352
  2.115807e+01   3.043296e-09   0.000000e+00   2.557472e-11   4830
  2.117690e+01   2.976403e-09   8.174879e-03   2.584961e-11   4338
  2.119976e+01   2.992062e-09   0.000000e+00   2.273721e-11   5558
  2.122480e+01   3.049098e-09   1.425594e-02   2.479302e-11   4866
  2.124631e+01   3.031535e-09   2.740138e-02   2.760162e-11   3846
  2.126342e+01   2.993623e-09   0.000000e+00   2.887714e-11   3518
  2.128637e+01   3.052731e-09   2.288928e-02   2.497600e-11   4812
  2.131215e+01   3.062995e-09   1.522731e-02   2.736543e-11   4278
  2.133449e+01   3.052568e-09   2.032052e-02   3.171146e-11   3174
  2.134996e+01   3.012847e-09   0.000000e+00   3.312405e-11   2738
  2.137283e+01   3.067121e-09   1.194098e-02   2.721851e-11   4086
  2.139914e+01   3.021420e-09   0.000000e+00   2.810359e-11   3666
  2.142254e+01   3.075177e-09   1.520292e-02   3.392539e-11   2712
  2.143650e+01   3.079746e-09   1.040532e-02   3.900905e-11   1998
  2.145925e+01   3.002449e-09   1.218534e-02   2.908413e-11   3434
  2.148610e+01   2.994123e-09   0.000000e+00   3.189483e-11   3078
  2.151062e+01   3.021108e-09   1.190639e-02   3.536359e-11   2334
  2.152310e+01   2.958759e-09   0.000000e+00   4.645137e-11   1340
  2.154564e+01   3.013407e-09   0.000000e+00   3.328724e-11   2838
  2.157313e+01   2.981714e-09   0.000000e+00   3.317382e-11   2538
  2.159879e+01   2.974568e-09   1.358619e-02   3.915618e-11   1974
  2.160907e+01   3.094412e-09   1.359459e-02   6.203615e-11   774
  2.163172e+01   3.086276e-09   0.000000e+00   3.811217e-11   2300
  2.165989e+01   3.048980e-09   1.542846e-02   3.819032e-11   2046
  2.168672e+01   2.980086e-09   4.677963e-03   4.371016e-11   1626
  2.169506e+01   3.058306e-09   8.132370e-03   9.671085e-11   390
  2.171763e+01   3.206125e-09   8.254315e-03   4.275595e-11   1766
  2.174626e+01   3.169660e-09   0.000000e+00   4.356181e-11   1596
  2.177421e+01   2.930825e-09   0.000000e+00   4.533975e-11   1302
  2.178107e+01   3.057613e-09   0.000000e+00   1.346847e-10   150
  2.180369e+01   3.151075e-09   2.779674e-03   5.109247e-11   1298
  2.183241e+01   3.061791e-09   0.000000e+00   5.076211e-11   1158
  2.186098e+01   3.080216e-09   0.000000e+00   5.779661e-11   996
  2.187147e+01   2.833219e-09   1.131615e-02   2.943007e-10   38
  2.188994e+01   3.181754e-09   0.000000e+00   6.008881e-11   894
  2.191871e+01   3.046048e-09   7.897003e-03   6.491783e-11   786
  2.194751e+01   3.325798e-09   0.000000e+00   7.153065e-11   678
  2.197491e+01   3.765523e-09   0.000000e+00   4.278153e-10   8
  2.197635e+01   3.198982e-09   1.376256e-02   7.332137e-11   570
  2.200518e+01   2.939564e-09   9.940631e-03   7.427719e-11   486
  2.203405e+01   3.524974e-09   0.000000e+00   1.073485e-10   402
  2.206211e+01   2.357068e-09   0.000000e+00   4.459509e-10   8
  2.206295e+01   3.420849e-09   6.982960e-03   1.135018e-10   318
  2.209183e+01   3.253435e-09   0.000000e+00   1.289055e-10   258
  2.212076e+01   3.102081e-09   0.000000e+00   1.562555e-10   198
  2.214931e+01   2.333344e-09   0.000000e+00   2.193588e-10   8
  2.214972e+01   3.468374e-09   0.000000e+00   1.812395e-10   138
  2.217866e+01   3.435735e-09   3.770745e-03   2.026412e-10   102
  2.220764e+01   3.394570e-09   6.867792e-03   2.571105e-10   66
  2.223664e+01   3.317521e-09   0.000000e+00   2.234129e-10   38
  2.226566e+01   4.414989e-09   0.000000e+00   6.219198e-10   18
  2.229469e+01   5.870814e-09   0.000000e+00   4.896410e-10   6
