# power spectrum of delta
# redshift z=0.060300
# k              Pk             sigma(k)       sigma(Pk)      count
  2.982968e-02   2.394575e-02   4.564224e-03   2.465483e-03   18
  5.214475e-02   8.959864e-02   5.520388e-03   4.664067e-03   62
  7.257506e-02   1.873226e-01   3.818960e-03   8.163121e-03   90
  9.191687e-02   2.390307e-01   6.027119e-03   9.363840e-03   170
  1.120458e-01   3.173487e-01   6.264555e-03   1.416641e-02   246
  1.317012e-01   4.568909e-01   5.972299e-03   0.000000e+00   338
  1.510985e-01   5.650115e-01   5.134501e-03   0.000000e+00   432
  1.710768e-01   7.029282e-01   5.260284e-03   0.000000e+00   578
  1.923993e-01   8.186529e-01   6.288329e-03   0.000000e+00   810
  2.138999e-01   9.432513e-01   6.017474e-03   0.000000e+00   950
  2.337991e-01   1.189954e+00   5.371822e-03   0.000000e+00   1002
  2.536950e-01   1.347784e+00   6.143628e-03   0.000000e+00   1334
  2.738285e-01   1.639052e+00   5.753562e-03   0.000000e+00   1410
  2.929949e-01   1.776827e+00   5.748293e-03   0.000000e+00   1652
  3.130282e-01   2.028169e+00   5.672880e-03   0.000000e+00   1974
  3.335851e-01   2.152942e+00   5.560270e-03   0.000000e+00   2234
  3.541988e-01   2.494446e+00   5.849526e-03   0.000000e+00   2554
  3.751486e-01   2.610953e+00   6.122142e-03   0.000000e+00   2950
  3.956655e-01   3.021865e+00   5.730505e-03   0.000000e+00   3042
  4.155890e-01   3.198260e+00   5.843993e-03   0.000000e+00   3422
  4.353725e-01   3.361405e+00   5.640077e-03   0.000000e+00   3618
  4.552924e-01   3.873506e+00   5.871737e-03   0.000000e+00   4172
  4.755514e-01   4.262104e+00   5.680256e-03   0.000000e+00   4470
  4.959172e-01   4.700593e+00   5.804732e-03   0.000000e+00   4970
  5.163564e-01   5.177032e+00   5.831639e-03   0.000000e+00   5334
  5.368078e-01   5.544689e+00   5.989903e-03   0.000000e+00   5810
  5.570155e-01   5.973932e+00   5.951509e-03   0.000000e+00   6114
  5.773560e-01   6.329356e+00   6.064428e-03   0.000000e+00   6782
  5.971853e-01   6.749406e+00   5.532370e-03   0.000000e+00   6684
  6.168389e-01   7.220899e+00   5.718075e-03   0.000000e+00   7574
  6.372191e-01   7.917480e+00   5.775318e-03   0.000000e+00   8154
  6.575339e-01   8.352058e+00   5.745608e-03   0.000000e+00   8618
  6.781877e-01   8.687912e+00   6.021480e-03   0.000000e+00   9494
  6.986492e-01   9.206174e+00   5.809132e-03   0.000000e+00   9618
  7.188365e-01   9.886167e+00   5.901485e-03   0.000000e+00   10306
  7.391241e-01   1.047178e+01   5.955349e-03   0.000000e+00   10942
  7.593476e-01   1.110091e+01   5.814609e-03   0.000000e+00   11452
  7.795524e-01   1.192584e+01   5.712647e-03   0.000000e+00   12046
  7.995822e-01   1.222712e+01   5.613036e-03   0.000000e+00   12522
  8.198448e-01   1.289476e+01   5.866704e-03   0.000000e+00   13562
  8.402765e-01   1.347625e+01   5.969664e-03   0.000000e+00   14182
  8.607344e-01   1.431264e+01   6.027631e-03   0.000000e+00   14986
  8.808391e-01   1.466391e+01   5.732868e-03   0.000000e+00   14982
  9.009042e-01   1.526805e+01   5.959528e-03   0.000000e+00   16388
  9.211245e-01   1.622572e+01   5.726077e-03   0.000000e+00   16626
  9.412080e-01   1.694644e+01   5.808790e-03   0.000000e+00   17678
  9.614536e-01   1.805112e+01   5.718805e-03   0.000000e+00   18354
  9.816171e-01   1.831066e+01   5.767173e-03   0.000000e+00   19034
  1.001851e+00   1.936690e+01   5.911320e-03   0.000000e+00   20142
  1.022422e+00   2.003786e+01   6.046963e-03   0.000000e+00   21386
  1.042764e+00   2.084614e+01   5.790214e-03   0.000000e+00   21318
  1.062932e+00   2.164687e+01   5.850515e-03   0.000000e+00   22676
  1.083253e+00   2.166981e+01   5.790490e-03   0.000000e+00   23322
  1.103413e+00   2.289314e+01   5.718305e-03   0.000000e+00   24134
  1.123614e+00   2.339852e+01   5.819163e-03   0.000000e+00   25146
  1.143850e+00   2.434802e+01   5.791756e-03   0.000000e+00   26030
  1.163980e+00   2.543302e+01   5.823637e-03   0.000000e+00   26674
  1.184331e+00   2.629038e+01   5.986797e-03   0.000000e+00   28570
  1.204528e+00   2.709900e+01   5.785914e-03   0.000000e+00   28224
  1.224797e+00   2.779086e+01   5.983114e-03   0.000000e+00   30626
  1.245070e+00   2.890680e+01   5.599281e-03   0.000000e+00   30158
  1.265029e+00   2.959335e+01   5.737827e-03   0.000000e+00   31674
  1.285327e+00   3.035612e+01   5.928269e-03   0.000000e+00   33306
  1.305524e+00   3.087618e+01   5.742541e-03   0.000000e+00   33422
  1.325707e+00   3.231244e+01   5.892777e-03   0.000000e+00   35298
  1.346202e+00   3.263277e+01   5.895770e-03   0.000000e+00   36650
  1.366519e+00   3.409951e+01   5.840035e-03   0.000000e+00   36992
  1.386821e+00   3.451833e+01   5.893165e-03   0.000000e+00   38730
  1.407130e+00   3.588585e+01   5.748719e-03   0.000000e+00   39246
  1.427315e+00   3.637947e+01   5.840556e-03   0.000000e+00   40466
  1.447400e+00   3.765182e+01   5.694333e-03   0.000000e+00   41170
  1.467639e+00   3.839715e+01   5.942031e-03   0.000000e+00   43534
  1.487930e+00   3.937405e+01   5.722812e-03   0.000000e+00   43650
  1.508054e+00   4.023552e+01   5.793120e-03   0.000000e+00   45272
  1.528442e+00   4.063128e+01   5.896083e-03   0.000000e+00   47098
  1.548787e+00   4.157094e+01   5.794469e-03   0.000000e+00   47746
  1.568983e+00   4.205697e+01   5.830404e-03   0.000000e+00   48870
  1.589078e+00   4.357257e+01   5.688090e-03   0.000000e+00   49682
  1.609132e+00   4.434712e+01   5.724076e-03   0.000000e+00   51222
  1.629408e+00   4.532355e+01   5.932774e-03   0.000000e+00   53378
  1.649621e+00   4.562086e+01   5.701424e-03   0.000000e+00   53634
  1.670009e+00   4.744864e+01   6.002460e-03   0.000000e+00   56888
  1.690452e+00   4.782110e+01   5.786581e-03   0.000000e+00   56650
  1.710745e+00   4.861959e+01   5.915258e-03   0.000000e+00   58786
  1.730990e+00   4.895899e+01   5.755170e-03   0.000000e+00   59214
  1.751174e+00   5.053872e+01   5.959362e-03   0.000000e+00   61250
  1.771315e+00   5.101989e+01   5.783991e-03   0.000000e+00   61686
  1.791390e+00   5.209158e+01   5.803187e-03   0.000000e+00   63626
  1.811707e+00   5.261301e+01   5.911245e-03   0.000000e+00   66204
  1.832113e+00   5.361331e+01   5.925381e-03   0.000000e+00   67094
  1.852330e+00   5.434815e+01   5.793584e-03   0.000000e+00   67890
  1.872578e+00   5.519958e+01   5.757774e-03   0.000000e+00   70334
  1.892803e+00   5.670436e+01   5.665350e-03   0.000000e+00   70626
  1.912877e+00   5.737698e+01   5.900353e-03   0.000000e+00   72554
  1.933087e+00   5.779513e+01   5.919991e-03   0.000000e+00   74550
  1.953307e+00   5.866058e+01   5.807007e-03   0.000000e+00   75674
  1.973512e+00   5.980883e+01   5.767151e-03   0.000000e+00   77564
  1.993966e+00   6.008480e+01   5.931291e-03   0.000000e+00   80766
  2.014325e+00   6.099677e+01   5.719062e-03   0.000000e+00   80202
  2.034574e+00   6.184730e+01   5.806561e-03   0.000000e+00   83102
  2.054872e+00   6.309637e+01   5.832426e-03   0.000000e+00   83890
  2.075065e+00   6.409505e+01   5.862207e-03   0.000000e+00   85522
  2.095181e+00   6.427322e+01   5.687972e-03   0.000000e+00   86670
  2.115377e+00   6.565636e+01   5.779417e-03   0.000000e+00   89588
  2.135707e+00   6.596428e+01   5.932128e-03   0.000000e+00   91038
  2.155976e+00   6.666783e+01   5.790963e-03   0.000000e+00   92522
  2.176198e+00   6.792052e+01   5.732114e-03   0.000000e+00   94242
  2.196586e+00   6.841831e+01   5.944716e-03   0.000000e+00   97550
  2.216800e+00   6.936449e+01   5.971745e-03   0.000000e+00   96250
  2.236827e+00   6.948215e+01   5.884419e-03   0.000000e+00   99166
  2.256968e+00   7.090036e+01   5.696998e-03   0.000000e+00   100932
  2.277261e+00   7.146563e+01   5.962414e-03   0.000000e+00   104306
  2.297589e+00   7.204272e+01   5.906529e-03   0.000000e+00   104990
  2.317898e+00   7.259155e+01   5.703593e-03   0.000000e+00   107874
  2.338193e+00   7.382606e+01   5.397108e-03   0.000000e+00   108322
  2.358428e+00   7.434180e+01   5.259746e-03   0.000000e+00   111454
  2.378666e+00   7.511689e+01   5.732321e-03   0.000000e+00   112002
  2.398797e+00   7.493957e+01   5.800385e-03   0.000000e+00   114158
  2.418967e+00   7.583130e+01   5.688063e-03   0.000000e+00   116148
  2.439215e+00   7.655432e+01   5.915141e-03   0.000000e+00   118754
  2.459505e+00   7.791176e+01   5.949493e-03   0.000000e+00   120942
  2.479848e+00   7.829549e+01   5.738183e-03   0.000000e+00   123170
  2.500080e+00   7.958781e+01   6.017508e-03   0.000000e+00   123638
  2.520290e+00   8.001693e+01   5.567510e-03   0.000000e+00   126858
  2.540478e+00   8.012067e+01   5.853198e-03   0.000000e+00   127698
  2.560644e+00   8.087829e+01   5.880664e-03   0.000000e+00   130640
  2.580895e+00   8.210270e+01   5.824920e-03   0.000000e+00   132642
  2.601131e+00   8.212386e+01   5.747660e-03   0.000000e+00   134534
  2.621445e+00   8.304502e+01   5.835944e-03   0.000000e+00   137954
  2.641876e+00   8.357328e+01   5.794564e-03   0.000000e+00   140610
  2.662120e+00   8.439636e+01   5.900707e-03   0.000000e+00   139590
  2.682272e+00   8.572170e+01   5.964137e-03   0.000000e+00   143546
  2.702527e+00   8.594634e+01   5.625112e-03   0.000000e+00   145338
  2.722719e+00   8.646082e+01   5.863414e-03   0.000000e+00   147272
  2.742979e+00   8.699205e+01   5.939674e-03   0.000000e+00   150434
  2.763273e+00   8.663133e+01   5.679171e-03   0.000000e+00   152214
  2.783461e+00   8.827686e+01   5.885167e-03   0.000000e+00   153186
  2.803764e+00   8.881168e+01   5.980243e-03   0.000000e+00   158642
  2.824038e+00   8.975929e+01   5.448415e-03   0.000000e+00   157350
  2.844229e+00   8.978311e+01   5.823622e-03   0.000000e+00   161906
  2.864358e+00   9.062620e+01   5.710559e-03   0.000000e+00   160824
  2.884581e+00   9.070712e+01   6.320328e-03   0.000000e+00   167906
  2.904925e+00   9.165035e+01   5.765809e-03   0.000000e+00   167578
  2.925100e+00   9.218960e+01   5.763973e-03   0.000000e+00   169798
  2.945360e+00   9.318248e+01   5.872672e-03   0.000000e+00   173586
  2.965659e+00   9.368066e+01   5.990768e-03   0.000000e+00   175274
  2.985907e+00   9.426802e+01   5.960647e-03   0.000000e+00   177654
  3.006188e+00   9.443878e+01   5.898218e-03   0.000000e+00   180698
  3.026475e+00   9.474245e+01   5.800259e-03   0.000000e+00   182680
  3.046705e+00   9.545911e+01   6.150490e-03   0.000000e+00   184138
  3.066897e+00   9.617644e+01   5.811719e-03   0.000000e+00   187138
  3.087196e+00   9.610894e+01   5.803131e-03   0.000000e+00   191134
  3.107441e+00   9.688000e+01   5.854300e-03   0.000000e+00   191010
  3.127629e+00   9.767049e+01   5.012222e-03   0.000000e+00   195134
  3.147811e+00   9.791915e+01   5.971488e-03   0.000000e+00   195810
  3.168029e+00   9.849113e+01   5.978965e-03   0.000000e+00   201140
  3.188261e+00   9.858242e+01   6.072167e-03   0.000000e+00   201054
  3.208450e+00   9.933849e+01   5.846632e-03   0.000000e+00   205250
  3.228696e+00   1.002961e+02   5.519862e-03   0.000000e+00   207366
  3.248943e+00   1.003456e+02   6.319972e-03   0.000000e+00   210578
  3.269211e+00   1.009804e+02   5.721685e-03   0.000000e+00   213066
  3.289546e+00   1.019767e+02   6.009111e-03   0.000000e+00   217382
  3.309786e+00   1.022061e+02   5.786606e-03   0.000000e+00   216306
  3.329934e+00   1.025671e+02   5.765651e-03   0.000000e+00   220652
  3.350219e+00   1.026789e+02   6.032959e-03   0.000000e+00   224622
  3.370546e+00   1.038140e+02   5.229396e-03   0.000000e+00   227066
  3.390803e+00   1.034782e+02   5.664803e-03   0.000000e+00   228574
  3.411023e+00   1.039982e+02   5.025412e-03   0.000000e+00   231466
  3.431226e+00   1.043365e+02   5.663923e-03   0.000000e+00   233946
  3.451505e+00   1.047645e+02   6.220687e-03   0.000000e+00   238694
  3.471712e+00   1.053555e+02   5.988322e-03   0.000000e+00   238068
  3.491930e+00   1.055459e+02   5.881492e-03   0.000000e+00   244190
  3.512240e+00   1.058537e+02   5.712436e-03   0.000000e+00   245634
  3.532456e+00   1.063493e+02   6.177919e-03   0.000000e+00   248090
  3.552701e+00   1.069135e+02   5.686839e-03   0.000000e+00   251958
  3.572958e+00   1.067924e+02   6.060048e-03   0.000000e+00   254042
  3.593140e+00   1.074641e+02   5.689074e-03   0.000000e+00   255714
  3.613413e+00   1.086203e+02   6.188510e-03   0.000000e+00   262358
  3.633696e+00   1.084713e+02   5.534848e-03   0.000000e+00   261900
  3.654006e+00   1.084236e+02   5.957521e-03   0.000000e+00   268646
  3.674230e+00   1.087355e+02   5.691709e-03   0.000000e+00   265578
  3.694411e+00   1.092190e+02   5.692103e-03   0.000000e+00   273290
  3.714657e+00   1.099665e+02   5.789761e-03   0.000000e+00   273678
  3.734920e+00   1.099235e+02   6.054695e-03   0.000000e+00   279698
  3.755187e+00   1.106282e+02   6.742654e-03   0.000000e+00   279630
  3.775353e+00   1.109849e+02   5.454414e-03   0.000000e+00   283004
  3.795618e+00   1.110906e+02   5.492434e-03   0.000000e+00   288330
  3.815895e+00   1.115712e+02   5.867754e-03   0.000000e+00   289718
  3.836102e+00   1.120414e+02   5.843616e-03   0.000000e+00   292290
  3.856249e+00   1.119648e+02   5.632636e-03   0.000000e+00   294134
  3.876471e+00   1.121656e+02   5.721662e-03   0.000000e+00   300642
  3.896786e+00   1.122903e+02   6.104707e-03   0.000000e+00   303386
  3.917020e+00   1.132074e+02   6.464839e-03   0.000000e+00   304662
  3.937273e+00   1.136001e+02   5.613856e-03   0.000000e+00   309812
  3.957543e+00   1.138229e+02   5.810102e-03   0.000000e+00   311570
  3.977874e+00   1.144652e+02   5.641377e-03   0.000000e+00   318270
  3.998111e+00   1.141226e+02   6.252794e-03   0.000000e+00   315090
  4.018279e+00   1.146364e+02   5.458255e-03   0.000000e+00   322646
  4.038491e+00   1.147207e+02   5.632992e-03   0.000000e+00   322722
  4.058728e+00   1.152242e+02   6.187423e-03   0.000000e+00   329930
  4.079029e+00   1.149252e+02   6.183079e-03   0.000000e+00   331824
  4.099331e+00   1.154562e+02   5.631841e-03   0.000000e+00   336266
  4.119571e+00   1.160169e+02   5.866881e-03   0.000000e+00   336094
  4.139764e+00   1.163439e+02   5.586012e-03   0.000000e+00   341386
  4.159995e+00   1.162283e+02   5.897454e-03   0.000000e+00   344338
  4.180212e+00   1.158839e+02   6.020174e-03   0.000000e+00   347638
  4.200449e+00   1.168294e+02   5.629976e-03   0.000000e+00   351618
  4.220668e+00   1.167406e+02   5.853173e-03   0.000000e+00   353792
  4.240950e+00   1.168174e+02   5.726827e-03   0.000000e+00   360538
  4.261298e+00   1.175145e+02   5.593596e-03   0.000000e+00   363250
  4.281509e+00   1.174181e+02   6.102545e-03   0.000000e+00   362334
  4.301767e+00   1.179136e+02   5.017095e-03   0.000000e+00   371642
  4.322006e+00   1.182572e+02   5.774993e-03   0.000000e+00   368794
  4.342179e+00   1.181706e+02   5.779328e-03   0.000000e+00   376510
  4.362419e+00   1.184038e+02   5.587420e-03   0.000000e+00   377994
  4.382637e+00   1.180230e+02   5.714181e-03   0.000000e+00   382760
  4.402904e+00   1.184855e+02   6.439251e-03   0.000000e+00   386674
  4.423180e+00   1.185202e+02   5.799386e-03   0.000000e+00   390298
  4.443433e+00   1.187437e+02   6.164643e-03   0.000000e+00   393142
  4.463699e+00   1.191786e+02   5.881898e-03   0.000000e+00   397762
  4.483857e+00   1.190796e+02   5.650696e-03   0.000000e+00   396270
  4.504029e+00   1.193720e+02   5.878117e-03   0.000000e+00   405194
  4.524291e+00   1.196897e+02   5.356109e-03   0.000000e+00   407580
  4.544540e+00   1.201709e+02   6.250293e-03   0.000000e+00   411782
  4.564774e+00   1.200258e+02   5.624766e-03   0.000000e+00   414114
  4.585067e+00   1.206986e+02   6.073799e-03   0.000000e+00   421562
  4.605369e+00   1.208480e+02   5.896498e-03   0.000000e+00   421910
  4.625635e+00   1.209026e+02   5.607146e-03   0.000000e+00   427818
  4.645901e+00   1.207706e+02   6.569262e-03   0.000000e+00   429430
  4.666104e+00   1.209114e+02   6.160738e-03   0.000000e+00   432322
  4.686318e+00   1.210654e+02   4.901698e-03   0.000000e+00   437428
  4.706545e+00   1.211352e+02   4.933000e-03   0.000000e+00   440590
  4.726813e+00   1.210116e+02   5.846783e-03   0.000000e+00   446770
  4.747118e+00   1.208130e+02   5.510630e-03   0.000000e+00   449782
  4.767321e+00   1.214247e+02   5.928921e-03   0.000000e+00   449706
  4.787529e+00   1.211338e+02   5.895247e-03   0.000000e+00   458042
  4.807751e+00   1.215928e+02   5.536224e-03   0.000000e+00   458158
  4.827964e+00   1.222180e+02   5.524463e-03   0.000000e+00   465124
  4.848186e+00   1.215670e+02   5.851994e-03   0.000000e+00   466230
  4.868443e+00   1.218761e+02   6.178750e-03   0.000000e+00   474386
  4.888713e+00   1.221186e+02   5.546386e-03   0.000000e+00   475178
  4.909014e+00   1.220997e+02   6.174515e-03   0.000000e+00   483558
  4.929321e+00   1.223920e+02   4.969318e-03   0.000000e+00   483354
  4.949536e+00   1.223860e+02   4.819700e-03   0.000000e+00   487178
  4.969765e+00   1.225647e+02   6.014053e-03   0.000000e+00   492006
  4.989977e+00   1.221401e+02   5.716001e-03   0.000000e+00   494852
  5.010196e+00   1.228207e+02   5.703809e-03   0.000000e+00   499502
  5.030443e+00   1.225115e+02   5.269424e-03   0.000000e+00   504618
  5.050708e+00   1.226084e+02   6.329836e-03   0.000000e+00   508506
  5.071001e+00   1.223292e+02   6.372552e-03   0.000000e+00   514406
  5.091240e+00   1.230610e+02   5.346680e-03   0.000000e+00   514026
  5.111417e+00   1.226429e+02   6.097496e-03   0.000000e+00   519230
  5.131603e+00   1.224628e+02   5.520869e-03   0.000000e+00   522620
  5.151826e+00   1.230960e+02   5.730174e-03   0.000000e+00   529458
  5.172108e+00   1.228037e+02   5.990805e-03   0.000000e+00   534078
  5.192368e+00   1.229228e+02   6.117338e-03   0.000000e+00   536666
  5.212577e+00   1.230656e+02   5.929753e-03   0.000000e+00   539270
  5.232877e+00   1.232460e+02   5.733170e-03   0.000000e+00   550530
  5.253190e+00   1.236034e+02   6.317104e-03   0.000000e+00   548474
  5.273401e+00   1.229970e+02   5.908038e-03   0.000000e+00   553518
  5.293599e+00   1.232460e+02   6.091386e-03   0.000000e+00   556116
  5.313862e+00   1.231303e+02   5.496155e-03   0.000000e+00   564890
  5.334089e+00   1.230883e+02   5.724077e-03   0.000000e+00   563718
  5.354338e+00   1.235703e+02   5.820531e-03   0.000000e+00   574298
  5.374614e+00   1.232742e+02   6.913682e-03   0.000000e+00   573966
  5.394852e+00   1.232043e+02   5.490715e-03   0.000000e+00   580586
  5.415082e+00   1.232927e+02   5.938104e-03   0.000000e+00   582666
  5.435335e+00   1.232390e+02   5.977403e-03   0.000000e+00   590648
  5.455583e+00   1.230788e+02   5.703517e-03   0.000000e+00   590578
  5.475767e+00   1.229445e+02   6.404235e-03   0.000000e+00   595990
  5.495999e+00   1.233434e+02   5.610850e-03   0.000000e+00   601778
  5.516265e+00   1.228302e+02   6.331398e-03   0.000000e+00   607578
  5.536543e+00   1.230754e+02   6.082531e-03   0.000000e+00   611294
  5.556808e+00   1.228843e+02   6.059851e-03   0.000000e+00   615498
  5.577023e+00   1.233451e+02   5.839393e-03   0.000000e+00   617274
  5.597264e+00   1.231206e+02   5.440003e-03   0.000000e+00   626360
  5.617518e+00   1.228663e+02   5.221354e-03   0.000000e+00   626658
  5.637748e+00   1.230250e+02   5.601979e-03   0.000000e+00   634022
  5.657957e+00   1.223903e+02   5.574907e-03   0.000000e+00   634554
  5.678203e+00   1.228005e+02   4.713529e-03   0.000000e+00   645026
  5.698457e+00   1.228105e+02   6.002664e-03   0.000000e+00   645182
  5.718699e+00   1.225769e+02   5.953713e-03   0.000000e+00   652938
  5.738937e+00   1.225053e+02   6.696207e-03   0.000000e+00   654336
  5.759200e+00   1.229046e+02   6.085881e-03   0.000000e+00   663242
  5.779465e+00   1.231803e+02   4.940786e-03   0.000000e+00   664002
  5.799671e+00   1.227834e+02   6.728922e-03   0.000000e+00   668990
  5.819901e+00   1.225669e+02   5.463738e-03   0.000000e+00   674554
  5.840111e+00   1.224767e+02   5.994419e-03   0.000000e+00   677158
  5.860372e+00   1.227107e+02   6.011510e-03   0.000000e+00   687306
  5.880679e+00   1.223378e+02   5.791417e-03   0.000000e+00   690290
  5.900919e+00   1.222474e+02   5.444102e-03   0.000000e+00   691992
  5.921187e+00   1.223325e+02   6.634369e-03   0.000000e+00   701402
  5.941446e+00   1.224689e+02   6.257295e-03   0.000000e+00   700826
  5.961667e+00   1.221908e+02   5.585776e-03   0.000000e+00   708726
  5.981908e+00   1.221714e+02   6.059011e-03   0.000000e+00   711690
  6.002161e+00   1.217344e+02   6.859384e-03   0.000000e+00   719606
  6.022371e+00   1.217111e+02   5.897622e-03   0.000000e+00   717810
  6.042593e+00   1.217683e+02   5.269715e-03   0.000000e+00   730412
  6.062874e+00   1.218509e+02   6.355067e-03   0.000000e+00   731782
  6.083158e+00   1.218276e+02   6.218448e-03   0.000000e+00   740458
  6.103390e+00   1.215953e+02   6.068847e-03   0.000000e+00   737494
  6.123583e+00   1.212077e+02   5.167593e-03   0.000000e+00   747298
  6.143827e+00   1.211560e+02   5.245271e-03   0.000000e+00   751762
  6.164051e+00   1.215923e+02   5.960354e-03   0.000000e+00   755470
  6.184269e+00   1.212921e+02   6.136759e-03   0.000000e+00   761442
  6.204563e+00   1.206019e+02   5.961051e-03   0.000000e+00   770816
  6.224831e+00   1.211693e+02   5.114453e-03   0.000000e+00   769242
  6.245107e+00   1.210406e+02   5.645271e-03   0.000000e+00   782162
  6.265331e+00   1.208897e+02   7.945784e-03   0.000000e+00   775230
  6.285532e+00   1.204094e+02   5.061685e-03   0.000000e+00   789866
  6.305762e+00   1.207071e+02   5.028293e-03   0.000000e+00   787938
  6.325983e+00   1.202718e+02   4.829747e-03   0.000000e+00   799574
  6.346263e+00   1.203295e+02   6.682578e-03   0.000000e+00   803028
  6.366496e+00   1.202920e+02   5.824042e-03   0.000000e+00   805574
  6.386719e+00   1.203657e+02   6.386038e-03   0.000000e+00   812034
  6.406996e+00   1.201214e+02   6.716746e-03   0.000000e+00   820970
  6.427261e+00   1.194736e+02   5.875244e-03   0.000000e+00   821174
  6.447447e+00   1.193046e+02   5.911785e-03   0.000000e+00   825186
  6.467659e+00   1.193565e+02   6.643724e-03   0.000000e+00   833142
  6.487858e+00   1.192946e+02   5.814743e-03   0.000000e+00   834788
  6.508106e+00   1.194820e+02   7.215438e-03   0.000000e+00   847858
  6.528467e+00   1.191290e+02   5.491723e-03   0.000000e+00   854278
  6.548734e+00   1.188977e+02   4.889972e-03   0.000000e+00   850914
  6.568944e+00   1.189388e+02   4.694456e-03   0.000000e+00   859250
  6.589206e+00   1.187240e+02   5.925626e-03   0.000000e+00   867126
  6.609452e+00   1.183616e+02   6.311065e-03   0.000000e+00   868274
  6.629652e+00   1.182179e+02   6.595335e-03   0.000000e+00   873606
  6.649858e+00   1.181479e+02   4.349768e-03   0.000000e+00   879284
  6.670105e+00   1.181432e+02   6.459288e-03   0.000000e+00   887666
  6.690424e+00   1.182583e+02   6.734340e-03   0.000000e+00   897030
  6.710701e+00   1.180018e+02   5.495419e-03   0.000000e+00   894378
  6.730927e+00   1.176699e+02   5.883034e-03   0.000000e+00   903254
  6.751144e+00   1.174364e+02   6.293941e-03   0.000000e+00   904562
  6.771352e+00   1.176870e+02   5.407999e-03   0.000000e+00   913362
  6.791556e+00   1.175129e+02   4.403270e-03   0.000000e+00   915592
  6.811808e+00   1.171428e+02   6.563278e-03   0.000000e+00   927946
  6.832056e+00   1.172388e+02   7.340207e-03   0.000000e+00   926094
  6.852345e+00   1.169088e+02   5.690261e-03   0.000000e+00   942890
  6.872633e+00   1.168398e+02   6.148629e-03   0.000000e+00   937266
  6.892863e+00   1.164315e+02   5.357272e-03   0.000000e+00   948854
  6.913101e+00   1.162328e+02   4.703171e-03   0.000000e+00   948714
  6.933297e+00   1.160244e+02   5.234952e-03   0.000000e+00   956186
  6.953535e+00   1.158926e+02   5.878889e-03   0.000000e+00   964272
  6.973799e+00   1.155706e+02   5.901626e-03   0.000000e+00   969458
  6.994044e+00   1.154146e+02   4.799155e-03   0.000000e+00   973358
  7.014302e+00   1.156359e+02   6.479180e-03   0.000000e+00   982098
  7.034541e+00   1.152946e+02   5.372818e-03   0.000000e+00   983178
  7.054808e+00   1.147584e+02   7.113676e-03   0.000000e+00   996350
  7.075067e+00   1.147533e+02   5.296204e-03   0.000000e+00   993530
  7.095223e+00   1.144373e+02   6.275190e-03   0.000000e+00   997848
  7.115438e+00   1.147551e+02   6.141505e-03   0.000000e+00   1010106
  7.135713e+00   1.141115e+02   6.215406e-03   0.000000e+00   1015730
  7.155960e+00   1.139981e+02   5.986079e-03   0.000000e+00   1018710
  7.176247e+00   1.140890e+02   6.047395e-03   0.000000e+00   1031282
  7.196503e+00   1.139413e+02   5.796690e-03   0.000000e+00   1027122
  7.216724e+00   1.133265e+02   5.856424e-03   0.000000e+00   1039838
  7.236959e+00   1.134255e+02   6.481426e-03   0.000000e+00   1039898
  7.257179e+00   1.133597e+02   6.310047e-03   0.000000e+00   1050288
  7.277412e+00   1.125107e+02   6.133220e-03   0.000000e+00   1052226
  7.297655e+00   1.126984e+02   4.145313e-03   0.000000e+00   1062746
  7.317923e+00   1.125767e+02   5.482348e-03   0.000000e+00   1067438
  7.338184e+00   1.123889e+02   5.417984e-03   0.000000e+00   1073730
  7.358434e+00   1.123165e+02   6.819594e-03   0.000000e+00   1078230
  7.378689e+00   1.117899e+02   5.463889e-03   0.000000e+00   1085594
  7.398901e+00   1.113304e+02   4.720334e-03   0.000000e+00   1086124
  7.419150e+00   1.112154e+02   6.010773e-03   0.000000e+00   1101310
  7.439401e+00   1.111316e+02   6.650045e-03   0.000000e+00   1098282
  7.459625e+00   1.108975e+02   4.026646e-03   0.000000e+00   1109918
  7.479892e+00   1.107418e+02   5.619579e-03   0.000000e+00   1114962
  7.500159e+00   1.104572e+02   6.263781e-03   0.000000e+00   1122962
  7.520420e+00   1.106201e+02   0.000000e+00   0.000000e+00   1125822
  7.540654e+00   1.101960e+02   6.164953e-03   0.000000e+00   1132538
  7.560867e+00   1.098383e+02   6.345250e-03   0.000000e+00   1135164
  7.581087e+00   1.094766e+02   6.612013e-03   0.000000e+00   1145654
  7.601355e+00   1.095439e+02   4.406243e-03   0.000000e+00   1152666
  7.621615e+00   1.093596e+02   5.806768e-03   0.000000e+00   1157078
  7.641845e+00   1.090938e+02   6.585789e-03   0.000000e+00   1161522
  7.662109e+00   1.089840e+02   6.178219e-03   0.000000e+00   1173050
  7.682345e+00   1.087667e+02   5.903534e-03   0.000000e+00   1171518
  7.702569e+00   1.085369e+02   7.158470e-03   0.000000e+00   1183772
  7.722775e+00   1.085066e+02   6.221898e-03   0.000000e+00   1181262
  7.742977e+00   1.078758e+02   5.389982e-03   0.000000e+00   1195490
  7.763245e+00   1.078386e+02   5.030834e-03   0.000000e+00   1202010
  7.783505e+00   1.075918e+02   5.264006e-03   0.000000e+00   1207166
  7.803761e+00   1.073974e+02   6.165811e-03   0.000000e+00   1214074
  7.823980e+00   1.070487e+02   6.303690e-03   0.000000e+00   1215334
  7.844223e+00   1.068098e+02   7.558372e-03   0.000000e+00   1229274
  7.864528e+00   1.067839e+02   6.428517e-03   0.000000e+00   1236164
  7.884779e+00   1.063950e+02   4.782449e-03   0.000000e+00   1234942
  7.904995e+00   1.063427e+02   5.689910e-03   0.000000e+00   1244410
  7.925223e+00   1.060068e+02   5.955047e-03   0.000000e+00   1249010
  7.945474e+00   1.058675e+02   6.655622e-03   0.000000e+00   1260702
  7.965706e+00   1.057785e+02   5.369842e-03   0.000000e+00   1259490
  7.985959e+00   1.052779e+02   5.593973e-03   0.000000e+00   1275662
  8.006194e+00   1.051420e+02   3.120280e-03   0.000000e+00   1270164
  8.026450e+00   1.048969e+02   4.882392e-03   0.000000e+00   1291226
  8.046700e+00   1.045711e+02   3.968190e-03   0.000000e+00   1282750
  8.066904e+00   1.041237e+02   5.769807e-03   0.000000e+00   1298146
  8.087160e+00   1.041669e+02   4.977767e-03   0.000000e+00   1301646
  8.107401e+00   1.038253e+02   5.376023e-03   0.000000e+00   1309898
  8.127657e+00   1.035923e+02   4.312489e-03   0.000000e+00   1317010
  8.147917e+00   1.034632e+02   6.076518e-03   0.000000e+00   1323814
  8.168158e+00   1.028762e+02   4.477071e-03   0.000000e+00   1326732
  8.188387e+00   1.029085e+02   6.659981e-03   0.000000e+00   1335434
  8.208670e+00   1.024003e+02   7.649231e-03   0.000000e+00   1347902
  8.228929e+00   1.024038e+02   8.148361e-03   0.000000e+00   1344786
  8.249111e+00   1.023615e+02   3.769749e-03   0.000000e+00   1351222
  8.269349e+00   1.019070e+02   5.295251e-03   0.000000e+00   1365322
  8.289618e+00   1.015450e+02   6.767775e-03   0.000000e+00   1369002
  8.309868e+00   1.014645e+02   5.997656e-03   0.000000e+00   1376456
  8.330103e+00   1.012560e+02   4.966773e-03   0.000000e+00   1379362
  8.350349e+00   1.009209e+02   6.394532e-03   0.000000e+00   1392262
  8.370600e+00   1.008543e+02   5.820007e-03   0.000000e+00   1392546
  8.390821e+00   1.004933e+02   6.406375e-03   0.000000e+00   1402754
  8.411061e+00   1.003335e+02   7.154383e-03   0.000000e+00   1408470
  8.431298e+00   9.992970e+01   2.969455e-03   0.000000e+00   1415450
  8.451492e+00   9.993334e+01   5.784321e-03   0.000000e+00   1416504
  8.471786e+00   9.942225e+01   5.976725e-03   0.000000e+00   1442354
  8.492082e+00   9.935738e+01   6.881002e-03   0.000000e+00   1431202
  8.512300e+00   9.892475e+01   5.750453e-03   0.000000e+00   1445038
  8.532525e+00   9.865976e+01   5.056250e-03   0.000000e+00   1445322
  8.552777e+00   9.845423e+01   5.526807e-03   0.000000e+00   1462778
  8.573029e+00   9.817098e+01   6.462662e-03   0.000000e+00   1459590
  8.593241e+00   9.811919e+01   6.243009e-03   0.000000e+00   1471226
  8.613503e+00   9.760571e+01   4.514942e-03   0.000000e+00   1480136
  8.633778e+00   9.758379e+01   6.000375e-03   0.000000e+00   1486530
  8.654018e+00   9.732164e+01   6.699271e-03   0.000000e+00   1488898
  8.674255e+00   9.698650e+01   5.344834e-03   0.000000e+00   1500838
  8.694515e+00   9.674236e+01   3.728747e-03   0.000000e+00   1505906
  8.714720e+00   9.664320e+01   6.874949e-03   0.000000e+00   1507062
  8.734929e+00   9.640954e+01   5.721481e-03   0.000000e+00   1519890
  8.755169e+00   9.599425e+01   6.741811e-03   0.000000e+00   1526516
  8.775452e+00   9.587135e+01   4.313498e-03   0.000000e+00   1540038
  8.795723e+00   9.563220e+01   6.905588e-03   0.000000e+00   1538810
  8.815937e+00   9.523230e+01   5.197731e-03   0.000000e+00   1545574
  8.836198e+00   9.482001e+01   9.045212e-03   0.000000e+00   1560010
  8.856446e+00   9.456383e+01   4.917609e-03   0.000000e+00   1558578
  8.876661e+00   9.442597e+01   6.257781e-03   0.000000e+00   1568990
  8.896870e+00   9.435468e+01   6.699270e-03   0.000000e+00   1571770
  8.917109e+00   9.383522e+01   6.026221e-03   0.000000e+00   1587748
  8.937379e+00   9.390504e+01   4.714664e-03   0.000000e+00   1590966
  8.957649e+00   9.340423e+01   4.900137e-03   0.000000e+00   1602554
  8.977893e+00   9.337747e+01   6.504074e-03   0.000000e+00   1601190
  8.998106e+00   9.291653e+01   6.352265e-03   0.000000e+00   1611722
  9.018319e+00   9.268240e+01   5.754860e-03   0.000000e+00   1616058
  9.038566e+00   9.251485e+01   5.563599e-03   0.000000e+00   1631942
  9.058813e+00   9.230103e+01   4.689615e-03   0.000000e+00   1630980
  9.079035e+00   9.197899e+01   6.112273e-03   0.000000e+00   1641494
  9.099306e+00   9.173844e+01   6.690952e-03   0.000000e+00   1653378
  9.119617e+00   9.152274e+01   6.813460e-03   0.000000e+00   1663730
  9.139860e+00   9.137779e+01   4.564131e-03   0.000000e+00   1656558
  9.160056e+00   9.088509e+01   6.759502e-03   0.000000e+00   1671026
  9.180298e+00   9.083790e+01   6.645816e-03   0.000000e+00   1677818
  9.200528e+00   9.054336e+01   7.276726e-03   0.000000e+00   1685454
  9.220773e+00   9.011472e+01   5.275694e-03   0.000000e+00   1694516
  9.241027e+00   9.009521e+01   4.838475e-03   0.000000e+00   1701342
  9.261278e+00   8.961579e+01   5.646722e-03   0.000000e+00   1709026
  9.281553e+00   8.950565e+01   6.715571e-03   0.000000e+00   1720354
  9.301811e+00   8.930010e+01   5.482940e-03   0.000000e+00   1721470
  9.322065e+00   8.888528e+01   5.938109e-03   0.000000e+00   1735018
  9.342276e+00   8.871259e+01   4.486423e-03   0.000000e+00   1728398
  9.362467e+00   8.851788e+01   6.341372e-03   0.000000e+00   1747116
  9.382716e+00   8.830896e+01   1.784756e-03   0.000000e+00   1753090
  9.402994e+00   8.814843e+01   4.863300e-03   0.000000e+00   1767694
  9.423263e+00   8.775365e+01   6.577555e-03   0.000000e+00   1766490
  9.443521e+00   8.753946e+01   0.000000e+00   0.000000e+00   1780478
  9.463769e+00   8.709843e+01   8.546017e-03   0.000000e+00   1781050
  9.483999e+00   8.692215e+01   4.544866e-03   0.000000e+00   1792018
  9.504217e+00   8.680547e+01   6.045736e-03   0.000000e+00   1794366
  9.524440e+00   8.659448e+01   5.626022e-03   0.000000e+00   1808276
  9.544683e+00   8.624100e+01   6.302642e-03   0.000000e+00   1812522
  9.564943e+00   8.603392e+01   7.294561e-03   0.000000e+00   1827758
  9.585217e+00   8.567593e+01   4.400324e-03   0.000000e+00   1829466
  9.605444e+00   8.565404e+01   6.931479e-03   0.000000e+00   1835534
  9.625650e+00   8.519519e+01   5.836937e-03   0.000000e+00   1840906
  9.645892e+00   8.514457e+01   6.047267e-03   0.000000e+00   1857130
  9.666115e+00   8.488029e+01   4.545876e-03   0.000000e+00   1854264
  9.686337e+00   8.470818e+01   4.979985e-03   0.000000e+00   1871090
  9.706594e+00   8.445694e+01   5.718744e-03   0.000000e+00   1876926
  9.726843e+00   8.422597e+01   6.302501e-03   0.000000e+00   1884530
  9.747081e+00   8.400734e+01   5.191956e-03   0.000000e+00   1891506
  9.767358e+00   8.364940e+01   6.110867e-03   0.000000e+00   1907798
  9.787639e+00   8.351583e+01   7.467763e-03   0.000000e+00   1907378
  9.807859e+00   8.305280e+01   5.988832e-03   0.000000e+00   1912506
  9.828080e+00   8.283980e+01   3.686908e-03   0.000000e+00   1923048
  9.848345e+00   8.281317e+01   7.053783e-03   0.000000e+00   1936730
  9.868597e+00   8.254888e+01   5.622678e-03   0.000000e+00   1936686
  9.888840e+00   8.222289e+01   6.658552e-03   0.000000e+00   1950290
  9.909083e+00   8.203300e+01   2.695452e-03   0.000000e+00   1953002
  9.929338e+00   8.173289e+01   5.828778e-03   0.000000e+00   1969110
  9.949594e+00   8.171707e+01   1.882244e-03   0.000000e+00   1969050
  9.969824e+00   8.136605e+01   6.323199e-03   0.000000e+00   1980392
  9.990058e+00   8.113763e+01   7.599796e-03   0.000000e+00   1984770
  1.001029e+01   8.081126e+01   5.235845e-03   0.000000e+00   1995506
  1.003055e+01   8.069037e+01   6.806933e-03   0.000000e+00   2007806
  1.005080e+01   8.035564e+01   5.948165e-03   0.000000e+00   2010474
  1.007102e+01   8.024061e+01   6.509762e-03   0.000000e+00   2018182
  1.009128e+01   8.006223e+01   5.835379e-03   0.000000e+00   2033554
  1.011150e+01   7.991277e+01   6.853302e-03   0.000000e+00   2026266
  1.013174e+01   7.958238e+01   4.426581e-03   0.000000e+00   2054480
  1.015200e+01   7.924493e+01   4.738203e-03   0.000000e+00   2044770
  1.017221e+01   7.909535e+01   6.876227e-03   0.000000e+00   2062394
  1.019246e+01   7.898219e+01   6.266111e-03   0.000000e+00   2069982
  1.021272e+01   7.883377e+01   7.332343e-03   0.000000e+00   2079434
  1.023296e+01   7.839760e+01   6.218156e-03   0.000000e+00   2083038
  1.025321e+01   7.833479e+01   4.809297e-03   0.000000e+00   2098850
  1.027345e+01   7.810075e+01   6.071684e-03   0.000000e+00   2095436
  1.029369e+01   7.786071e+01   6.284004e-03   0.000000e+00   2117406
  1.031395e+01   7.762998e+01   5.765269e-03   0.000000e+00   2115426
  1.033414e+01   7.753140e+01   5.597319e-03   0.000000e+00   2118878
  1.035437e+01   7.714835e+01   6.381415e-03   0.000000e+00   2140026
  1.037465e+01   7.699696e+01   6.820462e-03   0.000000e+00   2147234
  1.039490e+01   7.678934e+01   6.069544e-03   0.000000e+00   2150662
  1.041513e+01   7.649885e+01   5.571950e-03   0.000000e+00   2159842
  1.043537e+01   7.633849e+01   6.267412e-03   0.000000e+00   2168384
  1.045564e+01   7.626040e+01   7.764935e-03   0.000000e+00   2183178
  1.047590e+01   7.607491e+01   5.840860e-03   0.000000e+00   2184770
  1.049613e+01   7.577241e+01   6.486038e-03   0.000000e+00   2192190
  1.051633e+01   7.559760e+01   7.065057e-03   0.000000e+00   2196242
  1.053659e+01   7.549377e+01   4.993006e-03   0.000000e+00   2220714
  1.055685e+01   7.503175e+01   7.031276e-03   0.000000e+00   2215758
  1.057710e+01   7.500143e+01   6.408775e-03   0.000000e+00   2233988
  1.059735e+01   7.473318e+01   7.839117e-03   0.000000e+00   2231670
  1.061757e+01   7.445191e+01   3.952118e-03   0.000000e+00   2244338
  1.063783e+01   7.448165e+01   5.216225e-03   0.000000e+00   2258610
  1.065808e+01   7.423499e+01   5.071956e-03   0.000000e+00   2260718
  1.067830e+01   7.419046e+01   6.122144e-03   0.000000e+00   2268162
  1.069853e+01   7.379161e+01   5.493864e-03   0.000000e+00   2277494
  1.071876e+01   7.362495e+01   5.006361e-03   0.000000e+00   2288796
  1.073904e+01   7.345170e+01   1.006763e-02   0.000000e+00   2305226
  1.075930e+01   7.328055e+01   5.235419e-03   0.000000e+00   2301630
  1.077955e+01   7.306545e+01   0.000000e+00   0.000000e+00   2319770
  1.079979e+01   7.286061e+01   6.806700e-03   0.000000e+00   2315610
  1.082001e+01   7.270519e+01   5.443377e-03   0.000000e+00   2334662
  1.084024e+01   7.265336e+01   8.044955e-03   0.000000e+00   2335722
  1.086048e+01   7.233443e+01   4.544103e-03   0.000000e+00   2354102
  1.088074e+01   7.225031e+01   7.209798e-03   0.000000e+00   2355236
  1.090100e+01   7.200771e+01   6.239434e-03   0.000000e+00   2374170
  1.092126e+01   7.193157e+01   4.895028e-03   0.000000e+00   2373286
  1.094151e+01   7.172397e+01   7.422457e-03   0.000000e+00   2388010
  1.096173e+01   7.166337e+01   1.094941e-03   0.000000e+00   2383470
  1.098194e+01   7.131201e+01   4.810983e-03   0.000000e+00   2404994
  1.100219e+01   7.124713e+01   4.061045e-03   0.000000e+00   2408642
  1.102241e+01   7.106811e+01   6.064632e-03   0.000000e+00   2417640
  1.104267e+01   7.091088e+01   6.131150e-03   0.000000e+00   2434994
  1.106294e+01   7.081011e+01   6.789777e-03   0.000000e+00   2437998
  1.108319e+01   7.053894e+01   5.840834e-03   0.000000e+00   2448194
  1.110345e+01   7.039494e+01   0.000000e+00   0.000000e+00   2455890
  1.112367e+01   7.031187e+01   3.582686e-03   0.000000e+00   2461526
  1.114391e+01   7.010642e+01   6.327980e-03   0.000000e+00   2474034
  1.116413e+01   7.009854e+01   6.160760e-03   0.000000e+00   2476482
  1.118437e+01   6.998026e+01   4.826606e-03   0.000000e+00   2497256
  1.120465e+01   6.972717e+01   6.219659e-03   0.000000e+00   2502978
  1.122489e+01   6.953278e+01   2.657206e-03   0.000000e+00   2508422
  1.124513e+01   6.951191e+01   6.455351e-03   0.000000e+00   2518482
  1.126539e+01   6.926868e+01   8.075850e-03   0.000000e+00   2532074
  1.128561e+01   6.923638e+01   8.697010e-03   0.000000e+00   2526710
  1.130583e+01   6.911275e+01   6.772797e-03   0.000000e+00   2548986
  1.132607e+01   6.891743e+01   5.835060e-03   0.000000e+00   2551704
  1.134631e+01   6.891794e+01   4.546514e-03   0.000000e+00   2566226
  1.136656e+01   6.877171e+01   4.683679e-03   0.000000e+00   2573898
  1.138683e+01   6.854263e+01   5.019197e-03   0.000000e+00   2589182
  1.140707e+01   6.853326e+01   6.487534e-03   0.000000e+00   2584970
  1.142731e+01   6.845909e+01   5.053711e-03   0.000000e+00   2605110
  1.144756e+01   6.827013e+01   4.623626e-03   0.000000e+00   2606834
  1.146779e+01   6.821394e+01   4.743791e-03   0.000000e+00   2620770
  1.148803e+01   6.807192e+01   6.435416e-03   0.000000e+00   2626560
  1.150826e+01   6.790420e+01   6.222647e-03   0.000000e+00   2636762
  1.152850e+01   6.781693e+01   7.162839e-03   0.000000e+00   2647698
  1.154879e+01   6.770905e+01   5.545310e-03   0.000000e+00   2668166
  1.156906e+01   6.773493e+01   5.642137e-03   0.000000e+00   2660586
  1.158929e+01   6.768465e+01   5.650194e-03   0.000000e+00   2676494
  1.160950e+01   6.757764e+01   6.731221e-03   0.000000e+00   2674306
  1.162971e+01   6.745947e+01   4.748323e-03   0.000000e+00   2696980
  1.164997e+01   6.734808e+01   5.251523e-03   0.000000e+00   2703622
  1.167021e+01   6.738966e+01   7.799926e-03   0.000000e+00   2713186
  1.169045e+01   6.743161e+01   7.214130e-03   0.000000e+00   2718702
  1.171072e+01   6.720036e+01   6.975576e-03   0.000000e+00   2742194
  1.173097e+01   6.722779e+01   0.000000e+00   0.000000e+00   2733162
  1.175121e+01   6.708862e+01   4.169849e-03   0.000000e+00   2757590
  1.177145e+01   6.698946e+01   3.859548e-03   0.000000e+00   2752010
  1.179166e+01   6.700780e+01   7.517031e-03   0.000000e+00   2769036
  1.181192e+01   6.688246e+01   5.829311e-03   0.000000e+00   2783046
  1.183218e+01   6.675340e+01   0.000000e+00   0.000000e+00   2789378
  1.185243e+01   6.686652e+01   8.376147e-03   0.000000e+00   2799582
  1.187270e+01   6.685227e+01   6.025520e-03   0.000000e+00   2811170
  1.189294e+01   6.682027e+01   0.000000e+00   0.000000e+00   2812706
  1.191319e+01   6.671299e+01   5.542904e-03   0.000000e+00   2833254
  1.193342e+01   6.672007e+01   7.036342e-03   0.000000e+00   2827292
  1.195363e+01   6.679674e+01   7.444553e-03   0.000000e+00   2846838
  1.197387e+01   6.666873e+01   5.595846e-03   0.000000e+00   2846535
  1.199410e+01   6.657477e+01   6.258696e-03   0.000000e+00   2848496
  1.201435e+01   6.631744e+01   6.640701e-03   0.000000e+00   2841564
  1.203461e+01   6.622247e+01   7.481546e-03   0.000000e+00   2843000
  1.205486e+01   6.597107e+01   7.116709e-03   0.000000e+00   2826624
  1.207509e+01   6.581787e+01   7.335487e-03   0.000000e+00   2828732
  1.209533e+01   6.567005e+01   4.173137e-03   0.000000e+00   2819560
  1.211558e+01   6.560947e+01   5.483977e-03   0.000000e+00   2819284
  1.213581e+01   6.535024e+01   5.233153e-03   0.000000e+00   2805856
  1.215605e+01   6.516980e+01   6.760225e-03   0.000000e+00   2810440
  1.217630e+01   6.504427e+01   5.982743e-03   0.000000e+00   2800608
  1.219654e+01   6.476460e+01   7.544766e-03   0.000000e+00   2798144
  1.221678e+01   6.466697e+01   6.646588e-03   0.000000e+00   2787376
  1.223703e+01   6.449831e+01   7.436101e-03   0.000000e+00   2790616
  1.225729e+01   6.429762e+01   5.885358e-03   0.000000e+00   2779552
  1.227750e+01   6.416806e+01   6.693849e-03   0.000000e+00   2768452
  1.229772e+01   6.391834e+01   2.089383e-03   0.000000e+00   2771296
  1.231797e+01   6.385837e+01   3.223405e-03   0.000000e+00   2764924
  1.233823e+01   6.364360e+01   3.567936e-03   0.000000e+00   2762264
  1.235851e+01   6.351475e+01   7.163988e-03   0.000000e+00   2760216
  1.237874e+01   6.332125e+01   1.474698e-03   0.000000e+00   2737932
  1.239898e+01   6.312500e+01   8.011428e-03   0.000000e+00   2752280
  1.241923e+01   6.297311e+01   6.230880e-03   0.000000e+00   2728764
  1.243946e+01   6.264642e+01   6.088283e-03   0.000000e+00   2736368
  1.245969e+01   6.262406e+01   4.667265e-03   0.000000e+00   2719920
  1.247994e+01   6.246302e+01   9.076356e-03   0.000000e+00   2727152
  1.250019e+01   6.223943e+01   0.000000e+00   0.000000e+00   2708352
  1.252045e+01   6.200254e+01   0.000000e+00   0.000000e+00   2718584
  1.254069e+01   6.194202e+01   0.000000e+00   0.000000e+00   2694300
  1.256094e+01   6.174027e+01   8.640460e-03   0.000000e+00   2709440
  1.258119e+01   6.155032e+01   2.533739e-03   0.000000e+00   2682108
  1.260140e+01   6.135535e+01   4.531730e-03   0.000000e+00   2684912
  1.262163e+01   6.126528e+01   7.838600e-03   0.000000e+00   2678892
  1.264187e+01   6.101637e+01   5.993505e-03   0.000000e+00   2674748
  1.266212e+01   6.096597e+01   8.818504e-03   0.000000e+00   2670216
  1.268237e+01   6.077837e+01   5.886064e-03   0.000000e+00   2659436
  1.270261e+01   6.058089e+01   5.402407e-03   0.000000e+00   2659752
  1.272289e+01   6.037286e+01   6.008253e-03   0.000000e+00   2654300
  1.274313e+01   6.017611e+01   2.931023e-03   0.000000e+00   2640852
  1.276336e+01   5.998019e+01   4.644026e-03   0.000000e+00   2638124
  1.278359e+01   6.006806e+01   9.340922e-03   0.000000e+00   2628228
  1.280384e+01   5.973577e+01   3.634304e-03   0.000000e+00   2630936
  1.282410e+01   5.957654e+01   8.252505e-03   0.000000e+00   2619032
  1.284433e+01   5.932764e+01   5.014349e-03   0.000000e+00   2610804
  1.286458e+01   5.926325e+01   5.632096e-03   0.000000e+00   2609408
  1.288484e+01   5.914211e+01   7.685534e-03   0.000000e+00   2602764
  1.290506e+01   5.890966e+01   6.387571e-03   0.000000e+00   2588540
  1.292528e+01   5.877429e+01   9.376006e-03   0.000000e+00   2587836
  1.294551e+01   5.865161e+01   7.855106e-03   0.000000e+00   2579100
  1.296574e+01   5.844866e+01   4.607364e-03   0.000000e+00   2574128
  1.298598e+01   5.832858e+01   4.629053e-03   0.000000e+00   2567588
  1.300625e+01   5.797384e+01   7.502653e-03   0.000000e+00   2572956
  1.302652e+01   5.800601e+01   6.666134e-03   0.000000e+00   2550552
  1.304675e+01   5.776256e+01   7.460969e-03   0.000000e+00   2552084
  1.306699e+01   5.756700e+01   4.628316e-03   0.000000e+00   2539404
  1.308724e+01   5.747646e+01   0.000000e+00   0.000000e+00   2541152
  1.310750e+01   5.741117e+01   8.363186e-03   0.000000e+00   2528016
  1.312773e+01   5.717321e+01   5.456232e-03   0.000000e+00   2521496
  1.314798e+01   5.701156e+01   6.606857e-03   0.000000e+00   2518092
  1.316824e+01   5.696662e+01   2.080404e-03   0.000000e+00   2511632
  1.318848e+01   5.675277e+01   0.000000e+00   0.000000e+00   2500140
  1.320872e+01   5.646381e+01   5.837750e-03   0.000000e+00   2496980
  1.322896e+01   5.645766e+01   6.683622e-03   0.000000e+00   2487428
  1.324922e+01   5.624719e+01   7.138400e-03   0.000000e+00   2486496
  1.326945e+01   5.607928e+01   1.072311e-02   0.000000e+00   2469840
  1.328968e+01   5.590854e+01   7.422347e-03   0.000000e+00   2469656
  1.330992e+01   5.580069e+01   2.709098e-03   0.000000e+00   2457036
  1.333018e+01   5.563322e+01   4.979225e-03   0.000000e+00   2462684
  1.335044e+01   5.541284e+01   4.249850e-03   0.000000e+00   2442384
  1.337066e+01   5.523880e+01   4.662299e-03   0.000000e+00   2441696
  1.339091e+01   5.514241e+01   2.756069e-03   0.000000e+00   2431164
  1.341114e+01   5.502827e+01   0.000000e+00   0.000000e+00   2423696
  1.343138e+01   5.481958e+01   8.687378e-03   0.000000e+00   2421336
  1.345164e+01   5.478074e+01   5.375221e-03   0.000000e+00   2412992
  1.347188e+01   5.460561e+01   4.609934e-03   0.000000e+00   2402732
  1.349211e+01   5.448053e+01   7.653958e-03   0.000000e+00   2396124
  1.351235e+01   5.413875e+01   6.506958e-03   0.000000e+00   2388480
  1.353261e+01   5.413463e+01   5.953390e-03   0.000000e+00   2387060
  1.355285e+01   5.398177e+01   6.252553e-03   0.000000e+00   2370268
  1.357306e+01   5.377007e+01   7.062103e-03   0.000000e+00   2363776
  1.359329e+01   5.374333e+01   5.365338e-03   0.000000e+00   2360176
  1.361354e+01   5.351693e+01   5.465271e-03   0.000000e+00   2356360
  1.363379e+01   5.341412e+01   5.671486e-03   0.000000e+00   2343240
  1.365404e+01   5.323146e+01   5.049481e-03   0.000000e+00   2340248
  1.367427e+01   5.310670e+01   6.262491e-03   0.000000e+00   2325000
  1.369452e+01   5.294130e+01   4.914753e-03   0.000000e+00   2328632
  1.371478e+01   5.287811e+01   7.400940e-03   0.000000e+00   2313100
  1.373503e+01   5.263999e+01   6.412803e-03   0.000000e+00   2310892
  1.375527e+01   5.256424e+01   7.184434e-03   0.000000e+00   2295420
  1.377551e+01   5.230488e+01   7.044437e-03   0.000000e+00   2293592
  1.379574e+01   5.222439e+01   5.704240e-03   0.000000e+00   2281400
  1.381602e+01   5.207387e+01   6.992128e-03   0.000000e+00   2285760
  1.383626e+01   5.196497e+01   3.622143e-03   0.000000e+00   2259408
  1.385650e+01   5.180369e+01   0.000000e+00   0.000000e+00   2266808
  1.387675e+01   5.176456e+01   6.962518e-03   0.000000e+00   2249348
  1.389698e+01   5.155359e+01   4.436476e-03   0.000000e+00   2244732
  1.391721e+01   5.139854e+01   8.403136e-03   0.000000e+00   2233908
  1.393745e+01   5.124947e+01   2.708709e-03   0.000000e+00   2231660
  1.395770e+01   5.117653e+01   5.845142e-03   0.000000e+00   2218736
  1.397796e+01   5.101924e+01   4.373524e-03   0.000000e+00   2217984
  1.399821e+01   5.088160e+01   8.528580e-03   0.000000e+00   2203300
  1.401845e+01   5.080172e+01   6.479813e-03   0.000000e+00   2197072
  1.403867e+01   5.066365e+01   0.000000e+00   0.000000e+00   2181992
  1.405890e+01   5.056205e+01   4.519517e-03   0.000000e+00   2183664
  1.407917e+01   5.041708e+01   6.735140e-03   0.000000e+00   2173464
  1.409942e+01   5.029208e+01   0.000000e+00   0.000000e+00   2165396
  1.411966e+01   5.017595e+01   3.161664e-03   0.000000e+00   2152784
  1.413990e+01   5.005465e+01   7.907243e-03   0.000000e+00   2147532
  1.416014e+01   4.988770e+01   2.269648e-03   0.000000e+00   2139588
  1.418041e+01   4.976925e+01   4.101103e-03   0.000000e+00   2135432
  1.420062e+01   4.970880e+01   5.462706e-03   0.000000e+00   2109256
  1.422082e+01   4.955119e+01   5.925875e-03   0.000000e+00   2117296
  1.424109e+01   4.936428e+01   4.525564e-03   0.000000e+00   2106252
  1.426134e+01   4.927462e+01   7.296984e-03   0.000000e+00   2099096
  1.428160e+01   4.917689e+01   7.255894e-03   0.000000e+00   2088384
  1.430184e+01   4.907939e+01   8.190966e-03   0.000000e+00   2078480
  1.432207e+01   4.891405e+01   5.425997e-03   0.000000e+00   2069016
  1.434232e+01   4.880207e+01   3.625595e-03   0.000000e+00   2064836
  1.436258e+01   4.863108e+01   0.000000e+00   0.000000e+00   2055420
  1.438282e+01   4.855850e+01   3.215656e-03   0.000000e+00   2043224
  1.440304e+01   4.837017e+01   8.061468e-03   0.000000e+00   2032260
  1.442330e+01   4.832077e+01   7.695527e-03   0.000000e+00   2034152
  1.444357e+01   4.823992e+01   4.214587e-03   0.000000e+00   2017644
  1.446381e+01   4.804692e+01   9.492648e-03   0.000000e+00   2010284
  1.448404e+01   4.792102e+01   1.086153e-03   0.000000e+00   1996540
  1.450426e+01   4.790791e+01   7.306404e-03   0.000000e+00   1992832
  1.452450e+01   4.767744e+01   8.143169e-03   0.000000e+00   1982400
  1.454473e+01   4.755497e+01   1.545550e-03   0.000000e+00   1972256
  1.456496e+01   4.741630e+01   7.350246e-03   0.000000e+00   1964352
  1.458522e+01   4.742149e+01   6.246056e-03   0.000000e+00   1958576
  1.460547e+01   4.722292e+01   4.225194e-03   0.000000e+00   1946940
  1.462573e+01   4.720840e+01   7.825983e-03   0.000000e+00   1942580
  1.464597e+01   4.697528e+01   1.053109e-02   0.000000e+00   1921740
  1.466620e+01   4.697095e+01   2.395854e-03   0.000000e+00   1923956
  1.468645e+01   4.699892e+01   6.822988e-03   0.000000e+00   1907896
  1.470671e+01   4.680854e+01   8.756781e-03   0.000000e+00   1906888
  1.472695e+01   4.665470e+01   7.836127e-03   0.000000e+00   1886160
  1.474717e+01   4.654937e+01   6.249308e-03   0.000000e+00   1883120
  1.476742e+01   4.650752e+01   2.121165e-03   0.000000e+00   1875140
  1.478769e+01   4.635885e+01   6.622550e-03   0.000000e+00   1865652
  1.480793e+01   4.626163e+01   7.015728e-03   0.000000e+00   1853268
  1.482818e+01   4.615260e+01   6.217084e-03   0.000000e+00   1847180
  1.484840e+01   4.618188e+01   8.548537e-03   0.000000e+00   1829604
  1.486863e+01   4.599135e+01   3.931365e-03   0.000000e+00   1829720
  1.488889e+01   4.581634e+01   7.491203e-03   0.000000e+00   1817184
  1.490913e+01   4.589888e+01   6.532292e-03   0.000000e+00   1806320
  1.492936e+01   4.584053e+01   4.605763e-03   0.000000e+00   1795536
  1.494961e+01   4.563267e+01   7.136326e-03   0.000000e+00   1791548
  1.496987e+01   4.555489e+01   5.864225e-03   0.000000e+00   1777512
  1.499012e+01   4.543671e+01   0.000000e+00   0.000000e+00   1769984
  1.501035e+01   4.548008e+01   7.682244e-03   0.000000e+00   1756248
  1.503058e+01   4.532579e+01   8.528654e-03   0.000000e+00   1749248
  1.505083e+01   4.528925e+01   6.180607e-03   0.000000e+00   1739928
  1.507109e+01   4.509010e+01   6.896099e-03   0.000000e+00   1732148
  1.509133e+01   4.513054e+01   6.009223e-03   0.000000e+00   1716964
  1.511157e+01   4.501704e+01   5.767987e-03   0.000000e+00   1712164
  1.513183e+01   4.491721e+01   8.781752e-03   0.000000e+00   1698332
  1.515208e+01   4.488453e+01   9.104052e-03   0.000000e+00   1694100
  1.517232e+01   4.469478e+01   0.000000e+00   0.000000e+00   1675412
  1.519254e+01   4.468167e+01   7.462930e-03   0.000000e+00   1670436
  1.521276e+01   4.468336e+01   4.262959e-03   0.000000e+00   1655532
  1.523302e+01   4.455727e+01   9.396304e-03   0.000000e+00   1656860
  1.525328e+01   4.449137e+01   2.745918e-03   0.000000e+00   1636484
  1.527353e+01   4.442743e+01   3.681726e-03   0.000000e+00   1633212
  1.529376e+01   4.432718e+01   5.467015e-03   0.000000e+00   1614044
  1.531400e+01   4.424082e+01   4.166881e-03   0.000000e+00   1612980
  1.533425e+01   4.427870e+01   8.225499e-03   0.000000e+00   1597036
  1.535449e+01   4.416954e+01   6.216682e-03   0.000000e+00   1590676
  1.537473e+01   4.405360e+01   4.227419e-03   0.000000e+00   1575812
  1.539495e+01   4.400182e+01   4.637611e-03   0.000000e+00   1566156
  1.541520e+01   4.398769e+01   7.265804e-03   0.000000e+00   1560980
  1.543547e+01   4.387834e+01   7.596732e-03   0.000000e+00   1549404
  1.545570e+01   4.386907e+01   0.000000e+00   0.000000e+00   1532436
  1.547592e+01   4.365215e+01   6.945510e-03   0.000000e+00   1527524
  1.549617e+01   4.373440e+01   7.732126e-03   0.000000e+00   1515204
  1.551641e+01   4.362462e+01   0.000000e+00   0.000000e+00   1506452
  1.553667e+01   4.359105e+01   2.426397e-03   0.000000e+00   1495116
  1.555688e+01   4.359966e+01   6.706614e-03   0.000000e+00   1479152
  1.557710e+01   4.346619e+01   0.000000e+00   0.000000e+00   1475400
  1.559739e+01   4.334680e+01   3.362690e-03   0.000000e+00   1467932
  1.561766e+01   4.339072e+01   7.222280e-03   0.000000e+00   1451256
  1.563791e+01   4.335298e+01   0.000000e+00   0.000000e+00   1443212
  1.565813e+01   4.320695e+01   5.990964e-03   0.000000e+00   1425648
  1.567836e+01   4.329590e+01   8.164681e-03   0.000000e+00   1423004
  1.569862e+01   4.315008e+01   5.235060e-03   0.000000e+00   1408632
  1.571887e+01   4.308010e+01   7.871514e-03   0.000000e+00   1400984
  1.573911e+01   4.308945e+01   7.793626e-03   0.000000e+00   1383180
  1.575934e+01   4.299326e+01   8.637480e-03   0.000000e+00   1378136
  1.577960e+01   4.301655e+01   9.147355e-03   0.000000e+00   1367136
  1.579987e+01   4.287463e+01   5.203231e-03   0.000000e+00   1356716
  1.582008e+01   4.285571e+01   5.668757e-03   0.000000e+00   1336908
  1.584028e+01   4.285468e+01   0.000000e+00   0.000000e+00   1332620
  1.586053e+01   4.283118e+01   6.502751e-03   0.000000e+00   1321748
  1.588079e+01   4.268536e+01   3.119825e-03   0.000000e+00   1312764
  1.590103e+01   4.276610e+01   0.000000e+00   0.000000e+00   1296636
  1.592129e+01   4.262141e+01   6.590995e-03   0.000000e+00   1291472
  1.594153e+01   4.264159e+01   1.091460e-02   0.000000e+00   1272768
  1.596177e+01   4.252975e+01   6.569763e-03   0.000000e+00   1269080
  1.598204e+01   4.260654e+01   7.477303e-03   0.000000e+00   1253696
  1.600227e+01   4.250116e+01   9.320786e-03   0.000000e+00   1241616
  1.602246e+01   4.256257e+01   7.098649e-03   0.000000e+00   1226712
  1.604272e+01   4.241413e+01   8.608783e-03   0.000000e+00   1226228
  1.606300e+01   4.249747e+01   6.464842e-03   0.000000e+00   1207848
  1.608325e+01   4.234498e+01   3.759548e-03   0.000000e+00   1198256
  1.610347e+01   4.228142e+01   6.912130e-03   0.000000e+00   1181516
  1.612371e+01   4.236972e+01   0.000000e+00   0.000000e+00   1177980
  1.614397e+01   4.232598e+01   2.894685e-03   0.000000e+00   1161756
  1.616419e+01   4.225100e+01   6.241432e-03   0.000000e+00   1150148
  1.618443e+01   4.214754e+01   4.979964e-03   0.000000e+00   1138848
  1.620466e+01   4.214383e+01   0.000000e+00   0.000000e+00   1126748
  1.622490e+01   4.219523e+01   2.667126e-03   0.000000e+00   1117652
  1.624519e+01   4.206732e+01   0.000000e+00   0.000000e+00   1107888
  1.626544e+01   4.210619e+01   4.806214e-03   0.000000e+00   1090964
  1.628567e+01   4.206549e+01   4.932210e-03   0.000000e+00   1080684
  1.630588e+01   4.203091e+01   8.854004e-03   0.000000e+00   1065660
  1.632613e+01   4.201644e+01   0.000000e+00   0.000000e+00   1061996
  1.634641e+01   4.195092e+01   4.915276e-03   0.000000e+00   1044320
  1.636664e+01   4.184436e+01   9.572374e-03   0.000000e+00   1034640
  1.638689e+01   4.190845e+01   5.228793e-03   0.000000e+00   1019172
  1.640714e+01   4.187431e+01   4.651295e-03   0.000000e+00   1013948
  1.642741e+01   4.192614e+01   1.062673e-02   0.000000e+00   996376
  1.644765e+01   4.180896e+01   0.000000e+00   0.000000e+00   985288
  1.646784e+01   4.150873e+01   0.000000e+00   0.000000e+00   969596
  1.648809e+01   4.168775e+01   9.551552e-03   0.000000e+00   964980
  1.650834e+01   4.178211e+01   7.697579e-03   0.000000e+00   947252
  1.652857e+01   4.146987e+01   9.282288e-03   0.000000e+00   939060
  1.654882e+01   4.146122e+01   6.433300e-03   0.000000e+00   922328
  1.656905e+01   4.138008e+01   2.823516e-03   0.000000e+00   913788
  1.658932e+01   4.136360e+01   1.054211e-02   0.000000e+00   902812
  1.660959e+01   4.112639e+01   7.476300e-03   0.000000e+00   888544
  1.662981e+01   4.105729e+01   8.926515e-03   0.000000e+00   872948
  1.665001e+01   4.096872e+01   0.000000e+00   0.000000e+00   862440
  1.667025e+01   4.112144e+01   5.100084e-03   0.000000e+00   851760
  1.669054e+01   4.094119e+01   8.929578e-04   0.000000e+00   841940
  1.671078e+01   4.077755e+01   5.199542e-03   0.000000e+00   822984
  1.673102e+01   4.073040e+01   4.675028e-03   0.000000e+00   816092
  1.675127e+01   4.064453e+01   0.000000e+00   0.000000e+00   799284
  1.677151e+01   4.046666e+01   9.817553e-03   0.000000e+00   791312
  1.679175e+01   4.023430e+01   5.155896e-03   0.000000e+00   772524
  1.681194e+01   4.028445e+01   5.838754e-03   0.000000e+00   762896
  1.683218e+01   3.999982e+01   4.014499e-03   0.000000e+00   750876
  1.685244e+01   3.999200e+01   5.661255e-03   0.000000e+00   739280
  1.687268e+01   3.986679e+01   6.298869e-03   0.000000e+00   724840
  1.689295e+01   3.949216e+01   4.282393e-03   0.000000e+00   714484
  1.691316e+01   3.934929e+01   6.908234e-03   0.000000e+00   695868
  1.693340e+01   3.916939e+01   9.098095e-03   0.000000e+00   691013
  1.695367e+01   3.901830e+01   6.383660e-03   0.000000e+00   673486
  1.697390e+01   3.876171e+01   7.820735e-03   0.000000e+00   666244
  1.699413e+01   3.869146e+01   5.794321e-03   0.000000e+00   651008
  1.701436e+01   3.847205e+01   0.000000e+00   0.000000e+00   644820
  1.703462e+01   3.844966e+01   0.000000e+00   0.000000e+00   632636
  1.705488e+01   3.832559e+01   8.517651e-03   0.000000e+00   625002
  1.707511e+01   3.819339e+01   5.344497e-03   0.000000e+00   611208
  1.709538e+01   3.798829e+01   0.000000e+00   0.000000e+00   607328
  1.711563e+01   3.782000e+01   0.000000e+00   0.000000e+00   592272
  1.713586e+01   3.774464e+01   0.000000e+00   0.000000e+00   587504
  1.715611e+01   3.759978e+01   9.798959e-03   0.000000e+00   575466
  1.717634e+01   3.749390e+01   0.000000e+00   0.000000e+00   568274
  1.719660e+01   3.767717e+01   0.000000e+00   0.000000e+00   559518
  1.721686e+01   3.737414e+01   5.247450e-03   0.000000e+00   551618
  1.723712e+01   3.736277e+01   4.901820e-03   0.000000e+00   542364
  1.725736e+01   3.718274e+01   7.671600e-03   0.000000e+00   534146
  1.727758e+01   3.718021e+01   9.472268e-03   0.000000e+00   525076
  1.729785e+01   3.701627e+01   0.000000e+00   0.000000e+00   519868
  1.731806e+01   3.693662e+01   4.203146e-03   0.000000e+00   507108
  1.733830e+01   3.684124e+01   3.341651e-03   0.000000e+00   504992
  1.735855e+01   3.673677e+01   9.997235e-03   0.000000e+00   492636
  1.737880e+01   3.669955e+01   0.000000e+00   0.000000e+00   490052
  1.739906e+01   3.670918e+01   2.430764e-03   0.000000e+00   477708
  1.741928e+01   3.640532e+01   1.357122e-03   0.000000e+00   473852
  1.743953e+01   3.631886e+01   1.195426e-02   0.000000e+00   464174
  1.745976e+01   3.623647e+01   5.082192e-03   0.000000e+00   459096
  1.747999e+01   3.632980e+01   7.398254e-03   0.000000e+00   449582
  1.750023e+01   3.630807e+01   1.285310e-02   0.000000e+00   445812
  1.752045e+01   3.609946e+01   7.443273e-03   0.000000e+00   435134
  1.754072e+01   3.609231e+01   3.903764e-03   0.000000e+00   433590
  1.756096e+01   3.611792e+01   0.000000e+00   0.000000e+00   421070
  1.758119e+01   3.608588e+01   0.000000e+00   0.000000e+00   419940
  1.760147e+01   3.581370e+01   6.406977e-03   0.000000e+00   409714
  1.762167e+01   3.583163e+01   0.000000e+00   0.000000e+00   404182
  1.764191e+01   3.583537e+01   5.498759e-03   0.000000e+00   398518
  1.766218e+01   3.567768e+01   7.084288e-03   0.000000e+00   392302
  1.768242e+01   3.564956e+01   6.993168e-03   0.000000e+00   385486
  1.770271e+01   3.541418e+01   6.041208e-03   0.000000e+00   381550
  1.772293e+01   3.543716e+01   0.000000e+00   0.000000e+00   370826
  1.774317e+01   3.545879e+01   0.000000e+00   0.000000e+00   370014
  1.776343e+01   3.537895e+01   6.040763e-03   0.000000e+00   359910
  1.778365e+01   3.529807e+01   1.000572e-02   0.000000e+00   357416
  1.780388e+01   3.536421e+01   1.003638e-02   0.000000e+00   348174
  1.782411e+01   3.514328e+01   9.867761e-03   0.000000e+00   346010
  1.784435e+01   3.507926e+01   9.323373e-03   0.000000e+00   337094
  1.786462e+01   3.513831e+01   1.046784e-02   0.000000e+00   336360
  1.788488e+01   3.508530e+01   6.183343e-03   0.000000e+00   325206
  1.790511e+01   3.510549e+01   1.162841e-02   0.000000e+00   324614
  1.792534e+01   3.511521e+01   6.495060e-03   0.000000e+00   314760
  1.794558e+01   3.501606e+01   3.182387e-03   0.000000e+00   314114
  1.796581e+01   3.511036e+01   7.764277e-03   0.000000e+00   303918
  1.798604e+01   3.501198e+01   0.000000e+00   0.000000e+00   303872
  1.800632e+01   3.497339e+01   5.370403e-03   0.000000e+00   295062
  1.802657e+01   3.484001e+01   8.029338e-03   0.000000e+00   292784
  1.804682e+01   3.477700e+01   0.000000e+00   0.000000e+00   285198
  1.806704e+01   3.478435e+01   0.000000e+00   0.000000e+00   282068
  1.808729e+01   3.478032e+01   0.000000e+00   0.000000e+00   275958
  1.810752e+01   3.473021e+01   9.854920e-03   0.000000e+00   272072
  1.812774e+01   3.483123e+01   5.132524e-03   0.000000e+00   266352
  1.814799e+01   3.455848e+01   1.644306e-03   0.000000e+00   263198
  1.816822e+01   3.478236e+01   7.583947e-03   0.000000e+00   256524
  1.818849e+01   3.457182e+01   5.722108e-03   0.000000e+00   254774
  1.820872e+01   3.471187e+01   4.972812e-03   0.000000e+00   246888
  1.822897e+01   3.457156e+01   0.000000e+00   0.000000e+00   245984
  1.824921e+01   3.455923e+01   9.430435e-04   0.000000e+00   237822
  1.826945e+01   3.444151e+01   0.000000e+00   0.000000e+00   236948
  1.828968e+01   3.477370e+01   0.000000e+00   0.000000e+00   229296
  1.830995e+01   3.452977e+01   3.348449e-03   0.000000e+00   228968
  1.833021e+01   3.463303e+01   1.085954e-02   0.000000e+00   220894
  1.835047e+01   3.462657e+01   7.794413e-03   0.000000e+00   220408
  1.837072e+01   3.442397e+01   9.940898e-04   0.000000e+00   212400
  1.839097e+01   3.448898e+01   2.633592e-03   0.000000e+00   212228
  1.841122e+01   3.444309e+01   9.509093e-03   0.000000e+00   204502
  1.843147e+01   3.438429e+01   4.608279e-03   0.000000e+00   203944
  1.845169e+01   3.445945e+01   7.756364e-03   0.000000e+00   196272
  1.847192e+01   3.466219e+01   7.046565e-03   0.000000e+00   196280
  1.849216e+01   3.454329e+01   5.292309e-03   0.000000e+00   188604
  1.851237e+01   3.429886e+01   6.611742e-03   0.000000e+00   188408
  1.853261e+01   3.451472e+01   1.955217e-03   0.000000e+00   181566
  1.855285e+01   3.440842e+01   5.719424e-03   0.000000e+00   180920
  1.857308e+01   3.465325e+01   7.123977e-03   0.000000e+00   174304
  1.859332e+01   3.462405e+01   0.000000e+00   0.000000e+00   173620
  1.861356e+01   3.442937e+01   7.560166e-03   0.000000e+00   167432
  1.863384e+01   3.444783e+01   5.547625e-03   0.000000e+00   166944
  1.865405e+01   3.491670e+01   9.611190e-03   0.000000e+00   159704
  1.867431e+01   3.439920e+01   6.596643e-03   0.000000e+00   160464
  1.869455e+01   3.460146e+01   5.456472e-03   0.000000e+00   152756
  1.871479e+01   3.437971e+01   9.148054e-03   0.000000e+00   153912
  1.873503e+01   3.472953e+01   9.857086e-03   0.000000e+00   146024
  1.875525e+01   3.452004e+01   1.548462e-02   0.000000e+00   147168
  1.877550e+01   3.473555e+01   9.024148e-03   0.000000e+00   140000
  1.879574e+01   3.469543e+01   0.000000e+00   0.000000e+00   140580
  1.881599e+01   3.468339e+01   8.261644e-03   0.000000e+00   134112
  1.883624e+01   3.452773e+01   1.334981e-02   0.000000e+00   134264
  1.885649e+01   3.486034e+01   8.505010e-03   0.000000e+00   128000
  1.887674e+01   3.482537e+01   1.086635e-02   0.000000e+00   128124
  1.889701e+01   3.455174e+01   7.214524e-03   0.000000e+00   122472
  1.891725e+01   3.445897e+01   1.089529e-02   0.000000e+00   121808
  1.893748e+01   3.515626e+01   3.056711e-03   0.000000e+00   116592
  1.895770e+01   3.498402e+01   0.000000e+00   0.000000e+00   116072
  1.897794e+01   3.494199e+01   1.146420e-02   0.000000e+00   111156
  1.899821e+01   3.513343e+01   0.000000e+00   0.000000e+00   110864
  1.901846e+01   3.523849e+01   0.000000e+00   0.000000e+00   105464
  1.903872e+01   3.545008e+01   6.016759e-03   0.000000e+00   105738
  1.905896e+01   3.514325e+01   8.500176e-03   0.000000e+00   99824
  1.907920e+01   3.505695e+01   0.000000e+00   0.000000e+00   100452
  1.909941e+01   3.532115e+01   1.071598e-02   0.000000e+00   94608
  1.911966e+01   3.539444e+01   5.764544e-03   0.000000e+00   95456
  1.913988e+01   3.562862e+01   1.114729e-02   0.000000e+00   89688
  1.916015e+01   3.542571e+01   8.916494e-03   0.000000e+00   90632
  1.918036e+01   3.589584e+01   7.959122e-03   0.000000e+00   84558
  1.920061e+01   3.593924e+01   5.558979e-03   0.000000e+00   86096
  1.922083e+01   3.589981e+01   6.308943e-03   0.000000e+00   79632
  1.924103e+01   3.589189e+01   1.111553e-02   0.000000e+00   81416
  1.926128e+01   3.590442e+01   8.867579e-03   0.000000e+00   75348
  1.928149e+01   3.594108e+01   0.000000e+00   0.000000e+00   76712
  1.930175e+01   3.619130e+01   1.095667e-02   0.000000e+00   71322
  1.932200e+01   3.657098e+01   3.982644e-03   0.000000e+00   72248
  1.934226e+01   3.613153e+01   0.000000e+00   0.000000e+00   67152
  1.936250e+01   3.655051e+01   0.000000e+00   0.000000e+00   67844
  1.938270e+01   3.631865e+01   0.000000e+00   0.000000e+00   62976
  1.940296e+01   3.659196e+01   0.000000e+00   0.000000e+00   63914
  1.942314e+01   3.659725e+01   0.000000e+00   0.000000e+00   58824
  1.944340e+01   3.711774e+01   1.161995e-02   0.000000e+00   60116
  1.946357e+01   3.712977e+01   0.000000e+00   0.000000e+00   54888
  1.948394e+01   3.707433e+01   0.000000e+00   0.000000e+00   57002
  1.950416e+01   3.712766e+01   0.000000e+00   0.000000e+00   50760
  1.952443e+01   3.749807e+01   9.601858e-03   0.000000e+00   53312
  1.954465e+01   3.818934e+01   8.541178e-03   0.000000e+00   47124
  1.956490e+01   3.795968e+01   0.000000e+00   0.000000e+00   49850
  1.958513e+01   3.821232e+01   1.135259e-02   0.000000e+00   43680
  1.960533e+01   3.756116e+01   2.509001e-03   0.000000e+00   46328
  1.962562e+01   3.836450e+01   0.000000e+00   0.000000e+00   40686
  1.964585e+01   3.769766e+01   8.365068e-03   0.000000e+00   42992
  1.966616e+01   3.855653e+01   5.873739e-03   0.000000e+00   37656
  1.968634e+01   3.817164e+01   5.261676e-03   0.000000e+00   39578
  1.970666e+01   3.859744e+01   7.048164e-03   0.000000e+00   34928
  1.972684e+01   3.845717e+01   4.994282e-03   0.000000e+00   36300
  1.974709e+01   3.869824e+01   3.306492e-03   0.000000e+00   32136
  1.976731e+01   3.902766e+01   1.176821e-02   0.000000e+00   33362
  1.978748e+01   3.985271e+01   9.751893e-03   0.000000e+00   29336
  1.980778e+01   3.996978e+01   8.832630e-03   0.000000e+00   30804
  1.982789e+01   3.939970e+01   8.445670e-03   0.000000e+00   26490
  1.984822e+01   3.942741e+01   1.039992e-02   0.000000e+00   28376
  1.986828e+01   4.048424e+01   6.896210e-03   0.000000e+00   23792
  1.988868e+01   3.987150e+01   0.000000e+00   0.000000e+00   26142
  1.990869e+01   4.094000e+01   4.485049e-03   0.000000e+00   21192
  1.992915e+01   4.016834e+01   1.049211e-03   0.000000e+00   24050
  1.994917e+01   4.112489e+01   9.719715e-03   0.000000e+00   18768
  1.996969e+01   3.989874e+01   7.383984e-03   0.000000e+00   22052
  1.998968e+01   4.132779e+01   7.545092e-03   0.000000e+00   16346
  2.001016e+01   4.076562e+01   1.153589e-02   0.000000e+00   20136
  2.003017e+01   4.177636e+01   0.000000e+00   0.000000e+00   14168
  2.005058e+01   4.146662e+01   6.204963e-03   0.000000e+00   18210
  2.007060e+01   4.297744e+01   0.000000e+00   0.000000e+00   12204
  2.009093e+01   4.159994e+01   1.026748e-02   0.000000e+00   16346
  2.011106e+01   4.225114e+01   0.000000e+00   0.000000e+00   10536
  2.013130e+01   4.256051e+01   7.412730e-03   0.000000e+00   14456
  2.015140e+01   4.258981e+01   0.000000e+00   0.000000e+00   8982
  2.017164e+01   4.343292e+01   4.647280e-03   0.000000e+00   12752
  2.019169e+01   4.334998e+01   0.000000e+00   0.000000e+00   7506
  2.021194e+01   4.301625e+01   6.043511e-03   0.000000e+00   11192
  2.023195e+01   4.379451e+01   0.000000e+00   0.000000e+00   6156
  2.025219e+01   4.429605e+01   4.777050e-03   0.000000e+00   9722
  2.027226e+01   4.521179e+01   7.029559e-03   0.000000e+00   5000
  2.029244e+01   4.429489e+01   5.255756e-03   0.000000e+00   8298
  2.031257e+01   4.482716e+01   7.521660e-03   0.000000e+00   3996
  2.033264e+01   4.667817e+01   6.334525e-03   0.000000e+00   6938
  2.035289e+01   4.620741e+01   0.000000e+00   0.000000e+00   3168
  2.037278e+01   4.528041e+01   0.000000e+00   0.000000e+00   5624
  2.039310e+01   4.430556e+01   0.000000e+00   0.000000e+00   2502
  2.041289e+01   4.831495e+01   1.247483e-02   0.000000e+00   4424
  2.043327e+01   4.914624e+01   0.000000e+00   0.000000e+00   1938
  2.045304e+01   4.559595e+01   8.534864e-03   0.000000e+00   3368
  2.047348e+01   4.910399e+01   0.000000e+00   0.000000e+00   1446
  2.049321e+01   4.787952e+01   1.147057e-02   0.000000e+00   2456
  2.051373e+01   5.137452e+01   0.000000e+00   0.000000e+00   1026
  2.053341e+01   5.042385e+01   8.156619e-03   0.000000e+00   1688
  2.055402e+01   4.858823e+01   0.000000e+00   0.000000e+00   678
  2.057360e+01   5.557610e+01   0.000000e+00   0.000000e+00   1064
  2.059435e+01   5.373787e+01   0.000000e+00   0.000000e+00   402
  2.061375e+01   5.545607e+01   1.823273e-03   0.000000e+00   584
  2.063473e+01   5.690603e+01   3.988234e-03   0.000000e+00   198
  2.065374e+01   5.574163e+01   0.000000e+00   0.000000e+00   248
  2.067514e+01   5.215877e+01   0.000000e+00   0.000000e+00   66
  2.069296e+01   5.833032e+01   0.000000e+00   0.000000e+00   56
  2.071559e+01   2.720659e+01   3.507464e-03   0.000000e+00   6
