# power spectrum of velocity
# redshift z=0.373200
# k              Pk             sigma(k)       sigma(Pk)      count
  2.982968e-02   7.468438e-07   4.564224e-03   5.711491e-08   18
  5.214475e-02   8.758749e-07   5.520388e-03   3.173216e-08   62
  7.257506e-02   9.437433e-07   3.818960e-03   3.345625e-08   90
  9.191687e-02   7.668930e-07   6.027119e-03   2.570794e-08   170
  1.120458e-01   6.413032e-07   6.264555e-03   2.224212e-08   246
  1.317012e-01   6.465766e-07   5.972299e-03   2.052290e-08   338
  1.510985e-01   5.601226e-07   5.134501e-03   1.898803e-08   432
  1.710768e-01   5.412821e-07   5.260284e-03   1.714299e-08   578
  1.923993e-01   4.618696e-07   6.288329e-03   1.407714e-08   810
  2.138999e-01   4.030680e-07   6.017474e-03   1.220598e-08   950
  2.337991e-01   4.039900e-07   5.371822e-03   1.144498e-08   1002
  2.536950e-01   3.707687e-07   6.143628e-03   9.276759e-09   1334
  2.738285e-01   3.525871e-07   5.753562e-03   8.580647e-09   1410
  2.929949e-01   3.265081e-07   5.748293e-03   7.927319e-09   1652
  3.130282e-01   3.024757e-07   5.672880e-03   6.750500e-09   1974
  3.335851e-01   2.730897e-07   5.560270e-03   5.765328e-09   2234
  3.541988e-01   2.634016e-07   5.849526e-03   5.165143e-09   2554
  3.751486e-01   2.306452e-07   6.122142e-03   4.166725e-09   2950
  3.956655e-01   2.233242e-07   5.730505e-03   4.093362e-09   3042
  4.155890e-01   2.076506e-07   5.843993e-03   3.476299e-09   3422
  4.353725e-01   1.925262e-07   5.640077e-03   3.435190e-09   3618
  4.552924e-01   1.902755e-07   5.871737e-03   2.880431e-09   4172
  4.755514e-01   1.776522e-07   5.680256e-03   2.659041e-09   4470
  4.959172e-01   1.686820e-07   5.804732e-03   2.437313e-09   4970
  5.163564e-01   1.633623e-07   5.831639e-03   2.191313e-09   5334
  5.368078e-01   1.537542e-07   5.989903e-03   1.990350e-09   5810
  5.570155e-01   1.437623e-07   5.951509e-03   1.830220e-09   6114
  5.773560e-01   1.374104e-07   6.064428e-03   1.667401e-09   6782
  5.971853e-01   1.319582e-07   5.532370e-03   1.669826e-09   6684
  6.168389e-01   1.246328e-07   5.718075e-03   1.415700e-09   7574
  6.372191e-01   1.213951e-07   5.775318e-03   1.312466e-09   8154
  6.575339e-01   1.140846e-07   5.745608e-03   1.216321e-09   8618
  6.781877e-01   1.071156e-07   6.021480e-03   1.080074e-09   9494
  6.986492e-01   1.024714e-07   5.809132e-03   1.023435e-09   9618
  7.188365e-01   9.964376e-08   5.901485e-03   9.430888e-10   10306
  7.391241e-01   9.526107e-08   5.955349e-03   9.092049e-10   10942
  7.593476e-01   9.037540e-08   5.814609e-03   8.213843e-10   11452
  7.795524e-01   8.718915e-08   5.712647e-03   7.741641e-10   12046
  7.995822e-01   8.131245e-08   5.613036e-03   7.145360e-10   12522
  8.198448e-01   7.872144e-08   5.866704e-03   6.611511e-10   13562
  8.402765e-01   7.618994e-08   5.969664e-03   6.330688e-10   14182
  8.607344e-01   7.167716e-08   6.027631e-03   5.745758e-10   14986
  8.808391e-01   6.870368e-08   5.732868e-03   5.455111e-10   14982
  9.009042e-01   6.759694e-08   5.959528e-03   5.150934e-10   16388
  9.211245e-01   6.566236e-08   5.726077e-03   4.910928e-10   16626
  9.412080e-01   6.133013e-08   5.808790e-03   4.487240e-10   17678
  9.614536e-01   5.983436e-08   5.718805e-03   4.273603e-10   18354
  9.816171e-01   5.682115e-08   5.767173e-03   3.984879e-10   19034
  1.001851e+00   5.509931e-08   5.911320e-03   3.696878e-10   20142
  1.022422e+00   5.208455e-08   6.046963e-03   3.377202e-10   21386
  1.042764e+00   5.082881e-08   5.790214e-03   3.218091e-10   21318
  1.062932e+00   4.958187e-08   5.850515e-03   3.112428e-10   22676
  1.083253e+00   4.684674e-08   5.790490e-03   2.910275e-10   23322
  1.103413e+00   4.465338e-08   5.718305e-03   2.692678e-10   24134
  1.123614e+00   4.388582e-08   5.819163e-03   2.558237e-10   25146
  1.143850e+00   4.221202e-08   5.791756e-03   2.459190e-10   26030
  1.163980e+00   4.089322e-08   5.823637e-03   2.315102e-10   26674
  1.184331e+00   3.931065e-08   5.986797e-03   2.159038e-10   28570
  1.204528e+00   3.812811e-08   5.785914e-03   2.087239e-10   28224
  1.224797e+00   3.705456e-08   5.983114e-03   1.913685e-10   30626
  1.245070e+00   3.576972e-08   5.599281e-03   1.871867e-10   30158
  1.265029e+00   3.434252e-08   5.737827e-03   1.737186e-10   31674
  1.285327e+00   3.362297e-08   5.928269e-03   1.633005e-10   33306
  1.305524e+00   3.231697e-08   5.742541e-03   1.570088e-10   33422
  1.325707e+00   3.146084e-08   5.892777e-03   1.500283e-10   35298
  1.346202e+00   3.082892e-08   5.895770e-03   1.424047e-10   36650
  1.366519e+00   3.007813e-08   5.840035e-03   1.374000e-10   36992
  1.386821e+00   2.881092e-08   5.893165e-03   1.288149e-10   38730
  1.407130e+00   2.813113e-08   5.748719e-03   1.228666e-10   39246
  1.427315e+00   2.750541e-08   5.840556e-03   1.186618e-10   40466
  1.447400e+00   2.674459e-08   5.694333e-03   1.153257e-10   41170
  1.467639e+00   2.629020e-08   5.942031e-03   1.068073e-10   43534
  1.487930e+00   2.532789e-08   5.722812e-03   1.021474e-10   43650
  1.508054e+00   2.467482e-08   5.793120e-03   9.840429e-11   45272
  1.528442e+00   2.430410e-08   5.896083e-03   9.405676e-11   47098
  1.548787e+00   2.388537e-08   5.794469e-03   9.107097e-11   47746
  1.568983e+00   2.330003e-08   5.830404e-03   8.802137e-11   48870
  1.589078e+00   2.269049e-08   5.688090e-03   8.306834e-11   49682
  1.609132e+00   2.209706e-08   5.724076e-03   7.967009e-11   51222
  1.629408e+00   2.157056e-08   5.932774e-03   7.523556e-11   53378
  1.649621e+00   2.149299e-08   5.701424e-03   7.461572e-11   53634
  1.670009e+00   2.100894e-08   6.002460e-03   7.031142e-11   56888
  1.690452e+00   2.056531e-08   5.786581e-03   6.849200e-11   56650
  1.710745e+00   2.016958e-08   5.915258e-03   6.588463e-11   58786
  1.730990e+00   1.994516e-08   5.755170e-03   6.379674e-11   59214
  1.751174e+00   1.951827e-08   5.959362e-03   6.131895e-11   61250
  1.771315e+00   1.933672e-08   5.783991e-03   6.097979e-11   61686
  1.791390e+00   1.895505e-08   5.803187e-03   5.849941e-11   63626
  1.811707e+00   1.861406e-08   5.911245e-03   5.577280e-11   66204
  1.832113e+00   1.844868e-08   5.925381e-03   5.431460e-11   67094
  1.852330e+00   1.815105e-08   5.793584e-03   5.311981e-11   67890
  1.872578e+00   1.781774e-08   5.757774e-03   5.084903e-11   70334
  1.892803e+00   1.757161e-08   5.665350e-03   5.008440e-11   70626
  1.912877e+00   1.746606e-08   5.900353e-03   4.862534e-11   72554
  1.933087e+00   1.722868e-08   5.919991e-03   4.679900e-11   74550
  1.953307e+00   1.704963e-08   5.807007e-03   4.634489e-11   75674
  1.973512e+00   1.694144e-08   5.767151e-03   4.477014e-11   77564
  1.993966e+00   1.670743e-08   5.931291e-03   4.339693e-11   80766
  2.014325e+00   1.664320e-08   5.719062e-03   4.312908e-11   80202
  2.034574e+00   1.641296e-08   5.806561e-03   4.137525e-11   83102
  2.054872e+00   1.623997e-08   5.832426e-03   4.087708e-11   83890
  2.075065e+00   1.606881e-08   5.862207e-03   3.986366e-11   85522
  2.095181e+00   1.586467e-08   5.687972e-03   3.909711e-11   86670
  2.115377e+00   1.579035e-08   5.779417e-03   3.834057e-11   89588
  2.135707e+00   1.569073e-08   5.932128e-03   3.714210e-11   91038
  2.155976e+00   1.557455e-08   5.790963e-03   3.693919e-11   92522
  2.176198e+00   1.549544e-08   5.732114e-03   3.635026e-11   94242
  2.196586e+00   1.533208e-08   5.944716e-03   3.523093e-11   97550
  2.216800e+00   1.522671e-08   5.971745e-03   3.471601e-11   96250
  2.236827e+00   1.521177e-08   5.884419e-03   3.432048e-11   99166
  2.256968e+00   1.511425e-08   5.696998e-03   3.393423e-11   100932
  2.277261e+00   1.495970e-08   5.962414e-03   3.266541e-11   104306
  2.297589e+00   1.482641e-08   5.906529e-03   3.214787e-11   104990
  2.317898e+00   1.487010e-08   5.703593e-03   3.168110e-11   107874
  2.338193e+00   1.463189e-08   5.397108e-03   3.108435e-11   108322
  2.358428e+00   1.474586e-08   5.259746e-03   3.110927e-11   111454
  2.378666e+00   1.457694e-08   5.732321e-03   3.043799e-11   112002
  2.398797e+00   1.452950e-08   5.800385e-03   3.010809e-11   114158
  2.418967e+00   1.449344e-08   5.688063e-03   2.965680e-11   116148
  2.439215e+00   1.437042e-08   5.915141e-03   2.933760e-11   118754
  2.459505e+00   1.434514e-08   5.949493e-03   2.868590e-11   120942
  2.479848e+00   1.425438e-08   5.738183e-03   2.846138e-11   123170
  2.500080e+00   1.413651e-08   6.017508e-03   2.790431e-11   123638
  2.520290e+00   1.417296e-08   5.567510e-03   2.770428e-11   126858
  2.540478e+00   1.405712e-08   5.853198e-03   2.727417e-11   127698
  2.560644e+00   1.406319e-08   5.880664e-03   2.691468e-11   130640
  2.580895e+00   1.394077e-08   5.824920e-03   2.640518e-11   132642
  2.601131e+00   1.393637e-08   5.747660e-03   2.630827e-11   134534
  2.621445e+00   1.385285e-08   5.835944e-03   2.575521e-11   137954
  2.641876e+00   1.385602e-08   5.794564e-03   2.545350e-11   140610
  2.662120e+00   1.374150e-08   5.900707e-03   2.524249e-11   139590
  2.682272e+00   1.364645e-08   5.964137e-03   2.477723e-11   143546
  2.702527e+00   1.360891e-08   5.625112e-03   2.437748e-11   145338
  2.722719e+00   1.358624e-08   5.863414e-03   2.434369e-11   147272
  2.742979e+00   1.355919e-08   5.939674e-03   2.403737e-11   150434
  2.763273e+00   1.349515e-08   5.679171e-03   2.370656e-11   152214
  2.783461e+00   1.341980e-08   5.885167e-03   2.364059e-11   153186
  2.803764e+00   1.335184e-08   5.980243e-03   2.293952e-11   158642
  2.824038e+00   1.329427e-08   5.448415e-03   2.286362e-11   157350
  2.844229e+00   1.337148e-08   5.823622e-03   2.280622e-11   161906
  2.864358e+00   1.325944e-08   5.710559e-03   2.264734e-11   160824
  2.884581e+00   1.317918e-08   6.320328e-03   2.188690e-11   167906
  2.904925e+00   1.317809e-08   5.765809e-03   2.199186e-11   167578
  2.925100e+00   1.310177e-08   5.763973e-03   2.172106e-11   169798
  2.945360e+00   1.302861e-08   5.872672e-03   2.132315e-11   173586
  2.965659e+00   1.298260e-08   5.990768e-03   2.119407e-11   175274
  2.985907e+00   1.296101e-08   5.960647e-03   2.093289e-11   177654
  3.006188e+00   1.291173e-08   5.898218e-03   2.075819e-11   180698
  3.026475e+00   1.292275e-08   5.800259e-03   2.063603e-11   182680
  3.046705e+00   1.282693e-08   6.150490e-03   2.047286e-11   184138
  3.066897e+00   1.278625e-08   5.811719e-03   2.011636e-11   187138
  3.087196e+00   1.274667e-08   5.803131e-03   1.984252e-11   191134
  3.107441e+00   1.272168e-08   5.854300e-03   1.977469e-11   191010
  3.127629e+00   1.270717e-08   5.012222e-03   1.957050e-11   195134
  3.147811e+00   1.260695e-08   5.971488e-03   1.934420e-11   195810
  3.168029e+00   1.255986e-08   5.978965e-03   1.894268e-11   201140
  3.188261e+00   1.254584e-08   6.072167e-03   1.894929e-11   201054
  3.208450e+00   1.253516e-08   5.846632e-03   1.889147e-11   205250
  3.228696e+00   1.249976e-08   5.519862e-03   1.863349e-11   207366
  3.248943e+00   1.242703e-08   6.319972e-03   1.838359e-11   210578
  3.269211e+00   1.238343e-08   5.721685e-03   1.821171e-11   213066
  3.289546e+00   1.237129e-08   6.009111e-03   1.792449e-11   217382
  3.309786e+00   1.230258e-08   5.786606e-03   1.800511e-11   216306
  3.329934e+00   1.230156e-08   5.765651e-03   1.775244e-11   220652
  3.350219e+00   1.220721e-08   6.032959e-03   1.745508e-11   224622
  3.370546e+00   1.220053e-08   5.229396e-03   1.738831e-11   227066
  3.390803e+00   1.222292e-08   5.664803e-03   1.746235e-11   228574
  3.411023e+00   1.213079e-08   5.025412e-03   1.706453e-11   231466
  3.431226e+00   1.205615e-08   5.663923e-03   1.685867e-11   233946
  3.451505e+00   1.203836e-08   6.220687e-03   1.672451e-11   238694
  3.471712e+00   1.201129e-08   5.988322e-03   1.675114e-11   238068
  3.491930e+00   1.199059e-08   5.881492e-03   1.645079e-11   244190
  3.512240e+00   1.192534e-08   5.712436e-03   1.629063e-11   245634
  3.532456e+00   1.192853e-08   6.177919e-03   1.624770e-11   248090
  3.552701e+00   1.184454e-08   5.686839e-03   1.596886e-11   251958
  3.572958e+00   1.182105e-08   6.060048e-03   1.596822e-11   254042
  3.593140e+00   1.179016e-08   5.689074e-03   1.578673e-11   255714
  3.613413e+00   1.177221e-08   6.188510e-03   1.550186e-11   262358
  3.633696e+00   1.172027e-08   5.534848e-03   1.539898e-11   261900
  3.654006e+00   1.169718e-08   5.957521e-03   1.529722e-11   268646
  3.674230e+00   1.168291e-08   5.691709e-03   1.535738e-11   265578
  3.694411e+00   1.159662e-08   5.692103e-03   1.508958e-11   273290
  3.714657e+00   1.157725e-08   5.789761e-03   1.499120e-11   273678
  3.734920e+00   1.152321e-08   6.054695e-03   1.475754e-11   279698
  3.755187e+00   1.145256e-08   6.742654e-03   1.461291e-11   279630
  3.775353e+00   1.146388e-08   5.454414e-03   1.450084e-11   283004
  3.795618e+00   1.140359e-08   5.492434e-03   1.435862e-11   288330
  3.815895e+00   1.144133e-08   5.867754e-03   1.433577e-11   289718
  3.836102e+00   1.133445e-08   5.843616e-03   1.415433e-11   292290
  3.856249e+00   1.128958e-08   5.632636e-03   1.411368e-11   294134
  3.876471e+00   1.133394e-08   5.721662e-03   1.399234e-11   300642
  3.896786e+00   1.126604e-08   6.104707e-03   1.382726e-11   303386
  3.917020e+00   1.115624e-08   6.464839e-03   1.362102e-11   304662
  3.937273e+00   1.119357e-08   5.613856e-03   1.354035e-11   309812
  3.957543e+00   1.113836e-08   5.810102e-03   1.346088e-11   311570
  3.977874e+00   1.107617e-08   5.641377e-03   1.323818e-11   318270
  3.998111e+00   1.106875e-08   6.252794e-03   1.332098e-11   315090
  4.018279e+00   1.102431e-08   5.458255e-03   1.307292e-11   322646
  4.038491e+00   1.104470e-08   5.632992e-03   1.311603e-11   322722
  4.058728e+00   1.094906e-08   6.187423e-03   1.282844e-11   329930
  4.079029e+00   1.091241e-08   6.183079e-03   1.276655e-11   331824
  4.099331e+00   1.088852e-08   5.631841e-03   1.269690e-11   336266
  4.119571e+00   1.086819e-08   5.866881e-03   1.263734e-11   336094
  4.139764e+00   1.081203e-08   5.586012e-03   1.247131e-11   341386
  4.159995e+00   1.077231e-08   5.897454e-03   1.238641e-11   344338
  4.180212e+00   1.076128e-08   6.020174e-03   1.227678e-11   347638
  4.200449e+00   1.072882e-08   5.629976e-03   1.219780e-11   351618
  4.220668e+00   1.072355e-08   5.853173e-03   1.214445e-11   353792
  4.240950e+00   1.063917e-08   5.726827e-03   1.190386e-11   360538
  4.261298e+00   1.061225e-08   5.593596e-03   1.185518e-11   363250
  4.281509e+00   1.059096e-08   6.102545e-03   1.178293e-11   362334
  4.301767e+00   1.050872e-08   5.017095e-03   1.154624e-11   371642
  4.322006e+00   1.050537e-08   5.774993e-03   1.162967e-11   368794
  4.342179e+00   1.046678e-08   5.779328e-03   1.151704e-11   376510
  4.362419e+00   1.043723e-08   5.587420e-03   1.141716e-11   377994
  4.382637e+00   1.044417e-08   5.714181e-03   1.133433e-11   382760
  4.402904e+00   1.039153e-08   6.439251e-03   1.122661e-11   386674
  4.423180e+00   1.033285e-08   5.799386e-03   1.110490e-11   390298
  4.443433e+00   1.029325e-08   6.164643e-03   1.101851e-11   393142
  4.463699e+00   1.028445e-08   5.881898e-03   1.097229e-11   397762
  4.483857e+00   1.025487e-08   5.650696e-03   1.094177e-11   396270
  4.504029e+00   1.021876e-08   5.878117e-03   1.083104e-11   405194
  4.524291e+00   1.017303e-08   5.356109e-03   1.071349e-11   407580
  4.544540e+00   1.012958e-08   6.250293e-03   1.065117e-11   411782
  4.564774e+00   1.011302e-08   5.624766e-03   1.050752e-11   414114
  4.585067e+00   1.007454e-08   6.073799e-03   1.042718e-11   421562
  4.605369e+00   1.005974e-08   5.896498e-03   1.041375e-11   421910
  4.625635e+00   9.997507e-09   5.607146e-03   1.026945e-11   427818
  4.645901e+00   9.943989e-09   6.569262e-03   1.017058e-11   429430
  4.666104e+00   9.924489e-09   6.160738e-03   1.014300e-11   432322
  4.686318e+00   9.889051e-09   4.901698e-03   1.002704e-11   437428
  4.706545e+00   9.866137e-09   4.933000e-03   9.954773e-12   440590
  4.726813e+00   9.842749e-09   5.846783e-03   9.888218e-12   446770
  4.747118e+00   9.796305e-09   5.510630e-03   9.785866e-12   449782
  4.767321e+00   9.751562e-09   5.928921e-03   9.740955e-12   449706
  4.787529e+00   9.727722e-09   5.895247e-03   9.645934e-12   458042
  4.807751e+00   9.716001e-09   5.536224e-03   9.650302e-12   458158
  4.827964e+00   9.679076e-09   5.524463e-03   9.518370e-12   465124
  4.848186e+00   9.616730e-09   5.851994e-03   9.435299e-12   466230
  4.868443e+00   9.608618e-09   6.178750e-03   9.375671e-12   474386
  4.888713e+00   9.566226e-09   5.546386e-03   9.307648e-12   475178
  4.909014e+00   9.520396e-09   6.174515e-03   9.188234e-12   483558
  4.929321e+00   9.519048e-09   4.969318e-03   9.157861e-12   483354
  4.949536e+00   9.471488e-09   4.819700e-03   9.105597e-12   487178
  4.969765e+00   9.439917e-09   6.014053e-03   9.035406e-12   492006
  4.989977e+00   9.404983e-09   5.716001e-03   8.932544e-12   494852
  5.010196e+00   9.382201e-09   5.703809e-03   8.869108e-12   499502
  5.030443e+00   9.333014e-09   5.269424e-03   8.784566e-12   504618
  5.050708e+00   9.308429e-09   6.329836e-03   8.755663e-12   508506
  5.071001e+00   9.273184e-09   6.372552e-03   8.671158e-12   514406
  5.091240e+00   9.245357e-09   5.346680e-03   8.630990e-12   514026
  5.111417e+00   9.204461e-09   6.097496e-03   8.524150e-12   519230
  5.131603e+00   9.189781e-09   5.520869e-03   8.503594e-12   522620
  5.151826e+00   9.170305e-09   5.730174e-03   8.393833e-12   529458
  5.172108e+00   9.114520e-09   5.990805e-03   8.382812e-12   534078
  5.192368e+00   9.055206e-09   6.117338e-03   8.272624e-12   536666
  5.212577e+00   9.066282e-09   5.929753e-03   8.277704e-12   539270
  5.232877e+00   9.022860e-09   5.733170e-03   8.128477e-12   550530
  5.253190e+00   9.005155e-09   6.317104e-03   8.139312e-12   548474
  5.273401e+00   8.974808e-09   5.908038e-03   8.053225e-12   553518
  5.293599e+00   8.932108e-09   6.091386e-03   8.006015e-12   556116
  5.313862e+00   8.904680e-09   5.496155e-03   7.910124e-12   564890
  5.334089e+00   8.875317e-09   5.724077e-03   7.908947e-12   563718
  5.354338e+00   8.835892e-09   5.820531e-03   7.780719e-12   574298
  5.374614e+00   8.817166e-09   6.913682e-03   7.773522e-12   573966
  5.394852e+00   8.763771e-09   5.490715e-03   7.667912e-12   580586
  5.415082e+00   8.754996e-09   5.938104e-03   7.674432e-12   582666
  5.435335e+00   8.728823e-09   5.977403e-03   7.577933e-12   590648
  5.455583e+00   8.694874e-09   5.703517e-03   7.559362e-12   590578
  5.475767e+00   8.659591e-09   6.404235e-03   7.505802e-12   595990
  5.495999e+00   8.639517e-09   5.610850e-03   7.428122e-12   601778
  5.516265e+00   8.599667e-09   6.331398e-03   7.349033e-12   607578
  5.536543e+00   8.597715e-09   6.082531e-03   7.335864e-12   611294
  5.556808e+00   8.541871e-09   6.059851e-03   7.284622e-12   615498
  5.577023e+00   8.505325e-09   5.839393e-03   7.251834e-12   617274
  5.597264e+00   8.489771e-09   5.440003e-03   7.191044e-12   626360
  5.617518e+00   8.445189e-09   5.221354e-03   7.134136e-12   626658
  5.637748e+00   8.437723e-09   5.601979e-03   7.065474e-12   634022
  5.657957e+00   8.398573e-09   5.574907e-03   7.033228e-12   634554
  5.678203e+00   8.346701e-09   4.713529e-03   6.916565e-12   645026
  5.698457e+00   8.336628e-09   6.002664e-03   6.949486e-12   645182
  5.718699e+00   8.309164e-09   5.953713e-03   6.862576e-12   652938
  5.738937e+00   8.256841e-09   6.696207e-03   6.807062e-12   654336
  5.759200e+00   8.255484e-09   6.085881e-03   6.750685e-12   663242
  5.779465e+00   8.217435e-09   4.940786e-03   6.740031e-12   664002
  5.799671e+00   8.165963e-09   6.728922e-03   6.657336e-12   668990
  5.819901e+00   8.170481e-09   5.463738e-03   6.627795e-12   674554
  5.840111e+00   8.117519e-09   5.994419e-03   6.588960e-12   677158
  5.860372e+00   8.107628e-09   6.011510e-03   6.512451e-12   687306
  5.880679e+00   8.068736e-09   5.791417e-03   6.472461e-12   690290
  5.900919e+00   8.031995e-09   5.444102e-03   6.430820e-12   691992
  5.921187e+00   8.012995e-09   6.634369e-03   6.382970e-12   701402
  5.941446e+00   7.987548e-09   6.257295e-03   6.346867e-12   700826
  5.961667e+00   7.931539e-09   5.585776e-03   6.268134e-12   708726
  5.981908e+00   7.913987e-09   6.059011e-03   6.252115e-12   711690
  6.002161e+00   7.897293e-09   6.859384e-03   6.198001e-12   719606
  6.022371e+00   7.867593e-09   5.897622e-03   6.188884e-12   717810
  6.042593e+00   7.848502e-09   5.269715e-03   6.105286e-12   730412
  6.062874e+00   7.809305e-09   6.355067e-03   6.075463e-12   731782
  6.083158e+00   7.779892e-09   6.218448e-03   6.017682e-12   740458
  6.103390e+00   7.750585e-09   6.068847e-03   6.008587e-12   737494
  6.123583e+00   7.729875e-09   5.167593e-03   5.957436e-12   747298
  6.143827e+00   7.697070e-09   5.245271e-03   5.925371e-12   751762
  6.164051e+00   7.669669e-09   5.960354e-03   5.879028e-12   755470
  6.184269e+00   7.639492e-09   6.136759e-03   5.825657e-12   761442
  6.204563e+00   7.618971e-09   5.961051e-03   5.784129e-12   770816
  6.224831e+00   7.587072e-09   5.114453e-03   5.744358e-12   769242
  6.245107e+00   7.560550e-09   5.645271e-03   5.708999e-12   782162
  6.265331e+00   7.526231e-09   7.945784e-03   5.691123e-12   775230
  6.285532e+00   7.516416e-09   5.061685e-03   5.629883e-12   789866
  6.305762e+00   7.473099e-09   5.028293e-03   5.602371e-12   787938
  6.325983e+00   7.456357e-09   4.829747e-03   5.539091e-12   799574
  6.346263e+00   7.427702e-09   6.682578e-03   5.516396e-12   803028
  6.366496e+00   7.401604e-09   5.824042e-03   5.493081e-12   805574
  6.386719e+00   7.364834e-09   6.386038e-03   5.439820e-12   812034
  6.406996e+00   7.352590e-09   6.716746e-03   5.397682e-12   820970
  6.427261e+00   7.321515e-09   5.875244e-03   5.375161e-12   821174
  6.447447e+00   7.291610e-09   5.911785e-03   5.343633e-12   825186
  6.467659e+00   7.264907e-09   6.643724e-03   5.295349e-12   833142
  6.487858e+00   7.244100e-09   5.814743e-03   5.287044e-12   834788
  6.508106e+00   7.200773e-09   7.215438e-03   5.212390e-12   847858
  6.528467e+00   7.192603e-09   5.491723e-03   5.169603e-12   854278
  6.548734e+00   7.170021e-09   4.889972e-03   5.194487e-12   850914
  6.568944e+00   7.142239e-09   4.694456e-03   5.121129e-12   859250
  6.589206e+00   7.120007e-09   5.925626e-03   5.088938e-12   867126
  6.609452e+00   7.090630e-09   6.311065e-03   5.052100e-12   868274
  6.629652e+00   7.070028e-09   6.595335e-03   5.034247e-12   873606
  6.649858e+00   7.031483e-09   4.349768e-03   4.981017e-12   879284
  6.670105e+00   7.014965e-09   6.459288e-03   4.947650e-12   887666
  6.690424e+00   6.979852e-09   6.734340e-03   4.900573e-12   897030
  6.710701e+00   6.975017e-09   5.495419e-03   4.909330e-12   894378
  6.730927e+00   6.936171e-09   5.883034e-03   4.862300e-12   903254
  6.751144e+00   6.901270e-09   6.293941e-03   4.819372e-12   904562
  6.771352e+00   6.886468e-09   5.407999e-03   4.800831e-12   913362
  6.791556e+00   6.853192e-09   4.403270e-03   4.769185e-12   915592
  6.811808e+00   6.819846e-09   6.563278e-03   4.710844e-12   927946
  6.832056e+00   6.798752e-09   7.340207e-03   4.706062e-12   926094
  6.852345e+00   6.773120e-09   5.690261e-03   4.630666e-12   942890
  6.872633e+00   6.742196e-09   6.148629e-03   4.625930e-12   937266
  6.892863e+00   6.719866e-09   5.357272e-03   4.584042e-12   948854
  6.913101e+00   6.698332e-09   4.703171e-03   4.571438e-12   948714
  6.933297e+00   6.680066e-09   5.234952e-03   4.549691e-12   956186
  6.953535e+00   6.645355e-09   5.878889e-03   4.495272e-12   964272
  6.973799e+00   6.631196e-09   5.901626e-03   4.473358e-12   969458
  6.994044e+00   6.605031e-09   4.799155e-03   4.451715e-12   973358
  7.014302e+00   6.580145e-09   6.479180e-03   4.416498e-12   982098
  7.034541e+00   6.546877e-09   5.372818e-03   4.382392e-12   983178
  7.054808e+00   6.531702e-09   7.113676e-03   4.347928e-12   996350
  7.075067e+00   6.496128e-09   5.296204e-03   4.332852e-12   993530
  7.095223e+00   6.476867e-09   6.275190e-03   4.305627e-12   997848
  7.115438e+00   6.440922e-09   6.141505e-03   4.257149e-12   1010106
  7.135713e+00   6.437619e-09   6.215406e-03   4.244592e-12   1015730
  7.155960e+00   6.388729e-09   5.986079e-03   4.203899e-12   1018710
  7.176247e+00   6.387391e-09   6.047395e-03   4.177459e-12   1031282
  7.196503e+00   6.349015e-09   5.796690e-03   4.157400e-12   1027122
  7.216724e+00   6.323468e-09   5.856424e-03   4.116107e-12   1039838
  7.236959e+00   6.302756e-09   6.481426e-03   4.106140e-12   1039898
  7.257179e+00   6.289201e-09   6.310047e-03   4.077987e-12   1050288
  7.277412e+00   6.255701e-09   6.133220e-03   4.046945e-12   1052226
  7.297655e+00   6.245715e-09   4.145313e-03   4.022363e-12   1062746
  7.317923e+00   6.200905e-09   5.482348e-03   3.969477e-12   1067438
  7.338184e+00   6.182773e-09   5.417984e-03   3.955480e-12   1073730
  7.358434e+00   6.167078e-09   6.819594e-03   3.940754e-12   1078230
  7.378689e+00   6.143347e-09   5.463889e-03   3.909964e-12   1085594
  7.398901e+00   6.109755e-09   4.720334e-03   3.887405e-12   1086124
  7.419150e+00   6.097899e-09   6.010773e-03   3.860329e-12   1101310
  7.439401e+00   6.076457e-09   6.650045e-03   3.847552e-12   1098282
  7.459625e+00   6.044819e-09   4.026646e-03   3.799785e-12   1109918
  7.479892e+00   6.035791e-09   5.619579e-03   3.792719e-12   1114962
  7.500159e+00   6.006491e-09   6.263781e-03   3.758566e-12   1122962
  7.520420e+00   5.991311e-09   0.000000e+00   3.749900e-12   1125822
  7.540654e+00   5.962829e-09   6.164953e-03   3.721809e-12   1132538
  7.560867e+00   5.946942e-09   6.345250e-03   3.707068e-12   1135164
  7.581087e+00   5.922493e-09   6.612013e-03   3.674023e-12   1145654
  7.601355e+00   5.906978e-09   4.406243e-03   3.657887e-12   1152666
  7.621615e+00   5.880845e-09   5.806768e-03   3.627183e-12   1157078
  7.641845e+00   5.850649e-09   6.585789e-03   3.599284e-12   1161522
  7.662109e+00   5.840340e-09   6.178219e-03   3.574490e-12   1173050
  7.682345e+00   5.816651e-09   5.903534e-03   3.570303e-12   1171518
  7.702569e+00   5.788385e-09   7.158470e-03   3.526692e-12   1183772
  7.722775e+00   5.764746e-09   6.221898e-03   3.510933e-12   1181262
  7.742977e+00   5.755655e-09   5.389982e-03   3.493747e-12   1195490
  7.763245e+00   5.728694e-09   5.030834e-03   3.457454e-12   1202010
  7.783505e+00   5.712853e-09   5.264006e-03   3.455343e-12   1207166
  7.803761e+00   5.689455e-09   6.165811e-03   3.432624e-12   1214074
  7.823980e+00   5.662060e-09   6.303690e-03   3.403975e-12   1215334
  7.844223e+00   5.650239e-09   7.558372e-03   3.379601e-12   1229274
  7.864528e+00   5.623647e-09   6.428517e-03   3.356174e-12   1236164
  7.884779e+00   5.591939e-09   4.782449e-03   3.336471e-12   1234942
  7.904995e+00   5.576538e-09   5.689910e-03   3.312797e-12   1244410
  7.925223e+00   5.565881e-09   5.955047e-03   3.308741e-12   1249010
  7.945474e+00   5.546035e-09   6.655622e-03   3.279232e-12   1260702
  7.965706e+00   5.517124e-09   5.369842e-03   3.254430e-12   1259490
  7.985959e+00   5.499880e-09   5.593973e-03   3.232197e-12   1275662
  8.006194e+00   5.482174e-09   3.120280e-03   3.227194e-12   1270164
  8.026450e+00   5.452912e-09   4.882392e-03   3.184461e-12   1291226
  8.046700e+00   5.436826e-09   3.968190e-03   3.184967e-12   1282750
  8.066904e+00   5.419936e-09   5.769807e-03   3.160718e-12   1298146
  8.087160e+00   5.403118e-09   4.977767e-03   3.140726e-12   1301646
  8.107401e+00   5.383532e-09   5.376023e-03   3.119302e-12   1309898
  8.127657e+00   5.352560e-09   4.312489e-03   3.091738e-12   1317010
  8.147917e+00   5.345221e-09   6.076518e-03   3.073638e-12   1323814
  8.168158e+00   5.324065e-09   4.477071e-03   3.061478e-12   1326732
  8.188387e+00   5.300445e-09   6.659981e-03   3.038515e-12   1335434
  8.208670e+00   5.284531e-09   7.649231e-03   3.017697e-12   1347902
  8.228929e+00   5.258327e-09   8.148361e-03   3.004012e-12   1344786
  8.249111e+00   5.242777e-09   3.769749e-03   2.983223e-12   1351222
  8.269349e+00   5.224345e-09   5.295251e-03   2.964330e-12   1365322
  8.289618e+00   5.206606e-09   6.767775e-03   2.946567e-12   1369002
  8.309868e+00   5.181097e-09   5.997656e-03   2.926532e-12   1376456
  8.330103e+00   5.168732e-09   4.966773e-03   2.911736e-12   1379362
  8.350349e+00   5.153090e-09   6.394532e-03   2.887299e-12   1392262
  8.370600e+00   5.134602e-09   5.820007e-03   2.883502e-12   1392546
  8.390821e+00   5.113512e-09   6.406375e-03   2.859521e-12   1402754
  8.411061e+00   5.091668e-09   7.154383e-03   2.847364e-12   1408470
  8.431298e+00   5.073825e-09   2.969455e-03   2.829814e-12   1415450
  8.451492e+00   5.049022e-09   5.784321e-03   2.809557e-12   1416504
  8.471786e+00   5.028609e-09   5.976725e-03   2.768368e-12   1442354
  8.492082e+00   5.023348e-09   6.881002e-03   2.779371e-12   1431202
  8.512300e+00   5.001105e-09   5.750453e-03   2.755430e-12   1445038
  8.532525e+00   4.981298e-09   5.056250e-03   2.739387e-12   1445322
  8.552777e+00   4.963888e-09   5.526807e-03   2.714834e-12   1462778
  8.573029e+00   4.955427e-09   6.462662e-03   2.716766e-12   1459590
  8.593241e+00   4.931550e-09   6.243009e-03   2.694532e-12   1471226
  8.613503e+00   4.912155e-09   4.514942e-03   2.670236e-12   1480136
  8.633778e+00   4.899630e-09   6.000375e-03   2.660973e-12   1486530
  8.654018e+00   4.879873e-09   6.699271e-03   2.647885e-12   1488898
  8.674255e+00   4.862047e-09   5.344834e-03   2.625355e-12   1500838
  8.694515e+00   4.846035e-09   3.728747e-03   2.614891e-12   1505906
  8.714720e+00   4.824330e-09   6.874949e-03   2.603019e-12   1507062
  8.734929e+00   4.807942e-09   5.721481e-03   2.581026e-12   1519890
  8.755169e+00   4.792539e-09   6.741811e-03   2.561900e-12   1526516
  8.775452e+00   4.778601e-09   4.313498e-03   2.545325e-12   1540038
  8.795723e+00   4.761903e-09   6.905588e-03   2.538285e-12   1538810
  8.815937e+00   4.746908e-09   5.197731e-03   2.525525e-12   1545574
  8.836198e+00   4.729949e-09   9.045212e-03   2.504301e-12   1560010
  8.856446e+00   4.708836e-09   4.917609e-03   2.499148e-12   1558578
  8.876661e+00   4.690635e-09   6.257781e-03   2.478089e-12   1568990
  8.896870e+00   4.672454e-09   6.699270e-03   2.466177e-12   1571770
  8.917109e+00   4.661487e-09   6.026221e-03   2.445132e-12   1587748
  8.937379e+00   4.647911e-09   4.714664e-03   2.439386e-12   1590966
  8.957649e+00   4.635288e-09   4.900137e-03   2.424530e-12   1602554
  8.977893e+00   4.609424e-09   6.504074e-03   2.405204e-12   1601190
  8.998106e+00   4.592289e-09   6.352265e-03   2.389636e-12   1611722
  9.018319e+00   4.583676e-09   5.754860e-03   2.384766e-12   1616058
  9.038566e+00   4.562409e-09   5.563599e-03   2.355882e-12   1631942
  9.058813e+00   4.545051e-09   4.689615e-03   2.353035e-12   1630980
  9.079035e+00   4.532303e-09   6.112273e-03   2.341319e-12   1641494
  9.099306e+00   4.515577e-09   6.690952e-03   2.320755e-12   1653378
  9.119617e+00   4.502728e-09   6.813460e-03   2.307705e-12   1663730
  9.139860e+00   4.484068e-09   4.564131e-03   2.306313e-12   1656558
  9.160056e+00   4.472292e-09   6.759502e-03   2.287023e-12   1671026
  9.180298e+00   4.455308e-09   6.645816e-03   2.275604e-12   1677818
  9.200528e+00   4.437045e-09   7.276726e-03   2.259823e-12   1685454
  9.220773e+00   4.426099e-09   5.275694e-03   2.244723e-12   1694516
  9.241027e+00   4.412651e-09   4.838475e-03   2.236365e-12   1701342
  9.261278e+00   4.402841e-09   5.646722e-03   2.220592e-12   1709026
  9.281553e+00   4.379477e-09   6.715571e-03   2.204015e-12   1720354
  9.301811e+00   4.365134e-09   5.482940e-03   2.196452e-12   1721470
  9.322065e+00   4.348202e-09   5.938109e-03   2.179292e-12   1735018
  9.342276e+00   4.335415e-09   4.486423e-03   2.174693e-12   1728398
  9.362467e+00   4.323534e-09   6.341372e-03   2.163433e-12   1747116
  9.382716e+00   4.313980e-09   1.784756e-03   2.150410e-12   1753090
  9.402994e+00   4.294566e-09   4.863300e-03   2.132967e-12   1767694
  9.423263e+00   4.279682e-09   6.577555e-03   2.127575e-12   1766490
  9.443521e+00   4.264528e-09   0.000000e+00   2.107656e-12   1780478
  9.463769e+00   4.253560e-09   8.546017e-03   2.103521e-12   1781050
  9.483999e+00   4.236826e-09   4.544866e-03   2.090641e-12   1792018
  9.504217e+00   4.227455e-09   6.045736e-03   2.083790e-12   1794366
  9.524440e+00   4.210763e-09   5.626022e-03   2.063340e-12   1808276
  9.544683e+00   4.200857e-09   6.302642e-03   2.059905e-12   1812522
  9.564943e+00   4.185403e-09   7.294561e-03   2.048076e-12   1827758
  9.585217e+00   4.175625e-09   4.400324e-03   2.038763e-12   1829466
  9.605444e+00   4.155284e-09   6.931479e-03   2.023273e-12   1835534
  9.625650e+00   4.148613e-09   5.836937e-03   2.016390e-12   1840906
  9.645892e+00   4.137762e-09   6.047267e-03   2.003543e-12   1857130
  9.666115e+00   4.116344e-09   4.545876e-03   1.993049e-12   1854264
  9.686337e+00   4.107235e-09   4.979985e-03   1.981805e-12   1871090
  9.706594e+00   4.097289e-09   5.718744e-03   1.974031e-12   1876926
  9.726843e+00   4.081703e-09   6.302501e-03   1.957074e-12   1884530
  9.747081e+00   4.069635e-09   5.191956e-03   1.954312e-12   1891506
  9.767358e+00   4.057100e-09   6.110867e-03   1.941248e-12   1907798
  9.787639e+00   4.041708e-09   7.467763e-03   1.929951e-12   1907378
  9.807859e+00   4.034455e-09   5.988832e-03   1.926232e-12   1912506
  9.828080e+00   4.020275e-09   3.686908e-03   1.913780e-12   1923048
  9.848345e+00   4.009650e-09   7.053783e-03   1.900990e-12   1936730
  9.868597e+00   3.999036e-09   5.622678e-03   1.895525e-12   1936686
  9.888840e+00   3.983518e-09   6.658552e-03   1.883119e-12   1950290
  9.909083e+00   3.975015e-09   2.695452e-03   1.877142e-12   1953002
  9.929338e+00   3.961446e-09   5.828778e-03   1.861500e-12   1969110
  9.949594e+00   3.952984e-09   1.882244e-03   1.860445e-12   1969050
  9.969824e+00   3.943063e-09   6.323199e-03   1.848689e-12   1980392
  9.990058e+00   3.933201e-09   7.599796e-03   1.839291e-12   1984770
  1.001029e+01   3.916508e-09   5.235845e-03   1.827307e-12   1995506
  1.003055e+01   3.906544e-09   6.806933e-03   1.818003e-12   2007806
  1.005080e+01   3.896836e-09   5.948165e-03   1.812667e-12   2010474
  1.007102e+01   3.885335e-09   6.509762e-03   1.805279e-12   2018182
  1.009128e+01   3.872709e-09   5.835379e-03   1.790881e-12   2033554
  1.011150e+01   3.864730e-09   6.853302e-03   1.790293e-12   2026266
  1.013174e+01   3.854574e-09   4.426581e-03   1.773979e-12   2054480
  1.015200e+01   3.841730e-09   4.738203e-03   1.773465e-12   2044770
  1.017221e+01   3.829915e-09   6.876227e-03   1.760321e-12   2062394
  1.019246e+01   3.821377e-09   6.266111e-03   1.753312e-12   2069982
  1.021272e+01   3.808749e-09   7.332343e-03   1.743396e-12   2079434
  1.023296e+01   3.801793e-09   6.218156e-03   1.738431e-12   2083038
  1.025321e+01   3.792573e-09   4.809297e-03   1.727302e-12   2098850
  1.027345e+01   3.779772e-09   6.071684e-03   1.722131e-12   2095436
  1.029369e+01   3.772854e-09   6.284004e-03   1.709328e-12   2117406
  1.031395e+01   3.760047e-09   5.765269e-03   1.705897e-12   2115426
  1.033414e+01   3.750270e-09   5.597319e-03   1.701054e-12   2118878
  1.035437e+01   3.744205e-09   6.381415e-03   1.690580e-12   2140026
  1.037465e+01   3.732715e-09   6.820462e-03   1.681602e-12   2147234
  1.039490e+01   3.719383e-09   6.069544e-03   1.675322e-12   2150662
  1.041513e+01   3.709316e-09   5.571950e-03   1.666189e-12   2159842
  1.043537e+01   3.707562e-09   6.267412e-03   1.660778e-12   2168384
  1.045564e+01   3.699673e-09   7.764935e-03   1.654504e-12   2183178
  1.047590e+01   3.686774e-09   5.840860e-03   1.647761e-12   2184770
  1.049613e+01   3.674274e-09   6.486038e-03   1.638887e-12   2192190
  1.051633e+01   3.668969e-09   7.065057e-03   1.634300e-12   2196242
  1.053659e+01   3.659740e-09   4.993006e-03   1.623255e-12   2220714
  1.055685e+01   3.653920e-09   7.031276e-03   1.622151e-12   2215758
  1.057710e+01   3.641106e-09   6.408775e-03   1.607674e-12   2233988
  1.059735e+01   3.637607e-09   7.839117e-03   1.609035e-12   2231670
  1.061757e+01   3.625862e-09   3.952118e-03   1.597959e-12   2244338
  1.063783e+01   3.619740e-09   5.216225e-03   1.592341e-12   2258610
  1.065808e+01   3.610057e-09   5.071956e-03   1.586471e-12   2260718
  1.067830e+01   3.604176e-09   6.122144e-03   1.582308e-12   2268162
  1.069853e+01   3.597179e-09   5.493864e-03   1.577520e-12   2277494
  1.071876e+01   3.586744e-09   5.006361e-03   1.569493e-12   2288796
  1.073904e+01   3.581926e-09   1.006763e-02   1.561252e-12   2305226
  1.075930e+01   3.571038e-09   5.235419e-03   1.558315e-12   2301630
  1.077955e+01   3.562108e-09   0.000000e+00   1.545329e-12   2319770
  1.079979e+01   3.556298e-09   6.806700e-03   1.549363e-12   2315610
  1.082001e+01   3.550414e-09   5.443377e-03   1.537936e-12   2334662
  1.084024e+01   3.545255e-09   8.044955e-03   1.536426e-12   2335722
  1.086048e+01   3.535840e-09   4.544103e-03   1.525481e-12   2354102
  1.088074e+01   3.530148e-09   7.209798e-03   1.526490e-12   2355236
  1.090100e+01   3.519395e-09   6.239434e-03   1.512063e-12   2374170
  1.092126e+01   3.513479e-09   4.895028e-03   1.511193e-12   2373286
  1.094151e+01   3.506926e-09   7.422457e-03   1.506849e-12   2388010
  1.096173e+01   3.504124e-09   1.094941e-03   1.508900e-12   2383470
  1.098194e+01   3.497201e-09   4.810983e-03   1.497935e-12   2404994
  1.100219e+01   3.491073e-09   4.061045e-03   1.497013e-12   2408642
  1.102241e+01   3.480706e-09   6.064632e-03   1.487697e-12   2417640
  1.104267e+01   3.477431e-09   6.131150e-03   1.482338e-12   2434994
  1.106294e+01   3.471417e-09   6.789777e-03   1.477846e-12   2437998
  1.108319e+01   3.466660e-09   5.840834e-03   1.472992e-12   2448194
  1.110345e+01   3.459067e-09   0.000000e+00   1.466644e-12   2455890
  1.112367e+01   3.454652e-09   3.582686e-03   1.466479e-12   2461526
  1.114391e+01   3.448406e-09   6.327980e-03   1.458044e-12   2474034
  1.116413e+01   3.443037e-09   6.160760e-03   1.455815e-12   2476482
  1.118437e+01   3.436065e-09   4.826606e-03   1.448846e-12   2497256
  1.120465e+01   3.436073e-09   6.219659e-03   1.448006e-12   2502978
  1.122489e+01   3.427862e-09   2.657206e-03   1.444130e-12   2508422
  1.124513e+01   3.420421e-09   6.455351e-03   1.439297e-12   2518482
  1.126539e+01   3.416772e-09   8.075850e-03   1.435110e-12   2532074
  1.128561e+01   3.409495e-09   8.697010e-03   1.430192e-12   2526710
  1.130583e+01   3.407102e-09   6.772797e-03   1.426224e-12   2548986
  1.132607e+01   3.402968e-09   5.835060e-03   1.422284e-12   2551704
  1.134631e+01   3.397677e-09   4.546514e-03   1.417950e-12   2566226
  1.136656e+01   3.398756e-09   4.683679e-03   1.418833e-12   2573898
  1.138683e+01   3.393829e-09   5.019197e-03   1.413546e-12   2589182
  1.140707e+01   3.386101e-09   6.487534e-03   1.414090e-12   2584970
  1.142731e+01   3.379618e-09   5.053711e-03   1.406430e-12   2605110
  1.144756e+01   3.378178e-09   4.623626e-03   1.406439e-12   2606834
  1.146779e+01   3.374486e-09   4.743791e-03   1.402433e-12   2620770
  1.148803e+01   3.374514e-09   6.435416e-03   1.400444e-12   2626560
  1.150826e+01   3.370628e-09   6.222647e-03   1.394993e-12   2636762
  1.152850e+01   3.365610e-09   7.162839e-03   1.391749e-12   2647698
  1.154879e+01   3.361559e-09   5.545310e-03   1.387429e-12   2668166
  1.156906e+01   3.362294e-09   5.642137e-03   1.393204e-12   2660586
  1.158929e+01   3.356350e-09   5.650194e-03   1.384612e-12   2676494
  1.160950e+01   3.355714e-09   6.731221e-03   1.388966e-12   2674306
  1.162971e+01   3.349106e-09   4.748323e-03   1.382560e-12   2696980
  1.164997e+01   3.351117e-09   5.251523e-03   1.381080e-12   2703622
  1.167021e+01   3.348309e-09   7.799926e-03   1.379999e-12   2713186
  1.169045e+01   3.346020e-09   7.214130e-03   1.377928e-12   2718702
  1.171072e+01   3.346285e-09   6.975576e-03   1.372539e-12   2742194
  1.173097e+01   3.345079e-09   0.000000e+00   1.377814e-12   2733162
  1.175121e+01   3.339700e-09   4.169849e-03   1.371009e-12   2757590
  1.177145e+01   3.339840e-09   3.859548e-03   1.370456e-12   2752010
  1.179166e+01   3.338494e-09   7.517031e-03   1.367985e-12   2769036
  1.181192e+01   3.337859e-09   5.829311e-03   1.367960e-12   2783046
  1.183218e+01   3.335554e-09   0.000000e+00   1.367156e-12   2789378
  1.185243e+01   3.334288e-09   8.376147e-03   1.364532e-12   2799582
  1.187270e+01   3.331717e-09   6.025520e-03   1.363798e-12   2811170
  1.189294e+01   3.331706e-09   0.000000e+00   1.366147e-12   2812706
  1.191319e+01   3.333244e-09   5.542904e-03   1.361982e-12   2833254
  1.193342e+01   3.334556e-09   7.036342e-03   1.367311e-12   2827292
  1.195363e+01   3.331056e-09   7.444553e-03   1.359991e-12   2846838
  1.197387e+01   3.325946e-09   5.595846e-03   1.360024e-12   2846535
  1.199410e+01   3.315127e-09   6.258696e-03   1.354688e-12   2848496
  1.201435e+01   3.304084e-09   6.640701e-03   1.351114e-12   2841564
  1.203461e+01   3.295754e-09   7.481546e-03   1.347736e-12   2843000
  1.205486e+01   3.286326e-09   7.116709e-03   1.340628e-12   2826624
  1.207509e+01   3.279312e-09   7.335487e-03   1.338194e-12   2828732
  1.209533e+01   3.266336e-09   4.173137e-03   1.333411e-12   2819560
  1.211558e+01   3.255537e-09   5.483977e-03   1.326451e-12   2819284
  1.213581e+01   3.242256e-09   5.233153e-03   1.321666e-12   2805856
  1.215605e+01   3.237353e-09   6.760225e-03   1.320433e-12   2810440
  1.217630e+01   3.227814e-09   5.982743e-03   1.315875e-12   2800608
  1.219654e+01   3.215094e-09   7.544766e-03   1.308591e-12   2798144
  1.221678e+01   3.205467e-09   6.646588e-03   1.304761e-12   2787376
  1.223703e+01   3.197581e-09   7.436101e-03   1.299274e-12   2790616
  1.225729e+01   3.188127e-09   5.885358e-03   1.298112e-12   2779552
  1.227750e+01   3.173270e-09   6.693849e-03   1.291124e-12   2768452
  1.229772e+01   3.167792e-09   2.089383e-03   1.289213e-12   2771296
  1.231797e+01   3.160465e-09   3.223405e-03   1.286300e-12   2764924
  1.233823e+01   3.150787e-09   3.567936e-03   1.280843e-12   2762264
  1.235851e+01   3.135590e-09   7.163988e-03   1.272662e-12   2760216
  1.237874e+01   3.128059e-09   1.474698e-03   1.273202e-12   2737932
  1.239898e+01   3.115319e-09   8.011428e-03   1.263382e-12   2752280
  1.241923e+01   3.110021e-09   6.230880e-03   1.266431e-12   2728764
  1.243946e+01   3.097196e-09   6.088283e-03   1.258035e-12   2736368
  1.245969e+01   3.092262e-09   4.667265e-03   1.256761e-12   2719920
  1.247994e+01   3.083949e-09   9.076356e-03   1.249739e-12   2727152
  1.250019e+01   3.076126e-09   0.000000e+00   1.250136e-12   2708352
  1.252045e+01   3.065087e-09   0.000000e+00   1.241292e-12   2718584
  1.254069e+01   3.055412e-09   0.000000e+00   1.242298e-12   2694300
  1.256094e+01   3.048047e-09   8.640460e-03   1.232769e-12   2709440
  1.258119e+01   3.038817e-09   2.533739e-03   1.234788e-12   2682108
  1.260140e+01   3.028800e-09   4.531730e-03   1.228631e-12   2684912
  1.262163e+01   3.019428e-09   7.838600e-03   1.224714e-12   2678892
  1.264187e+01   3.012642e-09   5.993505e-03   1.223023e-12   2674748
  1.266212e+01   3.004259e-09   8.818504e-03   1.218662e-12   2670216
  1.268237e+01   2.990299e-09   5.886064e-03   1.213968e-12   2659436
  1.270261e+01   2.986422e-09   5.402407e-03   1.211888e-12   2659752
  1.272289e+01   2.978849e-09   6.008253e-03   1.208960e-12   2654300
  1.274313e+01   2.970817e-09   2.931023e-03   1.204537e-12   2640852
  1.276336e+01   2.962561e-09   4.644026e-03   1.202113e-12   2638124
  1.278359e+01   2.957138e-09   9.340922e-03   1.202691e-12   2628228
  1.280384e+01   2.948412e-09   3.634304e-03   1.194655e-12   2630936
  1.282410e+01   2.936793e-09   8.252505e-03   1.192147e-12   2619032
  1.284433e+01   2.932375e-09   5.014349e-03   1.191239e-12   2610804
  1.286458e+01   2.926401e-09   5.632096e-03   1.187654e-12   2609408
  1.288484e+01   2.916828e-09   7.685534e-03   1.183656e-12   2602764
  1.290506e+01   2.909597e-09   6.387571e-03   1.183388e-12   2588540
  1.292528e+01   2.902441e-09   9.376006e-03   1.179801e-12   2587836
  1.294551e+01   2.894934e-09   7.855106e-03   1.176184e-12   2579100
  1.296574e+01   2.887180e-09   4.607364e-03   1.173075e-12   2574128
  1.298598e+01   2.881313e-09   4.629053e-03   1.172799e-12   2567588
  1.300625e+01   2.873855e-09   7.502653e-03   1.167434e-12   2572956
  1.302652e+01   2.866392e-09   6.666134e-03   1.167207e-12   2550552
  1.304675e+01   2.858507e-09   7.460969e-03   1.162898e-12   2552084
  1.306699e+01   2.853523e-09   4.628316e-03   1.162221e-12   2539404
  1.308724e+01   2.841845e-09   0.000000e+00   1.156353e-12   2541152
  1.310750e+01   2.838177e-09   8.363186e-03   1.156127e-12   2528016
  1.312773e+01   2.831723e-09   5.456232e-03   1.154862e-12   2521496
  1.314798e+01   2.822953e-09   6.606857e-03   1.150907e-12   2518092
  1.316824e+01   2.818713e-09   2.080404e-03   1.148226e-12   2511632
  1.318848e+01   2.813012e-09   0.000000e+00   1.149256e-12   2500140
  1.320872e+01   2.805700e-09   5.837750e-03   1.143644e-12   2496980
  1.322896e+01   2.797107e-09   6.683622e-03   1.143559e-12   2487428
  1.324922e+01   2.793483e-09   7.138400e-03   1.140164e-12   2486496
  1.326945e+01   2.790433e-09   1.072311e-02   1.143697e-12   2469840
  1.328968e+01   2.780125e-09   7.422347e-03   1.137639e-12   2469656
  1.330992e+01   2.774420e-09   2.709098e-03   1.137376e-12   2457036
  1.333018e+01   2.771216e-09   4.979225e-03   1.132245e-12   2462684
  1.335044e+01   2.762486e-09   4.249850e-03   1.130466e-12   2442384
  1.337066e+01   2.760670e-09   4.662299e-03   1.132124e-12   2441696
  1.339091e+01   2.751414e-09   2.756069e-03   1.128206e-12   2431164
  1.341114e+01   2.744062e-09   0.000000e+00   1.127928e-12   2423696
  1.343138e+01   2.740601e-09   8.687378e-03   1.124898e-12   2421336
  1.345164e+01   2.732782e-09   5.375221e-03   1.123520e-12   2412992
  1.347188e+01   2.729945e-09   4.609934e-03   1.124380e-12   2402732
  1.349211e+01   2.724448e-09   7.653958e-03   1.123390e-12   2396124
  1.351235e+01   2.719108e-09   6.506958e-03   1.119903e-12   2388480
  1.353261e+01   2.712377e-09   5.953390e-03   1.117710e-12   2387060
  1.355285e+01   2.707280e-09   6.252553e-03   1.118412e-12   2370268
  1.357306e+01   2.700973e-09   7.062103e-03   1.115847e-12   2363776
  1.359329e+01   2.695439e-09   5.365338e-03   1.114781e-12   2360176
  1.361354e+01   2.687106e-09   5.465271e-03   1.109335e-12   2356360
  1.363379e+01   2.685535e-09   5.671486e-03   1.112885e-12   2343240
  1.365404e+01   2.680901e-09   5.049481e-03   1.112048e-12   2340248
  1.367427e+01   2.675042e-09   6.262491e-03   1.109902e-12   2325000
  1.369452e+01   2.668105e-09   4.914753e-03   1.108357e-12   2328632
  1.371478e+01   2.667820e-09   7.400940e-03   1.108830e-12   2313100
  1.373503e+01   2.662224e-09   6.412803e-03   1.107352e-12   2310892
  1.375527e+01   2.656595e-09   7.184434e-03   1.105913e-12   2295420
  1.377551e+01   2.652229e-09   7.044437e-03   1.103117e-12   2293592
  1.379574e+01   2.649532e-09   5.704240e-03   1.106799e-12   2281400
  1.381602e+01   2.642133e-09   6.992128e-03   1.102485e-12   2285760
  1.383626e+01   2.639657e-09   3.622143e-03   1.106487e-12   2259408
  1.385650e+01   2.635209e-09   0.000000e+00   1.100180e-12   2266808
  1.387675e+01   2.629203e-09   6.962518e-03   1.102337e-12   2249348
  1.389698e+01   2.624071e-09   4.436476e-03   1.100505e-12   2244732
  1.391721e+01   2.622264e-09   8.403136e-03   1.101619e-12   2233908
  1.393745e+01   2.615291e-09   2.708709e-03   1.099058e-12   2231660
  1.395770e+01   2.610559e-09   5.845142e-03   1.098944e-12   2218736
  1.397796e+01   2.609686e-09   4.373524e-03   1.099439e-12   2217984
  1.399821e+01   2.603848e-09   8.528580e-03   1.098338e-12   2203300
  1.401845e+01   2.599879e-09   6.479813e-03   1.097291e-12   2197072
  1.403867e+01   2.595945e-09   0.000000e+00   1.100046e-12   2181992
  1.405890e+01   2.593393e-09   4.519517e-03   1.097227e-12   2183664
  1.407917e+01   2.587748e-09   6.735140e-03   1.097173e-12   2173464
  1.409942e+01   2.583403e-09   0.000000e+00   1.096696e-12   2165396
  1.411966e+01   2.579389e-09   3.161664e-03   1.096324e-12   2152784
  1.413990e+01   2.574986e-09   7.907243e-03   1.098382e-12   2147532
  1.416014e+01   2.573117e-09   2.269648e-03   1.097208e-12   2139588
  1.418041e+01   2.570654e-09   4.101103e-03   1.096973e-12   2135432
  1.420062e+01   2.566481e-09   5.462706e-03   1.101893e-12   2109256
  1.422082e+01   2.560901e-09   5.925875e-03   1.095653e-12   2117296
  1.424109e+01   2.560715e-09   4.525564e-03   1.097659e-12   2106252
  1.426134e+01   2.558071e-09   7.296984e-03   1.098928e-12   2099096
  1.428160e+01   2.553079e-09   7.255894e-03   1.097652e-12   2088384
  1.430184e+01   2.550028e-09   8.190966e-03   1.100679e-12   2078480
  1.432207e+01   2.547679e-09   5.425997e-03   1.102319e-12   2069016
  1.434232e+01   2.542318e-09   3.625595e-03   1.099641e-12   2064836
  1.436258e+01   2.539994e-09   0.000000e+00   1.100050e-12   2055420
  1.438282e+01   2.536121e-09   3.215656e-03   1.100918e-12   2043224
  1.440304e+01   2.533947e-09   8.061468e-03   1.102701e-12   2032260
  1.442330e+01   2.530672e-09   7.695527e-03   1.101648e-12   2034152
  1.444357e+01   2.527882e-09   4.214587e-03   1.104206e-12   2017644
  1.446381e+01   2.524034e-09   9.492648e-03   1.102158e-12   2010284
  1.448404e+01   2.519696e-09   1.086153e-03   1.104836e-12   1996540
  1.450426e+01   2.518079e-09   7.306404e-03   1.105571e-12   1992832
  1.452450e+01   2.517500e-09   8.143169e-03   1.107685e-12   1982400
  1.454473e+01   2.511852e-09   1.545550e-03   1.106496e-12   1972256
  1.456496e+01   2.508316e-09   7.350246e-03   1.108525e-12   1964352
  1.458522e+01   2.506157e-09   6.246056e-03   1.106371e-12   1958576
  1.460547e+01   2.506681e-09   4.225194e-03   1.110341e-12   1946940
  1.462573e+01   2.503097e-09   7.825983e-03   1.109743e-12   1942580
  1.464597e+01   2.503480e-09   1.053109e-02   1.116026e-12   1921740
  1.466620e+01   2.495052e-09   2.395854e-03   1.110845e-12   1923956
  1.468645e+01   2.497992e-09   6.822988e-03   1.117380e-12   1907896
  1.470671e+01   2.493482e-09   8.756781e-03   1.115545e-12   1906888
  1.472695e+01   2.491638e-09   7.836127e-03   1.118919e-12   1886160
  1.474717e+01   2.491949e-09   6.249308e-03   1.121680e-12   1883120
  1.476742e+01   2.485883e-09   2.121165e-03   1.119980e-12   1875140
  1.478769e+01   2.485596e-09   6.622550e-03   1.123085e-12   1865652
  1.480793e+01   2.483073e-09   7.015728e-03   1.124516e-12   1853268
  1.482818e+01   2.480798e-09   6.217084e-03   1.125851e-12   1847180
  1.484840e+01   2.481357e-09   8.548537e-03   1.131611e-12   1829604
  1.486863e+01   2.476179e-09   3.931365e-03   1.127172e-12   1829720
  1.488889e+01   2.475373e-09   7.491203e-03   1.129926e-12   1817184
  1.490913e+01   2.473922e-09   6.532292e-03   1.131697e-12   1806320
  1.492936e+01   2.471883e-09   4.605763e-03   1.137381e-12   1795536
  1.494961e+01   2.473316e-09   7.136326e-03   1.136357e-12   1791548
  1.496987e+01   2.464700e-09   5.864225e-03   1.137385e-12   1777512
  1.499012e+01   2.463796e-09   0.000000e+00   1.139117e-12   1769984
  1.501035e+01   2.464494e-09   7.682244e-03   1.144279e-12   1756248
  1.503058e+01   2.461915e-09   8.528654e-03   1.144383e-12   1749248
  1.505083e+01   2.459865e-09   6.180607e-03   1.147046e-12   1739928
  1.507109e+01   2.454164e-09   6.896099e-03   1.147079e-12   1732148
  1.509133e+01   2.456628e-09   6.009223e-03   1.152354e-12   1716964
  1.511157e+01   2.452928e-09   5.767987e-03   1.152132e-12   1712164
  1.513183e+01   2.449630e-09   8.781752e-03   1.155077e-12   1698332
  1.515208e+01   2.452073e-09   9.104052e-03   1.157961e-12   1694100
  1.517232e+01   2.447376e-09   0.000000e+00   1.162324e-12   1675412
  1.519254e+01   2.449598e-09   7.462930e-03   1.163093e-12   1670436
  1.521276e+01   2.448834e-09   4.262959e-03   1.169306e-12   1655532
  1.523302e+01   2.444519e-09   9.396304e-03   1.166489e-12   1656860
  1.525328e+01   2.447028e-09   2.745918e-03   1.174175e-12   1636484
  1.527353e+01   2.441847e-09   3.681726e-03   1.174924e-12   1633212
  1.529376e+01   2.443477e-09   5.467015e-03   1.177987e-12   1614044
  1.531400e+01   2.439212e-09   4.166881e-03   1.178321e-12   1612980
  1.533425e+01   2.440638e-09   8.225499e-03   1.185527e-12   1597036
  1.535449e+01   2.434132e-09   6.216682e-03   1.184421e-12   1590676
  1.537473e+01   2.437041e-09   4.227419e-03   1.191132e-12   1575812
  1.539495e+01   2.435999e-09   4.637611e-03   1.194996e-12   1566156
  1.541520e+01   2.437366e-09   7.265804e-03   1.193899e-12   1560980
  1.543547e+01   2.432025e-09   7.596732e-03   1.197850e-12   1549404
  1.545570e+01   2.433251e-09   0.000000e+00   1.204074e-12   1532436
  1.547592e+01   2.432986e-09   6.945510e-03   1.209688e-12   1527524
  1.549617e+01   2.432384e-09   7.732126e-03   1.211826e-12   1515204
  1.551641e+01   2.431770e-09   0.000000e+00   1.217623e-12   1506452
  1.553667e+01   2.429087e-09   2.426397e-03   1.218882e-12   1495116
  1.555688e+01   2.429192e-09   6.706614e-03   1.226344e-12   1479152
  1.557710e+01   2.430709e-09   0.000000e+00   1.228667e-12   1475400
  1.559739e+01   2.430937e-09   3.362690e-03   1.231939e-12   1467932
  1.561766e+01   2.428556e-09   7.222280e-03   1.236885e-12   1451256
  1.563791e+01   2.427242e-09   0.000000e+00   1.240442e-12   1443212
  1.565813e+01   2.426965e-09   5.990964e-03   1.247531e-12   1425648
  1.567836e+01   2.430278e-09   8.164681e-03   1.250369e-12   1423004
  1.569862e+01   2.428334e-09   5.235060e-03   1.255761e-12   1408632
  1.571887e+01   2.424251e-09   7.871514e-03   1.257421e-12   1400984
  1.573911e+01   2.425397e-09   7.793626e-03   1.266641e-12   1383180
  1.575934e+01   2.422891e-09   8.637480e-03   1.268134e-12   1378136
  1.577960e+01   2.425671e-09   9.147355e-03   1.276519e-12   1367136
  1.579987e+01   2.422513e-09   5.203231e-03   1.276071e-12   1356716
  1.582008e+01   2.422398e-09   5.668757e-03   1.287417e-12   1336908
  1.584028e+01   2.421077e-09   0.000000e+00   1.287549e-12   1332620
  1.586053e+01   2.423195e-09   6.502751e-03   1.295067e-12   1321748
  1.588079e+01   2.419163e-09   3.119825e-03   1.297508e-12   1312764
  1.590103e+01   2.421313e-09   0.000000e+00   1.304185e-12   1296636
  1.592129e+01   2.416773e-09   6.590995e-03   1.308947e-12   1291472
  1.594153e+01   2.424417e-09   1.091460e-02   1.319429e-12   1272768
  1.596177e+01   2.419460e-09   6.569763e-03   1.320940e-12   1269080
  1.598204e+01   2.422748e-09   7.477303e-03   1.327577e-12   1253696
  1.600227e+01   2.420013e-09   9.320786e-03   1.336872e-12   1241616
  1.602246e+01   2.415760e-09   7.098649e-03   1.342544e-12   1226712
  1.604272e+01   2.420058e-09   8.608783e-03   1.344176e-12   1226228
  1.606300e+01   2.419877e-09   6.464842e-03   1.353987e-12   1207848
  1.608325e+01   2.414646e-09   3.759548e-03   1.356913e-12   1198256
  1.610347e+01   2.417412e-09   6.912130e-03   1.370118e-12   1181516
  1.612371e+01   2.415792e-09   0.000000e+00   1.369681e-12   1177980
  1.614397e+01   2.418731e-09   2.894685e-03   1.381432e-12   1161756
  1.616419e+01   2.413351e-09   6.241432e-03   1.387697e-12   1150148
  1.618443e+01   2.415939e-09   4.979964e-03   1.392743e-12   1138848
  1.620466e+01   2.415661e-09   0.000000e+00   1.400842e-12   1126748
  1.622490e+01   2.415634e-09   2.667126e-03   1.406127e-12   1117652
  1.624519e+01   2.410890e-09   0.000000e+00   1.410242e-12   1107888
  1.626544e+01   2.412644e-09   4.806214e-03   1.426559e-12   1090964
  1.628567e+01   2.410325e-09   4.932210e-03   1.427236e-12   1080684
  1.630588e+01   2.413883e-09   8.854004e-03   1.440063e-12   1065660
  1.632613e+01   2.410655e-09   0.000000e+00   1.441618e-12   1061996
  1.634641e+01   2.408388e-09   4.915276e-03   1.452568e-12   1044320
  1.636664e+01   2.404857e-09   9.572374e-03   1.454749e-12   1034640
  1.638689e+01   2.403472e-09   5.228793e-03   1.465712e-12   1019172
  1.640714e+01   2.400881e-09   4.651295e-03   1.467592e-12   1013948
  1.642741e+01   2.404714e-09   1.062673e-02   1.486855e-12   996376
  1.644765e+01   2.398910e-09   0.000000e+00   1.491302e-12   985288
  1.646784e+01   2.401285e-09   0.000000e+00   1.501999e-12   969596
  1.648809e+01   2.398718e-09   9.551552e-03   1.505917e-12   964980
  1.650834e+01   2.394306e-09   7.697579e-03   1.517223e-12   947252
  1.652857e+01   2.394390e-09   9.282288e-03   1.524652e-12   939060
  1.654882e+01   2.389797e-09   6.433300e-03   1.534491e-12   922328
  1.656905e+01   2.391030e-09   2.823516e-03   1.541341e-12   913788
  1.658932e+01   2.392121e-09   1.054211e-02   1.551635e-12   902812
  1.660959e+01   2.389871e-09   7.476300e-03   1.566026e-12   888544
  1.662981e+01   2.380724e-09   8.926515e-03   1.570799e-12   872948
  1.665001e+01   2.375891e-09   0.000000e+00   1.577147e-12   862440
  1.667025e+01   2.382755e-09   5.100084e-03   1.592171e-12   851760
  1.669054e+01   2.372369e-09   8.929578e-04   1.590487e-12   841940
  1.671078e+01   2.371696e-09   5.199542e-03   1.606755e-12   822984
  1.673102e+01   2.368584e-09   4.675028e-03   1.611429e-12   816092
  1.675127e+01   2.369323e-09   0.000000e+00   1.626828e-12   799284
  1.677151e+01   2.362117e-09   9.817553e-03   1.627994e-12   791312
  1.679175e+01   2.354513e-09   5.155896e-03   1.642486e-12   772524
  1.681194e+01   2.353955e-09   5.838754e-03   1.652159e-12   762896
  1.683218e+01   2.349308e-09   4.014499e-03   1.656997e-12   750876
  1.685244e+01   2.348864e-09   5.661255e-03   1.669959e-12   739280
  1.687268e+01   2.340034e-09   6.298869e-03   1.677292e-12   724840
  1.689295e+01   2.331755e-09   4.282393e-03   1.682545e-12   714484
  1.691316e+01   2.324894e-09   6.908234e-03   1.690152e-12   695868
  1.693340e+01   2.317414e-09   9.098095e-03   1.686219e-12   691013
  1.695367e+01   2.317777e-09   6.383660e-03   1.712915e-12   673486
  1.697390e+01   2.309816e-09   7.820735e-03   1.711236e-12   666244
  1.699413e+01   2.306057e-09   5.794321e-03   1.722359e-12   651008
  1.701436e+01   2.301997e-09   0.000000e+00   1.729908e-12   644820
  1.703462e+01   2.303250e-09   0.000000e+00   1.746374e-12   632636
  1.705488e+01   2.295363e-09   8.517651e-03   1.744596e-12   625002
  1.707511e+01   2.300675e-09   5.344497e-03   1.772555e-12   611208
  1.709538e+01   2.290475e-09   0.000000e+00   1.767354e-12   607328
  1.711563e+01   2.284514e-09   0.000000e+00   1.776506e-12   592272
  1.713586e+01   2.282320e-09   0.000000e+00   1.780424e-12   587504
  1.715611e+01   2.286270e-09   9.798959e-03   1.803941e-12   575466
  1.717634e+01   2.278346e-09   0.000000e+00   1.809369e-12   568274
  1.719660e+01   2.279131e-09   0.000000e+00   1.819316e-12   559518
  1.721686e+01   2.272350e-09   5.247450e-03   1.823121e-12   551618
  1.723712e+01   2.274663e-09   4.901820e-03   1.847994e-12   542364
  1.725736e+01   2.270306e-09   7.671600e-03   1.845627e-12   534146
  1.727758e+01   2.271094e-09   9.472268e-03   1.872236e-12   525076
  1.729785e+01   2.270225e-09   0.000000e+00   1.877780e-12   519868
  1.731806e+01   2.264651e-09   4.203146e-03   1.886673e-12   507108
  1.733830e+01   2.265826e-09   3.341651e-03   1.893156e-12   504992
  1.735855e+01   2.265865e-09   9.997235e-03   1.918389e-12   492636
  1.737880e+01   2.259869e-09   0.000000e+00   1.921264e-12   490052
  1.739906e+01   2.265805e-09   2.430764e-03   1.945193e-12   477708
  1.741928e+01   2.255668e-09   1.357122e-03   1.941714e-12   473852
  1.743953e+01   2.260371e-09   1.195426e-02   1.961128e-12   464174
  1.745976e+01   2.256946e-09   5.082192e-03   1.973963e-12   459096
  1.747999e+01   2.258829e-09   7.398254e-03   1.984820e-12   449582
  1.750023e+01   2.258774e-09   1.285310e-02   1.995858e-12   445812
  1.752045e+01   2.257627e-09   7.443273e-03   2.018363e-12   435134
  1.754072e+01   2.256519e-09   3.903764e-03   2.024420e-12   433590
  1.756096e+01   2.252422e-09   0.000000e+00   2.043713e-12   421070
  1.758119e+01   2.253485e-09   0.000000e+00   2.053861e-12   419940
  1.760147e+01   2.250349e-09   6.406977e-03   2.073325e-12   409714
  1.762167e+01   2.248578e-09   0.000000e+00   2.093697e-12   404182
  1.764191e+01   2.250609e-09   5.498759e-03   2.100305e-12   398518
  1.766218e+01   2.244158e-09   7.084288e-03   2.112549e-12   392302
  1.768242e+01   2.247886e-09   6.993168e-03   2.129628e-12   385486
  1.770271e+01   2.249554e-09   6.041208e-03   2.143327e-12   381550
  1.772293e+01   2.241662e-09   0.000000e+00   2.157295e-12   370826
  1.774317e+01   2.245288e-09   0.000000e+00   2.164222e-12   370014
  1.776343e+01   2.247793e-09   6.040763e-03   2.198463e-12   359910
  1.778365e+01   2.245121e-09   1.000572e-02   2.212888e-12   357416
  1.780388e+01   2.248018e-09   1.003638e-02   2.240679e-12   348174
  1.782411e+01   2.244458e-09   9.867761e-03   2.241883e-12   346010
  1.784435e+01   2.254111e-09   9.323373e-03   2.277636e-12   337094
  1.786462e+01   2.240563e-09   1.046784e-02   2.265156e-12   336360
  1.788488e+01   2.245448e-09   6.183343e-03   2.301917e-12   325206
  1.790511e+01   2.249174e-09   1.162841e-02   2.313517e-12   324614
  1.792534e+01   2.256659e-09   6.495060e-03   2.352571e-12   314760
  1.794558e+01   2.248014e-09   3.182387e-03   2.346585e-12   314114
  1.796581e+01   2.254304e-09   7.764277e-03   2.394789e-12   303918
  1.798604e+01   2.251289e-09   0.000000e+00   2.381977e-12   303872
  1.800632e+01   2.251672e-09   5.370403e-03   2.422480e-12   295062
  1.802657e+01   2.248926e-09   8.029338e-03   2.427642e-12   292784
  1.804682e+01   2.253191e-09   0.000000e+00   2.450781e-12   285198
  1.806704e+01   2.256359e-09   0.000000e+00   2.483227e-12   282068
  1.808729e+01   2.256549e-09   0.000000e+00   2.503523e-12   275958
  1.810752e+01   2.259378e-09   9.854920e-03   2.529404e-12   272072
  1.812774e+01   2.251847e-09   5.132524e-03   2.538251e-12   266352
  1.814799e+01   2.254774e-09   1.644306e-03   2.570146e-12   263198
  1.816822e+01   2.260445e-09   7.583947e-03   2.601805e-12   256524
  1.818849e+01   2.260524e-09   5.722108e-03   2.622859e-12   254774
  1.820872e+01   2.267692e-09   4.972812e-03   2.676509e-12   246888
  1.822897e+01   2.259406e-09   0.000000e+00   2.658304e-12   245984
  1.824921e+01   2.259155e-09   9.430435e-04   2.697930e-12   237822
  1.826945e+01   2.267774e-09   0.000000e+00   2.706458e-12   236948
  1.828968e+01   2.272513e-09   0.000000e+00   2.765950e-12   229296
  1.830995e+01   2.263511e-09   3.348449e-03   2.745338e-12   228968
  1.833021e+01   2.276521e-09   1.085954e-02   2.808885e-12   220894
  1.835047e+01   2.269471e-09   7.794413e-03   2.809013e-12   220408
  1.837072e+01   2.266911e-09   9.940898e-04   2.862784e-12   212400
  1.839097e+01   2.272161e-09   2.633592e-03   2.865222e-12   212228
  1.841122e+01   2.271235e-09   9.509093e-03   2.912856e-12   204502
  1.843147e+01   2.271814e-09   4.608279e-03   2.915288e-12   203944
  1.845169e+01   2.273399e-09   7.756364e-03   2.983366e-12   196272
  1.847192e+01   2.271875e-09   7.046565e-03   2.977939e-12   196280
  1.849216e+01   2.281203e-09   5.292309e-03   3.049544e-12   188604
  1.851237e+01   2.275252e-09   6.611742e-03   3.043651e-12   188408
  1.853261e+01   2.285107e-09   1.955217e-03   3.109938e-12   181566
  1.855285e+01   2.277192e-09   5.719424e-03   3.098998e-12   180920
  1.857308e+01   2.283599e-09   7.123977e-03   3.154737e-12   174304
  1.859332e+01   2.271956e-09   0.000000e+00   3.164435e-12   173620
  1.861356e+01   2.289076e-09   7.560166e-03   3.261243e-12   167432
  1.863384e+01   2.290809e-09   5.547625e-03   3.264264e-12   166944
  1.865405e+01   2.289233e-09   9.611190e-03   3.314403e-12   159704
  1.867431e+01   2.300689e-09   6.596643e-03   3.347100e-12   160464
  1.869455e+01   2.302360e-09   5.456472e-03   3.421401e-12   152756
  1.871479e+01   2.299344e-09   9.148054e-03   3.388155e-12   153912
  1.873503e+01   2.301057e-09   9.857086e-03   3.510987e-12   146024
  1.875525e+01   2.305952e-09   1.548462e-02   3.469388e-12   147168
  1.877550e+01   2.312360e-09   9.024148e-03   3.596516e-12   140000
  1.879574e+01   2.306252e-09   0.000000e+00   3.558809e-12   140580
  1.881599e+01   2.304479e-09   8.261644e-03   3.624906e-12   134112
  1.883624e+01   2.316997e-09   1.334981e-02   3.649883e-12   134264
  1.885649e+01   2.316495e-09   8.505010e-03   3.747124e-12   128000
  1.887674e+01   2.308651e-09   1.086635e-02   3.734731e-12   128124
  1.889701e+01   2.324967e-09   7.214524e-03   3.846774e-12   122472
  1.891725e+01   2.319686e-09   1.089529e-02   3.828062e-12   121808
  1.893748e+01   2.330374e-09   3.056711e-03   3.940505e-12   116592
  1.895770e+01   2.335419e-09   0.000000e+00   3.949822e-12   116072
  1.897794e+01   2.332490e-09   1.146420e-02   4.033933e-12   111156
  1.899821e+01   2.332891e-09   0.000000e+00   4.041377e-12   110864
  1.901846e+01   2.348216e-09   0.000000e+00   4.209608e-12   105464
  1.903872e+01   2.343199e-09   6.016759e-03   4.176257e-12   105738
  1.905896e+01   2.353661e-09   8.500176e-03   4.318663e-12   99824
  1.907920e+01   2.352518e-09   0.000000e+00   4.320187e-12   100452
  1.909941e+01   2.357414e-09   1.071598e-02   4.427919e-12   94608
  1.911966e+01   2.350301e-09   5.764544e-03   4.402734e-12   95456
  1.913988e+01   2.364779e-09   1.114729e-02   4.563937e-12   89688
  1.916015e+01   2.360952e-09   8.916494e-03   4.508578e-12   90632
  1.918036e+01   2.369033e-09   7.959122e-03   4.672661e-12   84558
  1.920061e+01   2.369775e-09   5.558979e-03   4.667786e-12   86096
  1.922083e+01   2.383643e-09   6.308943e-03   4.860977e-12   79632
  1.924103e+01   2.383094e-09   1.111553e-02   4.827584e-12   81416
  1.926128e+01   2.384557e-09   8.867579e-03   5.004894e-12   75348
  1.928149e+01   2.395673e-09   0.000000e+00   4.991845e-12   76712
  1.930175e+01   2.390045e-09   1.095667e-02   5.173958e-12   71322
  1.932200e+01   2.406423e-09   3.982644e-03   5.182508e-12   72248
  1.934226e+01   2.410137e-09   0.000000e+00   5.359631e-12   67152
  1.936250e+01   2.406206e-09   0.000000e+00   5.349195e-12   67844
  1.938270e+01   2.405808e-09   0.000000e+00   5.558334e-12   62976
  1.940296e+01   2.418394e-09   0.000000e+00   5.474821e-12   63914
  1.942314e+01   2.422973e-09   0.000000e+00   5.770540e-12   58824
  1.944340e+01   2.429317e-09   1.161995e-02   5.712362e-12   60116
  1.946357e+01   2.430807e-09   0.000000e+00   6.013112e-12   54888
  1.948394e+01   2.423916e-09   0.000000e+00   5.865818e-12   57002
  1.950416e+01   2.445114e-09   0.000000e+00   6.261932e-12   50760
  1.952443e+01   2.447592e-09   9.601858e-03   6.145292e-12   53312
  1.954465e+01   2.443428e-09   8.541178e-03   6.491439e-12   47124
  1.956490e+01   2.462747e-09   0.000000e+00   6.362085e-12   49850
  1.958513e+01   2.459133e-09   1.135259e-02   6.826651e-12   43680
  1.960533e+01   2.449352e-09   2.509001e-03   6.510007e-12   46328
  1.962562e+01   2.477663e-09   0.000000e+00   7.105796e-12   40686
  1.964585e+01   2.474216e-09   8.365068e-03   6.957927e-12   42992
  1.966616e+01   2.476048e-09   5.873739e-03   7.406753e-12   37656
  1.968634e+01   2.486005e-09   5.261676e-03   7.215244e-12   39578
  1.970666e+01   2.506577e-09   7.048164e-03   7.813876e-12   34928
  1.972684e+01   2.478034e-09   4.994282e-03   7.521388e-12   36300
  1.974709e+01   2.491926e-09   3.306492e-03   8.000620e-12   32136
  1.976731e+01   2.491495e-09   1.176821e-02   7.886138e-12   33362
  1.978748e+01   2.503324e-09   9.751893e-03   8.341419e-12   29336
  1.980778e+01   2.497407e-09   8.832630e-03   8.188038e-12   30804
  1.982789e+01   2.504472e-09   8.445670e-03   8.868532e-12   26490
  1.984822e+01   2.497769e-09   1.039992e-02   8.649501e-12   28376
  1.986828e+01   2.534529e-09   6.896210e-03   9.494957e-12   23792
  1.988868e+01   2.514186e-09   0.000000e+00   8.920987e-12   26142
  1.990869e+01   2.523833e-09   4.485049e-03   1.001197e-11   21192
  1.992915e+01   2.554166e-09   1.049211e-03   9.676652e-12   24050
  1.994917e+01   2.578770e-09   9.719715e-03   1.079006e-11   18768
  1.996969e+01   2.539288e-09   7.383984e-03   1.002042e-11   22052
  1.998968e+01   2.538622e-09   7.545092e-03   1.156399e-11   16346
  2.001016e+01   2.517674e-09   1.153589e-02   1.038128e-11   20136
  2.003017e+01   2.542219e-09   0.000000e+00   1.222121e-11   14168
  2.005058e+01   2.553591e-09   6.204963e-03   1.103528e-11   18210
  2.007060e+01   2.613607e-09   0.000000e+00   1.347809e-11   12204
  2.009093e+01   2.559275e-09   1.026748e-02   1.164926e-11   16346
  2.011106e+01   2.596445e-09   0.000000e+00   1.430488e-11   10536
  2.013130e+01   2.567010e-09   7.412730e-03   1.255668e-11   14456
  2.015140e+01   2.627863e-09   0.000000e+00   1.598170e-11   8982
  2.017164e+01   2.609733e-09   4.647280e-03   1.368073e-11   12752
  2.019169e+01   2.672136e-09   0.000000e+00   1.764609e-11   7506
  2.021194e+01   2.609950e-09   6.043511e-03   1.432041e-11   11192
  2.023195e+01   2.569970e-09   0.000000e+00   1.963695e-11   6156
  2.025219e+01   2.632520e-09   4.777050e-03   1.521685e-11   9722
  2.027226e+01   2.639944e-09   7.029559e-03   2.144802e-11   5000
  2.029244e+01   2.652774e-09   5.255756e-03   1.642039e-11   8298
  2.031257e+01   2.654420e-09   7.521660e-03   2.393497e-11   3996
  2.033264e+01   2.704889e-09   6.334525e-03   1.884248e-11   6938
  2.035289e+01   2.732865e-09   0.000000e+00   2.826497e-11   3168
  2.037278e+01   2.753526e-09   0.000000e+00   2.084998e-11   5624
  2.039310e+01   2.654277e-09   0.000000e+00   2.965302e-11   2502
  2.041289e+01   2.673307e-09   1.247483e-02   2.351216e-11   4424
  2.043327e+01   2.843889e-09   0.000000e+00   3.726018e-11   1938
  2.045304e+01   2.733280e-09   8.534864e-03   2.766369e-11   3368
  2.047348e+01   2.704832e-09   0.000000e+00   3.873158e-11   1446
  2.049321e+01   2.636934e-09   1.147057e-02   3.039194e-11   2456
  2.051373e+01   2.749691e-09   0.000000e+00   5.299494e-11   1026
  2.053341e+01   2.790735e-09   8.156619e-03   3.945884e-11   1688
  2.055402e+01   2.737975e-09   0.000000e+00   6.323462e-11   678
  2.057360e+01   2.620773e-09   0.000000e+00   4.539924e-11   1064
  2.059435e+01   2.782468e-09   0.000000e+00   7.895551e-11   402
  2.061375e+01   2.802595e-09   1.823273e-03   7.020397e-11   584
  2.063473e+01   2.838528e-09   3.988234e-03   1.169265e-10   198
  2.065374e+01   2.728049e-09   0.000000e+00   1.008212e-10   248
  2.067514e+01   2.096161e-09   0.000000e+00   1.407795e-10   66
  2.069296e+01   2.992691e-09   0.000000e+00   1.747879e-10   56
  2.071559e+01   2.728559e-09   3.507464e-03   5.711367e-10   6
