# power spectrum of velocity
# redshift z=1.993500
# k              Pk             sigma(k)       sigma(Pk)      count
  2.982968e-02   4.714290e-07   4.564224e-03   3.584199e-08   18
  5.214475e-02   5.613252e-07   5.520388e-03   1.839745e-08   62
  7.257506e-02   6.091552e-07   3.818960e-03   1.711281e-08   90
  9.191687e-02   5.125640e-07   6.027119e-03   1.167203e-08   170
  1.120458e-01   4.508488e-07   6.264555e-03   9.380355e-09   246
  1.317012e-01   4.514696e-07   5.972299e-03   9.265780e-09   338
  1.510985e-01   3.904145e-07   5.134501e-03   8.262039e-09   432
  1.710768e-01   3.779944e-07   5.260284e-03   7.555980e-09   578
  1.923993e-01   3.417329e-07   6.288329e-03   6.553517e-09   810
  2.138999e-01   2.981662e-07   6.017474e-03   5.993181e-09   950
  2.337991e-01   2.904374e-07   5.371822e-03   5.850122e-09   1002
  2.536950e-01   2.723530e-07   6.143628e-03   5.044259e-09   1334
  2.738285e-01   2.544818e-07   5.753562e-03   4.824511e-09   1410
  2.929949e-01   2.362929e-07   5.748293e-03   4.286316e-09   1652
  3.130282e-01   2.188196e-07   5.672880e-03   3.934131e-09   1974
  3.335851e-01   2.090368e-07   5.560270e-03   3.604675e-09   2234
  3.541988e-01   2.030008e-07   5.849526e-03   3.354940e-09   2554
  3.751486e-01   1.798209e-07   6.122142e-03   2.897241e-09   2950
  3.956655e-01   1.689439e-07   5.730505e-03   2.746061e-09   3042
  4.155890e-01   1.570254e-07   5.843993e-03   2.506735e-09   3422
  4.353725e-01   1.547928e-07   5.640077e-03   2.369737e-09   3618
  4.552924e-01   1.455189e-07   5.871737e-03   2.164234e-09   4172
  4.755514e-01   1.430268e-07   5.680256e-03   2.114227e-09   4470
  4.959172e-01   1.361692e-07   5.804732e-03   1.909911e-09   4970
  5.163564e-01   1.334113e-07   5.831639e-03   1.780147e-09   5334
  5.368078e-01   1.220247e-07   5.989903e-03   1.549301e-09   5810
  5.570155e-01   1.214453e-07   5.951509e-03   1.508118e-09   6114
  5.773560e-01   1.131026e-07   6.064428e-03   1.332933e-09   6782
  5.971853e-01   1.117311e-07   5.532370e-03   1.338486e-09   6684
  6.168389e-01   1.049912e-07   5.718075e-03   1.208001e-09   7574
  6.372191e-01   1.030078e-07   5.775318e-03   1.126941e-09   8154
  6.575339e-01   9.750996e-08   5.745608e-03   1.036606e-09   8618
  6.781877e-01   9.476931e-08   6.021480e-03   9.540483e-10   9494
  6.986492e-01   9.238349e-08   5.809132e-03   9.318502e-10   9618
  7.188365e-01   8.889207e-08   5.901485e-03   8.716873e-10   10306
  7.391241e-01   8.527806e-08   5.955349e-03   8.066476e-10   10942
  7.593476e-01   8.350451e-08   5.814609e-03   7.739451e-10   11452
  7.795524e-01   7.998138e-08   5.712647e-03   7.233580e-10   12046
  7.995822e-01   7.612833e-08   5.613036e-03   6.771160e-10   12522
  8.198448e-01   7.526710e-08   5.866704e-03   6.579944e-10   13562
  8.402765e-01   7.377351e-08   5.969664e-03   6.243020e-10   14182
  8.607344e-01   7.063189e-08   6.027631e-03   5.731130e-10   14986
  8.808391e-01   6.958201e-08   5.732868e-03   5.768076e-10   14982
  9.009042e-01   6.652192e-08   5.959528e-03   5.179229e-10   16388
  9.211245e-01   6.608990e-08   5.726077e-03   5.137246e-10   16626
  9.412080e-01   6.355206e-08   5.808790e-03   4.902286e-10   17678
  9.614536e-01   6.171967e-08   5.718805e-03   4.541057e-10   18354
  9.816171e-01   5.966417e-08   5.767173e-03   4.346447e-10   19034
  1.001851e+00   5.802957e-08   5.911320e-03   4.075749e-10   20142
  1.022422e+00   5.669421e-08   6.046963e-03   3.896811e-10   21386
  1.042764e+00   5.639090e-08   5.790214e-03   3.852846e-10   21318
  1.062932e+00   5.337936e-08   5.850515e-03   3.619375e-10   22676
  1.083253e+00   5.233987e-08   5.790490e-03   3.391172e-10   23322
  1.103413e+00   5.055825e-08   5.718305e-03   3.268854e-10   24134
  1.123614e+00   5.075490e-08   5.819163e-03   3.218945e-10   25146
  1.143850e+00   4.908413e-08   5.791756e-03   3.054394e-10   26030
  1.163980e+00   4.707100e-08   5.823637e-03   2.874130e-10   26674
  1.184331e+00   4.703393e-08   5.986797e-03   2.760991e-10   28570
  1.204528e+00   4.530688e-08   5.785914e-03   2.663862e-10   28224
  1.224797e+00   4.420082e-08   5.983114e-03   2.527741e-10   30626
  1.245070e+00   4.286942e-08   5.599281e-03   2.456836e-10   30158
  1.265029e+00   4.227240e-08   5.737827e-03   2.358873e-10   31674
  1.285327e+00   4.074638e-08   5.928269e-03   2.222235e-10   33306
  1.305524e+00   4.016329e-08   5.742541e-03   2.216066e-10   33422
  1.325707e+00   3.907921e-08   5.892777e-03   2.061351e-10   35298
  1.346202e+00   3.875341e-08   5.895770e-03   2.019674e-10   36650
  1.366519e+00   3.759047e-08   5.840035e-03   1.936268e-10   36992
  1.386821e+00   3.661485e-08   5.893165e-03   1.845956e-10   38730
  1.407130e+00   3.584197e-08   5.748719e-03   1.782496e-10   39246
  1.427315e+00   3.522596e-08   5.840556e-03   1.734017e-10   40466
  1.447400e+00   3.404290e-08   5.694333e-03   1.659308e-10   41170
  1.467639e+00   3.375897e-08   5.942031e-03   1.618723e-10   43534
  1.487930e+00   3.217686e-08   5.722812e-03   1.536124e-10   43650
  1.508054e+00   3.195958e-08   5.793120e-03   1.494808e-10   45272
  1.528442e+00   3.133237e-08   5.896083e-03   1.427684e-10   47098
  1.548787e+00   3.051494e-08   5.794469e-03   1.398660e-10   47746
  1.568983e+00   3.035698e-08   5.830404e-03   1.359124e-10   48870
  1.589078e+00   2.934127e-08   5.688090e-03   1.309250e-10   49682
  1.609132e+00   2.854011e-08   5.724076e-03   1.263700e-10   51222
  1.629408e+00   2.804807e-08   5.932774e-03   1.201771e-10   53378
  1.649621e+00   2.734049e-08   5.701424e-03   1.161638e-10   53634
  1.670009e+00   2.694825e-08   6.002460e-03   1.121686e-10   56888
  1.690452e+00   2.663492e-08   5.786581e-03   1.107019e-10   56650
  1.710745e+00   2.601627e-08   5.915258e-03   1.069463e-10   58786
  1.730990e+00   2.529334e-08   5.755170e-03   1.031630e-10   59214
  1.751174e+00   2.482690e-08   5.959362e-03   9.781331e-11   61250
  1.771315e+00   2.424850e-08   5.783991e-03   9.648694e-11   61686
  1.791390e+00   2.406122e-08   5.803187e-03   9.383959e-11   63626
  1.811707e+00   2.325375e-08   5.911245e-03   8.845925e-11   66204
  1.832113e+00   2.282398e-08   5.925381e-03   8.705029e-11   67094
  1.852330e+00   2.255743e-08   5.793584e-03   8.489503e-11   67890
  1.872578e+00   2.187779e-08   5.757774e-03   8.052412e-11   70334
  1.892803e+00   2.145328e-08   5.665350e-03   7.863147e-11   70626
  1.912877e+00   2.114682e-08   5.900353e-03   7.649326e-11   72554
  1.933087e+00   2.056755e-08   5.919991e-03   7.403777e-11   74550
  1.953307e+00   2.022154e-08   5.807007e-03   7.187603e-11   75674
  1.973512e+00   1.984139e-08   5.767151e-03   6.948671e-11   77564
  1.993966e+00   1.946054e-08   5.931291e-03   6.660286e-11   80766
  2.014325e+00   1.906362e-08   5.719062e-03   6.570613e-11   80202
  2.034574e+00   1.863258e-08   5.806561e-03   6.298711e-11   83102
  2.054872e+00   1.848078e-08   5.832426e-03   6.173493e-11   83890
  2.075065e+00   1.788502e-08   5.862207e-03   5.955447e-11   85522
  2.095181e+00   1.757494e-08   5.687972e-03   5.734200e-11   86670
  2.115377e+00   1.741184e-08   5.779417e-03   5.674647e-11   89588
  2.135707e+00   1.698396e-08   5.932128e-03   5.438778e-11   91038
  2.155976e+00   1.674671e-08   5.790963e-03   5.297965e-11   92522
  2.176198e+00   1.636090e-08   5.732114e-03   5.136332e-11   94242
  2.196586e+00   1.594008e-08   5.944716e-03   4.949529e-11   97550
  2.216800e+00   1.571432e-08   5.971745e-03   4.889055e-11   96250
  2.236827e+00   1.547411e-08   5.884419e-03   4.723529e-11   99166
  2.256968e+00   1.518077e-08   5.696998e-03   4.577234e-11   100932
  2.277261e+00   1.490020e-08   5.962414e-03   4.390428e-11   104306
  2.297589e+00   1.462085e-08   5.906529e-03   4.305510e-11   104990
  2.317898e+00   1.436987e-08   5.703593e-03   4.183001e-11   107874
  2.338193e+00   1.409963e-08   5.397108e-03   4.058519e-11   108322
  2.358428e+00   1.371328e-08   5.259746e-03   3.896203e-11   111454
  2.378666e+00   1.352552e-08   5.732321e-03   3.823981e-11   112002
  2.398797e+00   1.329250e-08   5.800385e-03   3.741294e-11   114158
  2.418967e+00   1.313866e-08   5.688063e-03   3.666937e-11   116148
  2.439215e+00   1.281416e-08   5.915141e-03   3.511091e-11   118754
  2.459505e+00   1.260109e-08   5.949493e-03   3.401303e-11   120942
  2.479848e+00   1.238007e-08   5.738183e-03   3.330220e-11   123170
  2.500080e+00   1.226667e-08   6.017508e-03   3.252120e-11   123638
  2.520290e+00   1.189417e-08   5.567510e-03   3.118554e-11   126858
  2.540478e+00   1.171077e-08   5.853198e-03   3.059352e-11   127698
  2.560644e+00   1.150894e-08   5.880664e-03   2.970068e-11   130640
  2.580895e+00   1.125088e-08   5.824920e-03   2.872305e-11   132642
  2.601131e+00   1.113415e-08   5.747660e-03   2.811892e-11   134534
  2.621445e+00   1.088106e-08   5.835944e-03   2.716064e-11   137954
  2.641876e+00   1.075109e-08   5.794564e-03   2.666825e-11   140610
  2.662120e+00   1.052107e-08   5.900707e-03   2.603105e-11   139590
  2.682272e+00   1.036321e-08   5.964137e-03   2.520748e-11   143546
  2.702527e+00   1.016991e-08   5.625112e-03   2.451444e-11   145338
  2.722719e+00   1.001755e-08   5.863414e-03   2.388806e-11   147272
  2.742979e+00   9.857756e-09   5.939674e-03   2.330764e-11   150434
  2.763273e+00   9.677791e-09   5.679171e-03   2.259648e-11   152214
  2.783461e+00   9.568065e-09   5.885167e-03   2.207107e-11   153186
  2.803764e+00   9.356440e-09   5.980243e-03   2.129135e-11   158642
  2.824038e+00   9.198481e-09   5.448415e-03   2.083090e-11   157350
  2.844229e+00   9.069116e-09   5.823622e-03   2.029539e-11   161906
  2.864358e+00   8.921560e-09   5.710559e-03   2.005589e-11   160824
  2.884581e+00   8.805793e-09   6.320328e-03   1.931126e-11   167906
  2.904925e+00   8.566612e-09   5.765809e-03   1.857246e-11   167578
  2.925100e+00   8.503312e-09   5.763973e-03   1.841730e-11   169798
  2.945360e+00   8.356880e-09   5.872672e-03   1.787028e-11   173586
  2.965659e+00   8.206714e-09   5.990768e-03   1.729094e-11   175274
  2.985907e+00   8.139571e-09   5.960647e-03   1.708485e-11   177654
  3.006188e+00   7.960823e-09   5.898218e-03   1.640303e-11   180698
  3.026475e+00   7.830827e-09   5.800259e-03   1.605917e-11   182680
  3.046705e+00   7.713475e-09   6.150490e-03   1.570295e-11   184138
  3.066897e+00   7.649476e-09   5.811719e-03   1.542835e-11   187138
  3.087196e+00   7.504964e-09   5.803131e-03   1.489724e-11   191134
  3.107441e+00   7.371395e-09   5.854300e-03   1.451545e-11   191010
  3.127629e+00   7.284438e-09   5.012222e-03   1.423878e-11   195134
  3.147811e+00   7.206028e-09   5.971488e-03   1.396381e-11   195810
  3.168029e+00   7.104897e-09   5.978965e-03   1.359641e-11   201140
  3.188261e+00   6.982078e-09   6.072167e-03   1.329240e-11   201054
  3.208450e+00   6.861876e-09   5.846632e-03   1.282047e-11   205250
  3.228696e+00   6.796172e-09   5.519862e-03   1.262523e-11   207366
  3.248943e+00   6.664956e-09   6.319972e-03   1.226507e-11   210578
  3.269211e+00   6.614134e-09   5.721685e-03   1.207679e-11   213066
  3.289546e+00   6.529679e-09   6.009111e-03   1.180792e-11   217382
  3.309786e+00   6.445079e-09   5.786606e-03   1.162960e-11   216306
  3.329934e+00   6.333866e-09   5.765651e-03   1.124052e-11   220652
  3.350219e+00   6.280406e-09   6.032959e-03   1.103392e-11   224622
  3.370546e+00   6.203114e-09   5.229396e-03   1.072029e-11   227066
  3.390803e+00   6.123682e-09   5.664803e-03   1.047763e-11   228574
  3.411023e+00   6.024965e-09   5.025412e-03   1.029815e-11   231466
  3.431226e+00   5.951782e-09   5.663923e-03   1.007501e-11   233946
  3.451505e+00   5.883238e-09   6.220687e-03   9.805805e-12   238694
  3.471712e+00   5.831635e-09   5.988322e-03   9.725864e-12   238068
  3.491930e+00   5.753260e-09   5.881492e-03   9.438094e-12   244190
  3.512240e+00   5.666992e-09   5.712436e-03   9.238744e-12   245634
  3.532456e+00   5.597629e-09   6.177919e-03   9.054135e-12   248090
  3.552701e+00   5.534583e-09   5.686839e-03   8.785955e-12   251958
  3.572958e+00   5.467845e-09   6.060048e-03   8.666312e-12   254042
  3.593140e+00   5.415046e-09   5.689074e-03   8.531256e-12   255714
  3.613413e+00   5.352474e-09   6.188510e-03   8.257166e-12   262358
  3.633696e+00   5.279844e-09   5.534848e-03   8.108187e-12   261900
  3.654006e+00   5.249257e-09   5.957521e-03   7.994328e-12   268646
  3.674230e+00   5.173038e-09   5.691709e-03   7.852357e-12   265578
  3.694411e+00   5.121403e-09   5.692103e-03   7.648667e-12   273290
  3.714657e+00   5.079905e-09   5.789761e-03   7.558424e-12   273678
  3.734920e+00   5.002879e-09   6.054695e-03   7.330727e-12   279698
  3.755187e+00   4.965207e-09   6.742654e-03   7.241432e-12   279630
  3.775353e+00   4.915766e-09   5.454414e-03   7.106703e-12   283004
  3.795618e+00   4.871028e-09   5.492434e-03   6.940600e-12   288330
  3.815895e+00   4.825507e-09   5.867754e-03   6.867013e-12   289718
  3.836102e+00   4.785731e-09   5.843616e-03   6.741741e-12   292290
  3.856249e+00   4.739074e-09   5.632636e-03   6.661654e-12   294134
  3.876471e+00   4.686547e-09   5.721662e-03   6.480879e-12   300642
  3.896786e+00   4.648593e-09   6.104707e-03   6.355084e-12   303386
  3.917020e+00   4.615075e-09   6.464839e-03   6.299278e-12   304662
  3.937273e+00   4.582514e-09   5.613856e-03   6.180059e-12   309812
  3.957543e+00   4.515144e-09   5.810102e-03   6.047884e-12   311570
  3.977874e+00   4.484256e-09   5.641377e-03   5.923907e-12   318270
  3.998111e+00   4.453789e-09   6.252794e-03   5.899920e-12   315090
  4.018279e+00   4.404777e-09   5.458255e-03   5.741622e-12   322646
  4.038491e+00   4.392900e-09   5.632992e-03   5.694777e-12   322722
  4.058728e+00   4.341485e-09   6.187423e-03   5.571061e-12   329930
  4.079029e+00   4.302522e-09   6.183079e-03   5.470017e-12   331824
  4.099331e+00   4.281585e-09   5.631841e-03   5.410231e-12   336266
  4.119571e+00   4.242755e-09   5.866881e-03   5.361399e-12   336094
  4.139764e+00   4.211955e-09   5.586012e-03   5.261677e-12   341386
  4.159995e+00   4.190469e-09   5.897454e-03   5.199189e-12   344338
  4.180212e+00   4.166079e-09   6.020174e-03   5.116390e-12   347638
  4.200449e+00   4.119209e-09   5.629976e-03   5.002028e-12   351618
  4.220668e+00   4.102089e-09   5.853173e-03   4.969717e-12   353792
  4.240950e+00   4.068399e-09   5.726827e-03   4.861134e-12   360538
  4.261298e+00   4.042029e-09   5.593596e-03   4.802535e-12   363250
  4.281509e+00   4.015470e-09   6.102545e-03   4.752876e-12   362334
  4.301767e+00   3.988410e-09   5.017095e-03   4.670031e-12   371642
  4.322006e+00   3.969836e-09   5.774993e-03   4.639618e-12   368794
  4.342179e+00   3.950171e-09   5.779328e-03   4.573589e-12   376510
  4.362419e+00   3.921167e-09   5.587420e-03   4.494780e-12   377994
  4.382637e+00   3.901681e-09   5.714181e-03   4.458798e-12   382760
  4.402904e+00   3.874409e-09   6.439251e-03   4.381601e-12   386674
  4.423180e+00   3.847449e-09   5.799386e-03   4.350868e-12   390298
  4.443433e+00   3.827042e-09   6.164643e-03   4.280892e-12   393142
  4.463699e+00   3.799784e-09   5.881898e-03   4.223597e-12   397762
  4.483857e+00   3.791121e-09   5.650696e-03   4.194731e-12   396270
  4.504029e+00   3.771971e-09   5.878117e-03   4.120087e-12   405194
  4.524291e+00   3.751961e-09   5.356109e-03   4.090171e-12   407580
  4.544540e+00   3.727578e-09   6.250293e-03   4.043548e-12   411782
  4.564774e+00   3.711861e-09   5.624766e-03   3.997995e-12   414114
  4.585067e+00   3.693426e-09   6.073799e-03   3.935415e-12   421562
  4.605369e+00   3.675033e-09   5.896498e-03   3.928350e-12   421910
  4.625635e+00   3.660592e-09   5.607146e-03   3.872420e-12   427818
  4.645901e+00   3.643047e-09   6.569262e-03   3.833843e-12   429430
  4.666104e+00   3.626831e-09   6.160738e-03   3.798500e-12   432322
  4.686318e+00   3.618103e-09   4.901698e-03   3.763007e-12   437428
  4.706545e+00   3.594697e-09   4.933000e-03   3.716751e-12   440590
  4.726813e+00   3.572752e-09   5.846783e-03   3.669985e-12   446770
  4.747118e+00   3.569159e-09   5.510630e-03   3.656155e-12   449782
  4.767321e+00   3.544467e-09   5.928921e-03   3.610051e-12   449706
  4.787529e+00   3.543153e-09   5.895247e-03   3.569188e-12   458042
  4.807751e+00   3.518536e-09   5.536224e-03   3.551858e-12   458158
  4.827964e+00   3.502733e-09   5.524463e-03   3.483195e-12   465124
  4.848186e+00   3.496744e-09   5.851994e-03   3.486506e-12   466230
  4.868443e+00   3.486175e-09   6.178750e-03   3.441173e-12   474386
  4.888713e+00   3.472124e-09   5.546386e-03   3.425610e-12   475178
  4.909014e+00   3.449505e-09   6.174515e-03   3.364186e-12   483558
  4.929321e+00   3.436546e-09   4.969318e-03   3.328821e-12   483354
  4.949536e+00   3.423318e-09   4.819700e-03   3.325749e-12   487178
  4.969765e+00   3.423328e-09   6.014053e-03   3.296687e-12   492006
  4.989977e+00   3.399158e-09   5.716001e-03   3.260069e-12   494852
  5.010196e+00   3.393989e-09   5.703809e-03   3.242442e-12   499502
  5.030443e+00   3.390357e-09   5.269424e-03   3.216765e-12   504618
  5.050708e+00   3.374555e-09   6.329836e-03   3.198713e-12   508506
  5.071001e+00   3.364146e-09   6.372552e-03   3.161491e-12   514406
  5.091240e+00   3.348421e-09   5.346680e-03   3.146936e-12   514026
  5.111417e+00   3.342179e-09   6.097496e-03   3.122076e-12   519230
  5.131603e+00   3.323585e-09   5.520869e-03   3.086760e-12   522620
  5.151826e+00   3.322059e-09   5.730174e-03   3.066362e-12   529458
  5.172108e+00   3.309430e-09   5.990805e-03   3.034582e-12   534078
  5.192368e+00   3.305624e-09   6.117338e-03   3.033231e-12   536666
  5.212577e+00   3.290224e-09   5.929753e-03   3.004969e-12   539270
  5.232877e+00   3.282441e-09   5.733170e-03   2.962978e-12   550530
  5.253190e+00   3.274190e-09   6.317104e-03   2.973756e-12   548474
  5.273401e+00   3.260588e-09   5.908038e-03   2.934390e-12   553518
  5.293599e+00   3.253291e-09   6.091386e-03   2.925806e-12   556116
  5.313862e+00   3.237838e-09   5.496155e-03   2.887239e-12   564890
  5.334089e+00   3.235707e-09   5.724077e-03   2.878532e-12   563718
  5.354338e+00   3.234158e-09   5.820531e-03   2.857776e-12   574298
  5.374614e+00   3.216002e-09   6.913682e-03   2.839154e-12   573966
  5.394852e+00   3.203628e-09   5.490715e-03   2.810036e-12   580586
  5.415082e+00   3.201844e-09   5.938104e-03   2.809076e-12   582666
  5.435335e+00   3.194894e-09   5.977403e-03   2.775021e-12   590648
  5.455583e+00   3.189046e-09   5.703517e-03   2.783196e-12   590578
  5.475767e+00   3.175153e-09   6.404235e-03   2.747719e-12   595990
  5.495999e+00   3.168740e-09   5.610850e-03   2.733419e-12   601778
  5.516265e+00   3.164601e-09   6.331398e-03   2.710180e-12   607578
  5.536543e+00   3.156760e-09   6.082531e-03   2.699084e-12   611294
  5.556808e+00   3.139767e-09   6.059851e-03   2.663359e-12   615498
  5.577023e+00   3.137850e-09   5.839393e-03   2.656419e-12   617274
  5.597264e+00   3.137208e-09   5.440003e-03   2.651700e-12   626360
  5.617518e+00   3.130551e-09   5.221354e-03   2.639250e-12   626658
  5.637748e+00   3.111879e-09   5.601979e-03   2.609680e-12   634022
  5.657957e+00   3.109915e-09   5.574907e-03   2.602963e-12   634554
  5.678203e+00   3.101278e-09   4.713529e-03   2.576327e-12   645026
  5.698457e+00   3.094497e-09   6.002664e-03   2.571645e-12   645182
  5.718699e+00   3.089568e-09   5.953713e-03   2.548981e-12   652938
  5.738937e+00   3.081673e-09   6.696207e-03   2.531186e-12   654336
  5.759200e+00   3.074327e-09   6.085881e-03   2.513163e-12   663242
  5.779465e+00   3.066871e-09   4.940786e-03   2.513402e-12   664002
  5.799671e+00   3.058950e-09   6.728922e-03   2.495218e-12   668990
  5.819901e+00   3.049856e-09   5.463738e-03   2.478204e-12   674554
  5.840111e+00   3.046233e-09   5.994419e-03   2.469998e-12   677158
  5.860372e+00   3.035706e-09   6.011510e-03   2.445341e-12   687306
  5.880679e+00   3.038467e-09   5.791417e-03   2.433844e-12   690290
  5.900919e+00   3.034428e-09   5.444102e-03   2.432237e-12   691992
  5.921187e+00   3.014189e-09   6.634369e-03   2.408488e-12   701402
  5.941446e+00   3.016457e-09   6.257295e-03   2.403556e-12   700826
  5.961667e+00   3.008005e-09   5.585776e-03   2.386270e-12   708726
  5.981908e+00   2.995792e-09   6.059011e-03   2.364238e-12   711690
  6.002161e+00   2.994242e-09   6.859384e-03   2.355975e-12   719606
  6.022371e+00   2.987373e-09   5.897622e-03   2.353977e-12   717810
  6.042593e+00   2.976887e-09   5.269715e-03   2.321963e-12   730412
  6.062874e+00   2.971086e-09   6.355067e-03   2.326144e-12   731782
  6.083158e+00   2.971645e-09   6.218448e-03   2.313483e-12   740458
  6.103390e+00   2.960551e-09   6.068847e-03   2.309300e-12   737494
  6.123583e+00   2.962462e-09   5.167593e-03   2.291868e-12   747298
  6.143827e+00   2.947150e-09   5.245271e-03   2.272920e-12   751762
  6.164051e+00   2.939883e-09   5.960354e-03   2.263694e-12   755470
  6.184269e+00   2.937881e-09   6.136759e-03   2.252202e-12   761442
  6.204563e+00   2.934557e-09   5.961051e-03   2.239979e-12   770816
  6.224831e+00   2.927931e-09   5.114453e-03   2.234469e-12   769242
  6.245107e+00   2.917024e-09   5.645271e-03   2.210598e-12   782162
  6.265331e+00   2.914876e-09   7.945784e-03   2.221410e-12   775230
  6.285532e+00   2.902004e-09   5.061685e-03   2.188880e-12   789866
  6.305762e+00   2.901009e-09   5.028293e-03   2.192251e-12   787938
  6.325983e+00   2.895076e-09   4.829747e-03   2.173762e-12   799574
  6.346263e+00   2.888265e-09   6.682578e-03   2.159311e-12   803028
  6.366496e+00   2.879994e-09   5.824042e-03   2.151929e-12   805574
  6.386719e+00   2.874581e-09   6.386038e-03   2.137772e-12   812034
  6.406996e+00   2.870698e-09   6.716746e-03   2.129451e-12   820970
  6.427261e+00   2.860624e-09   5.875244e-03   2.118204e-12   821174
  6.447447e+00   2.860584e-09   5.911785e-03   2.114959e-12   825186
  6.467659e+00   2.850694e-09   6.643724e-03   2.098137e-12   833142
  6.487858e+00   2.842720e-09   5.814743e-03   2.097612e-12   834788
  6.508106e+00   2.841755e-09   7.215438e-03   2.074006e-12   847858
  6.528467e+00   2.832186e-09   5.491723e-03   2.059518e-12   854278
  6.548734e+00   2.830719e-09   4.889972e-03   2.066723e-12   850914
  6.568944e+00   2.820739e-09   4.694456e-03   2.045987e-12   859250
  6.589206e+00   2.811748e-09   5.925626e-03   2.032423e-12   867126
  6.609452e+00   2.810079e-09   6.311065e-03   2.034544e-12   868274
  6.629652e+00   2.800753e-09   6.595335e-03   2.019792e-12   873606
  6.649858e+00   2.802447e-09   4.349768e-03   2.017089e-12   879284
  6.670105e+00   2.790585e-09   6.459288e-03   1.997104e-12   887666
  6.690424e+00   2.785099e-09   6.734340e-03   1.987917e-12   897030
  6.710701e+00   2.776500e-09   5.495419e-03   1.981874e-12   894378
  6.730927e+00   2.773585e-09   5.883034e-03   1.969879e-12   903254
  6.751144e+00   2.770107e-09   6.293941e-03   1.972132e-12   904562
  6.771352e+00   2.762851e-09   5.407999e-03   1.953918e-12   913362
  6.791556e+00   2.754843e-09   4.403270e-03   1.947354e-12   915592
  6.811808e+00   2.747789e-09   6.563278e-03   1.932559e-12   927946
  6.832056e+00   2.744777e-09   7.340207e-03   1.931455e-12   926094
  6.852345e+00   2.740179e-09   5.690261e-03   1.910268e-12   942890
  6.872633e+00   2.732888e-09   6.148629e-03   1.910577e-12   937266
  6.892863e+00   2.727178e-09   5.357272e-03   1.905058e-12   948854
  6.913101e+00   2.718187e-09   4.703171e-03   1.897914e-12   948714
  6.933297e+00   2.710842e-09   5.234952e-03   1.881446e-12   956186
  6.953535e+00   2.711100e-09   5.878889e-03   1.879984e-12   964272
  6.973799e+00   2.702187e-09   5.901626e-03   1.863248e-12   969458
  6.994044e+00   2.693324e-09   4.799155e-03   1.855211e-12   973358
  7.014302e+00   2.690790e-09   6.479180e-03   1.844783e-12   982098
  7.034541e+00   2.686815e-09   5.372818e-03   1.845211e-12   983178
  7.054808e+00   2.680027e-09   7.113676e-03   1.828439e-12   996350
  7.075067e+00   2.672721e-09   5.296204e-03   1.823519e-12   993530
  7.095223e+00   2.667220e-09   6.275190e-03   1.819975e-12   997848
  7.115438e+00   2.657454e-09   6.141505e-03   1.799517e-12   1010106
  7.135713e+00   2.656465e-09   6.215406e-03   1.793806e-12   1015730
  7.155960e+00   2.643805e-09   5.986079e-03   1.790456e-12   1018710
  7.176247e+00   2.639730e-09   6.047395e-03   1.777543e-12   1031282
  7.196503e+00   2.637187e-09   5.796690e-03   1.779611e-12   1027122
  7.216724e+00   2.627078e-09   5.856424e-03   1.759149e-12   1039838
  7.236959e+00   2.626120e-09   6.481426e-03   1.759629e-12   1039898
  7.257179e+00   2.619686e-09   6.310047e-03   1.750108e-12   1050288
  7.277412e+00   2.613126e-09   6.133220e-03   1.743631e-12   1052226
  7.297655e+00   2.601072e-09   4.145313e-03   1.730474e-12   1062746
  7.317923e+00   2.599162e-09   5.482348e-03   1.720888e-12   1067438
  7.338184e+00   2.591983e-09   5.417984e-03   1.711348e-12   1073730
  7.358434e+00   2.587417e-09   6.819594e-03   1.709344e-12   1078230
  7.378689e+00   2.579872e-09   5.463889e-03   1.700398e-12   1085594
  7.398901e+00   2.573759e-09   4.720334e-03   1.693179e-12   1086124
  7.419150e+00   2.566884e-09   6.010773e-03   1.679789e-12   1101310
  7.439401e+00   2.565025e-09   6.650045e-03   1.681307e-12   1098282
  7.459625e+00   2.558265e-09   4.026646e-03   1.666654e-12   1109918
  7.479892e+00   2.554166e-09   5.619579e-03   1.657261e-12   1114962
  7.500159e+00   2.544684e-09   6.263781e-03   1.652582e-12   1122962
  7.520420e+00   2.537045e-09   0.000000e+00   1.640861e-12   1125822
  7.540654e+00   2.532195e-09   6.164953e-03   1.633832e-12   1132538
  7.560867e+00   2.527996e-09   6.345250e-03   1.630745e-12   1135164
  7.581087e+00   2.517115e-09   6.612013e-03   1.621154e-12   1145654
  7.601355e+00   2.513013e-09   4.406243e-03   1.611341e-12   1152666
  7.621615e+00   2.509231e-09   5.806768e-03   1.607520e-12   1157078
  7.641845e+00   2.503278e-09   6.585789e-03   1.603492e-12   1161522
  7.662109e+00   2.497468e-09   6.178219e-03   1.592804e-12   1173050
  7.682345e+00   2.487389e-09   5.903534e-03   1.583401e-12   1171518
  7.702569e+00   2.484555e-09   7.158470e-03   1.574995e-12   1183772
  7.722775e+00   2.474617e-09   6.221898e-03   1.573064e-12   1181262
  7.742977e+00   2.469422e-09   5.389982e-03   1.561877e-12   1195490
  7.763245e+00   2.462604e-09   5.030834e-03   1.551500e-12   1202010
  7.783505e+00   2.457236e-09   5.264006e-03   1.542809e-12   1207166
  7.803761e+00   2.446269e-09   6.165811e-03   1.539128e-12   1214074
  7.823980e+00   2.447791e-09   6.303690e-03   1.538739e-12   1215334
  7.844223e+00   2.438417e-09   7.558372e-03   1.522635e-12   1229274
  7.864528e+00   2.432334e-09   6.428517e-03   1.516962e-12   1236164
  7.884779e+00   2.431190e-09   4.782449e-03   1.517515e-12   1234942
  7.904995e+00   2.415312e-09   5.689910e-03   1.502548e-12   1244410
  7.925223e+00   2.415644e-09   5.955047e-03   1.501753e-12   1249010
  7.945474e+00   2.408147e-09   6.655622e-03   1.489814e-12   1260702
  7.965706e+00   2.401634e-09   5.369842e-03   1.486277e-12   1259490
  7.985959e+00   2.397092e-09   5.593973e-03   1.472924e-12   1275662
  8.006194e+00   2.392562e-09   3.120280e-03   1.476351e-12   1270164
  8.026450e+00   2.385867e-09   4.882392e-03   1.464112e-12   1291226
  8.046700e+00   2.375529e-09   3.968190e-03   1.459233e-12   1282750
  8.066904e+00   2.373621e-09   5.769807e-03   1.451342e-12   1298146
  8.087160e+00   2.363050e-09   4.977767e-03   1.440821e-12   1301646
  8.107401e+00   2.362276e-09   5.376023e-03   1.439203e-12   1309898
  8.127657e+00   2.353015e-09   4.312489e-03   1.429492e-12   1317010
  8.147917e+00   2.353155e-09   6.076518e-03   1.429100e-12   1323814
  8.168158e+00   2.342957e-09   4.477071e-03   1.420505e-12   1326732
  8.188387e+00   2.335950e-09   6.659981e-03   1.414296e-12   1335434
  8.208670e+00   2.333522e-09   7.649231e-03   1.406389e-12   1347902
  8.228929e+00   2.324269e-09   8.148361e-03   1.400023e-12   1344786
  8.249111e+00   2.316162e-09   3.769749e-03   1.392867e-12   1351222
  8.269349e+00   2.315069e-09   5.295251e-03   1.387105e-12   1365322
  8.289618e+00   2.306504e-09   6.767775e-03   1.385198e-12   1369002
  8.309868e+00   2.299323e-09   5.997656e-03   1.374536e-12   1376456
  8.330103e+00   2.293697e-09   4.966773e-03   1.366263e-12   1379362
  8.350349e+00   2.286397e-09   6.394532e-03   1.354528e-12   1392262
  8.370600e+00   2.280198e-09   5.820007e-03   1.355306e-12   1392546
  8.390821e+00   2.275115e-09   6.406375e-03   1.345463e-12   1402754
  8.411061e+00   2.266833e-09   7.154383e-03   1.340682e-12   1408470
  8.431298e+00   2.260994e-09   2.969455e-03   1.331761e-12   1415450
  8.451492e+00   2.257739e-09   5.784321e-03   1.332374e-12   1416504
  8.471786e+00   2.251031e-09   5.976725e-03   1.314030e-12   1442354
  8.492082e+00   2.245223e-09   6.881002e-03   1.317664e-12   1431202
  8.512300e+00   2.237976e-09   5.750453e-03   1.305896e-12   1445038
  8.532525e+00   2.232184e-09   5.056250e-03   1.308488e-12   1445322
  8.552777e+00   2.228680e-09   5.526807e-03   1.297655e-12   1462778
  8.573029e+00   2.217266e-09   6.462662e-03   1.293994e-12   1459590
  8.593241e+00   2.214594e-09   6.243009e-03   1.284997e-12   1471226
  8.613503e+00   2.207191e-09   4.514942e-03   1.280380e-12   1480136
  8.633778e+00   2.205271e-09   6.000375e-03   1.275754e-12   1486530
  8.654018e+00   2.195749e-09   6.699271e-03   1.266094e-12   1488898
  8.674255e+00   2.190768e-09   5.344834e-03   1.260211e-12   1500838
  8.694515e+00   2.187224e-09   3.728747e-03   1.258202e-12   1505906
  8.714720e+00   2.179816e-09   6.874949e-03   1.250976e-12   1507062
  8.734929e+00   2.173891e-09   5.721481e-03   1.246026e-12   1519890
  8.755169e+00   2.166905e-09   6.741811e-03   1.237231e-12   1526516
  8.775452e+00   2.161494e-09   4.313498e-03   1.229851e-12   1540038
  8.795723e+00   2.153822e-09   6.905588e-03   1.226678e-12   1538810
  8.815937e+00   2.148157e-09   5.197731e-03   1.220765e-12   1545574
  8.836198e+00   2.143479e-09   9.045212e-03   1.213785e-12   1560010
  8.856446e+00   2.139865e-09   4.917609e-03   1.212998e-12   1558578
  8.876661e+00   2.129660e-09   6.257781e-03   1.204621e-12   1568990
  8.896870e+00   2.127008e-09   6.699270e-03   1.201752e-12   1571770
  8.917109e+00   2.121458e-09   6.026221e-03   1.194825e-12   1587748
  8.937379e+00   2.113983e-09   4.714664e-03   1.185414e-12   1590966
  8.957649e+00   2.110806e-09   4.900137e-03   1.182018e-12   1602554
  8.977893e+00   2.106480e-09   6.504074e-03   1.181900e-12   1601190
  8.998106e+00   2.098101e-09   6.352265e-03   1.173706e-12   1611722
  9.018319e+00   2.092748e-09   5.754860e-03   1.167114e-12   1616058
  9.038566e+00   2.084110e-09   5.563599e-03   1.156412e-12   1631942
  9.058813e+00   2.078433e-09   4.689615e-03   1.153970e-12   1630980
  9.079035e+00   2.073729e-09   6.112273e-03   1.149916e-12   1641494
  9.099306e+00   2.068082e-09   6.690952e-03   1.142818e-12   1653378
  9.119617e+00   2.062367e-09   6.813460e-03   1.135647e-12   1663730
  9.139860e+00   2.056802e-09   4.564131e-03   1.135352e-12   1656558
  9.160056e+00   2.051871e-09   6.759502e-03   1.128201e-12   1671026
  9.180298e+00   2.046231e-09   6.645816e-03   1.124332e-12   1677818
  9.200528e+00   2.038201e-09   7.276726e-03   1.118851e-12   1685454
  9.220773e+00   2.035091e-09   5.275694e-03   1.114163e-12   1694516
  9.241027e+00   2.032306e-09   4.838475e-03   1.110279e-12   1701342
  9.261278e+00   2.020930e-09   5.646722e-03   1.099594e-12   1709026
  9.281553e+00   2.015990e-09   6.715571e-03   1.093965e-12   1720354
  9.301811e+00   2.014392e-09   5.482940e-03   1.091723e-12   1721470
  9.322065e+00   2.008316e-09   5.938109e-03   1.086616e-12   1735018
  9.342276e+00   1.998235e-09   4.486423e-03   1.082504e-12   1728398
  9.362467e+00   1.996965e-09   6.341372e-03   1.079032e-12   1747116
  9.382716e+00   1.989846e-09   1.784756e-03   1.072145e-12   1753090
  9.402994e+00   1.984630e-09   4.863300e-03   1.063432e-12   1767694
  9.423263e+00   1.977787e-09   6.577555e-03   1.060224e-12   1766490
  9.443521e+00   1.973153e-09   0.000000e+00   1.054782e-12   1780478
  9.463769e+00   1.971283e-09   8.546017e-03   1.054725e-12   1781050
  9.483999e+00   1.962789e-09   4.544866e-03   1.043675e-12   1792018
  9.504217e+00   1.955413e-09   6.045736e-03   1.043716e-12   1794366
  9.524440e+00   1.946925e-09   5.626022e-03   1.034905e-12   1808276
  9.544683e+00   1.945326e-09   6.302642e-03   1.034948e-12   1812522
  9.564943e+00   1.941948e-09   7.294561e-03   1.027646e-12   1827758
  9.585217e+00   1.935573e-09   4.400324e-03   1.022411e-12   1829466
  9.605444e+00   1.933212e-09   6.931479e-03   1.020552e-12   1835534
  9.625650e+00   1.924644e-09   5.836937e-03   1.014192e-12   1840906
  9.645892e+00   1.922017e-09   6.047267e-03   1.008948e-12   1857130
  9.666115e+00   1.915828e-09   4.545876e-03   1.005916e-12   1854264
  9.686337e+00   1.907390e-09   4.979985e-03   9.968585e-13   1871090
  9.706594e+00   1.903804e-09   5.718744e-03   9.941913e-13   1876926
  9.726843e+00   1.899274e-09   6.302501e-03   9.916556e-13   1884530
  9.747081e+00   1.893438e-09   5.191956e-03   9.859047e-13   1891506
  9.767358e+00   1.890481e-09   6.110867e-03   9.802371e-13   1907798
  9.787639e+00   1.885127e-09   7.467763e-03   9.774733e-13   1907378
  9.807859e+00   1.876553e-09   5.988832e-03   9.739806e-13   1912506
  9.828080e+00   1.875688e-09   3.686908e-03   9.721272e-13   1923048
  9.848345e+00   1.868314e-09   7.053783e-03   9.638989e-13   1936730
  9.868597e+00   1.867069e-09   5.622678e-03   9.641311e-13   1936686
  9.888840e+00   1.861927e-09   6.658552e-03   9.570148e-13   1950290
  9.909083e+00   1.852544e-09   2.695452e-03   9.515930e-13   1953002
  9.929338e+00   1.848921e-09   5.828778e-03   9.457336e-13   1969110
  9.949594e+00   1.843518e-09   1.882244e-03   9.431817e-13   1969050
  9.969824e+00   1.841142e-09   6.323199e-03   9.414589e-13   1980392
  9.990058e+00   1.834524e-09   7.599796e-03   9.338232e-13   1984770
  1.001029e+01   1.828150e-09   5.235845e-03   9.292388e-13   1995506
  1.003055e+01   1.825895e-09   6.806933e-03   9.271263e-13   2007806
  1.005080e+01   1.819497e-09   5.948165e-03   9.230368e-13   2010474
  1.007102e+01   1.814521e-09   6.509762e-03   9.181043e-13   2018182
  1.009128e+01   1.811073e-09   5.835379e-03   9.128100e-13   2033554
  1.011150e+01   1.806774e-09   6.853302e-03   9.128162e-13   2026266
  1.013174e+01   1.802670e-09   4.426581e-03   9.058730e-13   2054480
  1.015200e+01   1.796948e-09   4.738203e-03   9.053342e-13   2044770
  1.017221e+01   1.793033e-09   6.876227e-03   8.978907e-13   2062394
  1.019246e+01   1.789195e-09   6.266111e-03   8.944673e-13   2069982
  1.021272e+01   1.785428e-09   7.332343e-03   8.919079e-13   2079434
  1.023296e+01   1.781861e-09   6.218156e-03   8.878623e-13   2083038
  1.025321e+01   1.774243e-09   4.809297e-03   8.816342e-13   2098850
  1.027345e+01   1.769223e-09   6.071684e-03   8.801808e-13   2095436
  1.029369e+01   1.765139e-09   6.284004e-03   8.730709e-13   2117406
  1.031395e+01   1.760507e-09   5.765269e-03   8.724673e-13   2115426
  1.033414e+01   1.757606e-09   5.597319e-03   8.710295e-13   2118878
  1.035437e+01   1.753249e-09   6.381415e-03   8.625076e-13   2140026
  1.037465e+01   1.749169e-09   6.820462e-03   8.614443e-13   2147234
  1.039490e+01   1.744606e-09   6.069544e-03   8.590969e-13   2150662
  1.041513e+01   1.740139e-09   5.571950e-03   8.546440e-13   2159842
  1.043537e+01   1.736143e-09   6.267412e-03   8.508950e-13   2168384
  1.045564e+01   1.732351e-09   7.764935e-03   8.453510e-13   2183178
  1.047590e+01   1.730177e-09   5.840860e-03   8.440411e-13   2184770
  1.049613e+01   1.725611e-09   6.486038e-03   8.402178e-13   2192190
  1.051633e+01   1.719278e-09   7.065057e-03   8.368374e-13   2196242
  1.053659e+01   1.716955e-09   4.993006e-03   8.320223e-13   2220714
  1.055685e+01   1.714066e-09   7.031276e-03   8.307094e-13   2215758
  1.057710e+01   1.709177e-09   6.408775e-03   8.262549e-13   2233988
  1.059735e+01   1.704825e-09   7.839117e-03   8.250519e-13   2231670
  1.061757e+01   1.701377e-09   3.952118e-03   8.204422e-13   2244338
  1.063783e+01   1.698857e-09   5.216225e-03   8.173185e-13   2258610
  1.065808e+01   1.692291e-09   5.071956e-03   8.120495e-13   2260718
  1.067830e+01   1.690020e-09   6.122144e-03   8.123716e-13   2268162
  1.069853e+01   1.684570e-09   5.493864e-03   8.072709e-13   2277494
  1.071876e+01   1.684045e-09   5.006361e-03   8.044785e-13   2288796
  1.073904e+01   1.675149e-09   1.006763e-02   7.979553e-13   2305226
  1.075930e+01   1.676132e-09   5.235419e-03   7.996351e-13   2301630
  1.077955e+01   1.672592e-09   0.000000e+00   7.950051e-13   2319770
  1.079979e+01   1.668289e-09   6.806700e-03   7.943637e-13   2315610
  1.082001e+01   1.661465e-09   5.443377e-03   7.872383e-13   2334662
  1.084024e+01   1.659924e-09   8.044955e-03   7.858949e-13   2335722
  1.086048e+01   1.658106e-09   4.544103e-03   7.826902e-13   2354102
  1.088074e+01   1.653855e-09   7.209798e-03   7.817732e-13   2355236
  1.090100e+01   1.650766e-09   6.239434e-03   7.766315e-13   2374170
  1.092126e+01   1.646821e-09   4.895028e-03   7.740525e-13   2373286
  1.094151e+01   1.642935e-09   7.422457e-03   7.716047e-13   2388010
  1.096173e+01   1.641002e-09   1.094941e-03   7.714858e-13   2383470
  1.098194e+01   1.637705e-09   4.810983e-03   7.673103e-13   2404994
  1.100219e+01   1.636751e-09   4.061045e-03   7.659330e-13   2408642
  1.102241e+01   1.632401e-09   6.064632e-03   7.620861e-13   2417640
  1.104267e+01   1.628777e-09   6.131150e-03   7.597204e-13   2434994
  1.106294e+01   1.625953e-09   6.789777e-03   7.563504e-13   2437998
  1.108319e+01   1.621412e-09   5.840834e-03   7.539988e-13   2448194
  1.110345e+01   1.620796e-09   0.000000e+00   7.510745e-13   2455890
  1.112367e+01   1.616149e-09   3.582686e-03   7.495839e-13   2461526
  1.114391e+01   1.615482e-09   6.327980e-03   7.482172e-13   2474034
  1.116413e+01   1.612775e-09   6.160760e-03   7.467215e-13   2476482
  1.118437e+01   1.608993e-09   4.826606e-03   7.399035e-13   2497256
  1.120465e+01   1.606551e-09   6.219659e-03   7.403546e-13   2502978
  1.122489e+01   1.603457e-09   2.657206e-03   7.378552e-13   2508422
  1.124513e+01   1.600829e-09   6.455351e-03   7.357294e-13   2518482
  1.126539e+01   1.596822e-09   8.075850e-03   7.319959e-13   2532074
  1.128561e+01   1.595379e-09   8.697010e-03   7.321415e-13   2526710
  1.130583e+01   1.592428e-09   6.772797e-03   7.288322e-13   2548986
  1.132607e+01   1.590669e-09   5.835060e-03   7.270812e-13   2551704
  1.134631e+01   1.588791e-09   4.546514e-03   7.249518e-13   2566226
  1.136656e+01   1.585771e-09   4.683679e-03   7.237304e-13   2573898
  1.138683e+01   1.583914e-09   5.019197e-03   7.209204e-13   2589182
  1.140707e+01   1.583080e-09   6.487534e-03   7.201282e-13   2584970
  1.142731e+01   1.581083e-09   5.053711e-03   7.190415e-13   2605110
  1.144756e+01   1.578942e-09   4.623626e-03   7.168304e-13   2606834
  1.146779e+01   1.574375e-09   4.743791e-03   7.126936e-13   2620770
  1.148803e+01   1.573920e-09   6.435416e-03   7.134434e-13   2626560
  1.150826e+01   1.572379e-09   6.222647e-03   7.117078e-13   2636762
  1.152850e+01   1.569892e-09   7.162839e-03   7.083376e-13   2647698
  1.154879e+01   1.567454e-09   5.545310e-03   7.050689e-13   2668166
  1.156906e+01   1.565620e-09   5.642137e-03   7.060083e-13   2660586
  1.158929e+01   1.562101e-09   5.650194e-03   7.032378e-13   2676494
  1.160950e+01   1.561670e-09   6.731221e-03   7.036112e-13   2674306
  1.162971e+01   1.560447e-09   4.748323e-03   7.010290e-13   2696980
  1.164997e+01   1.558271e-09   5.251523e-03   6.997105e-13   2703622
  1.167021e+01   1.557522e-09   7.799926e-03   6.970769e-13   2713186
  1.169045e+01   1.555275e-09   7.214130e-03   6.975287e-13   2718702
  1.171072e+01   1.554518e-09   6.975576e-03   6.943109e-13   2742194
  1.173097e+01   1.551753e-09   0.000000e+00   6.940580e-13   2733162
  1.175121e+01   1.550736e-09   4.169849e-03   6.922764e-13   2757590
  1.177145e+01   1.549573e-09   3.859548e-03   6.917124e-13   2752010
  1.179166e+01   1.547838e-09   7.517031e-03   6.896869e-13   2769036
  1.181192e+01   1.547631e-09   5.829311e-03   6.894661e-13   2783046
  1.183218e+01   1.548581e-09   0.000000e+00   6.899079e-13   2789378
  1.185243e+01   1.546450e-09   8.376147e-03   6.875410e-13   2799582
  1.187270e+01   1.546339e-09   6.025520e-03   6.868543e-13   2811170
  1.189294e+01   1.542804e-09   0.000000e+00   6.873651e-13   2812706
  1.191319e+01   1.540742e-09   5.542904e-03   6.819572e-13   2833254
  1.193342e+01   1.541776e-09   7.036342e-03   6.853087e-13   2827292
  1.195363e+01   1.541971e-09   7.444553e-03   6.837003e-13   2846838
  1.197387e+01   1.536708e-09   5.595846e-03   6.815476e-13   2846535
  1.199410e+01   1.532755e-09   6.258696e-03   6.796618e-13   2848496
  1.201435e+01   1.527041e-09   6.640701e-03   6.749021e-13   2841564
  1.203461e+01   1.522675e-09   7.481546e-03   6.732368e-13   2843000
  1.205486e+01   1.517736e-09   7.116709e-03   6.711364e-13   2826624
  1.207509e+01   1.512828e-09   7.335487e-03   6.689421e-13   2828732
  1.209533e+01   1.508093e-09   4.173137e-03   6.666555e-13   2819560
  1.211558e+01   1.503027e-09   5.483977e-03   6.638169e-13   2819284
  1.213581e+01   1.497626e-09   5.233153e-03   6.622204e-13   2805856
  1.215605e+01   1.492006e-09   6.760225e-03   6.587843e-13   2810440
  1.217630e+01   1.488383e-09   5.982743e-03   6.568761e-13   2800608
  1.219654e+01   1.483544e-09   7.544766e-03   6.538502e-13   2798144
  1.221678e+01   1.477742e-09   6.646588e-03   6.519001e-13   2787376
  1.223703e+01   1.474097e-09   7.436101e-03   6.499549e-13   2790616
  1.225729e+01   1.469015e-09   5.885358e-03   6.473943e-13   2779552
  1.227750e+01   1.463950e-09   6.693849e-03   6.462811e-13   2768452
  1.229772e+01   1.457105e-09   2.089383e-03   6.398739e-13   2771296
  1.231797e+01   1.453889e-09   3.223405e-03   6.407084e-13   2764924
  1.233823e+01   1.449947e-09   3.567936e-03   6.391158e-13   2762264
  1.235851e+01   1.444507e-09   7.163988e-03   6.348113e-13   2760216
  1.237874e+01   1.440545e-09   1.474698e-03   6.357275e-13   2737932
  1.239898e+01   1.434825e-09   8.011428e-03   6.301767e-13   2752280
  1.241923e+01   1.430275e-09   6.230880e-03   6.294591e-13   2728764
  1.243946e+01   1.425754e-09   6.088283e-03   6.261623e-13   2736368
  1.245969e+01   1.420020e-09   4.667265e-03   6.253250e-13   2719920
  1.247994e+01   1.416317e-09   9.076356e-03   6.223193e-13   2727152
  1.250019e+01   1.411563e-09   0.000000e+00   6.202011e-13   2708352
  1.252045e+01   1.406076e-09   0.000000e+00   6.162198e-13   2718584
  1.254069e+01   1.402259e-09   0.000000e+00   6.158565e-13   2694300
  1.256094e+01   1.397568e-09   8.640460e-03   6.127764e-13   2709440
  1.258119e+01   1.392491e-09   2.533739e-03   6.115331e-13   2682108
  1.260140e+01   1.389216e-09   4.531730e-03   6.087818e-13   2684912
  1.262163e+01   1.385005e-09   7.838600e-03   6.072595e-13   2678892
  1.264187e+01   1.381112e-09   5.993505e-03   6.052803e-13   2674748
  1.266212e+01   1.374150e-09   8.818504e-03   6.020032e-13   2670216
  1.268237e+01   1.370930e-09   5.886064e-03   6.017686e-13   2659436
  1.270261e+01   1.365572e-09   5.402407e-03   5.969626e-13   2659752
  1.272289e+01   1.362304e-09   6.008253e-03   5.954278e-13   2654300
  1.274313e+01   1.356814e-09   2.931023e-03   5.945057e-13   2640852
  1.276336e+01   1.353371e-09   4.644026e-03   5.920966e-13   2638124
  1.278359e+01   1.349330e-09   9.340922e-03   5.913913e-13   2628228
  1.280384e+01   1.344913e-09   3.634304e-03   5.880655e-13   2630936
  1.282410e+01   1.340063e-09   8.252505e-03   5.858438e-13   2619032
  1.284433e+01   1.335637e-09   5.014349e-03   5.851148e-13   2610804
  1.286458e+01   1.333174e-09   5.632096e-03   5.830132e-13   2609408
  1.288484e+01   1.330299e-09   7.685534e-03   5.832722e-13   2602764
  1.290506e+01   1.323248e-09   6.387571e-03   5.794560e-13   2588540
  1.292528e+01   1.319500e-09   9.376006e-03   5.781617e-13   2587836
  1.294551e+01   1.316257e-09   7.855106e-03   5.761305e-13   2579100
  1.296574e+01   1.313314e-09   4.607364e-03   5.750432e-13   2574128
  1.298598e+01   1.308646e-09   4.629053e-03   5.735481e-13   2567588
  1.300625e+01   1.304378e-09   7.502653e-03   5.700468e-13   2572956
  1.302652e+01   1.299976e-09   6.666134e-03   5.689901e-13   2550552
  1.304675e+01   1.296990e-09   7.460969e-03   5.675692e-13   2552084
  1.306699e+01   1.293448e-09   4.628316e-03   5.670105e-13   2539404
  1.308724e+01   1.288991e-09   0.000000e+00   5.632809e-13   2541152
  1.310750e+01   1.285014e-09   8.363186e-03   5.631169e-13   2528016
  1.312773e+01   1.281649e-09   5.456232e-03   5.616769e-13   2521496
  1.314798e+01   1.278551e-09   6.606857e-03   5.598292e-13   2518092
  1.316824e+01   1.273719e-09   2.080404e-03   5.574530e-13   2511632
  1.318848e+01   1.271775e-09   0.000000e+00   5.567747e-13   2500140
  1.320872e+01   1.266445e-09   5.837750e-03   5.549392e-13   2496980
  1.322896e+01   1.263011e-09   6.683622e-03   5.527544e-13   2487428
  1.324922e+01   1.259338e-09   7.138400e-03   5.520776e-13   2486496
  1.326945e+01   1.254631e-09   1.072311e-02   5.499333e-13   2469840
  1.328968e+01   1.252295e-09   7.422347e-03   5.495689e-13   2469656
  1.330992e+01   1.247988e-09   2.709098e-03   5.479198e-13   2457036
  1.333018e+01   1.244755e-09   4.979225e-03   5.447860e-13   2462684
  1.335044e+01   1.241289e-09   4.249850e-03   5.456758e-13   2442384
  1.337066e+01   1.236625e-09   4.662299e-03   5.420063e-13   2441696
  1.339091e+01   1.233707e-09   2.756069e-03   5.418393e-13   2431164
  1.341114e+01   1.231829e-09   0.000000e+00   5.409568e-13   2423696
  1.343138e+01   1.226574e-09   8.687378e-03   5.379280e-13   2421336
  1.345164e+01   1.223293e-09   5.375221e-03   5.369589e-13   2412992
  1.347188e+01   1.220861e-09   4.609934e-03   5.365868e-13   2402732
  1.349211e+01   1.215497e-09   7.653958e-03   5.338751e-13   2396124
  1.351235e+01   1.212563e-09   6.506958e-03   5.338958e-13   2388480
  1.353261e+01   1.209784e-09   5.953390e-03   5.313430e-13   2387060
  1.355285e+01   1.206518e-09   6.252553e-03   5.311358e-13   2370268
  1.357306e+01   1.203324e-09   7.062103e-03   5.301224e-13   2363776
  1.359329e+01   1.199773e-09   5.365338e-03   5.288581e-13   2360176
  1.361354e+01   1.196173e-09   5.465271e-03   5.271738e-13   2356360
  1.363379e+01   1.193045e-09   5.671486e-03   5.266381e-13   2343240
  1.365404e+01   1.190361e-09   5.049481e-03   5.250113e-13   2340248
  1.367427e+01   1.186783e-09   6.262491e-03   5.242711e-13   2325000
  1.369452e+01   1.184774e-09   4.914753e-03   5.225130e-13   2328632
  1.371478e+01   1.180518e-09   7.400940e-03   5.219977e-13   2313100
  1.373503e+01   1.177645e-09   6.412803e-03   5.195519e-13   2310892
  1.375527e+01   1.175894e-09   7.184434e-03   5.204928e-13   2295420
  1.377551e+01   1.172288e-09   7.044437e-03   5.197847e-13   2293592
  1.379574e+01   1.169027e-09   5.704240e-03   5.183386e-13   2281400
  1.381602e+01   1.166154e-09   6.992128e-03   5.159120e-13   2285760
  1.383626e+01   1.162678e-09   3.622143e-03   5.161913e-13   2259408
  1.385650e+01   1.160510e-09   0.000000e+00   5.139376e-13   2266808
  1.387675e+01   1.157204e-09   6.962518e-03   5.142170e-13   2249348
  1.389698e+01   1.154231e-09   4.436476e-03   5.123915e-13   2244732
  1.391721e+01   1.151348e-09   8.403136e-03   5.128978e-13   2233908
  1.393745e+01   1.149316e-09   2.708709e-03   5.113562e-13   2231660
  1.395770e+01   1.145933e-09   5.845142e-03   5.105448e-13   2218736
  1.397796e+01   1.143177e-09   4.373524e-03   5.084949e-13   2217984
  1.399821e+01   1.139821e-09   8.528580e-03   5.089073e-13   2203300
  1.401845e+01   1.139455e-09   6.479813e-03   5.094949e-13   2197072
  1.403867e+01   1.135200e-09   0.000000e+00   5.082356e-13   2181992
  1.405890e+01   1.132511e-09   4.519517e-03   5.064928e-13   2183664
  1.407917e+01   1.129626e-09   6.735140e-03   5.057574e-13   2173464
  1.409942e+01   1.127295e-09   0.000000e+00   5.055970e-13   2165396
  1.411966e+01   1.123688e-09   3.161664e-03   5.044471e-13   2152784
  1.413990e+01   1.121473e-09   7.907243e-03   5.033650e-13   2147532
  1.416014e+01   1.118636e-09   2.269648e-03   5.033846e-13   2139588
  1.418041e+01   1.117390e-09   4.101103e-03   5.025556e-13   2135432
  1.420062e+01   1.114121e-09   5.462706e-03   5.042367e-13   2109256
  1.422082e+01   1.110147e-09   5.925875e-03   4.995905e-13   2117296
  1.424109e+01   1.109398e-09   4.525564e-03   5.008566e-13   2106252
  1.426134e+01   1.106885e-09   7.296984e-03   5.004962e-13   2099096
  1.428160e+01   1.105043e-09   7.255894e-03   5.002646e-13   2088384
  1.430184e+01   1.101541e-09   8.190966e-03   4.991484e-13   2078480
  1.432207e+01   1.100848e-09   5.425997e-03   4.998888e-13   2069016
  1.434232e+01   1.097224e-09   3.625595e-03   4.976822e-13   2064836
  1.436258e+01   1.095619e-09   0.000000e+00   4.988896e-13   2055420
  1.438282e+01   1.093095e-09   3.215656e-03   4.985188e-13   2043224
  1.440304e+01   1.090142e-09   8.061468e-03   4.977854e-13   2032260
  1.442330e+01   1.086740e-09   7.695527e-03   4.947644e-13   2034152
  1.444357e+01   1.086342e-09   4.214587e-03   4.964881e-13   2017644
  1.446381e+01   1.083438e-09   9.492648e-03   4.955329e-13   2010284
  1.448404e+01   1.080598e-09   1.086153e-03   4.954960e-13   1996540
  1.450426e+01   1.078437e-09   7.306404e-03   4.950154e-13   1992832
  1.452450e+01   1.078317e-09   8.143169e-03   4.957986e-13   1982400
  1.454473e+01   1.075881e-09   1.545550e-03   4.954061e-13   1972256
  1.456496e+01   1.073108e-09   7.350246e-03   4.952251e-13   1964352
  1.458522e+01   1.070580e-09   6.246056e-03   4.941314e-13   1958576
  1.460547e+01   1.069269e-09   4.225194e-03   4.949421e-13   1946940
  1.462573e+01   1.067472e-09   7.825983e-03   4.931155e-13   1942580
  1.464597e+01   1.065644e-09   1.053109e-02   4.954374e-13   1921740
  1.466620e+01   1.063898e-09   2.395854e-03   4.932450e-13   1923956
  1.468645e+01   1.060878e-09   6.822988e-03   4.948866e-13   1907896
  1.470671e+01   1.059033e-09   8.756781e-03   4.925829e-13   1906888
  1.472695e+01   1.057188e-09   7.836127e-03   4.945146e-13   1886160
  1.474717e+01   1.055876e-09   6.249308e-03   4.942324e-13   1883120
  1.476742e+01   1.053771e-09   2.121165e-03   4.937093e-13   1875140
  1.478769e+01   1.051638e-09   6.622550e-03   4.944038e-13   1865652
  1.480793e+01   1.049246e-09   7.015728e-03   4.939599e-13   1853268
  1.482818e+01   1.047755e-09   6.217084e-03   4.941172e-13   1847180
  1.484840e+01   1.047742e-09   8.548537e-03   4.954878e-13   1829604
  1.486863e+01   1.044033e-09   3.931365e-03   4.936625e-13   1829720
  1.488889e+01   1.042446e-09   7.491203e-03   4.942431e-13   1817184
  1.490913e+01   1.040039e-09   6.532292e-03   4.939901e-13   1806320
  1.492936e+01   1.038797e-09   4.605763e-03   4.943199e-13   1795536
  1.494961e+01   1.036995e-09   7.136326e-03   4.944898e-13   1791548
  1.496987e+01   1.036061e-09   5.864225e-03   4.963666e-13   1777512
  1.499012e+01   1.034256e-09   0.000000e+00   4.965524e-13   1769984
  1.501035e+01   1.033131e-09   7.682244e-03   4.962622e-13   1756248
  1.503058e+01   1.031037e-09   8.528654e-03   4.964123e-13   1749248
  1.505083e+01   1.031952e-09   6.180607e-03   4.980721e-13   1739928
  1.507109e+01   1.028139e-09   6.896099e-03   4.959332e-13   1732148
  1.509133e+01   1.027744e-09   6.009223e-03   4.989168e-13   1716964
  1.511157e+01   1.025248e-09   5.767987e-03   4.974587e-13   1712164
  1.513183e+01   1.024300e-09   8.781752e-03   4.997185e-13   1698332
  1.515208e+01   1.023487e-09   9.104052e-03   4.993432e-13   1694100
  1.517232e+01   1.020414e-09   0.000000e+00   4.996926e-13   1675412
  1.519254e+01   1.019528e-09   7.462930e-03   4.995501e-13   1670436
  1.521276e+01   1.018531e-09   4.262959e-03   5.023029e-13   1655532
  1.523302e+01   1.017231e-09   9.396304e-03   5.015384e-13   1656860
  1.525328e+01   1.015679e-09   2.745918e-03   5.030917e-13   1636484
  1.527353e+01   1.013843e-09   3.681726e-03   5.020223e-13   1633212
  1.529376e+01   1.012521e-09   5.467015e-03   5.059333e-13   1614044
  1.531400e+01   1.010509e-09   4.166881e-03   5.028863e-13   1612980
  1.533425e+01   1.009910e-09   8.225499e-03   5.048127e-13   1597036
  1.535449e+01   1.009631e-09   6.216682e-03   5.047898e-13   1590676
  1.537473e+01   1.008391e-09   4.227419e-03   5.075298e-13   1575812
  1.539495e+01   1.006742e-09   4.637611e-03   5.077172e-13   1566156
  1.541520e+01   1.006822e-09   7.265804e-03   5.087670e-13   1560980
  1.543547e+01   1.003601e-09   7.596732e-03   5.089440e-13   1549404
  1.545570e+01   1.004287e-09   0.000000e+00   5.114500e-13   1532436
  1.547592e+01   1.001910e-09   6.945510e-03   5.117268e-13   1527524
  1.549617e+01   1.000706e-09   7.732126e-03   5.130500e-13   1515204
  1.551641e+01   1.000245e-09   0.000000e+00   5.143625e-13   1506452
  1.553667e+01   9.994477e-10   2.426397e-03   5.152087e-13   1495116
  1.555688e+01   9.987263e-10   6.706614e-03   5.174069e-13   1479152
  1.557710e+01   9.970735e-10   0.000000e+00   5.169898e-13   1475400
  1.559739e+01   9.967435e-10   3.362690e-03   5.181503e-13   1467932
  1.561766e+01   9.950097e-10   7.222280e-03   5.202453e-13   1451256
  1.563791e+01   9.954008e-10   0.000000e+00   5.218898e-13   1443212
  1.565813e+01   9.929547e-10   5.990964e-03   5.230888e-13   1425648
  1.567836e+01   9.921015e-10   8.164681e-03   5.233920e-13   1423004
  1.569862e+01   9.912692e-10   5.235060e-03   5.250203e-13   1408632
  1.571887e+01   9.908440e-10   7.871514e-03   5.269043e-13   1400984
  1.573911e+01   9.894565e-10   7.793626e-03   5.287193e-13   1383180
  1.575934e+01   9.882274e-10   8.637480e-03   5.298321e-13   1378136
  1.577960e+01   9.876940e-10   9.147355e-03   5.320851e-13   1367136
  1.579987e+01   9.864828e-10   5.203231e-03   5.317246e-13   1356716
  1.582008e+01   9.858074e-10   5.668757e-03   5.362305e-13   1336908
  1.584028e+01   9.841560e-10   0.000000e+00   5.358817e-13   1332620
  1.586053e+01   9.849033e-10   6.502751e-03   5.397718e-13   1321748
  1.588079e+01   9.835859e-10   3.119825e-03   5.401430e-13   1312764
  1.590103e+01   9.815474e-10   0.000000e+00   5.418117e-13   1296636
  1.592129e+01   9.807244e-10   6.590995e-03   5.429491e-13   1291472
  1.594153e+01   9.817060e-10   1.091460e-02   5.468699e-13   1272768
  1.596177e+01   9.787730e-10   6.569763e-03   5.456178e-13   1269080
  1.598204e+01   9.805990e-10   7.477303e-03   5.512731e-13   1253696
  1.600227e+01   9.790445e-10   9.320786e-03   5.514183e-13   1241616
  1.602246e+01   9.783455e-10   7.098649e-03   5.549795e-13   1226712
  1.604272e+01   9.776138e-10   8.608783e-03   5.541681e-13   1226228
  1.606300e+01   9.774795e-10   6.464842e-03   5.579541e-13   1207848
  1.608325e+01   9.754318e-10   3.759548e-03   5.600589e-13   1198256
  1.610347e+01   9.757464e-10   6.912130e-03   5.639775e-13   1181516
  1.612371e+01   9.738184e-10   0.000000e+00   5.632345e-13   1177980
  1.614397e+01   9.731532e-10   2.894685e-03   5.684563e-13   1161756
  1.616419e+01   9.727124e-10   6.241432e-03   5.692044e-13   1150148
  1.618443e+01   9.712804e-10   4.979964e-03   5.720969e-13   1138848
  1.620466e+01   9.703902e-10   0.000000e+00   5.740071e-13   1126748
  1.622490e+01   9.709423e-10   2.667126e-03   5.781352e-13   1117652
  1.624519e+01   9.699176e-10   0.000000e+00   5.789797e-13   1107888
  1.626544e+01   9.695545e-10   4.806214e-03   5.821149e-13   1090964
  1.628567e+01   9.671923e-10   4.932210e-03   5.839907e-13   1080684
  1.630588e+01   9.667418e-10   8.854004e-03   5.888315e-13   1065660
  1.632613e+01   9.673183e-10   0.000000e+00   5.902772e-13   1061996
  1.634641e+01   9.663145e-10   4.915276e-03   5.950835e-13   1044320
  1.636664e+01   9.635637e-10   9.572374e-03   5.949551e-13   1034640
  1.638689e+01   9.618264e-10   5.228793e-03   5.984240e-13   1019172
  1.640714e+01   9.630944e-10   4.651295e-03   6.007292e-13   1013948
  1.642741e+01   9.625559e-10   1.062673e-02   6.040503e-13   996376
  1.644765e+01   9.585170e-10   0.000000e+00   6.061109e-13   985288
  1.646784e+01   9.574394e-10   0.000000e+00   6.081861e-13   969596
  1.648809e+01   9.599835e-10   9.551552e-03   6.133697e-13   964980
  1.650834e+01   9.566139e-10   7.697579e-03   6.159074e-13   947252
  1.652857e+01   9.562631e-10   9.282288e-03   6.177717e-13   939060
  1.654882e+01   9.555704e-10   6.433300e-03   6.229871e-13   922328
  1.656905e+01   9.519905e-10   2.823516e-03   6.230159e-13   913788
  1.658932e+01   9.535300e-10   1.054211e-02   6.299436e-13   902812
  1.660959e+01   9.506700e-10   7.476300e-03   6.311942e-13   888544
  1.662981e+01   9.493940e-10   8.926515e-03   6.342306e-13   872948
  1.665001e+01   9.472907e-10   0.000000e+00   6.375952e-13   862440
  1.667025e+01   9.488110e-10   5.100084e-03   6.429178e-13   851760
  1.669054e+01   9.467254e-10   8.929578e-04   6.456132e-13   841940
  1.671078e+01   9.439944e-10   5.199542e-03   6.498479e-13   822984
  1.673102e+01   9.406039e-10   4.675028e-03   6.475839e-13   816092
  1.675127e+01   9.396197e-10   0.000000e+00   6.551589e-13   799284
  1.677151e+01   9.374131e-10   9.817553e-03   6.563730e-13   791312
  1.679175e+01   9.367468e-10   5.155896e-03   6.618642e-13   772524
  1.681194e+01   9.329456e-10   5.838754e-03   6.629040e-13   762896
  1.683218e+01   9.314780e-10   4.014499e-03   6.678446e-13   750876
  1.685244e+01   9.318161e-10   5.661255e-03   6.711728e-13   739280
  1.687268e+01   9.278621e-10   6.298869e-03   6.743001e-13   724840
  1.689295e+01   9.245689e-10   4.282393e-03   6.743452e-13   714484
  1.691316e+01   9.210793e-10   6.908234e-03   6.805045e-13   695868
  1.693340e+01   9.202469e-10   9.098095e-03   6.807795e-13   691013
  1.695367e+01   9.161730e-10   6.383660e-03   6.854080e-13   673486
  1.697390e+01   9.138315e-10   7.820735e-03   6.861224e-13   666244
  1.699413e+01   9.117219e-10   5.794321e-03   6.913213e-13   651008
  1.701436e+01   9.096616e-10   0.000000e+00   6.924188e-13   644820
  1.703462e+01   9.080467e-10   0.000000e+00   6.980219e-13   632636
  1.705488e+01   9.048163e-10   8.517651e-03   6.951726e-13   625002
  1.707511e+01   9.034963e-10   5.344497e-03   7.044037e-13   611208
  1.709538e+01   9.041890e-10   0.000000e+00   7.053581e-13   607328
  1.711563e+01   9.024849e-10   0.000000e+00   7.123179e-13   592272
  1.713586e+01   9.019318e-10   0.000000e+00   7.149689e-13   587504
  1.715611e+01   9.001572e-10   9.798959e-03   7.194417e-13   575466
  1.717634e+01   8.984184e-10   0.000000e+00   7.224408e-13   568274
  1.719660e+01   8.967960e-10   0.000000e+00   7.253130e-13   559518
  1.721686e+01   8.946345e-10   5.247450e-03   7.275633e-13   551618
  1.723712e+01   8.948793e-10   4.901820e-03   7.343862e-13   542364
  1.725736e+01   8.930942e-10   7.671600e-03   7.367909e-13   534146
  1.727758e+01   8.914899e-10   9.472268e-03   7.393182e-13   525076
  1.729785e+01   8.904139e-10   0.000000e+00   7.461791e-13   519868
  1.731806e+01   8.897864e-10   4.203146e-03   7.514216e-13   507108
  1.733830e+01   8.883810e-10   3.341651e-03   7.506657e-13   504992
  1.735855e+01   8.889898e-10   9.997235e-03   7.589935e-13   492636
  1.737880e+01   8.876783e-10   0.000000e+00   7.592006e-13   490052
  1.739906e+01   8.860738e-10   2.430764e-03   7.683523e-13   477708
  1.741928e+01   8.848325e-10   1.357122e-03   7.698891e-13   473852
  1.743953e+01   8.854329e-10   1.195426e-02   7.769099e-13   464174
  1.745976e+01   8.843698e-10   5.082192e-03   7.795794e-13   459096
  1.747999e+01   8.844290e-10   7.398254e-03   7.890244e-13   449582
  1.750023e+01   8.823327e-10   1.285310e-02   7.909691e-13   445812
  1.752045e+01   8.828899e-10   7.443273e-03   7.980720e-13   435134
  1.754072e+01   8.814008e-10   3.903764e-03   7.989733e-13   433590
  1.756096e+01   8.813237e-10   0.000000e+00   8.082013e-13   421070
  1.758119e+01   8.793616e-10   0.000000e+00   8.076687e-13   419940
  1.760147e+01   8.799827e-10   6.406977e-03   8.188600e-13   409714
  1.762167e+01   8.778056e-10   0.000000e+00   8.231682e-13   404182
  1.764191e+01   8.795544e-10   5.498759e-03   8.266173e-13   398518
  1.766218e+01   8.762920e-10   7.084288e-03   8.312895e-13   392302
  1.768242e+01   8.776089e-10   6.993168e-03   8.394488e-13   385486
  1.770271e+01   8.754262e-10   6.041208e-03   8.409333e-13   381550
  1.772293e+01   8.756886e-10   0.000000e+00   8.475414e-13   370826
  1.774317e+01   8.749841e-10   0.000000e+00   8.529704e-13   370014
  1.776343e+01   8.760640e-10   6.040763e-03   8.616422e-13   359910
  1.778365e+01   8.756017e-10   1.000572e-02   8.626262e-13   357416
  1.780388e+01   8.773756e-10   1.003638e-02   8.805931e-13   348174
  1.782411e+01   8.752083e-10   9.867761e-03   8.789922e-13   346010
  1.784435e+01   8.734162e-10   9.323373e-03   8.890889e-13   337094
  1.786462e+01   8.757875e-10   1.046784e-02   8.931823e-13   336360
  1.788488e+01   8.769357e-10   6.183343e-03   9.075990e-13   325206
  1.790511e+01   8.730249e-10   1.162841e-02   9.039687e-13   324614
  1.792534e+01   8.771521e-10   6.495060e-03   9.227248e-13   314760
  1.794558e+01   8.744991e-10   3.182387e-03   9.175175e-13   314114
  1.796581e+01   8.720680e-10   7.764277e-03   9.279948e-13   303918
  1.798604e+01   8.724127e-10   0.000000e+00   9.292165e-13   303872
  1.800632e+01   8.718538e-10   5.370403e-03   9.473271e-13   295062
  1.802657e+01   8.728708e-10   8.029338e-03   9.494920e-13   292784
  1.804682e+01   8.712021e-10   0.000000e+00   9.610813e-13   285198
  1.806704e+01   8.714723e-10   0.000000e+00   9.653047e-13   282068
  1.808729e+01   8.727131e-10   0.000000e+00   9.777948e-13   275958
  1.810752e+01   8.723672e-10   9.854920e-03   9.799011e-13   272072
  1.812774e+01   8.714005e-10   5.132524e-03   9.891671e-13   266352
  1.814799e+01   8.735421e-10   1.644306e-03   1.001406e-12   263198
  1.816822e+01   8.767703e-10   7.583947e-03   1.018020e-12   256524
  1.818849e+01   8.735289e-10   5.722108e-03   1.016426e-12   254774
  1.820872e+01   8.740668e-10   4.972812e-03   1.030223e-12   246888
  1.822897e+01   8.740442e-10   0.000000e+00   1.033125e-12   245984
  1.824921e+01   8.756201e-10   9.430435e-04   1.053325e-12   237822
  1.826945e+01   8.731293e-10   0.000000e+00   1.052549e-12   236948
  1.828968e+01   8.765995e-10   0.000000e+00   1.074684e-12   229296
  1.830995e+01   8.769283e-10   3.348449e-03   1.072647e-12   228968
  1.833021e+01   8.787389e-10   1.085954e-02   1.092746e-12   220894
  1.835047e+01   8.751790e-10   7.794413e-03   1.089984e-12   220408
  1.837072e+01   8.778749e-10   9.940898e-04   1.115980e-12   212400
  1.839097e+01   8.774320e-10   2.633592e-03   1.118604e-12   212228
  1.841122e+01   8.772324e-10   9.509093e-03   1.135897e-12   204502
  1.843147e+01   8.807160e-10   4.608279e-03   1.141983e-12   203944
  1.845169e+01   8.791732e-10   7.756364e-03   1.161109e-12   196272
  1.847192e+01   8.790231e-10   7.046565e-03   1.158813e-12   196280
  1.849216e+01   8.819084e-10   5.292309e-03   1.189917e-12   188604
  1.851237e+01   8.809330e-10   6.611742e-03   1.185050e-12   188408
  1.853261e+01   8.804023e-10   1.955217e-03   1.199791e-12   181566
  1.855285e+01   8.806831e-10   5.719424e-03   1.206974e-12   180920
  1.857308e+01   8.807463e-10   7.123977e-03   1.232580e-12   174304
  1.859332e+01   8.843288e-10   0.000000e+00   1.238800e-12   173620
  1.861356e+01   8.864377e-10   7.560166e-03   1.265626e-12   167432
  1.863384e+01   8.849140e-10   5.547625e-03   1.262161e-12   166944
  1.865405e+01   8.850463e-10   9.611190e-03   1.293038e-12   159704
  1.867431e+01   8.845851e-10   6.596643e-03   1.282955e-12   160464
  1.869455e+01   8.862215e-10   5.456472e-03   1.326619e-12   152756
  1.871479e+01   8.896613e-10   9.148054e-03   1.324932e-12   153912
  1.873503e+01   8.871435e-10   9.857086e-03   1.354542e-12   146024
  1.875525e+01   8.843627e-10   1.548462e-02   1.333407e-12   147168
  1.877550e+01   8.913382e-10   9.024148e-03   1.387206e-12   140000
  1.879574e+01   8.848822e-10   0.000000e+00   1.372793e-12   140580
  1.881599e+01   8.906250e-10   8.261644e-03   1.411684e-12   134112
  1.883624e+01   8.902766e-10   1.334981e-02   1.407145e-12   134264
  1.885649e+01   8.880093e-10   8.505010e-03   1.440449e-12   128000
  1.887674e+01   8.940081e-10   1.086635e-02   1.457641e-12   128124
  1.889701e+01   8.900642e-10   7.214524e-03   1.479480e-12   122472
  1.891725e+01   8.961120e-10   1.089529e-02   1.493593e-12   121808
  1.893748e+01   9.001068e-10   3.056711e-03   1.530286e-12   116592
  1.895770e+01   8.925562e-10   0.000000e+00   1.521478e-12   116072
  1.897794e+01   9.019733e-10   1.146420e-02   1.562444e-12   111156
  1.899821e+01   8.967886e-10   0.000000e+00   1.574707e-12   110864
  1.901846e+01   8.991545e-10   0.000000e+00   1.607825e-12   105464
  1.903872e+01   9.015723e-10   6.016759e-03   1.613659e-12   105738
  1.905896e+01   9.004324e-10   8.500176e-03   1.660189e-12   99824
  1.907920e+01   9.010970e-10   0.000000e+00   1.645224e-12   100452
  1.909941e+01   9.043937e-10   1.071598e-02   1.723331e-12   94608
  1.911966e+01   9.045552e-10   5.764544e-03   1.695885e-12   95456
  1.913988e+01   9.045297e-10   1.114729e-02   1.743082e-12   89688
  1.916015e+01   9.103591e-10   8.916494e-03   1.772038e-12   90632
  1.918036e+01   9.068002e-10   7.959122e-03   1.804649e-12   84558
  1.920061e+01   9.106642e-10   5.558979e-03   1.798155e-12   86096
  1.922083e+01   9.145760e-10   6.308943e-03   1.882337e-12   79632
  1.924103e+01   9.089586e-10   1.111553e-02   1.845931e-12   81416
  1.926128e+01   9.126397e-10   8.867579e-03   1.934938e-12   75348
  1.928149e+01   9.150944e-10   0.000000e+00   1.915441e-12   76712
  1.930175e+01   9.087482e-10   1.095667e-02   1.967835e-12   71322
  1.932200e+01   9.136941e-10   3.982644e-03   1.978784e-12   72248
  1.934226e+01   9.209957e-10   0.000000e+00   2.051867e-12   67152
  1.936250e+01   9.165840e-10   0.000000e+00   2.040085e-12   67844
  1.938270e+01   9.189719e-10   0.000000e+00   2.119532e-12   62976
  1.940296e+01   9.164677e-10   0.000000e+00   2.103811e-12   63914
  1.942314e+01   9.190770e-10   0.000000e+00   2.217611e-12   58824
  1.944340e+01   9.156251e-10   1.161995e-02   2.175596e-12   60116
  1.946357e+01   9.247692e-10   0.000000e+00   2.295886e-12   54888
  1.948394e+01   9.317601e-10   0.000000e+00   2.273545e-12   57002
  1.950416e+01   9.259843e-10   0.000000e+00   2.383280e-12   50760
  1.952443e+01   9.237467e-10   9.601858e-03   2.327591e-12   53312
  1.954465e+01   9.323127e-10   8.541178e-03   2.486907e-12   47124
  1.956490e+01   9.307097e-10   0.000000e+00   2.435811e-12   49850
  1.958513e+01   9.304192e-10   1.135259e-02   2.593266e-12   43680
  1.960533e+01   9.337016e-10   2.509001e-03   2.527640e-12   46328
  1.962562e+01   9.378740e-10   0.000000e+00   2.686181e-12   40686
  1.964585e+01   9.363633e-10   8.365068e-03   2.612354e-12   42992
  1.966616e+01   9.460722e-10   5.873739e-03   2.815052e-12   37656
  1.968634e+01   9.432691e-10   5.261676e-03   2.733830e-12   39578
  1.970666e+01   9.497342e-10   7.048164e-03   2.980688e-12   34928
  1.972684e+01   9.490373e-10   4.994282e-03   2.879964e-12   36300
  1.974709e+01   9.433481e-10   3.306492e-03   3.042888e-12   32136
  1.976731e+01   9.445363e-10   1.176821e-02   2.967751e-12   33362
  1.978748e+01   9.492729e-10   9.751893e-03   3.232711e-12   29336
  1.980778e+01   9.514062e-10   8.832630e-03   3.163841e-12   30804
  1.982789e+01   9.509136e-10   8.445670e-03   3.381701e-12   26490
  1.984822e+01   9.528345e-10   1.039992e-02   3.328586e-12   28376
  1.986828e+01   9.610943e-10   6.896210e-03   3.603594e-12   23792
  1.988868e+01   9.569617e-10   0.000000e+00   3.470217e-12   26142
  1.990869e+01   9.580199e-10   4.485049e-03   3.773897e-12   21192
  1.992915e+01   9.601272e-10   1.049211e-03   3.634642e-12   24050
  1.994917e+01   9.640791e-10   9.719715e-03   4.155502e-12   18768
  1.996969e+01   9.660797e-10   7.383984e-03   3.789569e-12   22052
  1.998968e+01   9.708859e-10   7.545092e-03   4.439408e-12   16346
  2.001016e+01   9.665806e-10   1.153589e-02   3.996672e-12   20136
  2.003017e+01   9.650573e-10   0.000000e+00   4.766284e-12   14168
  2.005058e+01   9.736798e-10   6.204963e-03   4.181959e-12   18210
  2.007060e+01   9.718044e-10   0.000000e+00   5.041094e-12   12204
  2.009093e+01   9.765834e-10   1.026748e-02   4.383603e-12   16346
  2.011106e+01   9.779104e-10   0.000000e+00   5.590336e-12   10536
  2.013130e+01   9.771461e-10   7.412730e-03   4.709874e-12   14456
  2.015140e+01   9.832763e-10   0.000000e+00   6.004142e-12   8982
  2.017164e+01   9.886137e-10   4.647280e-03   5.041129e-12   12752
  2.019169e+01   9.905027e-10   0.000000e+00   6.576823e-12   7506
  2.021194e+01   9.771001e-10   6.043511e-03   5.395366e-12   11192
  2.023195e+01   1.008630e-09   0.000000e+00   7.767855e-12   6156
  2.025219e+01   1.006624e-09   4.777050e-03   5.968074e-12   9722
  2.027226e+01   1.007152e-09   7.029559e-03   8.178407e-12   5000
  2.029244e+01   9.921109e-10   5.255756e-03   6.300947e-12   8298
  2.031257e+01   1.008868e-09   7.521660e-03   9.107212e-12   3996
  2.033264e+01   1.020491e-09   6.334525e-03   7.129390e-12   6938
  2.035289e+01   1.032932e-09   0.000000e+00   1.081806e-11   3168
  2.037278e+01   1.011593e-09   0.000000e+00   7.598578e-12   5624
  2.039310e+01   1.020965e-09   0.000000e+00   1.197323e-11   2502
  2.041289e+01   9.979413e-10   1.247483e-02   8.613553e-12   4424
  2.043327e+01   1.024978e-09   0.000000e+00   1.384818e-11   1938
  2.045304e+01   1.026427e-09   8.534864e-03   1.050870e-11   3368
  2.047348e+01   1.009169e-09   0.000000e+00   1.569225e-11   1446
  2.049321e+01   1.020840e-09   1.147057e-02   1.161623e-11   2456
  2.051373e+01   1.019460e-09   0.000000e+00   1.856489e-11   1026
  2.053341e+01   1.003990e-09   8.156619e-03   1.376004e-11   1688
  2.055402e+01   9.992495e-10   0.000000e+00   2.224756e-11   678
  2.057360e+01   1.011784e-09   0.000000e+00   1.868810e-11   1064
  2.059435e+01   1.041473e-09   0.000000e+00   2.915770e-11   402
  2.061375e+01   1.049826e-09   1.823273e-03   2.466647e-11   584
  2.063473e+01   1.111685e-09   3.988234e-03   5.076935e-11   198
  2.065374e+01   1.107743e-09   0.000000e+00   3.918455e-11   248
  2.067514e+01   9.948973e-10   0.000000e+00   5.595416e-11   66
  2.069296e+01   9.857840e-10   0.000000e+00   7.000005e-11   56
  2.071559e+01   8.130707e-10   3.507464e-03   2.272779e-10   6
