# power spectrum of omega (curl v)
# redshift z=1.591400
# k              Pk             sigma(k)       sigma(Pk)      count
  2.982968e-02   3.860204e-19   4.564224e-03   9.073438e-20   18
  5.214475e-02   8.967159e-18   5.520388e-03   1.038221e-18   62
  7.257506e-02   4.049476e-17   3.818960e-03   3.656791e-18   90
  9.191687e-02   1.747479e-16   6.027119e-03   1.093068e-17   170
  1.120458e-01   4.753160e-16   6.264555e-03   2.439595e-17   246
  1.317012e-01   1.121966e-15   5.972299e-03   4.424577e-17   338
  1.510985e-01   2.584964e-15   5.134501e-03   9.580754e-17   432
  1.710768e-01   5.399582e-15   5.260284e-03   1.551414e-16   578
  1.923993e-01   1.049902e-14   6.288329e-03   2.782829e-16   810
  2.138999e-01   2.073470e-14   6.017474e-03   5.004769e-16   950
  2.337991e-01   3.657953e-14   5.371822e-03   8.520823e-16   1002
  2.536950e-01   5.673769e-14   6.143628e-03   1.172836e-15   1334
  2.738285e-01   8.864063e-14   5.753562e-03   1.780580e-15   1410
  2.929949e-01   1.320974e-13   5.748293e-03   2.434138e-15   1652
  3.130282e-01   1.867821e-13   5.672880e-03   3.101746e-15   1974
  3.335851e-01   2.568650e-13   5.560270e-03   4.120271e-15   2234
  3.541988e-01   3.702496e-13   5.849526e-03   5.233964e-15   2554
  3.751486e-01   5.132980e-13   6.122142e-03   6.798607e-15   2950
  3.956655e-01   7.074796e-13   5.730505e-03   9.608038e-15   3042
  4.155890e-01   9.074158e-13   5.843993e-03   1.138806e-14   3422
  4.353725e-01   1.216662e-12   5.640077e-03   1.527586e-14   3618
  4.552924e-01   1.559593e-12   5.871737e-03   1.788194e-14   4172
  4.755514e-01   1.986276e-12   5.680256e-03   2.198744e-14   4470
  4.959172e-01   2.508769e-12   5.804732e-03   2.647543e-14   4970
  5.163564e-01   3.121609e-12   5.831639e-03   3.141576e-14   5334
  5.368078e-01   3.853630e-12   5.989903e-03   3.709819e-14   5810
  5.570155e-01   4.560590e-12   5.951509e-03   4.303709e-14   6114
  5.773560e-01   5.684972e-12   6.064428e-03   4.920240e-14   6782
  5.971853e-01   6.606653e-12   5.532370e-03   5.979451e-14   6684
  6.168389e-01   8.008506e-12   5.718075e-03   6.691347e-14   7574
  6.372191e-01   9.550398e-12   5.775318e-03   7.519148e-14   8154
  6.575339e-01   1.111621e-11   5.745608e-03   8.651922e-14   8618
  6.781877e-01   1.312362e-11   6.021480e-03   9.862866e-14   9494
  6.986492e-01   1.563114e-11   5.809132e-03   1.158429e-13   9618
  7.188365e-01   1.823932e-11   5.901485e-03   1.323807e-13   10306
  7.391241e-01   2.057697e-11   5.955349e-03   1.433326e-13   10942
  7.593476e-01   2.345396e-11   5.814609e-03   1.581160e-13   11452
  7.795524e-01   2.690939e-11   5.712647e-03   1.767269e-13   12046
  7.995822e-01   3.084459e-11   5.613036e-03   1.995070e-13   12522
  8.198448e-01   3.542618e-11   5.866704e-03   2.238316e-13   13562
  8.402765e-01   4.028428e-11   5.969664e-03   2.410226e-13   14182
  8.607344e-01   4.541351e-11   6.027631e-03   2.701740e-13   14986
  8.808391e-01   5.070594e-11   5.732868e-03   3.025055e-13   14982
  9.009042e-01   5.633509e-11   5.959528e-03   3.226592e-13   16388
  9.211245e-01   6.343955e-11   5.726077e-03   3.648968e-13   16626
  9.412080e-01   7.069739e-11   5.808790e-03   3.821569e-13   17678
  9.614536e-01   7.790275e-11   5.718805e-03   4.173925e-13   18354
  9.816171e-01   8.622782e-11   5.767173e-03   4.477450e-13   19034
  1.001851e+00   9.490989e-11   5.911320e-03   4.829980e-13   20142
  1.022422e+00   1.057898e-10   6.046963e-03   5.171726e-13   21386
  1.042764e+00   1.157386e-10   5.790214e-03   5.801574e-13   21318
  1.062932e+00   1.257692e-10   5.850515e-03   6.026470e-13   22676
  1.083253e+00   1.394142e-10   5.790490e-03   6.636265e-13   23322
  1.103413e+00   1.496612e-10   5.718305e-03   6.951372e-13   24134
  1.123614e+00   1.656731e-10   5.819163e-03   7.591747e-13   25146
  1.143850e+00   1.782226e-10   5.791756e-03   8.022161e-13   26030
  1.163980e+00   1.956992e-10   5.823637e-03   8.648105e-13   26674
  1.184331e+00   2.103729e-10   5.986797e-03   9.068374e-13   28570
  1.204528e+00   2.292325e-10   5.785914e-03   9.894329e-13   28224
  1.224797e+00   2.458397e-10   5.983114e-03   1.007347e-12   30626
  1.245070e+00   2.657301e-10   5.599281e-03   1.096048e-12   30158
  1.265029e+00   2.852299e-10   5.737827e-03   1.147011e-12   31674
  1.285327e+00   3.077900e-10   5.928269e-03   1.213952e-12   33306
  1.305524e+00   3.288071e-10   5.742541e-03   1.301331e-12   33422
  1.325707e+00   3.513397e-10   5.892777e-03   1.346266e-12   35298
  1.346202e+00   3.759184e-10   5.895770e-03   1.419073e-12   36650
  1.366519e+00   3.992904e-10   5.840035e-03   1.508326e-12   36992
  1.386821e+00   4.261068e-10   5.893165e-03   1.557303e-12   38730
  1.407130e+00   4.537503e-10   5.748719e-03   1.644042e-12   39246
  1.427315e+00   4.827032e-10   5.840556e-03   1.735223e-12   40466
  1.447400e+00   5.126436e-10   5.694333e-03   1.822073e-12   41170
  1.467639e+00   5.471656e-10   5.942031e-03   1.885012e-12   43534
  1.487930e+00   5.773705e-10   5.722812e-03   2.011902e-12   43650
  1.508054e+00   6.142253e-10   5.793120e-03   2.084481e-12   45272
  1.528442e+00   6.492237e-10   5.896083e-03   2.148811e-12   47098
  1.548787e+00   6.868451e-10   5.794469e-03   2.274281e-12   47746
  1.568983e+00   7.246775e-10   5.830404e-03   2.339150e-12   48870
  1.589078e+00   7.595455e-10   5.688090e-03   2.451219e-12   49682
  1.609132e+00   8.030153e-10   5.724076e-03   2.560737e-12   51222
  1.629408e+00   8.480776e-10   5.932774e-03   2.632792e-12   53378
  1.649621e+00   8.889316e-10   5.701424e-03   2.793507e-12   53634
  1.670009e+00   9.371014e-10   6.002460e-03   2.842490e-12   56888
  1.690452e+00   9.845522e-10   5.786581e-03   2.980591e-12   56650
  1.710745e+00   1.030737e-09   5.915258e-03   3.077142e-12   58786
  1.730990e+00   1.080310e-09   5.755170e-03   3.214851e-12   59214
  1.751174e+00   1.121722e-09   5.959362e-03   3.249760e-12   61250
  1.771315e+00   1.185829e-09   5.783991e-03   3.442239e-12   61686
  1.791390e+00   1.233210e-09   5.803187e-03   3.511733e-12   63626
  1.811707e+00   1.291770e-09   5.911245e-03   3.604097e-12   66204
  1.832113e+00   1.346728e-09   5.925381e-03   3.735738e-12   67094
  1.852330e+00   1.398098e-09   5.793584e-03   3.863356e-12   67890
  1.872578e+00   1.461007e-09   5.757774e-03   3.966103e-12   70334
  1.892803e+00   1.511211e-09   5.665350e-03   4.088642e-12   70626
  1.912877e+00   1.580406e-09   5.900353e-03   4.214832e-12   72554
  1.933087e+00   1.650488e-09   5.919991e-03   4.325138e-12   74550
  1.953307e+00   1.706006e-09   5.807007e-03   4.465309e-12   75674
  1.973512e+00   1.775459e-09   5.767151e-03   4.595247e-12   77564
  1.993966e+00   1.855167e-09   5.931291e-03   4.695414e-12   80766
  2.014325e+00   1.911453e-09   5.719062e-03   4.881658e-12   80202
  2.034574e+00   1.992521e-09   5.806561e-03   4.997342e-12   83102
  2.054872e+00   2.050609e-09   5.832426e-03   5.102753e-12   83890
  2.075065e+00   2.137644e-09   5.862207e-03   5.261020e-12   85522
  2.095181e+00   2.199728e-09   5.687972e-03   5.369001e-12   86670
  2.115377e+00   2.288553e-09   5.779417e-03   5.468969e-12   89588
  2.135707e+00   2.364848e-09   5.932128e-03   5.611548e-12   91038
  2.155976e+00   2.430096e-09   5.790963e-03   5.756221e-12   92522
  2.176198e+00   2.517243e-09   5.732114e-03   5.921978e-12   94242
  2.196586e+00   2.606704e-09   5.944716e-03   5.950057e-12   97550
  2.216800e+00   2.681170e-09   5.971745e-03   6.236304e-12   96250
  2.236827e+00   2.766885e-09   5.884419e-03   6.294208e-12   99166
  2.256968e+00   2.847652e-09   5.696998e-03   6.452303e-12   100932
  2.277261e+00   2.946267e-09   5.962414e-03   6.583049e-12   104306
  2.297589e+00   3.043580e-09   5.906529e-03   6.719940e-12   104990
  2.317898e+00   3.105879e-09   5.703593e-03   6.741974e-12   107874
  2.338193e+00   3.213996e-09   5.397108e-03   7.009632e-12   108322
  2.358428e+00   3.292139e-09   5.259746e-03   7.103386e-12   111454
  2.378666e+00   3.395207e-09   5.732321e-03   7.288347e-12   112002
  2.398797e+00   3.481150e-09   5.800385e-03   7.380389e-12   114158
  2.418967e+00   3.596626e-09   5.688063e-03   7.580321e-12   116148
  2.439215e+00   3.656441e-09   5.915141e-03   7.550794e-12   118754
  2.459505e+00   3.751933e-09   5.949493e-03   7.717803e-12   120942
  2.479848e+00   3.875770e-09   5.738183e-03   7.955700e-12   123170
  2.500080e+00   3.980194e-09   6.017508e-03   8.082988e-12   123638
  2.520290e+00   4.080934e-09   5.567510e-03   8.165295e-12   126858
  2.540478e+00   4.160142e-09   5.853198e-03   8.348269e-12   127698
  2.560644e+00   4.278317e-09   5.880664e-03   8.421826e-12   130640
  2.580895e+00   4.366036e-09   5.824920e-03   8.580834e-12   132642
  2.601131e+00   4.481199e-09   5.747660e-03   8.752299e-12   134534
  2.621445e+00   4.593384e-09   5.835944e-03   8.871550e-12   137954
  2.641876e+00   4.693464e-09   5.794564e-03   8.989685e-12   140610
  2.662120e+00   4.808731e-09   5.900707e-03   9.246595e-12   139590
  2.682272e+00   4.895970e-09   5.964137e-03   9.284074e-12   143546
  2.702527e+00   4.997802e-09   5.625112e-03   9.402979e-12   145338
  2.722719e+00   5.148494e-09   5.863414e-03   9.662259e-12   147272
  2.742979e+00   5.222581e-09   5.939674e-03   9.626113e-12   150434
  2.763273e+00   5.346325e-09   5.679171e-03   9.785014e-12   152214
  2.783461e+00   5.454668e-09   5.885167e-03   1.000764e-11   153186
  2.803764e+00   5.549621e-09   5.980243e-03   9.932148e-12   158642
  2.824038e+00   5.692507e-09   5.448415e-03   1.026974e-11   157350
  2.844229e+00   5.770653e-09   5.823622e-03   1.026909e-11   161906
  2.864358e+00   5.895587e-09   5.710559e-03   1.049723e-11   160824
  2.884581e+00   6.009384e-09   6.320328e-03   1.052031e-11   167906
  2.904925e+00   6.137908e-09   5.765809e-03   1.073377e-11   167578
  2.925100e+00   6.234938e-09   5.763973e-03   1.083895e-11   169798
  2.945360e+00   6.373070e-09   5.872672e-03   1.102564e-11   173586
  2.965659e+00   6.448940e-09   5.990768e-03   1.100325e-11   175274
  2.985907e+00   6.623645e-09   5.960647e-03   1.129215e-11   177654
  3.006188e+00   6.742121e-09   5.898218e-03   1.136826e-11   180698
  3.026475e+00   6.829694e-09   5.800259e-03   1.148468e-11   182680
  3.046705e+00   6.971334e-09   6.150490e-03   1.165519e-11   184138
  3.066897e+00   7.061857e-09   5.811719e-03   1.168088e-11   187138
  3.087196e+00   7.148893e-09   5.803131e-03   1.172558e-11   191134
  3.107441e+00   7.294505e-09   5.854300e-03   1.196163e-11   191010
  3.127629e+00   7.432757e-09   5.012222e-03   1.202265e-11   195134
  3.147811e+00   7.528076e-09   5.971488e-03   1.222937e-11   195810
  3.168029e+00   7.655871e-09   5.978965e-03   1.223537e-11   201140
  3.188261e+00   7.776388e-09   6.072167e-03   1.241075e-11   201054
  3.208450e+00   7.913342e-09   5.846632e-03   1.248991e-11   205250
  3.228696e+00   8.023492e-09   5.519862e-03   1.262872e-11   207366
  3.248943e+00   8.163911e-09   6.319972e-03   1.271605e-11   210578
  3.269211e+00   8.283833e-09   5.721685e-03   1.288346e-11   213066
  3.289546e+00   8.385505e-09   6.009111e-03   1.287958e-11   217382
  3.309786e+00   8.486482e-09   5.786606e-03   1.302070e-11   216306
  3.329934e+00   8.605463e-09   5.765651e-03   1.314190e-11   220652
  3.350219e+00   8.719196e-09   6.032959e-03   1.315795e-11   224622
  3.370546e+00   8.823651e-09   5.229396e-03   1.327737e-11   227066
  3.390803e+00   8.979781e-09   5.664803e-03   1.346463e-11   228574
  3.411023e+00   9.070165e-09   5.025412e-03   1.351832e-11   231466
  3.431226e+00   9.231265e-09   5.663923e-03   1.366844e-11   233946
  3.451505e+00   9.349404e-09   6.220687e-03   0.000000e+00   238694
  3.471712e+00   9.459797e-09   5.988322e-03   0.000000e+00   238068
  3.491930e+00   9.541565e-09   5.881492e-03   0.000000e+00   244190
  3.512240e+00   9.634113e-09   5.712436e-03   0.000000e+00   245634
  3.532456e+00   9.780802e-09   6.177919e-03   0.000000e+00   248090
  3.552701e+00   9.916358e-09   5.686839e-03   0.000000e+00   251958
  3.572958e+00   1.002427e-08   6.060048e-03   0.000000e+00   254042
  3.593140e+00   1.013448e-08   5.689074e-03   0.000000e+00   255714
  3.613413e+00   1.023660e-08   6.188510e-03   0.000000e+00   262358
  3.633696e+00   1.035341e-08   5.534848e-03   0.000000e+00   261900
  3.654006e+00   1.048597e-08   5.957521e-03   0.000000e+00   268646
  3.674230e+00   1.061478e-08   5.691709e-03   0.000000e+00   265578
  3.694411e+00   1.069924e-08   5.692103e-03   0.000000e+00   273290
  3.714657e+00   1.080255e-08   5.789761e-03   0.000000e+00   273678
  3.734920e+00   1.094723e-08   6.054695e-03   0.000000e+00   279698
  3.755187e+00   1.105235e-08   6.742654e-03   0.000000e+00   279630
  3.775353e+00   1.112535e-08   5.454414e-03   0.000000e+00   283004
  3.795618e+00   1.127575e-08   5.492434e-03   0.000000e+00   288330
  3.815895e+00   1.134522e-08   5.867754e-03   0.000000e+00   289718
  3.836102e+00   1.151668e-08   5.843616e-03   0.000000e+00   292290
  3.856249e+00   1.154721e-08   5.632636e-03   0.000000e+00   294134
  3.876471e+00   1.172754e-08   5.721662e-03   0.000000e+00   300642
  3.896786e+00   1.179430e-08   6.104707e-03   0.000000e+00   303386
  3.917020e+00   1.190792e-08   6.464839e-03   0.000000e+00   304662
  3.937273e+00   1.201454e-08   5.613856e-03   0.000000e+00   309812
  3.957543e+00   1.210882e-08   5.810102e-03   0.000000e+00   311570
  3.977874e+00   1.223363e-08   5.641377e-03   0.000000e+00   318270
  3.998111e+00   1.233855e-08   6.252794e-03   0.000000e+00   315090
  4.018279e+00   1.245043e-08   5.458255e-03   0.000000e+00   322646
  4.038491e+00   1.252818e-08   5.632992e-03   0.000000e+00   322722
  4.058728e+00   1.260465e-08   6.187423e-03   0.000000e+00   329930
  4.079029e+00   1.277482e-08   6.183079e-03   0.000000e+00   331824
  4.099331e+00   1.281363e-08   5.631841e-03   0.000000e+00   336266
  4.119571e+00   1.291250e-08   5.866881e-03   0.000000e+00   336094
  4.139764e+00   1.304330e-08   5.586012e-03   0.000000e+00   341386
  4.159995e+00   1.311593e-08   5.897454e-03   0.000000e+00   344338
  4.180212e+00   1.320453e-08   6.020174e-03   0.000000e+00   347638
  4.200449e+00   1.334702e-08   5.629976e-03   0.000000e+00   351618
  4.220668e+00   1.341301e-08   5.853173e-03   0.000000e+00   353792
  4.240950e+00   1.351142e-08   5.726827e-03   0.000000e+00   360538
  4.261298e+00   1.362383e-08   5.593596e-03   0.000000e+00   363250
  4.281509e+00   1.370164e-08   6.102545e-03   0.000000e+00   362334
  4.301767e+00   1.377093e-08   5.017095e-03   0.000000e+00   371642
  4.322006e+00   1.386241e-08   5.774993e-03   0.000000e+00   368794
  4.342179e+00   1.396133e-08   5.779328e-03   0.000000e+00   376510
  4.362419e+00   1.403466e-08   5.587420e-03   0.000000e+00   377994
  4.382637e+00   1.413480e-08   5.714181e-03   0.000000e+00   382760
  4.402904e+00   1.419801e-08   6.439251e-03   0.000000e+00   386674
  4.423180e+00   1.427595e-08   5.799386e-03   0.000000e+00   390298
  4.443433e+00   1.435065e-08   6.164643e-03   0.000000e+00   393142
  4.463699e+00   1.443572e-08   5.881898e-03   0.000000e+00   397762
  4.483857e+00   1.453080e-08   5.650696e-03   0.000000e+00   396270
  4.504029e+00   1.464119e-08   5.878117e-03   0.000000e+00   405194
  4.524291e+00   1.472773e-08   5.356109e-03   0.000000e+00   407580
  4.544540e+00   1.478870e-08   6.250293e-03   0.000000e+00   411782
  4.564774e+00   1.480886e-08   5.624766e-03   0.000000e+00   414114
  4.585067e+00   1.494278e-08   6.073799e-03   0.000000e+00   421562
  4.605369e+00   1.503605e-08   5.896498e-03   0.000000e+00   421910
  4.625635e+00   1.510886e-08   5.607146e-03   0.000000e+00   427818
  4.645901e+00   1.516456e-08   6.569262e-03   0.000000e+00   429430
  4.666104e+00   1.519152e-08   6.160738e-03   0.000000e+00   432322
  4.686318e+00   1.530200e-08   4.901698e-03   0.000000e+00   437428
  4.706545e+00   1.536061e-08   4.933000e-03   0.000000e+00   440590
  4.726813e+00   1.545742e-08   5.846783e-03   0.000000e+00   446770
  4.747118e+00   1.554747e-08   5.510630e-03   0.000000e+00   449782
  4.767321e+00   1.556444e-08   5.928921e-03   0.000000e+00   449706
  4.787529e+00   1.562651e-08   5.895247e-03   0.000000e+00   458042
  4.807751e+00   1.574763e-08   5.536224e-03   0.000000e+00   458158
  4.827964e+00   1.577395e-08   5.524463e-03   0.000000e+00   465124
  4.848186e+00   1.585465e-08   5.851994e-03   0.000000e+00   466230
  4.868443e+00   1.585773e-08   6.178750e-03   0.000000e+00   474386
  4.888713e+00   1.595409e-08   5.546386e-03   0.000000e+00   475178
  4.909014e+00   1.603808e-08   6.174515e-03   0.000000e+00   483558
  4.929321e+00   1.611886e-08   4.969318e-03   0.000000e+00   483354
  4.949536e+00   1.616824e-08   4.819700e-03   0.000000e+00   487178
  4.969765e+00   1.619316e-08   6.014053e-03   0.000000e+00   492006
  4.989977e+00   1.624737e-08   5.716001e-03   0.000000e+00   494852
  5.010196e+00   1.630174e-08   5.703809e-03   0.000000e+00   499502
  5.030443e+00   1.637419e-08   5.269424e-03   0.000000e+00   504618
  5.050708e+00   1.640432e-08   6.329836e-03   0.000000e+00   508506
  5.071001e+00   1.651684e-08   6.372552e-03   0.000000e+00   514406
  5.091240e+00   1.652092e-08   5.346680e-03   0.000000e+00   514026
  5.111417e+00   1.658152e-08   6.097496e-03   0.000000e+00   519230
  5.131603e+00   1.665658e-08   5.520869e-03   0.000000e+00   522620
  5.151826e+00   1.670772e-08   5.730174e-03   0.000000e+00   529458
  5.172108e+00   1.672081e-08   5.990805e-03   0.000000e+00   534078
  5.192368e+00   1.676033e-08   6.117338e-03   0.000000e+00   536666
  5.212577e+00   1.683820e-08   5.929753e-03   0.000000e+00   539270
  5.232877e+00   1.685653e-08   5.733170e-03   0.000000e+00   550530
  5.253190e+00   1.690931e-08   6.317104e-03   0.000000e+00   548474
  5.273401e+00   1.694583e-08   5.908038e-03   0.000000e+00   553518
  5.293599e+00   1.699089e-08   6.091386e-03   0.000000e+00   556116
  5.313862e+00   1.702317e-08   5.496155e-03   0.000000e+00   564890
  5.334089e+00   1.706753e-08   5.724077e-03   0.000000e+00   563718
  5.354338e+00   1.711541e-08   5.820531e-03   0.000000e+00   574298
  5.374614e+00   1.713029e-08   6.913682e-03   0.000000e+00   573966
  5.394852e+00   1.720226e-08   5.490715e-03   0.000000e+00   580586
  5.415082e+00   1.726477e-08   5.938104e-03   0.000000e+00   582666
  5.435335e+00   1.725180e-08   5.977403e-03   0.000000e+00   590648
  5.455583e+00   1.729870e-08   5.703517e-03   0.000000e+00   590578
  5.475767e+00   1.732961e-08   6.404235e-03   0.000000e+00   595990
  5.495999e+00   1.736771e-08   5.610850e-03   0.000000e+00   601778
  5.516265e+00   1.741503e-08   6.331398e-03   0.000000e+00   607578
  5.536543e+00   1.736708e-08   6.082531e-03   0.000000e+00   611294
  5.556808e+00   1.745063e-08   6.059851e-03   0.000000e+00   615498
  5.577023e+00   1.747600e-08   5.839393e-03   0.000000e+00   617274
  5.597264e+00   1.752515e-08   5.440003e-03   0.000000e+00   626360
  5.617518e+00   1.751529e-08   5.221354e-03   0.000000e+00   626658
  5.637748e+00   1.753470e-08   5.601979e-03   0.000000e+00   634022
  5.657957e+00   1.759240e-08   5.574907e-03   0.000000e+00   634554
  5.678203e+00   1.752045e-08   4.713529e-03   0.000000e+00   645026
  5.698457e+00   1.764935e-08   6.002664e-03   0.000000e+00   645182
  5.718699e+00   1.761832e-08   5.953713e-03   0.000000e+00   652938
  5.738937e+00   1.767643e-08   6.696207e-03   0.000000e+00   654336
  5.759200e+00   1.765428e-08   6.085881e-03   0.000000e+00   663242
  5.779465e+00   1.768772e-08   4.940786e-03   0.000000e+00   664002
  5.799671e+00   1.767879e-08   6.728922e-03   0.000000e+00   668990
  5.819901e+00   1.770855e-08   5.463738e-03   0.000000e+00   674554
  5.840111e+00   1.774312e-08   5.994419e-03   0.000000e+00   677158
  5.860372e+00   1.771374e-08   6.011510e-03   0.000000e+00   687306
  5.880679e+00   1.773687e-08   5.791417e-03   0.000000e+00   690290
  5.900919e+00   1.778372e-08   5.444102e-03   0.000000e+00   691992
  5.921187e+00   1.777051e-08   6.634369e-03   0.000000e+00   701402
  5.941446e+00   1.781157e-08   6.257295e-03   0.000000e+00   700826
  5.961667e+00   1.777083e-08   5.585776e-03   0.000000e+00   708726
  5.981908e+00   1.782860e-08   6.059011e-03   0.000000e+00   711690
  6.002161e+00   1.781014e-08   6.859384e-03   0.000000e+00   719606
  6.022371e+00   1.784887e-08   5.897622e-03   0.000000e+00   717810
  6.042593e+00   1.786433e-08   5.269715e-03   0.000000e+00   730412
  6.062874e+00   1.783273e-08   6.355067e-03   0.000000e+00   731782
  6.083158e+00   1.784091e-08   6.218448e-03   0.000000e+00   740458
  6.103390e+00   1.788724e-08   6.068847e-03   0.000000e+00   737494
  6.123583e+00   1.788219e-08   5.167593e-03   0.000000e+00   747298
  6.143827e+00   1.783757e-08   5.245271e-03   0.000000e+00   751762
  6.164051e+00   1.788062e-08   5.960354e-03   0.000000e+00   755470
  6.184269e+00   1.786515e-08   6.136759e-03   0.000000e+00   761442
  6.204563e+00   1.788194e-08   5.961051e-03   0.000000e+00   770816
  6.224831e+00   1.789235e-08   5.114453e-03   0.000000e+00   769242
  6.245107e+00   1.789225e-08   5.645271e-03   0.000000e+00   782162
  6.265331e+00   1.784624e-08   7.945784e-03   0.000000e+00   775230
  6.285532e+00   1.786511e-08   5.061685e-03   0.000000e+00   789866
  6.305762e+00   1.786921e-08   5.028293e-03   0.000000e+00   787938
  6.325983e+00   1.790450e-08   4.829747e-03   0.000000e+00   799574
  6.346263e+00   1.786688e-08   6.682578e-03   0.000000e+00   803028
  6.366496e+00   1.785387e-08   5.824042e-03   0.000000e+00   805574
  6.386719e+00   1.780745e-08   6.386038e-03   0.000000e+00   812034
  6.406996e+00   1.784611e-08   6.716746e-03   0.000000e+00   820970
  6.427261e+00   1.783869e-08   5.875244e-03   0.000000e+00   821174
  6.447447e+00   1.787409e-08   5.911785e-03   0.000000e+00   825186
  6.467659e+00   1.780495e-08   6.643724e-03   0.000000e+00   833142
  6.487858e+00   1.780298e-08   5.814743e-03   0.000000e+00   834788
  6.508106e+00   1.780253e-08   7.215438e-03   0.000000e+00   847858
  6.528467e+00   1.782571e-08   5.491723e-03   0.000000e+00   854278
  6.548734e+00   1.777443e-08   4.889972e-03   0.000000e+00   850914
  6.568944e+00   1.778352e-08   4.694456e-03   0.000000e+00   859250
  6.589206e+00   1.777708e-08   5.925626e-03   0.000000e+00   867126
  6.609452e+00   1.777296e-08   6.311065e-03   0.000000e+00   868274
  6.629652e+00   1.776634e-08   6.595335e-03   0.000000e+00   873606
  6.649858e+00   1.772212e-08   4.349768e-03   0.000000e+00   879284
  6.670105e+00   1.770024e-08   6.459288e-03   0.000000e+00   887666
  6.690424e+00   1.767539e-08   6.734340e-03   0.000000e+00   897030
  6.710701e+00   1.768321e-08   5.495419e-03   0.000000e+00   894378
  6.730927e+00   1.767789e-08   5.883034e-03   0.000000e+00   903254
  6.751144e+00   1.763812e-08   6.293941e-03   0.000000e+00   904562
  6.771352e+00   1.761854e-08   5.407999e-03   0.000000e+00   913362
  6.791556e+00   1.764272e-08   4.403270e-03   0.000000e+00   915592
  6.811808e+00   1.755368e-08   6.563278e-03   0.000000e+00   927946
  6.832056e+00   1.755576e-08   7.340207e-03   0.000000e+00   926094
  6.852345e+00   1.755625e-08   5.690261e-03   0.000000e+00   942890
  6.872633e+00   1.755715e-08   6.148629e-03   0.000000e+00   937266
  6.892863e+00   1.753633e-08   5.357272e-03   0.000000e+00   948854
  6.913101e+00   1.747413e-08   4.703171e-03   0.000000e+00   948714
  6.933297e+00   1.751763e-08   5.234952e-03   0.000000e+00   956186
  6.953535e+00   1.744816e-08   5.878889e-03   0.000000e+00   964272
  6.973799e+00   1.741851e-08   5.901626e-03   0.000000e+00   969458
  6.994044e+00   1.742739e-08   4.799155e-03   0.000000e+00   973358
  7.014302e+00   1.737098e-08   6.479180e-03   0.000000e+00   982098
  7.034541e+00   1.735006e-08   5.372818e-03   0.000000e+00   983178
  7.054808e+00   1.734719e-08   7.113676e-03   0.000000e+00   996350
  7.075067e+00   1.733359e-08   5.296204e-03   0.000000e+00   993530
  7.095223e+00   1.729825e-08   6.275190e-03   0.000000e+00   997848
  7.115438e+00   1.726188e-08   6.141505e-03   0.000000e+00   1010106
  7.135713e+00   1.722166e-08   6.215406e-03   0.000000e+00   1015730
  7.155960e+00   1.718718e-08   5.986079e-03   0.000000e+00   1018710
  7.176247e+00   1.719695e-08   6.047395e-03   0.000000e+00   1031282
  7.196503e+00   1.716239e-08   5.796690e-03   0.000000e+00   1027122
  7.216724e+00   1.710615e-08   5.856424e-03   0.000000e+00   1039838
  7.236959e+00   1.709458e-08   6.481426e-03   0.000000e+00   1039898
  7.257179e+00   1.704980e-08   6.310047e-03   0.000000e+00   1050288
  7.277412e+00   1.705179e-08   6.133220e-03   0.000000e+00   1052226
  7.297655e+00   1.700982e-08   4.145313e-03   0.000000e+00   1062746
  7.317923e+00   1.697771e-08   5.482348e-03   0.000000e+00   1067438
  7.338184e+00   1.695497e-08   5.417984e-03   0.000000e+00   1073730
  7.358434e+00   1.693791e-08   6.819594e-03   0.000000e+00   1078230
  7.378689e+00   1.688682e-08   5.463889e-03   0.000000e+00   1085594
  7.398901e+00   1.687034e-08   4.720334e-03   0.000000e+00   1086124
  7.419150e+00   1.684302e-08   6.010773e-03   0.000000e+00   1101310
  7.439401e+00   1.677019e-08   6.650045e-03   0.000000e+00   1098282
  7.459625e+00   1.678520e-08   4.026646e-03   0.000000e+00   1109918
  7.479892e+00   1.672564e-08   5.619579e-03   0.000000e+00   1114962
  7.500159e+00   1.669250e-08   6.263781e-03   0.000000e+00   1122962
  7.520420e+00   1.669951e-08   0.000000e+00   0.000000e+00   1125822
  7.540654e+00   1.663962e-08   6.164953e-03   0.000000e+00   1132538
  7.560867e+00   1.658670e-08   6.345250e-03   0.000000e+00   1135164
  7.581087e+00   1.655134e-08   6.612013e-03   0.000000e+00   1145654
  7.601355e+00   1.651477e-08   4.406243e-03   0.000000e+00   1152666
  7.621615e+00   1.648050e-08   5.806768e-03   0.000000e+00   1157078
  7.641845e+00   1.643722e-08   6.585789e-03   0.000000e+00   1161522
  7.662109e+00   1.641150e-08   6.178219e-03   0.000000e+00   1173050
  7.682345e+00   1.637461e-08   5.903534e-03   0.000000e+00   1171518
  7.702569e+00   1.632172e-08   7.158470e-03   0.000000e+00   1183772
  7.722775e+00   1.630104e-08   6.221898e-03   0.000000e+00   1181262
  7.742977e+00   1.627747e-08   5.389982e-03   0.000000e+00   1195490
  7.763245e+00   1.618956e-08   5.030834e-03   0.000000e+00   1202010
  7.783505e+00   1.618330e-08   5.264006e-03   0.000000e+00   1207166
  7.803761e+00   1.614734e-08   6.165811e-03   0.000000e+00   1214074
  7.823980e+00   1.611700e-08   6.303690e-03   0.000000e+00   1215334
  7.844223e+00   1.608865e-08   7.558372e-03   0.000000e+00   1229274
  7.864528e+00   1.604501e-08   6.428517e-03   0.000000e+00   1236164
  7.884779e+00   1.602487e-08   4.782449e-03   0.000000e+00   1234942
  7.904995e+00   1.596465e-08   5.689910e-03   0.000000e+00   1244410
  7.925223e+00   1.593839e-08   5.955047e-03   0.000000e+00   1249010
  7.945474e+00   1.587962e-08   6.655622e-03   0.000000e+00   1260702
  7.965706e+00   1.585012e-08   5.369842e-03   0.000000e+00   1259490
  7.985959e+00   1.580673e-08   5.593973e-03   0.000000e+00   1275662
  8.006194e+00   1.578312e-08   3.120280e-03   0.000000e+00   1270164
  8.026450e+00   1.573195e-08   4.882392e-03   0.000000e+00   1291226
  8.046700e+00   1.570173e-08   3.968190e-03   0.000000e+00   1282750
  8.066904e+00   1.561794e-08   5.769807e-03   0.000000e+00   1298146
  8.087160e+00   1.561386e-08   4.977767e-03   0.000000e+00   1301646
  8.107401e+00   1.556644e-08   5.376023e-03   0.000000e+00   1309898
  8.127657e+00   1.553966e-08   4.312489e-03   0.000000e+00   1317010
  8.147917e+00   1.550035e-08   6.076518e-03   0.000000e+00   1323814
  8.168158e+00   1.546893e-08   4.477071e-03   0.000000e+00   1326732
  8.188387e+00   1.541511e-08   6.659981e-03   0.000000e+00   1335434
  8.208670e+00   1.539580e-08   7.649231e-03   0.000000e+00   1347902
  8.228929e+00   1.532747e-08   8.148361e-03   0.000000e+00   1344786
  8.249111e+00   1.530223e-08   3.769749e-03   0.000000e+00   1351222
  8.269349e+00   1.527298e-08   5.295251e-03   0.000000e+00   1365322
  8.289618e+00   1.520558e-08   6.767775e-03   0.000000e+00   1369002
  8.309868e+00   1.518405e-08   5.997656e-03   0.000000e+00   1376456
  8.330103e+00   1.510482e-08   4.966773e-03   0.000000e+00   1379362
  8.350349e+00   1.506914e-08   6.394532e-03   0.000000e+00   1392262
  8.370600e+00   1.506487e-08   5.820007e-03   0.000000e+00   1392546
  8.390821e+00   1.499902e-08   6.406375e-03   0.000000e+00   1402754
  8.411061e+00   1.496219e-08   7.154383e-03   0.000000e+00   1408470
  8.431298e+00   1.493570e-08   2.969455e-03   0.000000e+00   1415450
  8.451492e+00   1.486867e-08   5.784321e-03   0.000000e+00   1416504
  8.471786e+00   1.482860e-08   5.976725e-03   0.000000e+00   1442354
  8.492082e+00   1.477846e-08   6.881002e-03   0.000000e+00   1431202
  8.512300e+00   1.480287e-08   5.750453e-03   0.000000e+00   1445038
  8.532525e+00   1.473796e-08   5.056250e-03   0.000000e+00   1445322
  8.552777e+00   1.467365e-08   5.526807e-03   0.000000e+00   1462778
  8.573029e+00   1.465164e-08   6.462662e-03   0.000000e+00   1459590
  8.593241e+00   1.464848e-08   6.243009e-03   0.000000e+00   1471226
  8.613503e+00   1.458622e-08   4.514942e-03   0.000000e+00   1480136
  8.633778e+00   1.449822e-08   6.000375e-03   0.000000e+00   1486530
  8.654018e+00   1.446545e-08   6.699271e-03   0.000000e+00   1488898
  8.674255e+00   1.446666e-08   5.344834e-03   0.000000e+00   1500838
  8.694515e+00   1.440078e-08   3.728747e-03   0.000000e+00   1505906
  8.714720e+00   1.436482e-08   6.874949e-03   0.000000e+00   1507062
  8.734929e+00   1.433322e-08   5.721481e-03   0.000000e+00   1519890
  8.755169e+00   1.429546e-08   6.741811e-03   0.000000e+00   1526516
  8.775452e+00   1.424520e-08   4.313498e-03   0.000000e+00   1540038
  8.795723e+00   1.420520e-08   6.905588e-03   0.000000e+00   1538810
  8.815937e+00   1.414869e-08   5.197731e-03   0.000000e+00   1545574
  8.836198e+00   1.411922e-08   9.045212e-03   0.000000e+00   1560010
  8.856446e+00   1.409692e-08   4.917609e-03   0.000000e+00   1558578
  8.876661e+00   1.404794e-08   6.257781e-03   0.000000e+00   1568990
  8.896870e+00   1.400954e-08   6.699270e-03   0.000000e+00   1571770
  8.917109e+00   1.395854e-08   6.026221e-03   0.000000e+00   1587748
  8.937379e+00   1.393633e-08   4.714664e-03   0.000000e+00   1590966
  8.957649e+00   1.391795e-08   4.900137e-03   0.000000e+00   1602554
  8.977893e+00   1.386878e-08   6.504074e-03   0.000000e+00   1601190
  8.998106e+00   1.383328e-08   6.352265e-03   0.000000e+00   1611722
  9.018319e+00   1.379196e-08   5.754860e-03   0.000000e+00   1616058
  9.038566e+00   1.375826e-08   5.563599e-03   0.000000e+00   1631942
  9.058813e+00   1.372419e-08   4.689615e-03   0.000000e+00   1630980
  9.079035e+00   1.365677e-08   6.112273e-03   0.000000e+00   1641494
  9.099306e+00   1.363838e-08   6.690952e-03   0.000000e+00   1653378
  9.119617e+00   1.361000e-08   6.813460e-03   0.000000e+00   1663730
  9.139860e+00   1.354914e-08   4.564131e-03   0.000000e+00   1656558
  9.160056e+00   1.352215e-08   6.759502e-03   0.000000e+00   1671026
  9.180298e+00   1.348394e-08   6.645816e-03   0.000000e+00   1677818
  9.200528e+00   1.345212e-08   7.276726e-03   0.000000e+00   1685454
  9.220773e+00   1.341730e-08   5.275694e-03   0.000000e+00   1694516
  9.241027e+00   1.338975e-08   4.838475e-03   0.000000e+00   1701342
  9.261278e+00   1.333390e-08   5.646722e-03   0.000000e+00   1709026
  9.281553e+00   1.331545e-08   6.715571e-03   0.000000e+00   1720354
  9.301811e+00   1.324864e-08   5.482940e-03   0.000000e+00   1721470
  9.322065e+00   1.321510e-08   5.938109e-03   0.000000e+00   1735018
  9.342276e+00   1.319918e-08   4.486423e-03   0.000000e+00   1728398
  9.362467e+00   1.316510e-08   6.341372e-03   0.000000e+00   1747116
  9.382716e+00   1.309892e-08   1.784756e-03   0.000000e+00   1753090
  9.402994e+00   1.309871e-08   4.863300e-03   0.000000e+00   1767694
  9.423263e+00   1.305796e-08   6.577555e-03   0.000000e+00   1766490
  9.443521e+00   1.302836e-08   0.000000e+00   0.000000e+00   1780478
  9.463769e+00   1.297536e-08   8.546017e-03   0.000000e+00   1781050
  9.483999e+00   1.297371e-08   4.544866e-03   0.000000e+00   1792018
  9.504217e+00   1.292200e-08   6.045736e-03   0.000000e+00   1794366
  9.524440e+00   1.289183e-08   5.626022e-03   0.000000e+00   1808276
  9.544683e+00   1.285449e-08   6.302642e-03   0.000000e+00   1812522
  9.564943e+00   1.280378e-08   7.294561e-03   0.000000e+00   1827758
  9.585217e+00   1.278065e-08   4.400324e-03   0.000000e+00   1829466
  9.605444e+00   1.275488e-08   6.931479e-03   0.000000e+00   1835534
  9.625650e+00   1.273155e-08   5.836937e-03   0.000000e+00   1840906
  9.645892e+00   1.269404e-08   6.047267e-03   0.000000e+00   1857130
  9.666115e+00   1.266049e-08   4.545876e-03   0.000000e+00   1854264
  9.686337e+00   1.261541e-08   4.979985e-03   0.000000e+00   1871090
  9.706594e+00   1.259873e-08   5.718744e-03   0.000000e+00   1876926
  9.726843e+00   1.257161e-08   6.302501e-03   0.000000e+00   1884530
  9.747081e+00   1.253646e-08   5.191956e-03   0.000000e+00   1891506
  9.767358e+00   1.249125e-08   6.110867e-03   0.000000e+00   1907798
  9.787639e+00   1.245791e-08   7.467763e-03   0.000000e+00   1907378
  9.807859e+00   1.244978e-08   5.988832e-03   0.000000e+00   1912506
  9.828080e+00   1.239475e-08   3.686908e-03   0.000000e+00   1923048
  9.848345e+00   1.237297e-08   7.053783e-03   0.000000e+00   1936730
  9.868597e+00   1.235755e-08   5.622678e-03   0.000000e+00   1936686
  9.888840e+00   1.231283e-08   6.658552e-03   0.000000e+00   1950290
  9.909083e+00   1.227384e-08   2.695452e-03   0.000000e+00   1953002
  9.929338e+00   1.226128e-08   5.828778e-03   0.000000e+00   1969110
  9.949594e+00   1.221937e-08   1.882244e-03   0.000000e+00   1969050
  9.969824e+00   1.219257e-08   6.323199e-03   0.000000e+00   1980392
  9.990058e+00   1.214530e-08   7.599796e-03   0.000000e+00   1984770
  1.001029e+01   1.213359e-08   5.235845e-03   0.000000e+00   1995506
  1.003055e+01   1.212657e-08   6.806933e-03   0.000000e+00   2007806
  1.005080e+01   1.208470e-08   5.948165e-03   0.000000e+00   2010474
  1.007102e+01   1.206243e-08   6.509762e-03   0.000000e+00   2018182
  1.009128e+01   1.202859e-08   5.835379e-03   0.000000e+00   2033554
  1.011150e+01   1.200670e-08   6.853302e-03   0.000000e+00   2026266
  1.013174e+01   1.196203e-08   4.426581e-03   0.000000e+00   2054480
  1.015200e+01   1.194390e-08   4.738203e-03   0.000000e+00   2044770
  1.017221e+01   1.192594e-08   6.876227e-03   0.000000e+00   2062394
  1.019246e+01   1.189238e-08   6.266111e-03   0.000000e+00   2069982
  1.021272e+01   1.186786e-08   7.332343e-03   0.000000e+00   2079434
  1.023296e+01   1.185838e-08   6.218156e-03   0.000000e+00   2083038
  1.025321e+01   1.182255e-08   4.809297e-03   0.000000e+00   2098850
  1.027345e+01   1.180835e-08   6.071684e-03   0.000000e+00   2095436
  1.029369e+01   1.174847e-08   6.284004e-03   0.000000e+00   2117406
  1.031395e+01   1.173681e-08   5.765269e-03   0.000000e+00   2115426
  1.033414e+01   1.172780e-08   5.597319e-03   0.000000e+00   2118878
  1.035437e+01   1.168362e-08   6.381415e-03   0.000000e+00   2140026
  1.037465e+01   1.167155e-08   6.820462e-03   0.000000e+00   2147234
  1.039490e+01   1.164361e-08   6.069544e-03   0.000000e+00   2150662
  1.041513e+01   1.163441e-08   5.571950e-03   0.000000e+00   2159842
  1.043537e+01   1.161238e-08   6.267412e-03   0.000000e+00   2168384
  1.045564e+01   1.158699e-08   7.764935e-03   0.000000e+00   2183178
  1.047590e+01   1.155959e-08   5.840860e-03   0.000000e+00   2184770
  1.049613e+01   1.154280e-08   6.486038e-03   0.000000e+00   2192190
  1.051633e+01   1.151567e-08   7.065057e-03   0.000000e+00   2196242
  1.053659e+01   1.150992e-08   4.993006e-03   0.000000e+00   2220714
  1.055685e+01   1.147885e-08   7.031276e-03   0.000000e+00   2215758
  1.057710e+01   1.145385e-08   6.408775e-03   0.000000e+00   2233988
  1.059735e+01   1.143128e-08   7.839117e-03   0.000000e+00   2231670
  1.061757e+01   1.141757e-08   3.952118e-03   0.000000e+00   2244338
  1.063783e+01   1.138654e-08   5.216225e-03   0.000000e+00   2258610
  1.065808e+01   1.135724e-08   5.071956e-03   0.000000e+00   2260718
  1.067830e+01   1.135900e-08   6.122144e-03   0.000000e+00   2268162
  1.069853e+01   1.134522e-08   5.493864e-03   0.000000e+00   2277494
  1.071876e+01   1.133019e-08   5.006361e-03   0.000000e+00   2288796
  1.073904e+01   1.130140e-08   1.006763e-02   0.000000e+00   2305226
  1.075930e+01   1.128189e-08   5.235419e-03   0.000000e+00   2301630
  1.077955e+01   1.126726e-08   0.000000e+00   0.000000e+00   2319770
  1.079979e+01   1.124382e-08   6.806700e-03   0.000000e+00   2315610
  1.082001e+01   1.122531e-08   5.443377e-03   0.000000e+00   2334662
  1.084024e+01   1.120049e-08   8.044955e-03   0.000000e+00   2335722
  1.086048e+01   1.120289e-08   4.544103e-03   0.000000e+00   2354102
  1.088074e+01   1.117190e-08   7.209798e-03   0.000000e+00   2355236
  1.090100e+01   1.116353e-08   6.239434e-03   0.000000e+00   2374170
  1.092126e+01   1.114242e-08   4.895028e-03   0.000000e+00   2373286
  1.094151e+01   1.112558e-08   7.422457e-03   0.000000e+00   2388010
  1.096173e+01   1.112682e-08   1.094941e-03   0.000000e+00   2383470
  1.098194e+01   1.110569e-08   4.810983e-03   0.000000e+00   2404994
  1.100219e+01   1.106908e-08   4.061045e-03   0.000000e+00   2408642
  1.102241e+01   1.107828e-08   6.064632e-03   0.000000e+00   2417640
  1.104267e+01   1.105539e-08   6.131150e-03   0.000000e+00   2434994
  1.106294e+01   1.104891e-08   6.789777e-03   0.000000e+00   2437998
  1.108319e+01   1.103651e-08   5.840834e-03   0.000000e+00   2448194
  1.110345e+01   1.102259e-08   0.000000e+00   0.000000e+00   2455890
  1.112367e+01   1.101852e-08   3.582686e-03   0.000000e+00   2461526
  1.114391e+01   1.100052e-08   6.327980e-03   0.000000e+00   2474034
  1.116413e+01   1.098883e-08   6.160760e-03   0.000000e+00   2476482
  1.118437e+01   1.096944e-08   4.826606e-03   0.000000e+00   2497256
  1.120465e+01   1.096003e-08   6.219659e-03   0.000000e+00   2502978
  1.122489e+01   1.095711e-08   2.657206e-03   0.000000e+00   2508422
  1.124513e+01   1.095353e-08   6.455351e-03   0.000000e+00   2518482
  1.126539e+01   1.093961e-08   8.075850e-03   0.000000e+00   2532074
  1.128561e+01   1.091714e-08   8.697010e-03   0.000000e+00   2526710
  1.130583e+01   1.090902e-08   6.772797e-03   0.000000e+00   2548986
  1.132607e+01   1.090957e-08   5.835060e-03   0.000000e+00   2551704
  1.134631e+01   1.088087e-08   4.546514e-03   0.000000e+00   2566226
  1.136656e+01   1.088484e-08   4.683679e-03   0.000000e+00   2573898
  1.138683e+01   1.087901e-08   5.019197e-03   0.000000e+00   2589182
  1.140707e+01   1.086976e-08   6.487534e-03   0.000000e+00   2584970
  1.142731e+01   1.087600e-08   5.053711e-03   0.000000e+00   2605110
  1.144756e+01   1.084999e-08   4.623626e-03   0.000000e+00   2606834
  1.146779e+01   1.084365e-08   4.743791e-03   0.000000e+00   2620770
  1.148803e+01   1.083929e-08   6.435416e-03   0.000000e+00   2626560
  1.150826e+01   1.083641e-08   6.222647e-03   0.000000e+00   2636762
  1.152850e+01   1.081298e-08   7.162839e-03   0.000000e+00   2647698
  1.154879e+01   1.082094e-08   5.545310e-03   0.000000e+00   2668166
  1.156906e+01   1.079803e-08   5.642137e-03   0.000000e+00   2660586
  1.158929e+01   1.080762e-08   5.650194e-03   0.000000e+00   2676494
  1.160950e+01   1.081647e-08   6.731221e-03   0.000000e+00   2674306
  1.162971e+01   1.079000e-08   4.748323e-03   0.000000e+00   2696980
  1.164997e+01   1.078518e-08   5.251523e-03   0.000000e+00   2703622
  1.167021e+01   1.076398e-08   7.799926e-03   0.000000e+00   2713186
  1.169045e+01   1.078986e-08   7.214130e-03   0.000000e+00   2718702
  1.171072e+01   1.078922e-08   6.975576e-03   0.000000e+00   2742194
  1.173097e+01   1.077122e-08   0.000000e+00   0.000000e+00   2733162
  1.175121e+01   1.076114e-08   4.169849e-03   0.000000e+00   2757590
  1.177145e+01   1.076548e-08   3.859548e-03   0.000000e+00   2752010
  1.179166e+01   1.078041e-08   7.517031e-03   0.000000e+00   2769036
  1.181192e+01   1.076105e-08   5.829311e-03   0.000000e+00   2783046
  1.183218e+01   1.076054e-08   0.000000e+00   0.000000e+00   2789378
  1.185243e+01   1.076322e-08   8.376147e-03   0.000000e+00   2799582
  1.187270e+01   1.076820e-08   6.025520e-03   0.000000e+00   2811170
  1.189294e+01   1.076903e-08   0.000000e+00   0.000000e+00   2812706
  1.191319e+01   1.076555e-08   5.542904e-03   0.000000e+00   2833254
  1.193342e+01   1.077613e-08   7.036342e-03   0.000000e+00   2827292
  1.195363e+01   1.077003e-08   7.444553e-03   0.000000e+00   2846838
  1.197387e+01   1.078024e-08   5.595846e-03   0.000000e+00   2846535
  1.199410e+01   1.082624e-08   6.258696e-03   0.000000e+00   2848496
  1.201435e+01   1.089576e-08   6.640701e-03   0.000000e+00   2841564
  1.203461e+01   1.094247e-08   7.481546e-03   0.000000e+00   2843000
  1.205486e+01   1.099201e-08   7.116709e-03   0.000000e+00   2826624
  1.207509e+01   1.102672e-08   7.335487e-03   0.000000e+00   2828732
  1.209533e+01   1.106402e-08   4.173137e-03   0.000000e+00   2819560
  1.211558e+01   1.111573e-08   5.483977e-03   0.000000e+00   2819284
  1.213581e+01   1.115254e-08   5.233153e-03   0.000000e+00   2805856
  1.215605e+01   1.118262e-08   6.760225e-03   0.000000e+00   2810440
  1.217630e+01   1.122225e-08   5.982743e-03   0.000000e+00   2800608
  1.219654e+01   1.125603e-08   7.544766e-03   0.000000e+00   2798144
  1.221678e+01   1.128616e-08   6.646588e-03   0.000000e+00   2787376
  1.223703e+01   1.129544e-08   7.436101e-03   0.000000e+00   2790616
  1.225729e+01   1.134014e-08   5.885358e-03   0.000000e+00   2779552
  1.227750e+01   1.134296e-08   6.693849e-03   0.000000e+00   2768452
  1.229772e+01   1.138508e-08   2.089383e-03   0.000000e+00   2771296
  1.231797e+01   1.139319e-08   3.223405e-03   0.000000e+00   2764924
  1.233823e+01   1.141257e-08   3.567936e-03   0.000000e+00   2762264
  1.235851e+01   1.141002e-08   7.163988e-03   0.000000e+00   2760216
  1.237874e+01   1.144447e-08   1.474698e-03   0.000000e+00   2737932
  1.239898e+01   1.145076e-08   8.011428e-03   0.000000e+00   2752280
  1.241923e+01   1.146828e-08   6.230880e-03   0.000000e+00   2728764
  1.243946e+01   1.147086e-08   6.088283e-03   0.000000e+00   2736368
  1.245969e+01   1.147673e-08   4.667265e-03   0.000000e+00   2719920
  1.247994e+01   1.147992e-08   9.076356e-03   0.000000e+00   2727152
  1.250019e+01   1.149345e-08   0.000000e+00   0.000000e+00   2708352
  1.252045e+01   1.149680e-08   0.000000e+00   0.000000e+00   2718584
  1.254069e+01   1.148508e-08   0.000000e+00   0.000000e+00   2694300
  1.256094e+01   1.150962e-08   8.640460e-03   0.000000e+00   2709440
  1.258119e+01   1.150200e-08   2.533739e-03   0.000000e+00   2682108
  1.260140e+01   1.149647e-08   4.531730e-03   0.000000e+00   2684912
  1.262163e+01   1.149470e-08   7.838600e-03   0.000000e+00   2678892
  1.264187e+01   1.149180e-08   5.993505e-03   0.000000e+00   2674748
  1.266212e+01   1.149429e-08   8.818504e-03   0.000000e+00   2670216
  1.268237e+01   1.148548e-08   5.886064e-03   0.000000e+00   2659436
  1.270261e+01   1.145263e-08   5.402407e-03   0.000000e+00   2659752
  1.272289e+01   1.146278e-08   6.008253e-03   0.000000e+00   2654300
  1.274313e+01   1.145168e-08   2.931023e-03   0.000000e+00   2640852
  1.276336e+01   1.142937e-08   4.644026e-03   0.000000e+00   2638124
  1.278359e+01   1.142134e-08   9.340922e-03   0.000000e+00   2628228
  1.280384e+01   1.140242e-08   3.634304e-03   0.000000e+00   2630936
  1.282410e+01   1.138510e-08   8.252505e-03   0.000000e+00   2619032
  1.284433e+01   1.138458e-08   5.014349e-03   0.000000e+00   2610804
  1.286458e+01   1.139033e-08   5.632096e-03   0.000000e+00   2609408
  1.288484e+01   1.135761e-08   7.685534e-03   0.000000e+00   2602764
  1.290506e+01   1.132570e-08   6.387571e-03   0.000000e+00   2588540
  1.292528e+01   1.132812e-08   9.376006e-03   0.000000e+00   2587836
  1.294551e+01   1.129550e-08   7.855106e-03   0.000000e+00   2579100
  1.296574e+01   1.126216e-08   4.607364e-03   0.000000e+00   2574128
  1.298598e+01   1.124750e-08   4.629053e-03   0.000000e+00   2567588
  1.300625e+01   1.122592e-08   7.502653e-03   0.000000e+00   2572956
  1.302652e+01   1.120791e-08   6.666134e-03   0.000000e+00   2550552
  1.304675e+01   1.119746e-08   7.460969e-03   0.000000e+00   2552084
  1.306699e+01   1.114962e-08   4.628316e-03   0.000000e+00   2539404
  1.308724e+01   1.111736e-08   0.000000e+00   0.000000e+00   2541152
  1.310750e+01   1.110017e-08   8.363186e-03   0.000000e+00   2528016
  1.312773e+01   1.106293e-08   5.456232e-03   0.000000e+00   2521496
  1.314798e+01   1.104648e-08   6.606857e-03   0.000000e+00   2518092
  1.316824e+01   1.100916e-08   2.080404e-03   0.000000e+00   2511632
  1.318848e+01   1.098927e-08   0.000000e+00   0.000000e+00   2500140
  1.320872e+01   1.094988e-08   5.837750e-03   0.000000e+00   2496980
  1.322896e+01   1.093416e-08   6.683622e-03   0.000000e+00   2487428
  1.324922e+01   1.088040e-08   7.138400e-03   0.000000e+00   2486496
  1.326945e+01   1.085989e-08   1.072311e-02   0.000000e+00   2469840
  1.328968e+01   1.082961e-08   7.422347e-03   0.000000e+00   2469656
  1.330992e+01   1.079215e-08   2.709098e-03   0.000000e+00   2457036
  1.333018e+01   1.076253e-08   4.979225e-03   0.000000e+00   2462684
  1.335044e+01   1.074277e-08   4.249850e-03   0.000000e+00   2442384
  1.337066e+01   1.072214e-08   4.662299e-03   0.000000e+00   2441696
  1.339091e+01   1.067025e-08   2.756069e-03   0.000000e+00   2431164
  1.341114e+01   1.063001e-08   0.000000e+00   0.000000e+00   2423696
  1.343138e+01   1.058674e-08   8.687378e-03   0.000000e+00   2421336
  1.345164e+01   1.054325e-08   5.375221e-03   0.000000e+00   2412992
  1.347188e+01   1.051922e-08   4.609934e-03   0.000000e+00   2402732
  1.349211e+01   1.049354e-08   7.653958e-03   0.000000e+00   2396124
  1.351235e+01   1.046778e-08   6.506958e-03   0.000000e+00   2388480
  1.353261e+01   1.041726e-08   5.953390e-03   0.000000e+00   2387060
  1.355285e+01   1.038894e-08   6.252553e-03   0.000000e+00   2370268
  1.357306e+01   1.036166e-08   7.062103e-03   0.000000e+00   2363776
  1.359329e+01   1.031356e-08   5.365338e-03   0.000000e+00   2360176
  1.361354e+01   1.026802e-08   5.465271e-03   0.000000e+00   2356360
  1.363379e+01   1.024161e-08   5.671486e-03   0.000000e+00   2343240
  1.365404e+01   1.020090e-08   5.049481e-03   0.000000e+00   2340248
  1.367427e+01   1.017948e-08   6.262491e-03   0.000000e+00   2325000
  1.369452e+01   1.013098e-08   4.914753e-03   0.000000e+00   2328632
  1.371478e+01   1.008742e-08   7.400940e-03   0.000000e+00   2313100
  1.373503e+01   1.005280e-08   6.412803e-03   0.000000e+00   2310892
  1.375527e+01   1.001341e-08   7.184434e-03   0.000000e+00   2295420
  1.377551e+01   9.981535e-09   7.044437e-03   0.000000e+00   2293592
  1.379574e+01   9.930871e-09   5.704240e-03   0.000000e+00   2281400
  1.381602e+01   9.896574e-09   6.992128e-03   0.000000e+00   2285760
  1.383626e+01   9.859541e-09   3.622143e-03   0.000000e+00   2259408
  1.385650e+01   9.817017e-09   0.000000e+00   0.000000e+00   2266808
  1.387675e+01   9.779834e-09   6.962518e-03   0.000000e+00   2249348
  1.389698e+01   9.753226e-09   4.436476e-03   0.000000e+00   2244732
  1.391721e+01   9.703625e-09   8.403136e-03   0.000000e+00   2233908
  1.393745e+01   9.666977e-09   2.708709e-03   0.000000e+00   2231660
  1.395770e+01   9.632268e-09   5.845142e-03   0.000000e+00   2218736
  1.397796e+01   9.584902e-09   4.373524e-03   0.000000e+00   2217984
  1.399821e+01   9.540172e-09   8.528580e-03   0.000000e+00   2203300
  1.401845e+01   9.516715e-09   6.479813e-03   0.000000e+00   2197072
  1.403867e+01   9.478730e-09   0.000000e+00   0.000000e+00   2181992
  1.405890e+01   9.423601e-09   4.519517e-03   0.000000e+00   2183664
  1.407917e+01   9.392059e-09   6.735140e-03   0.000000e+00   2173464
  1.409942e+01   9.362426e-09   0.000000e+00   0.000000e+00   2165396
  1.411966e+01   9.303982e-09   3.161664e-03   0.000000e+00   2152784
  1.413990e+01   9.278486e-09   7.907243e-03   0.000000e+00   2147532
  1.416014e+01   9.224246e-09   2.269648e-03   0.000000e+00   2139588
  1.418041e+01   9.191601e-09   4.101103e-03   0.000000e+00   2135432
  1.420062e+01   9.166840e-09   5.462706e-03   0.000000e+00   2109256
  1.422082e+01   9.104510e-09   5.925875e-03   0.000000e+00   2117296
  1.424109e+01   9.069032e-09   4.525564e-03   0.000000e+00   2106252
  1.426134e+01   9.038573e-09   7.296984e-03   0.000000e+00   2099096
  1.428160e+01   9.003135e-09   7.255894e-03   0.000000e+00   2088384
  1.430184e+01   8.962369e-09   8.190966e-03   0.000000e+00   2078480
  1.432207e+01   8.913692e-09   5.425997e-03   0.000000e+00   2069016
  1.434232e+01   8.865711e-09   3.625595e-03   0.000000e+00   2064836
  1.436258e+01   8.848406e-09   0.000000e+00   0.000000e+00   2055420
  1.438282e+01   8.814722e-09   3.215656e-03   0.000000e+00   2043224
  1.440304e+01   8.781518e-09   8.061468e-03   0.000000e+00   2032260
  1.442330e+01   8.735839e-09   7.695527e-03   0.000000e+00   2034152
  1.444357e+01   8.704918e-09   4.214587e-03   0.000000e+00   2017644
  1.446381e+01   8.653974e-09   9.492648e-03   0.000000e+00   2010284
  1.448404e+01   8.625210e-09   1.086153e-03   0.000000e+00   1996540
  1.450426e+01   8.579061e-09   7.306404e-03   0.000000e+00   1992832
  1.452450e+01   8.541120e-09   8.143169e-03   0.000000e+00   1982400
  1.454473e+01   8.513021e-09   1.545550e-03   0.000000e+00   1972256
  1.456496e+01   8.486561e-09   7.350246e-03   0.000000e+00   1964352
  1.458522e+01   8.440239e-09   6.246056e-03   0.000000e+00   1958576
  1.460547e+01   8.399201e-09   4.225194e-03   0.000000e+00   1946940
  1.462573e+01   8.349804e-09   7.825983e-03   0.000000e+00   1942580
  1.464597e+01   8.332011e-09   1.053109e-02   0.000000e+00   1921740
  1.466620e+01   8.311205e-09   2.395854e-03   0.000000e+00   1923956
  1.468645e+01   8.258482e-09   6.822988e-03   0.000000e+00   1907896
  1.470671e+01   8.224122e-09   8.756781e-03   0.000000e+00   1906888
  1.472695e+01   8.176401e-09   7.836127e-03   0.000000e+00   1886160
  1.474717e+01   8.163354e-09   6.249308e-03   0.000000e+00   1883120
  1.476742e+01   8.128908e-09   2.121165e-03   0.000000e+00   1875140
  1.478769e+01   8.077080e-09   6.622550e-03   0.000000e+00   1865652
  1.480793e+01   8.059844e-09   7.015728e-03   0.000000e+00   1853268
  1.482818e+01   8.030757e-09   6.217084e-03   0.000000e+00   1847180
  1.484840e+01   7.990618e-09   8.548537e-03   0.000000e+00   1829604
  1.486863e+01   7.952322e-09   3.931365e-03   0.000000e+00   1829720
  1.488889e+01   7.926728e-09   7.491203e-03   0.000000e+00   1817184
  1.490913e+01   7.876878e-09   6.532292e-03   0.000000e+00   1806320
  1.492936e+01   7.868990e-09   4.605763e-03   0.000000e+00   1795536
  1.494961e+01   7.823299e-09   7.136326e-03   0.000000e+00   1791548
  1.496987e+01   7.780216e-09   5.864225e-03   0.000000e+00   1777512
  1.499012e+01   7.749181e-09   0.000000e+00   0.000000e+00   1769984
  1.501035e+01   7.722423e-09   7.682244e-03   0.000000e+00   1756248
  1.503058e+01   7.710849e-09   8.528654e-03   0.000000e+00   1749248
  1.505083e+01   7.656116e-09   6.180607e-03   0.000000e+00   1739928
  1.507109e+01   7.623960e-09   6.896099e-03   0.000000e+00   1732148
  1.509133e+01   7.595720e-09   6.009223e-03   0.000000e+00   1716964
  1.511157e+01   7.583655e-09   5.767987e-03   0.000000e+00   1712164
  1.513183e+01   7.530256e-09   8.781752e-03   0.000000e+00   1698332
  1.515208e+01   7.495998e-09   9.104052e-03   0.000000e+00   1694100
  1.517232e+01   7.474950e-09   0.000000e+00   0.000000e+00   1675412
  1.519254e+01   7.452496e-09   7.462930e-03   0.000000e+00   1670436
  1.521276e+01   7.422819e-09   4.262959e-03   0.000000e+00   1655532
  1.523302e+01   7.383023e-09   9.396304e-03   0.000000e+00   1656860
  1.525328e+01   7.362753e-09   2.745918e-03   0.000000e+00   1636484
  1.527353e+01   7.340321e-09   3.681726e-03   0.000000e+00   1633212
  1.529376e+01   7.320756e-09   5.467015e-03   0.000000e+00   1614044
  1.531400e+01   7.277278e-09   4.166881e-03   0.000000e+00   1612980
  1.533425e+01   7.247223e-09   8.225499e-03   0.000000e+00   1597036
  1.535449e+01   7.213073e-09   6.216682e-03   0.000000e+00   1590676
  1.537473e+01   7.202564e-09   4.227419e-03   0.000000e+00   1575812
  1.539495e+01   7.176655e-09   4.637611e-03   0.000000e+00   1566156
  1.541520e+01   7.136683e-09   7.265804e-03   0.000000e+00   1560980
  1.543547e+01   7.119423e-09   7.596732e-03   0.000000e+00   1549404
  1.545570e+01   7.096199e-09   0.000000e+00   0.000000e+00   1532436
  1.547592e+01   7.081846e-09   6.945510e-03   0.000000e+00   1527524
  1.549617e+01   7.051330e-09   7.732126e-03   0.000000e+00   1515204
  1.551641e+01   7.015498e-09   0.000000e+00   0.000000e+00   1506452
  1.553667e+01   7.009763e-09   2.426397e-03   0.000000e+00   1495116
  1.555688e+01   6.974575e-09   6.706614e-03   0.000000e+00   1479152
  1.557710e+01   6.955066e-09   0.000000e+00   0.000000e+00   1475400
  1.559739e+01   6.916511e-09   3.362690e-03   0.000000e+00   1467932
  1.561766e+01   6.894743e-09   7.222280e-03   0.000000e+00   1451256
  1.563791e+01   6.890117e-09   0.000000e+00   0.000000e+00   1443212
  1.565813e+01   6.865987e-09   5.990964e-03   0.000000e+00   1425648
  1.567836e+01   6.835406e-09   8.164681e-03   0.000000e+00   1423004
  1.569862e+01   6.820509e-09   5.235060e-03   0.000000e+00   1408632
  1.571887e+01   6.814039e-09   7.871514e-03   0.000000e+00   1400984
  1.573911e+01   6.795243e-09   7.793626e-03   0.000000e+00   1383180
  1.575934e+01   6.766948e-09   8.637480e-03   0.000000e+00   1378136
  1.577960e+01   6.735672e-09   9.147355e-03   0.000000e+00   1367136
  1.579987e+01   6.721951e-09   5.203231e-03   0.000000e+00   1356716
  1.582008e+01   6.692465e-09   5.668757e-03   0.000000e+00   1336908
  1.584028e+01   6.683548e-09   0.000000e+00   0.000000e+00   1332620
  1.586053e+01   6.663086e-09   6.502751e-03   0.000000e+00   1321748
  1.588079e+01   6.638711e-09   3.119825e-03   0.000000e+00   1312764
  1.590103e+01   6.636822e-09   0.000000e+00   0.000000e+00   1296636
  1.592129e+01   6.600910e-09   6.590995e-03   0.000000e+00   1291472
  1.594153e+01   6.606502e-09   1.091460e-02   0.000000e+00   1272768
  1.596177e+01   6.574167e-09   6.569763e-03   0.000000e+00   1269080
  1.598204e+01   6.562603e-09   7.477303e-03   0.000000e+00   1253696
  1.600227e+01   6.541614e-09   9.320786e-03   0.000000e+00   1241616
  1.602246e+01   6.546627e-09   7.098649e-03   0.000000e+00   1226712
  1.604272e+01   6.498274e-09   8.608783e-03   0.000000e+00   1226228
  1.606300e+01   6.498547e-09   6.464842e-03   0.000000e+00   1207848
  1.608325e+01   6.488185e-09   3.759548e-03   0.000000e+00   1198256
  1.610347e+01   6.479204e-09   6.912130e-03   0.000000e+00   1181516
  1.612371e+01   6.456200e-09   0.000000e+00   0.000000e+00   1177980
  1.614397e+01   6.450423e-09   2.894685e-03   0.000000e+00   1161756
  1.616419e+01   6.418133e-09   6.241432e-03   0.000000e+00   1150148
  1.618443e+01   6.406998e-09   4.979964e-03   0.000000e+00   1138848
  1.620466e+01   6.400552e-09   0.000000e+00   0.000000e+00   1126748
  1.622490e+01   6.373362e-09   2.667126e-03   0.000000e+00   1117652
  1.624519e+01   6.360917e-09   0.000000e+00   0.000000e+00   1107888
  1.626544e+01   6.354766e-09   4.806214e-03   0.000000e+00   1090964
  1.628567e+01   6.348058e-09   4.932210e-03   0.000000e+00   1080684
  1.630588e+01   6.343441e-09   8.854004e-03   0.000000e+00   1065660
  1.632613e+01   6.315934e-09   0.000000e+00   0.000000e+00   1061996
  1.634641e+01   6.310223e-09   4.915276e-03   0.000000e+00   1044320
  1.636664e+01   6.320374e-09   9.572374e-03   0.000000e+00   1034640
  1.638689e+01   6.312086e-09   5.228793e-03   0.000000e+00   1019172
  1.640714e+01   6.281986e-09   4.651295e-03   0.000000e+00   1013948
  1.642741e+01   6.273464e-09   1.062673e-02   0.000000e+00   996376
  1.644765e+01   6.275832e-09   0.000000e+00   0.000000e+00   985288
  1.646784e+01   6.285971e-09   0.000000e+00   0.000000e+00   969596
  1.648809e+01   6.233345e-09   9.551552e-03   0.000000e+00   964980
  1.650834e+01   6.230733e-09   7.697579e-03   0.000000e+00   947252
  1.652857e+01   6.250814e-09   9.282288e-03   0.000000e+00   939060
  1.654882e+01   6.268531e-09   6.433300e-03   0.000000e+00   922328
  1.656905e+01   6.222420e-09   2.823516e-03   0.000000e+00   913788
  1.658932e+01   6.209454e-09   1.054211e-02   0.000000e+00   902812
  1.660959e+01   6.220453e-09   7.476300e-03   0.000000e+00   888544
  1.662981e+01   6.219267e-09   8.926515e-03   0.000000e+00   872948
  1.665001e+01   6.212186e-09   0.000000e+00   0.000000e+00   862440
  1.667025e+01   6.191254e-09   5.100084e-03   0.000000e+00   851760
  1.669054e+01   6.198706e-09   8.929578e-04   0.000000e+00   841940
  1.671078e+01   6.204608e-09   5.199542e-03   0.000000e+00   822984
  1.673102e+01   6.211073e-09   4.675028e-03   0.000000e+00   816092
  1.675127e+01   6.190821e-09   0.000000e+00   0.000000e+00   799284
  1.677151e+01   6.189203e-09   9.817553e-03   0.000000e+00   791312
  1.679175e+01   6.200607e-09   5.155896e-03   0.000000e+00   772524
  1.681194e+01   6.178931e-09   5.838754e-03   0.000000e+00   762896
  1.683218e+01   6.192885e-09   4.014499e-03   0.000000e+00   750876
  1.685244e+01   6.169672e-09   5.661255e-03   0.000000e+00   739280
  1.687268e+01   6.199223e-09   6.298869e-03   0.000000e+00   724840
  1.689295e+01   6.162769e-09   4.282393e-03   0.000000e+00   714484
  1.691316e+01   6.177328e-09   6.908234e-03   0.000000e+00   695868
  1.693340e+01   6.169704e-09   9.098095e-03   0.000000e+00   691013
  1.695367e+01   6.170725e-09   6.383660e-03   0.000000e+00   673486
  1.697390e+01   6.143528e-09   7.820735e-03   0.000000e+00   666244
  1.699413e+01   6.157492e-09   5.794321e-03   0.000000e+00   651008
  1.701436e+01   6.125388e-09   0.000000e+00   0.000000e+00   644820
  1.703462e+01   6.105513e-09   0.000000e+00   0.000000e+00   632636
  1.705488e+01   6.061025e-09   8.517651e-03   0.000000e+00   625002
  1.707511e+01   6.043325e-09   5.344497e-03   0.000000e+00   611208
  1.709538e+01   5.995575e-09   0.000000e+00   0.000000e+00   607328
  1.711563e+01   5.969791e-09   0.000000e+00   0.000000e+00   592272
  1.713586e+01   5.940367e-09   0.000000e+00   0.000000e+00   587504
  1.715611e+01   5.915852e-09   9.798959e-03   0.000000e+00   575466
  1.717634e+01   5.874913e-09   0.000000e+00   5.961625e-12   568274
  1.719660e+01   5.859754e-09   0.000000e+00   5.978323e-12   559518
  1.721686e+01   5.797958e-09   5.247450e-03   5.996079e-12   551618
  1.723712e+01   5.777644e-09   4.901820e-03   6.031129e-12   542364
  1.725736e+01   5.707404e-09   7.671600e-03   6.024605e-12   534146
  1.727758e+01   5.697209e-09   9.472268e-03   6.053668e-12   525076
  1.729785e+01   5.625789e-09   0.000000e+00   6.037002e-12   519868
  1.731806e+01   5.634095e-09   4.203146e-03   6.114315e-12   507108
  1.733830e+01   5.563330e-09   3.341651e-03   6.090678e-12   504992
  1.735855e+01   5.531163e-09   9.997235e-03   6.118638e-12   492636
  1.737880e+01   5.484278e-09   0.000000e+00   6.091478e-12   490052
  1.739906e+01   5.441719e-09   2.430764e-03   6.150388e-12   477708
  1.741928e+01   5.389275e-09   1.357122e-03   6.115451e-12   473852
  1.743953e+01   5.363049e-09   1.195426e-02   6.149281e-12   464174
  1.745976e+01   5.297668e-09   5.082192e-03   6.107735e-12   459096
  1.747999e+01   5.267684e-09   7.398254e-03   6.172896e-12   449582
  1.750023e+01   5.216350e-09   1.285310e-02   6.164819e-12   445812
  1.752045e+01   5.176853e-09   7.443273e-03   6.180368e-12   435134
  1.754072e+01   5.133933e-09   3.903764e-03   6.152724e-12   433590
  1.756096e+01   5.067859e-09   0.000000e+00   6.148959e-12   421070
  1.758119e+01   5.035820e-09   0.000000e+00   6.166589e-12   419940
  1.760147e+01   4.968722e-09   6.406977e-03   6.130362e-12   409714
  1.762167e+01   4.910721e-09   0.000000e+00   6.129672e-12   404182
  1.764191e+01   4.906624e-09   5.498759e-03   6.179623e-12   398518
  1.766218e+01   4.812113e-09   7.084288e-03   6.106003e-12   392302
  1.768242e+01   4.798579e-09   6.993168e-03   6.134942e-12   385486
  1.770271e+01   4.744051e-09   6.041208e-03   6.126549e-12   381550
  1.772293e+01   4.685722e-09   0.000000e+00   6.144972e-12   370826
  1.774317e+01   4.631409e-09   0.000000e+00   6.094212e-12   370014
  1.776343e+01   4.592781e-09   6.040763e-03   6.121800e-12   359910
  1.778365e+01   4.535506e-09   1.000572e-02   6.060482e-12   357416
  1.780388e+01   4.506013e-09   1.003638e-02   6.130596e-12   348174
  1.782411e+01   4.427940e-09   9.867761e-03   6.026592e-12   346010
  1.784435e+01   4.418517e-09   9.323373e-03   6.102883e-12   337094
  1.786462e+01   4.334825e-09   1.046784e-02   5.972561e-12   336360
  1.788488e+01   4.307112e-09   6.183343e-03   6.054925e-12   325206
  1.790511e+01   4.246232e-09   1.162841e-02   6.008055e-12   324614
  1.792534e+01   4.196889e-09   6.495060e-03   6.014976e-12   314760
  1.794558e+01   4.139757e-09   3.182387e-03   5.970959e-12   314114
  1.796581e+01   4.107958e-09   7.764277e-03   6.007810e-12   303918
  1.798604e+01   4.046187e-09   0.000000e+00   5.954338e-12   303872
  1.800632e+01   4.012784e-09   5.370403e-03   5.971140e-12   295062
  1.802657e+01   3.942353e-09   8.029338e-03   5.886408e-12   292784
  1.804682e+01   3.915410e-09   0.000000e+00   5.916907e-12   285198
  1.806704e+01   3.853849e-09   0.000000e+00   5.875117e-12   282068
  1.808729e+01   3.813149e-09   0.000000e+00   5.843805e-12   275958
  1.810752e+01   3.749386e-09   9.854920e-03   5.830929e-12   272072
  1.812774e+01   3.712044e-09   5.132524e-03   5.802718e-12   266352
  1.814799e+01   3.653610e-09   1.644306e-03   5.779111e-12   263198
  1.816822e+01   3.627799e-09   7.583947e-03   5.811460e-12   256524
  1.818849e+01   3.558011e-09   5.722108e-03   5.754849e-12   254774
  1.820872e+01   3.514395e-09   4.972812e-03   5.731441e-12   246888
  1.822897e+01   3.474814e-09   0.000000e+00   5.718554e-12   245984
  1.824921e+01   3.425112e-09   9.430435e-04   5.696683e-12   237822
  1.826945e+01   3.348189e-09   0.000000e+00   5.588930e-12   236948
  1.828968e+01   3.331915e-09   0.000000e+00   5.642580e-12   229296
  1.830995e+01   3.278748e-09   3.348449e-03   5.544213e-12   228968
  1.833021e+01   3.241391e-09   1.085954e-02   5.588194e-12   220894
  1.835047e+01   3.168685e-09   7.794413e-03   5.491230e-12   220408
  1.837072e+01   3.151577e-09   9.940898e-04   5.540419e-12   212400
  1.839097e+01   3.075647e-09   2.633592e-03   5.428323e-12   212228
  1.841122e+01   3.058268e-09   9.509093e-03   5.485574e-12   204502
  1.843147e+01   2.983176e-09   4.608279e-03   5.375602e-12   203944
  1.845169e+01   2.970348e-09   7.756364e-03   5.432323e-12   196272
  1.847192e+01   2.895576e-09   7.046565e-03   5.312511e-12   196280
  1.849216e+01   2.859732e-09   5.292309e-03   5.327750e-12   188604
  1.851237e+01   2.807882e-09   6.611742e-03   5.274142e-12   188408
  1.853261e+01   2.779817e-09   1.955217e-03   5.270840e-12   181566
  1.855285e+01   2.717155e-09   5.719424e-03   5.186919e-12   180920
  1.857308e+01   2.687960e-09   7.123977e-03   5.218823e-12   174304
  1.859332e+01   2.635363e-09   0.000000e+00   5.147448e-12   173620
  1.861356e+01   2.608482e-09   7.560166e-03   5.180046e-12   167432
  1.863384e+01   2.524894e-09   5.547625e-03   5.030624e-12   166944
  1.865405e+01   2.513525e-09   9.611190e-03   5.125269e-12   159704
  1.867431e+01   2.448891e-09   6.596643e-03   4.977777e-12   160464
  1.869455e+01   2.429569e-09   5.456472e-03   5.042564e-12   152756
  1.871479e+01   2.365527e-09   9.148054e-03   4.943979e-12   153912
  1.873503e+01   2.332917e-09   9.857086e-03   4.936939e-12   146024
  1.875525e+01   2.286940e-09   1.548462e-02   4.836235e-12   147168
  1.877550e+01   2.252233e-09   9.024148e-03   4.890702e-12   140000
  1.879574e+01   2.200732e-09   0.000000e+00   4.780997e-12   140580
  1.881599e+01   2.172847e-09   8.261644e-03   4.782829e-12   134112
  1.883624e+01   2.120128e-09   1.334981e-02   4.744733e-12   134264
  1.885649e+01   2.089826e-09   8.505010e-03   4.739513e-12   128000
  1.887674e+01   2.035442e-09   1.086635e-02   4.622930e-12   128124
  1.889701e+01   2.012643e-09   7.214524e-03   4.631347e-12   122472
  1.891725e+01   1.944604e-09   1.089529e-02   4.511166e-12   121808
  1.893748e+01   1.933180e-09   3.056711e-03   4.584338e-12   116592
  1.895770e+01   1.862122e-09   0.000000e+00   4.419143e-12   116072
  1.897794e+01   1.849504e-09   1.146420e-02   4.451501e-12   111156
  1.899821e+01   1.792312e-09   0.000000e+00   4.365468e-12   110864
  1.901846e+01   1.783808e-09   0.000000e+00   4.414583e-12   105464
  1.903872e+01   1.714159e-09   6.016759e-03   4.265013e-12   105738
  1.905896e+01   1.698999e-09   8.500176e-03   4.306715e-12   99824
  1.907920e+01   1.642922e-09   0.000000e+00   4.196062e-12   100452
  1.909941e+01   1.621717e-09   1.071598e-02   4.210865e-12   94608
  1.911966e+01   1.562154e-09   5.764544e-03   4.090644e-12   95456
  1.913988e+01   1.562586e-09   1.114729e-02   4.180290e-12   89688
  1.916015e+01   1.499438e-09   8.916494e-03   4.023049e-12   90632
  1.918036e+01   1.484939e-09   7.959122e-03   4.127446e-12   84558
  1.920061e+01   1.418834e-09   5.558979e-03   3.883701e-12   86096
  1.922083e+01   1.406150e-09   6.308943e-03   3.958519e-12   79632
  1.924103e+01   1.358183e-09   1.111553e-02   3.817755e-12   81416
  1.926128e+01   1.336909e-09   8.867579e-03   3.881868e-12   75348
  1.928149e+01   1.283394e-09   0.000000e+00   3.749439e-12   76712
  1.930175e+01   1.272076e-09   1.095667e-02   3.812335e-12   71322
  1.932200e+01   1.223621e-09   3.982644e-03   3.633724e-12   72248
  1.934226e+01   1.207139e-09   0.000000e+00   3.690557e-12   67152
  1.936250e+01   1.145444e-09   0.000000e+00   3.497617e-12   67844
  1.938270e+01   1.137211e-09   0.000000e+00   3.588850e-12   62976
  1.940296e+01   1.095469e-09   0.000000e+00   3.478059e-12   63914
  1.942314e+01   1.079620e-09   0.000000e+00   3.463219e-12   58824
  1.944340e+01   1.030318e-09   1.161995e-02   3.374989e-12   60116
  1.946357e+01   1.029628e-09   0.000000e+00   3.467777e-12   54888
  1.948394e+01   9.686203e-10   0.000000e+00   3.240466e-12   57002
  1.950416e+01   9.600075e-10   0.000000e+00   3.401893e-12   50760
  1.952443e+01   9.057237e-10   9.601858e-03   3.162031e-12   53312
  1.954465e+01   9.109836e-10   8.541178e-03   3.297130e-12   47124
  1.956490e+01   8.481300e-10   0.000000e+00   3.007192e-12   49850
  1.958513e+01   8.535881e-10   1.135259e-02   3.218047e-12   43680
  1.960533e+01   8.027058e-10   2.509001e-03   3.006403e-12   46328
  1.962562e+01   7.909686e-10   0.000000e+00   3.135118e-12   40686
  1.964585e+01   7.430815e-10   8.365068e-03   2.849939e-12   42992
  1.966616e+01   7.361427e-10   5.873739e-03   3.015824e-12   37656
  1.968634e+01   6.948723e-10   5.261676e-03   2.769338e-12   39578
  1.970666e+01   6.849332e-10   7.048164e-03   2.887320e-12   34928
  1.972684e+01   6.478977e-10   4.994282e-03   2.704521e-12   36300
  1.974709e+01   6.375939e-10   3.306492e-03   2.877549e-12   32136
  1.976731e+01   5.899366e-10   1.176821e-02   2.614733e-12   33362
  1.978748e+01   5.918822e-10   9.751893e-03   2.761645e-12   29336
  1.980778e+01   5.433815e-10   8.832630e-03   2.524060e-12   30804
  1.982789e+01   5.425090e-10   8.445670e-03   2.619381e-12   26490
  1.984822e+01   4.930036e-10   1.039992e-02   2.348839e-12   28376
  1.986828e+01   4.928953e-10   6.896210e-03   2.521022e-12   23792
  1.988868e+01   4.490108e-10   0.000000e+00   2.240367e-12   26142
  1.990869e+01   4.468799e-10   4.485049e-03   2.390316e-12   21192
  1.992915e+01   4.084328e-10   1.049211e-03   2.142688e-12   24050
  1.994917e+01   4.122770e-10   9.719715e-03   2.348674e-12   18768
  1.996969e+01   3.691013e-10   7.383984e-03   1.954401e-12   22052
  1.998968e+01   3.699118e-10   7.545092e-03   2.297064e-12   16346
  2.001016e+01   3.311399e-10   1.153589e-02   1.837159e-12   20136
  2.003017e+01   3.348885e-10   0.000000e+00   2.196450e-12   14168
  2.005058e+01   2.911036e-10   6.204963e-03   1.661979e-12   18210
  2.007060e+01   3.002928e-10   0.000000e+00   2.117233e-12   12204
  2.009093e+01   2.644534e-10   1.026748e-02   1.612311e-12   16346
  2.011106e+01   2.624802e-10   0.000000e+00   2.002159e-12   10536
  2.013130e+01   2.269032e-10   7.412730e-03   1.480607e-12   14456
  2.015140e+01   2.373413e-10   0.000000e+00   1.973605e-12   8982
  2.017164e+01   1.984013e-10   4.647280e-03   1.375178e-12   12752
  2.019169e+01   2.066511e-10   0.000000e+00   1.921286e-12   7506
  2.021194e+01   1.749399e-10   6.043511e-03   1.257135e-12   11192
  2.023195e+01   1.726138e-10   0.000000e+00   1.672051e-12   6156
  2.025219e+01   1.506400e-10   4.777050e-03   1.177395e-12   9722
  2.027226e+01   1.486685e-10   7.029559e-03   1.718093e-12   5000
  2.029244e+01   1.277328e-10   5.255756e-03   1.077539e-12   8298
  2.031257e+01   1.239713e-10   7.521660e-03   1.503689e-12   3996
  2.033264e+01   1.029855e-10   6.334525e-03   9.545785e-13   6938
  2.035289e+01   9.767941e-11   0.000000e+00   1.362832e-12   3168
  2.037278e+01   8.699470e-11   0.000000e+00   8.984436e-13   5624
  2.039310e+01   8.043065e-11   0.000000e+00   1.238014e-12   2502
  2.041289e+01   7.001414e-11   1.247483e-02   8.028743e-13   4424
  2.043327e+01   6.090688e-11   0.000000e+00   1.096954e-12   1938
  2.045304e+01   5.308818e-11   8.534864e-03   7.410953e-13   3368
  2.047348e+01   4.429569e-11   0.000000e+00   8.691347e-13   1446
  2.049321e+01   3.802595e-11   1.147057e-02   5.927885e-13   2456
  2.051373e+01   3.216277e-11   0.000000e+00   7.763158e-13   1026
  2.053341e+01   2.781089e-11   8.156619e-03   5.703724e-13   1688
  2.055402e+01   2.316110e-11   0.000000e+00   6.933834e-13   678
  2.057360e+01   1.735362e-11   0.000000e+00   3.973462e-13   1064
  2.059435e+01   1.393201e-11   0.000000e+00   5.491559e-13   402
  2.061375e+01   9.884682e-12   1.823273e-03   3.201587e-13   584
  2.063473e+01   5.958468e-12   3.988234e-03   2.712396e-13   198
  2.065374e+01   3.859896e-12   0.000000e+00   1.843902e-13   248
  2.067514e+01   2.124367e-12   0.000000e+00   2.316078e-13   66
  2.069296e+01   1.135065e-12   0.000000e+00   1.011377e-13   56
  2.071559e+01   1.448304e-13   3.507464e-03   7.611471e-14   6
