# power spectrum of theta (div v)
# redshift z=1.390000
# k              Pk             sigma(k)       sigma(Pk)      count
  2.982968e-02   2.682448e-10   4.564224e-03   2.782964e-11   18
  5.214475e-02   9.388913e-10   5.520388e-03   4.234596e-11   62
  7.257506e-02   1.937882e-09   3.818960e-03   6.207465e-11   90
  9.191687e-02   2.573500e-09   6.027119e-03   6.546916e-11   170
  1.120458e-01   3.347743e-09   6.264555e-03   8.775950e-11   246
  1.317012e-01   4.622694e-09   5.972299e-03   1.114977e-10   338
  1.510985e-01   5.260421e-09   5.134501e-03   1.298952e-10   432
  1.710768e-01   6.504837e-09   5.260284e-03   1.500710e-10   578
  1.923993e-01   7.364620e-09   6.288329e-03   1.680889e-10   810
  2.138999e-01   7.930572e-09   6.017474e-03   1.848593e-10   950
  2.337991e-01   9.351774e-09   5.371822e-03   2.168745e-10   1002
  2.536950e-01   1.026016e-08   6.143628e-03   2.170937e-10   1334
  2.738285e-01   1.123696e-08   5.753562e-03   2.387857e-10   1410
  2.929949e-01   1.189533e-08   5.748293e-03   2.438017e-10   1652
  3.130282e-01   1.250740e-08   5.672880e-03   2.466179e-10   1974
  3.335851e-01   1.350140e-08   5.560270e-03   2.567483e-10   2234
  3.541988e-01   1.480784e-08   5.849526e-03   2.667773e-10   2554
  3.751486e-01   1.460377e-08   6.122142e-03   2.532804e-10   2950
  3.956655e-01   1.528904e-08   5.730505e-03   2.613339e-10   3042
  4.155890e-01   1.582193e-08   5.843993e-03   2.678503e-10   3422
  4.353725e-01   1.689532e-08   5.640077e-03   2.788163e-10   3618
  4.552924e-01   1.742953e-08   5.871737e-03   2.676195e-10   4172
  4.755514e-01   1.862076e-08   5.680256e-03   2.815435e-10   4470
  4.959172e-01   1.920767e-08   5.804732e-03   2.762560e-10   4970
  5.163564e-01   2.043459e-08   5.831639e-03   2.754668e-10   5334
  5.368078e-01   2.034592e-08   5.989903e-03   2.634475e-10   5810
  5.570155e-01   2.147974e-08   5.951509e-03   2.682687e-10   6114
  5.773560e-01   2.147173e-08   6.064428e-03   2.570143e-10   6782
  5.971853e-01   2.299737e-08   5.532370e-03   2.828253e-10   6684
  6.168389e-01   2.288034e-08   5.718075e-03   2.683039e-10   7574
  6.372191e-01   2.374364e-08   5.775318e-03   2.586989e-10   8154
  6.575339e-01   2.413775e-08   5.745608e-03   2.512769e-10   8618
  6.781877e-01   2.463253e-08   6.021480e-03   2.478383e-10   9494
  6.986492e-01   2.526195e-08   5.809132e-03   2.580164e-10   9618
  7.188365e-01   2.600562e-08   5.901485e-03   2.531713e-10   10306
  7.391241e-01   2.653911e-08   5.955349e-03   2.482699e-10   10942
  7.593476e-01   2.696780e-08   5.814609e-03   2.487280e-10   11452
  7.795524e-01   2.706128e-08   5.712647e-03   2.469489e-10   12046
  7.995822e-01   2.726618e-08   5.613036e-03   2.454705e-10   12522
  8.198448e-01   2.833336e-08   5.866704e-03   2.416696e-10   13562
  8.402765e-01   2.849932e-08   5.969664e-03   2.407345e-10   14182
  8.607344e-01   2.901252e-08   6.027631e-03   2.359246e-10   14986
  8.808391e-01   2.999068e-08   5.732868e-03   2.470843e-10   14982
  9.009042e-01   2.977339e-08   5.959528e-03   2.310648e-10   16388
  9.211245e-01   3.065895e-08   5.726077e-03   2.400568e-10   16626
  9.412080e-01   3.055887e-08   5.808790e-03   0.000000e+00   17678
  9.614536e-01   3.129138e-08   5.718805e-03   0.000000e+00   18354
  9.816171e-01   3.155301e-08   5.767173e-03   0.000000e+00   19034
  1.001851e+00   3.138315e-08   5.911320e-03   0.000000e+00   20142
  1.022422e+00   3.206041e-08   6.046963e-03   0.000000e+00   21386
  1.042764e+00   3.272309e-08   5.790214e-03   0.000000e+00   21318
  1.062932e+00   3.273827e-08   5.850515e-03   0.000000e+00   22676
  1.083253e+00   3.261820e-08   5.790490e-03   0.000000e+00   23322
  1.103413e+00   3.280362e-08   5.718305e-03   0.000000e+00   24134
  1.123614e+00   3.393116e-08   5.819163e-03   0.000000e+00   25146
  1.143850e+00   3.365326e-08   5.791756e-03   0.000000e+00   26030
  1.163980e+00   3.373999e-08   5.823637e-03   0.000000e+00   26674
  1.184331e+00   3.472814e-08   5.986797e-03   0.000000e+00   28570
  1.204528e+00   3.440556e-08   5.785914e-03   0.000000e+00   28224
  1.224797e+00   3.448382e-08   5.983114e-03   0.000000e+00   30626
  1.245070e+00   3.470274e-08   5.599281e-03   0.000000e+00   30158
  1.265029e+00   3.459907e-08   5.737827e-03   0.000000e+00   31674
  1.285327e+00   3.484016e-08   5.928269e-03   0.000000e+00   33306
  1.305524e+00   3.513452e-08   5.742541e-03   0.000000e+00   33422
  1.325707e+00   3.498930e-08   5.892777e-03   0.000000e+00   35298
  1.346202e+00   3.553440e-08   5.895770e-03   0.000000e+00   36650
  1.366519e+00   3.555605e-08   5.840035e-03   0.000000e+00   36992
  1.386821e+00   3.543777e-08   5.893165e-03   0.000000e+00   38730
  1.407130e+00   3.513807e-08   5.748719e-03   0.000000e+00   39246
  1.427315e+00   3.532344e-08   5.840556e-03   0.000000e+00   40466
  1.447400e+00   3.475572e-08   5.694333e-03   0.000000e+00   41170
  1.467639e+00   3.573161e-08   5.942031e-03   0.000000e+00   43534
  1.487930e+00   3.519673e-08   5.722812e-03   0.000000e+00   43650
  1.508054e+00   3.549183e-08   5.793120e-03   0.000000e+00   45272
  1.528442e+00   3.530599e-08   5.896083e-03   0.000000e+00   47098
  1.548787e+00   3.521101e-08   5.794469e-03   0.000000e+00   47746
  1.568983e+00   3.584000e-08   5.830404e-03   0.000000e+00   48870
  1.589078e+00   3.520561e-08   5.688090e-03   0.000000e+00   49682
  1.609132e+00   3.520861e-08   5.724076e-03   0.000000e+00   51222
  1.629408e+00   3.531986e-08   5.932774e-03   0.000000e+00   53378
  1.649621e+00   3.512637e-08   5.701424e-03   0.000000e+00   53634
  1.670009e+00   3.485619e-08   6.002460e-03   0.000000e+00   56888
  1.690452e+00   3.528747e-08   5.786581e-03   0.000000e+00   56650
  1.710745e+00   3.478251e-08   5.915258e-03   0.000000e+00   58786
  1.730990e+00   3.478030e-08   5.755170e-03   0.000000e+00   59214
  1.751174e+00   3.461766e-08   5.959362e-03   0.000000e+00   61250
  1.771315e+00   3.457122e-08   5.783991e-03   0.000000e+00   61686
  1.791390e+00   3.460502e-08   5.803187e-03   0.000000e+00   63626
  1.811707e+00   3.420259e-08   5.911245e-03   0.000000e+00   66204
  1.832113e+00   3.466219e-08   5.925381e-03   0.000000e+00   67094
  1.852330e+00   3.364566e-08   5.793584e-03   0.000000e+00   67890
  1.872578e+00   3.366928e-08   5.757774e-03   0.000000e+00   70334
  1.892803e+00   3.378628e-08   5.665350e-03   0.000000e+00   70626
  1.912877e+00   3.365102e-08   5.900353e-03   0.000000e+00   72554
  1.933087e+00   3.353517e-08   5.919991e-03   0.000000e+00   74550
  1.953307e+00   3.330782e-08   5.807007e-03   0.000000e+00   75674
  1.973512e+00   3.359176e-08   5.767151e-03   0.000000e+00   77564
  1.993966e+00   3.264686e-08   5.931291e-03   0.000000e+00   80766
  2.014325e+00   3.266209e-08   5.719062e-03   0.000000e+00   80202
  2.034574e+00   3.255299e-08   5.806561e-03   0.000000e+00   83102
  2.054872e+00   3.265146e-08   5.832426e-03   0.000000e+00   83890
  2.075065e+00   3.221862e-08   5.862207e-03   0.000000e+00   85522
  2.095181e+00   3.188299e-08   5.687972e-03   0.000000e+00   86670
  2.115377e+00   3.204838e-08   5.779417e-03   0.000000e+00   89588
  2.135707e+00   3.178436e-08   5.932128e-03   0.000000e+00   91038
  2.155976e+00   3.167158e-08   5.790963e-03   0.000000e+00   92522
  2.176198e+00   3.142640e-08   5.732114e-03   0.000000e+00   94242
  2.196586e+00   3.119787e-08   5.944716e-03   0.000000e+00   97550
  2.216800e+00   3.113954e-08   5.971745e-03   0.000000e+00   96250
  2.236827e+00   3.101135e-08   5.884419e-03   0.000000e+00   99166
  2.256968e+00   3.065888e-08   5.696998e-03   0.000000e+00   100932
  2.277261e+00   3.053824e-08   5.962414e-03   0.000000e+00   104306
  2.297589e+00   3.026025e-08   5.906529e-03   0.000000e+00   104990
  2.317898e+00   3.026752e-08   5.703593e-03   0.000000e+00   107874
  2.338193e+00   2.996807e-08   5.397108e-03   0.000000e+00   108322
  2.358428e+00   2.984044e-08   5.259746e-03   0.000000e+00   111454
  2.378666e+00   2.961742e-08   5.732321e-03   0.000000e+00   112002
  2.398797e+00   2.958780e-08   5.800385e-03   0.000000e+00   114158
  2.418967e+00   2.924247e-08   5.688063e-03   0.000000e+00   116148
  2.439215e+00   2.916024e-08   5.915141e-03   0.000000e+00   118754
  2.459505e+00   2.891518e-08   5.949493e-03   0.000000e+00   120942
  2.479848e+00   2.869250e-08   5.738183e-03   0.000000e+00   123170
  2.500080e+00   2.873044e-08   6.017508e-03   0.000000e+00   123638
  2.520290e+00   2.820640e-08   5.567510e-03   0.000000e+00   126858
  2.540478e+00   2.817395e-08   5.853198e-03   0.000000e+00   127698
  2.560644e+00   2.817211e-08   5.880664e-03   0.000000e+00   130640
  2.580895e+00   2.807420e-08   5.824920e-03   0.000000e+00   132642
  2.601131e+00   2.783595e-08   5.747660e-03   0.000000e+00   134534
  2.621445e+00   2.764261e-08   5.835944e-03   0.000000e+00   137954
  2.641876e+00   2.752908e-08   5.794564e-03   0.000000e+00   140610
  2.662120e+00   2.736819e-08   5.900707e-03   0.000000e+00   139590
  2.682272e+00   2.737606e-08   5.964137e-03   0.000000e+00   143546
  2.702527e+00   2.720699e-08   5.625112e-03   0.000000e+00   145338
  2.722719e+00   2.696685e-08   5.863414e-03   0.000000e+00   147272
  2.742979e+00   2.685124e-08   5.939674e-03   0.000000e+00   150434
  2.763273e+00   2.664124e-08   5.679171e-03   0.000000e+00   152214
  2.783461e+00   2.653954e-08   5.885167e-03   0.000000e+00   153186
  2.803764e+00   2.645466e-08   5.980243e-03   0.000000e+00   158642
  2.824038e+00   2.622149e-08   5.448415e-03   0.000000e+00   157350
  2.844229e+00   2.610758e-08   5.823622e-03   0.000000e+00   161906
  2.864358e+00   2.623904e-08   5.710559e-03   0.000000e+00   160824
  2.884581e+00   2.600714e-08   6.320328e-03   0.000000e+00   167906
  2.904925e+00   2.576435e-08   5.765809e-03   0.000000e+00   167578
  2.925100e+00   2.580703e-08   5.763973e-03   0.000000e+00   169798
  2.945360e+00   2.562516e-08   5.872672e-03   0.000000e+00   173586
  2.965659e+00   2.555197e-08   5.990768e-03   0.000000e+00   175274
  2.985907e+00   2.559321e-08   5.960647e-03   0.000000e+00   177654
  3.006188e+00   2.550394e-08   5.898218e-03   0.000000e+00   180698
  3.026475e+00   2.532952e-08   5.800259e-03   0.000000e+00   182680
  3.046705e+00   2.525505e-08   6.150490e-03   0.000000e+00   184138
  3.066897e+00   2.510650e-08   5.811719e-03   0.000000e+00   187138
  3.087196e+00   2.519805e-08   5.803131e-03   0.000000e+00   191134
  3.107441e+00   2.494145e-08   5.854300e-03   0.000000e+00   191010
  3.127629e+00   2.491985e-08   5.012222e-03   0.000000e+00   195134
  3.147811e+00   2.476454e-08   5.971488e-03   0.000000e+00   195810
  3.168029e+00   2.485903e-08   5.978965e-03   0.000000e+00   201140
  3.188261e+00   2.476951e-08   6.072167e-03   0.000000e+00   201054
  3.208450e+00   2.475968e-08   5.846632e-03   0.000000e+00   205250
  3.228696e+00   2.460937e-08   5.519862e-03   0.000000e+00   207366
  3.248943e+00   2.471125e-08   6.319972e-03   0.000000e+00   210578
  3.269211e+00   2.452640e-08   5.721685e-03   0.000000e+00   213066
  3.289546e+00   2.469924e-08   6.009111e-03   0.000000e+00   217382
  3.309786e+00   2.445088e-08   5.786606e-03   0.000000e+00   216306
  3.329934e+00   2.451643e-08   5.765651e-03   0.000000e+00   220652
  3.350219e+00   2.446031e-08   6.032959e-03   0.000000e+00   224622
  3.370546e+00   2.449711e-08   5.229396e-03   0.000000e+00   227066
  3.390803e+00   2.450645e-08   5.664803e-03   0.000000e+00   228574
  3.411023e+00   2.447412e-08   5.025412e-03   0.000000e+00   231466
  3.431226e+00   2.452465e-08   5.663923e-03   0.000000e+00   233946
  3.451505e+00   2.439937e-08   6.220687e-03   0.000000e+00   238694
  3.471712e+00   2.445012e-08   5.988322e-03   0.000000e+00   238068
  3.491930e+00   2.452726e-08   5.881492e-03   0.000000e+00   244190
  3.512240e+00   2.443520e-08   5.712436e-03   0.000000e+00   245634
  3.532456e+00   2.462566e-08   6.177919e-03   0.000000e+00   248090
  3.552701e+00   2.438251e-08   5.686839e-03   0.000000e+00   251958
  3.572958e+00   2.441941e-08   6.060048e-03   0.000000e+00   254042
  3.593140e+00   2.454974e-08   5.689074e-03   0.000000e+00   255714
  3.613413e+00   2.455909e-08   6.188510e-03   0.000000e+00   262358
  3.633696e+00   2.451645e-08   5.534848e-03   0.000000e+00   261900
  3.654006e+00   2.464180e-08   5.957521e-03   0.000000e+00   268646
  3.674230e+00   2.468959e-08   5.691709e-03   0.000000e+00   265578
  3.694411e+00   2.448830e-08   5.692103e-03   0.000000e+00   273290
  3.714657e+00   2.457591e-08   5.789761e-03   0.000000e+00   273678
  3.734920e+00   2.462251e-08   6.054695e-03   0.000000e+00   279698
  3.755187e+00   2.464743e-08   6.742654e-03   0.000000e+00   279630
  3.775353e+00   2.480897e-08   5.454414e-03   0.000000e+00   283004
  3.795618e+00   2.486456e-08   5.492434e-03   0.000000e+00   288330
  3.815895e+00   2.479244e-08   5.867754e-03   0.000000e+00   289718
  3.836102e+00   2.489963e-08   5.843616e-03   0.000000e+00   292290
  3.856249e+00   2.499833e-08   5.632636e-03   0.000000e+00   294134
  3.876471e+00   2.493761e-08   5.721662e-03   0.000000e+00   300642
  3.896786e+00   2.503191e-08   6.104707e-03   0.000000e+00   303386
  3.917020e+00   2.517485e-08   6.464839e-03   0.000000e+00   304662
  3.937273e+00   2.512038e-08   5.613856e-03   0.000000e+00   309812
  3.957543e+00   2.525761e-08   5.810102e-03   0.000000e+00   311570
  3.977874e+00   2.530741e-08   5.641377e-03   0.000000e+00   318270
  3.998111e+00   2.540233e-08   6.252794e-03   0.000000e+00   315090
  4.018279e+00   2.553298e-08   5.458255e-03   0.000000e+00   322646
  4.038491e+00   2.558210e-08   5.632992e-03   0.000000e+00   322722
  4.058728e+00   2.561173e-08   6.187423e-03   0.000000e+00   329930
  4.079029e+00   2.572364e-08   6.183079e-03   0.000000e+00   331824
  4.099331e+00   2.574724e-08   5.631841e-03   0.000000e+00   336266
  4.119571e+00   2.575444e-08   5.866881e-03   0.000000e+00   336094
  4.139764e+00   2.588649e-08   5.586012e-03   0.000000e+00   341386
  4.159995e+00   2.590385e-08   5.897454e-03   0.000000e+00   344338
  4.180212e+00   2.605853e-08   6.020174e-03   0.000000e+00   347638
  4.200449e+00   2.609255e-08   5.629976e-03   0.000000e+00   351618
  4.220668e+00   2.618431e-08   5.853173e-03   0.000000e+00   353792
  4.240950e+00   2.627185e-08   5.726827e-03   0.000000e+00   360538
  4.261298e+00   2.626353e-08   5.593596e-03   0.000000e+00   363250
  4.281509e+00   2.640767e-08   6.102545e-03   0.000000e+00   362334
  4.301767e+00   2.644470e-08   5.017095e-03   0.000000e+00   371642
  4.322006e+00   2.667024e-08   5.774993e-03   0.000000e+00   368794
  4.342179e+00   2.661216e-08   5.779328e-03   0.000000e+00   376510
  4.362419e+00   2.679278e-08   5.587420e-03   0.000000e+00   377994
  4.382637e+00   2.683751e-08   5.714181e-03   0.000000e+00   382760
  4.402904e+00   2.692085e-08   6.439251e-03   0.000000e+00   386674
  4.423180e+00   2.708013e-08   5.799386e-03   0.000000e+00   390298
  4.443433e+00   2.710869e-08   6.164643e-03   0.000000e+00   393142
  4.463699e+00   2.721448e-08   5.881898e-03   0.000000e+00   397762
  4.483857e+00   2.713664e-08   5.650696e-03   0.000000e+00   396270
  4.504029e+00   2.741901e-08   5.878117e-03   0.000000e+00   405194
  4.524291e+00   2.746840e-08   5.356109e-03   0.000000e+00   407580
  4.544540e+00   2.769006e-08   6.250293e-03   0.000000e+00   411782
  4.564774e+00   2.764525e-08   5.624766e-03   0.000000e+00   414114
  4.585067e+00   2.773573e-08   6.073799e-03   0.000000e+00   421562
  4.605369e+00   2.783593e-08   5.896498e-03   0.000000e+00   421910
  4.625635e+00   2.792050e-08   5.607146e-03   0.000000e+00   427818
  4.645901e+00   2.797321e-08   6.569262e-03   0.000000e+00   429430
  4.666104e+00   2.803325e-08   6.160738e-03   0.000000e+00   432322
  4.686318e+00   2.812031e-08   4.901698e-03   0.000000e+00   437428
  4.706545e+00   2.827335e-08   4.933000e-03   0.000000e+00   440590
  4.726813e+00   2.822184e-08   5.846783e-03   0.000000e+00   446770
  4.747118e+00   2.844247e-08   5.510630e-03   0.000000e+00   449782
  4.767321e+00   2.843664e-08   5.928921e-03   0.000000e+00   449706
  4.787529e+00   2.864002e-08   5.895247e-03   0.000000e+00   458042
  4.807751e+00   2.860497e-08   5.536224e-03   0.000000e+00   458158
  4.827964e+00   2.882794e-08   5.524463e-03   0.000000e+00   465124
  4.848186e+00   2.885013e-08   5.851994e-03   0.000000e+00   466230
  4.868443e+00   2.891267e-08   6.178750e-03   0.000000e+00   474386
  4.888713e+00   2.899020e-08   5.546386e-03   0.000000e+00   475178
  4.909014e+00   2.898663e-08   6.174515e-03   0.000000e+00   483558
  4.929321e+00   2.919336e-08   4.969318e-03   0.000000e+00   483354
  4.949536e+00   2.925990e-08   4.819700e-03   0.000000e+00   487178
  4.969765e+00   2.939352e-08   6.014053e-03   0.000000e+00   492006
  4.989977e+00   2.947677e-08   5.716001e-03   0.000000e+00   494852
  5.010196e+00   2.945822e-08   5.703809e-03   0.000000e+00   499502
  5.030443e+00   2.970047e-08   5.269424e-03   0.000000e+00   504618
  5.050708e+00   2.977281e-08   6.329836e-03   0.000000e+00   508506
  5.071001e+00   2.977160e-08   6.372552e-03   0.000000e+00   514406
  5.091240e+00   2.984554e-08   5.346680e-03   0.000000e+00   514026
  5.111417e+00   2.996911e-08   6.097496e-03   0.000000e+00   519230
  5.131603e+00   2.991025e-08   5.520869e-03   0.000000e+00   522620
  5.151826e+00   3.013479e-08   5.730174e-03   0.000000e+00   529458
  5.172108e+00   3.018726e-08   5.990805e-03   0.000000e+00   534078
  5.192368e+00   3.028014e-08   6.117338e-03   0.000000e+00   536666
  5.212577e+00   3.035003e-08   5.929753e-03   0.000000e+00   539270
  5.232877e+00   3.047073e-08   5.733170e-03   0.000000e+00   550530
  5.253190e+00   3.042362e-08   6.317104e-03   0.000000e+00   548474
  5.273401e+00   3.056409e-08   5.908038e-03   0.000000e+00   553518
  5.293599e+00   3.057896e-08   6.091386e-03   0.000000e+00   556116
  5.313862e+00   3.073481e-08   5.496155e-03   0.000000e+00   564890
  5.334089e+00   3.076066e-08   5.724077e-03   0.000000e+00   563718
  5.354338e+00   3.083397e-08   5.820531e-03   0.000000e+00   574298
  5.374614e+00   3.087058e-08   6.913682e-03   0.000000e+00   573966
  5.394852e+00   3.098152e-08   5.490715e-03   0.000000e+00   580586
  5.415082e+00   3.097214e-08   5.938104e-03   0.000000e+00   582666
  5.435335e+00   3.111942e-08   5.977403e-03   0.000000e+00   590648
  5.455583e+00   3.110653e-08   5.703517e-03   0.000000e+00   590578
  5.475767e+00   3.125384e-08   6.404235e-03   0.000000e+00   595990
  5.495999e+00   3.135973e-08   5.610850e-03   0.000000e+00   601778
  5.516265e+00   3.140301e-08   6.331398e-03   0.000000e+00   607578
  5.536543e+00   3.131025e-08   6.082531e-03   0.000000e+00   611294
  5.556808e+00   3.146260e-08   6.059851e-03   0.000000e+00   615498
  5.577023e+00   3.148894e-08   5.839393e-03   0.000000e+00   617274
  5.597264e+00   3.158895e-08   5.440003e-03   0.000000e+00   626360
  5.617518e+00   3.161746e-08   5.221354e-03   0.000000e+00   626658
  5.637748e+00   3.181081e-08   5.601979e-03   0.000000e+00   634022
  5.657957e+00   3.180828e-08   5.574907e-03   0.000000e+00   634554
  5.678203e+00   3.182961e-08   4.713529e-03   0.000000e+00   645026
  5.698457e+00   3.176277e-08   6.002664e-03   0.000000e+00   645182
  5.718699e+00   3.194505e-08   5.953713e-03   0.000000e+00   652938
  5.738937e+00   3.191193e-08   6.696207e-03   0.000000e+00   654336
  5.759200e+00   3.195988e-08   6.085881e-03   0.000000e+00   663242
  5.779465e+00   3.205626e-08   4.940786e-03   0.000000e+00   664002
  5.799671e+00   3.214834e-08   6.728922e-03   0.000000e+00   668990
  5.819901e+00   3.203700e-08   5.463738e-03   0.000000e+00   674554
  5.840111e+00   3.220211e-08   5.994419e-03   0.000000e+00   677158
  5.860372e+00   3.233528e-08   6.011510e-03   0.000000e+00   687306
  5.880679e+00   3.232611e-08   5.791417e-03   0.000000e+00   690290
  5.900919e+00   3.227257e-08   5.444102e-03   0.000000e+00   691992
  5.921187e+00   3.229024e-08   6.634369e-03   0.000000e+00   701402
  5.941446e+00   3.245019e-08   6.257295e-03   0.000000e+00   700826
  5.961667e+00   3.242686e-08   5.585776e-03   0.000000e+00   708726
  5.981908e+00   3.247601e-08   6.059011e-03   0.000000e+00   711690
  6.002161e+00   3.248896e-08   6.859384e-03   0.000000e+00   719606
  6.022371e+00   3.255079e-08   5.897622e-03   0.000000e+00   717810
  6.042593e+00   3.252025e-08   5.269715e-03   0.000000e+00   730412
  6.062874e+00   3.257369e-08   6.355067e-03   0.000000e+00   731782
  6.083158e+00   3.269714e-08   6.218448e-03   0.000000e+00   740458
  6.103390e+00   3.264986e-08   6.068847e-03   0.000000e+00   737494
  6.123583e+00   3.270162e-08   5.167593e-03   0.000000e+00   747298
  6.143827e+00   3.266127e-08   5.245271e-03   0.000000e+00   751762
  6.164051e+00   3.276603e-08   5.960354e-03   0.000000e+00   755470
  6.184269e+00   3.278991e-08   6.136759e-03   0.000000e+00   761442
  6.204563e+00   3.275766e-08   5.961051e-03   0.000000e+00   770816
  6.224831e+00   3.281096e-08   5.114453e-03   0.000000e+00   769242
  6.245107e+00   3.280336e-08   5.645271e-03   0.000000e+00   782162
  6.265331e+00   3.284440e-08   7.945784e-03   0.000000e+00   775230
  6.285532e+00   3.285967e-08   5.061685e-03   0.000000e+00   789866
  6.305762e+00   3.294367e-08   5.028293e-03   0.000000e+00   787938
  6.325983e+00   3.288067e-08   4.829747e-03   0.000000e+00   799574
  6.346263e+00   3.293866e-08   6.682578e-03   0.000000e+00   803028
  6.366496e+00   3.279804e-08   5.824042e-03   0.000000e+00   805574
  6.386719e+00   3.288378e-08   6.386038e-03   0.000000e+00   812034
  6.406996e+00   3.303782e-08   6.716746e-03   0.000000e+00   820970
  6.427261e+00   3.299476e-08   5.875244e-03   0.000000e+00   821174
  6.447447e+00   3.292070e-08   5.911785e-03   0.000000e+00   825186
  6.467659e+00   3.288832e-08   6.643724e-03   0.000000e+00   833142
  6.487858e+00   3.305827e-08   5.814743e-03   0.000000e+00   834788
  6.508106e+00   3.301399e-08   7.215438e-03   0.000000e+00   847858
  6.528467e+00   3.305799e-08   5.491723e-03   0.000000e+00   854278
  6.548734e+00   3.298429e-08   4.889972e-03   0.000000e+00   850914
  6.568944e+00   3.285350e-08   4.694456e-03   0.000000e+00   859250
  6.589206e+00   3.289680e-08   5.925626e-03   0.000000e+00   867126
  6.609452e+00   3.293525e-08   6.311065e-03   0.000000e+00   868274
  6.629652e+00   3.299417e-08   6.595335e-03   0.000000e+00   873606
  6.649858e+00   3.296654e-08   4.349768e-03   0.000000e+00   879284
  6.670105e+00   3.287420e-08   6.459288e-03   0.000000e+00   887666
  6.690424e+00   3.296848e-08   6.734340e-03   0.000000e+00   897030
  6.710701e+00   3.292468e-08   5.495419e-03   0.000000e+00   894378
  6.730927e+00   3.287487e-08   5.883034e-03   0.000000e+00   903254
  6.751144e+00   3.295025e-08   6.293941e-03   0.000000e+00   904562
  6.771352e+00   3.296137e-08   5.407999e-03   0.000000e+00   913362
  6.791556e+00   3.285432e-08   4.403270e-03   0.000000e+00   915592
  6.811808e+00   3.289344e-08   6.563278e-03   0.000000e+00   927946
  6.832056e+00   3.281335e-08   7.340207e-03   0.000000e+00   926094
  6.852345e+00   3.281813e-08   5.690261e-03   0.000000e+00   942890
  6.872633e+00   3.272755e-08   6.148629e-03   0.000000e+00   937266
  6.892863e+00   3.268537e-08   5.357272e-03   0.000000e+00   948854
  6.913101e+00   3.265010e-08   4.703171e-03   0.000000e+00   948714
  6.933297e+00   3.276025e-08   5.234952e-03   0.000000e+00   956186
  6.953535e+00   3.266768e-08   5.878889e-03   0.000000e+00   964272
  6.973799e+00   3.269217e-08   5.901626e-03   0.000000e+00   969458
  6.994044e+00   3.262383e-08   4.799155e-03   0.000000e+00   973358
  7.014302e+00   3.261751e-08   6.479180e-03   0.000000e+00   982098
  7.034541e+00   3.251731e-08   5.372818e-03   0.000000e+00   983178
  7.054808e+00   3.258069e-08   7.113676e-03   0.000000e+00   996350
  7.075067e+00   3.251930e-08   5.296204e-03   0.000000e+00   993530
  7.095223e+00   3.245415e-08   6.275190e-03   0.000000e+00   997848
  7.115438e+00   3.251059e-08   6.141505e-03   0.000000e+00   1010106
  7.135713e+00   3.238347e-08   6.215406e-03   0.000000e+00   1015730
  7.155960e+00   3.234905e-08   5.986079e-03   0.000000e+00   1018710
  7.176247e+00   3.226641e-08   6.047395e-03   0.000000e+00   1031282
  7.196503e+00   3.224516e-08   5.796690e-03   0.000000e+00   1027122
  7.216724e+00   3.217935e-08   5.856424e-03   0.000000e+00   1039838
  7.236959e+00   3.212861e-08   6.481426e-03   0.000000e+00   1039898
  7.257179e+00   3.217341e-08   6.310047e-03   0.000000e+00   1050288
  7.277412e+00   3.205469e-08   6.133220e-03   0.000000e+00   1052226
  7.297655e+00   3.196591e-08   4.145313e-03   0.000000e+00   1062746
  7.317923e+00   3.196599e-08   5.482348e-03   0.000000e+00   1067438
  7.338184e+00   3.196547e-08   5.417984e-03   0.000000e+00   1073730
  7.358434e+00   3.195245e-08   6.819594e-03   0.000000e+00   1078230
  7.378689e+00   3.184373e-08   5.463889e-03   0.000000e+00   1085594
  7.398901e+00   3.182376e-08   4.720334e-03   0.000000e+00   1086124
  7.419150e+00   3.170938e-08   6.010773e-03   0.000000e+00   1101310
  7.439401e+00   3.157275e-08   6.650045e-03   0.000000e+00   1098282
  7.459625e+00   3.159848e-08   4.026646e-03   0.000000e+00   1109918
  7.479892e+00   3.153863e-08   5.619579e-03   0.000000e+00   1114962
  7.500159e+00   3.149658e-08   6.263781e-03   0.000000e+00   1122962
  7.520420e+00   3.134322e-08   0.000000e+00   0.000000e+00   1125822
  7.540654e+00   3.147698e-08   6.164953e-03   0.000000e+00   1132538
  7.560867e+00   3.137074e-08   6.345250e-03   0.000000e+00   1135164
  7.581087e+00   3.122093e-08   6.612013e-03   0.000000e+00   1145654
  7.601355e+00   3.110409e-08   4.406243e-03   0.000000e+00   1152666
  7.621615e+00   3.100424e-08   5.806768e-03   0.000000e+00   1157078
  7.641845e+00   3.101982e-08   6.585789e-03   0.000000e+00   1161522
  7.662109e+00   3.095548e-08   6.178219e-03   0.000000e+00   1173050
  7.682345e+00   3.091771e-08   5.903534e-03   0.000000e+00   1171518
  7.702569e+00   3.078177e-08   7.158470e-03   0.000000e+00   1183772
  7.722775e+00   3.074715e-08   6.221898e-03   0.000000e+00   1181262
  7.742977e+00   3.065188e-08   5.389982e-03   0.000000e+00   1195490
  7.763245e+00   3.054971e-08   5.030834e-03   0.000000e+00   1202010
  7.783505e+00   3.056500e-08   5.264006e-03   0.000000e+00   1207166
  7.803761e+00   3.043694e-08   6.165811e-03   0.000000e+00   1214074
  7.823980e+00   3.034008e-08   6.303690e-03   0.000000e+00   1215334
  7.844223e+00   3.035253e-08   7.558372e-03   0.000000e+00   1229274
  7.864528e+00   3.018917e-08   6.428517e-03   0.000000e+00   1236164
  7.884779e+00   3.016492e-08   4.782449e-03   0.000000e+00   1234942
  7.904995e+00   3.004108e-08   5.689910e-03   0.000000e+00   1244410
  7.925223e+00   2.996125e-08   5.955047e-03   0.000000e+00   1249010
  7.945474e+00   2.993276e-08   6.655622e-03   0.000000e+00   1260702
  7.965706e+00   2.975549e-08   5.369842e-03   0.000000e+00   1259490
  7.985959e+00   2.973164e-08   5.593973e-03   0.000000e+00   1275662
  8.006194e+00   2.961024e-08   3.120280e-03   0.000000e+00   1270164
  8.026450e+00   2.949727e-08   4.882392e-03   0.000000e+00   1291226
  8.046700e+00   2.942761e-08   3.968190e-03   0.000000e+00   1282750
  8.066904e+00   2.936288e-08   5.769807e-03   0.000000e+00   1298146
  8.087160e+00   2.932574e-08   4.977767e-03   0.000000e+00   1301646
  8.107401e+00   2.918663e-08   5.376023e-03   0.000000e+00   1309898
  8.127657e+00   2.911410e-08   4.312489e-03   0.000000e+00   1317010
  8.147917e+00   2.903237e-08   6.076518e-03   0.000000e+00   1323814
  8.168158e+00   2.890266e-08   4.477071e-03   0.000000e+00   1326732
  8.188387e+00   2.883958e-08   6.659981e-03   0.000000e+00   1335434
  8.208670e+00   2.872726e-08   7.649231e-03   0.000000e+00   1347902
  8.228929e+00   2.867451e-08   8.148361e-03   0.000000e+00   1344786
  8.249111e+00   2.853116e-08   3.769749e-03   0.000000e+00   1351222
  8.269349e+00   2.849949e-08   5.295251e-03   0.000000e+00   1365322
  8.289618e+00   2.833292e-08   6.767775e-03   0.000000e+00   1369002
  8.309868e+00   2.831943e-08   5.997656e-03   0.000000e+00   1376456
  8.330103e+00   2.811022e-08   4.966773e-03   0.000000e+00   1379362
  8.350349e+00   2.803456e-08   6.394532e-03   0.000000e+00   1392262
  8.370600e+00   2.806135e-08   5.820007e-03   0.000000e+00   1392546
  8.390821e+00   2.788613e-08   6.406375e-03   0.000000e+00   1402754
  8.411061e+00   2.783204e-08   7.154383e-03   0.000000e+00   1408470
  8.431298e+00   2.772929e-08   2.969455e-03   0.000000e+00   1415450
  8.451492e+00   2.763187e-08   5.784321e-03   0.000000e+00   1416504
  8.471786e+00   2.755323e-08   5.976725e-03   0.000000e+00   1442354
  8.492082e+00   2.741852e-08   6.881002e-03   0.000000e+00   1431202
  8.512300e+00   2.726973e-08   5.750453e-03   0.000000e+00   1445038
  8.532525e+00   2.722582e-08   5.056250e-03   0.000000e+00   1445322
  8.552777e+00   2.706648e-08   5.526807e-03   0.000000e+00   1462778
  8.573029e+00   2.695881e-08   6.462662e-03   0.000000e+00   1459590
  8.593241e+00   2.694479e-08   6.243009e-03   0.000000e+00   1471226
  8.613503e+00   2.683996e-08   4.514942e-03   0.000000e+00   1480136
  8.633778e+00   2.664601e-08   6.000375e-03   0.000000e+00   1486530
  8.654018e+00   2.656690e-08   6.699271e-03   0.000000e+00   1488898
  8.674255e+00   2.648832e-08   5.344834e-03   0.000000e+00   1500838
  8.694515e+00   2.636250e-08   3.728747e-03   0.000000e+00   1505906
  8.714720e+00   2.632697e-08   6.874949e-03   0.000000e+00   1507062
  8.734929e+00   2.618289e-08   5.721481e-03   0.000000e+00   1519890
  8.755169e+00   2.604884e-08   6.741811e-03   0.000000e+00   1526516
  8.775452e+00   2.593114e-08   4.313498e-03   0.000000e+00   1540038
  8.795723e+00   2.587378e-08   6.905588e-03   0.000000e+00   1538810
  8.815937e+00   2.572650e-08   5.197731e-03   0.000000e+00   1545574
  8.836198e+00   2.570030e-08   9.045212e-03   0.000000e+00   1560010
  8.856446e+00   2.554258e-08   4.917609e-03   0.000000e+00   1558578
  8.876661e+00   2.546823e-08   6.257781e-03   0.000000e+00   1568990
  8.896870e+00   2.533268e-08   6.699270e-03   0.000000e+00   1571770
  8.917109e+00   2.518111e-08   6.026221e-03   0.000000e+00   1587748
  8.937379e+00   2.513580e-08   4.714664e-03   0.000000e+00   1590966
  8.957649e+00   2.501448e-08   4.900137e-03   0.000000e+00   1602554
  8.977893e+00   2.489359e-08   6.504074e-03   0.000000e+00   1601190
  8.998106e+00   2.476275e-08   6.352265e-03   0.000000e+00   1611722
  9.018319e+00   2.463395e-08   5.754860e-03   0.000000e+00   1616058
  9.038566e+00   2.461613e-08   5.563599e-03   0.000000e+00   1631942
  9.058813e+00   2.443956e-08   4.689615e-03   0.000000e+00   1630980
  9.079035e+00   2.430180e-08   6.112273e-03   0.000000e+00   1641494
  9.099306e+00   2.426635e-08   6.690952e-03   0.000000e+00   1653378
  9.119617e+00   2.411664e-08   6.813460e-03   0.000000e+00   1663730
  9.139860e+00   2.400640e-08   4.564131e-03   0.000000e+00   1656558
  9.160056e+00   2.391062e-08   6.759502e-03   0.000000e+00   1671026
  9.180298e+00   2.376382e-08   6.645816e-03   0.000000e+00   1677818
  9.200528e+00   2.373699e-08   7.276726e-03   0.000000e+00   1685454
  9.220773e+00   2.363040e-08   5.275694e-03   0.000000e+00   1694516
  9.241027e+00   2.342591e-08   4.838475e-03   0.000000e+00   1701342
  9.261278e+00   2.334978e-08   5.646722e-03   0.000000e+00   1709026
  9.281553e+00   2.329796e-08   6.715571e-03   0.000000e+00   1720354
  9.301811e+00   2.314143e-08   5.482940e-03   0.000000e+00   1721470
  9.322065e+00   2.302770e-08   5.938109e-03   0.000000e+00   1735018
  9.342276e+00   2.286892e-08   4.486423e-03   0.000000e+00   1728398
  9.362467e+00   2.280906e-08   6.341372e-03   0.000000e+00   1747116
  9.382716e+00   2.265834e-08   1.784756e-03   0.000000e+00   1753090
  9.402994e+00   2.259182e-08   4.863300e-03   0.000000e+00   1767694
  9.423263e+00   2.242634e-08   6.577555e-03   0.000000e+00   1766490
  9.443521e+00   2.235424e-08   0.000000e+00   0.000000e+00   1780478
  9.463769e+00   2.222566e-08   8.546017e-03   0.000000e+00   1781050
  9.483999e+00   2.211384e-08   4.544866e-03   0.000000e+00   1792018
  9.504217e+00   2.205812e-08   6.045736e-03   0.000000e+00   1794366
  9.524440e+00   2.191729e-08   5.626022e-03   0.000000e+00   1808276
  9.544683e+00   2.180736e-08   6.302642e-03   0.000000e+00   1812522
  9.564943e+00   2.169403e-08   7.294561e-03   0.000000e+00   1827758
  9.585217e+00   2.154345e-08   4.400324e-03   0.000000e+00   1829466
  9.605444e+00   2.146427e-08   6.931479e-03   0.000000e+00   1835534
  9.625650e+00   2.132003e-08   5.836937e-03   0.000000e+00   1840906
  9.645892e+00   2.122022e-08   6.047267e-03   0.000000e+00   1857130
  9.666115e+00   2.112538e-08   4.545876e-03   0.000000e+00   1854264
  9.686337e+00   2.099346e-08   4.979985e-03   0.000000e+00   1871090
  9.706594e+00   2.088082e-08   5.718744e-03   0.000000e+00   1876926
  9.726843e+00   2.077127e-08   6.302501e-03   0.000000e+00   1884530
  9.747081e+00   2.067774e-08   5.191956e-03   0.000000e+00   1891506
  9.767358e+00   2.055691e-08   6.110867e-03   0.000000e+00   1907798
  9.787639e+00   2.043397e-08   7.467763e-03   0.000000e+00   1907378
  9.807859e+00   2.032335e-08   5.988832e-03   0.000000e+00   1912506
  9.828080e+00   2.020721e-08   3.686908e-03   0.000000e+00   1923048
  9.848345e+00   2.010100e-08   7.053783e-03   0.000000e+00   1936730
  9.868597e+00   1.996868e-08   5.622678e-03   0.000000e+00   1936686
  9.888840e+00   1.989186e-08   6.658552e-03   0.000000e+00   1950290
  9.909083e+00   1.972664e-08   2.695452e-03   0.000000e+00   1953002
  9.929338e+00   1.964881e-08   5.828778e-03   0.000000e+00   1969110
  9.949594e+00   1.951640e-08   1.882244e-03   0.000000e+00   1969050
  9.969824e+00   1.942402e-08   6.323199e-03   0.000000e+00   1980392
  9.990058e+00   1.930759e-08   7.599796e-03   0.000000e+00   1984770
  1.001029e+01   1.921717e-08   5.235845e-03   0.000000e+00   1995506
  1.003055e+01   1.907285e-08   6.806933e-03   0.000000e+00   2007806
  1.005080e+01   1.898932e-08   5.948165e-03   0.000000e+00   2010474
  1.007102e+01   1.884104e-08   6.509762e-03   0.000000e+00   2018182
  1.009128e+01   1.876976e-08   5.835379e-03   0.000000e+00   2033554
  1.011150e+01   1.866902e-08   6.853302e-03   0.000000e+00   2026266
  1.013174e+01   1.855094e-08   4.426581e-03   0.000000e+00   2054480
  1.015200e+01   1.838034e-08   4.738203e-03   0.000000e+00   2044770
  1.017221e+01   1.834423e-08   6.876227e-03   0.000000e+00   2062394
  1.019246e+01   1.823111e-08   6.266111e-03   0.000000e+00   2069982
  1.021272e+01   1.810717e-08   7.332343e-03   0.000000e+00   2079434
  1.023296e+01   1.797206e-08   6.218156e-03   0.000000e+00   2083038
  1.025321e+01   1.787575e-08   4.809297e-03   0.000000e+00   2098850
  1.027345e+01   1.779044e-08   6.071684e-03   0.000000e+00   2095436
  1.029369e+01   1.763655e-08   6.284004e-03   0.000000e+00   2117406
  1.031395e+01   1.753270e-08   5.765269e-03   0.000000e+00   2115426
  1.033414e+01   1.743378e-08   5.597319e-03   0.000000e+00   2118878
  1.035437e+01   1.731960e-08   6.381415e-03   0.000000e+00   2140026
  1.037465e+01   1.727599e-08   6.820462e-03   0.000000e+00   2147234
  1.039490e+01   1.712215e-08   6.069544e-03   0.000000e+00   2150662
  1.041513e+01   1.703025e-08   5.571950e-03   0.000000e+00   2159842
  1.043537e+01   1.687630e-08   6.267412e-03   0.000000e+00   2168384
  1.045564e+01   1.678773e-08   7.764935e-03   0.000000e+00   2183178
  1.047590e+01   1.667932e-08   5.840860e-03   0.000000e+00   2184770
  1.049613e+01   1.659066e-08   6.486038e-03   0.000000e+00   2192190
  1.051633e+01   1.645544e-08   7.065057e-03   0.000000e+00   2196242
  1.053659e+01   1.640327e-08   4.993006e-03   0.000000e+00   2220714
  1.055685e+01   1.625348e-08   7.031276e-03   0.000000e+00   2215758
  1.057710e+01   1.614303e-08   6.408775e-03   0.000000e+00   2233988
  1.059735e+01   1.604631e-08   7.839117e-03   0.000000e+00   2231670
  1.061757e+01   1.596237e-08   3.952118e-03   0.000000e+00   2244338
  1.063783e+01   1.583878e-08   5.216225e-03   0.000000e+00   2258610
  1.065808e+01   1.574237e-08   5.071956e-03   0.000000e+00   2260718
  1.067830e+01   1.563507e-08   6.122144e-03   0.000000e+00   2268162
  1.069853e+01   1.552715e-08   5.493864e-03   0.000000e+00   2277494
  1.071876e+01   1.546222e-08   5.006361e-03   0.000000e+00   2288796
  1.073904e+01   1.532738e-08   1.006763e-02   0.000000e+00   2305226
  1.075930e+01   1.520482e-08   5.235419e-03   0.000000e+00   2301630
  1.077955e+01   1.512486e-08   0.000000e+00   0.000000e+00   2319770
  1.079979e+01   1.504100e-08   6.806700e-03   0.000000e+00   2315610
  1.082001e+01   1.490015e-08   5.443377e-03   0.000000e+00   2334662
  1.084024e+01   1.481471e-08   8.044955e-03   0.000000e+00   2335722
  1.086048e+01   1.473924e-08   4.544103e-03   0.000000e+00   2354102
  1.088074e+01   1.463177e-08   7.209798e-03   0.000000e+00   2355236
  1.090100e+01   1.452883e-08   6.239434e-03   0.000000e+00   2374170
  1.092126e+01   1.441823e-08   4.895028e-03   0.000000e+00   2373286
  1.094151e+01   1.432776e-08   7.422457e-03   0.000000e+00   2388010
  1.096173e+01   1.424518e-08   1.094941e-03   0.000000e+00   2383470
  1.098194e+01   1.414362e-08   4.810983e-03   0.000000e+00   2404994
  1.100219e+01   1.404314e-08   4.061045e-03   0.000000e+00   2408642
  1.102241e+01   1.393393e-08   6.064632e-03   0.000000e+00   2417640
  1.104267e+01   1.384055e-08   6.131150e-03   0.000000e+00   2434994
  1.106294e+01   1.376058e-08   6.789777e-03   0.000000e+00   2437998
  1.108319e+01   1.362667e-08   5.840834e-03   0.000000e+00   2448194
  1.110345e+01   1.354880e-08   0.000000e+00   0.000000e+00   2455890
  1.112367e+01   1.348846e-08   3.582686e-03   0.000000e+00   2461526
  1.114391e+01   1.339484e-08   6.327980e-03   0.000000e+00   2474034
  1.116413e+01   1.327708e-08   6.160760e-03   0.000000e+00   2476482
  1.118437e+01   1.319171e-08   4.826606e-03   0.000000e+00   2497256
  1.120465e+01   1.309585e-08   6.219659e-03   0.000000e+00   2502978
  1.122489e+01   1.297291e-08   2.657206e-03   0.000000e+00   2508422
  1.124513e+01   1.290619e-08   6.455351e-03   0.000000e+00   2518482
  1.126539e+01   1.282157e-08   8.075850e-03   0.000000e+00   2532074
  1.128561e+01   1.274260e-08   8.697010e-03   0.000000e+00   2526710
  1.130583e+01   1.263956e-08   6.772797e-03   0.000000e+00   2548986
  1.132607e+01   1.254426e-08   5.835060e-03   0.000000e+00   2551704
  1.134631e+01   1.248233e-08   4.546514e-03   0.000000e+00   2566226
  1.136656e+01   1.238587e-08   4.683679e-03   0.000000e+00   2573898
  1.138683e+01   1.227470e-08   5.019197e-03   0.000000e+00   2589182
  1.140707e+01   1.219928e-08   6.487534e-03   0.000000e+00   2584970
  1.142731e+01   1.211207e-08   5.053711e-03   0.000000e+00   2605110
  1.144756e+01   1.201841e-08   4.623626e-03   0.000000e+00   2606834
  1.146779e+01   1.195622e-08   4.743791e-03   0.000000e+00   2620770
  1.148803e+01   1.185256e-08   6.435416e-03   0.000000e+00   2626560
  1.150826e+01   1.175647e-08   6.222647e-03   0.000000e+00   2636762
  1.152850e+01   1.168105e-08   7.162839e-03   0.000000e+00   2647698
  1.154879e+01   1.162574e-08   5.545310e-03   0.000000e+00   2668166
  1.156906e+01   1.152335e-08   5.642137e-03   0.000000e+00   2660586
  1.158929e+01   1.145810e-08   5.650194e-03   0.000000e+00   2676494
  1.160950e+01   1.135364e-08   6.731221e-03   0.000000e+00   2674306
  1.162971e+01   1.127992e-08   4.748323e-03   0.000000e+00   2696980
  1.164997e+01   1.118902e-08   5.251523e-03   0.000000e+00   2703622
  1.167021e+01   1.111839e-08   7.799926e-03   0.000000e+00   2713186
  1.169045e+01   1.101478e-08   7.214130e-03   0.000000e+00   2718702
  1.171072e+01   1.096659e-08   6.975576e-03   0.000000e+00   2742194
  1.173097e+01   1.086861e-08   0.000000e+00   0.000000e+00   2733162
  1.175121e+01   1.079983e-08   4.169849e-03   0.000000e+00   2757590
  1.177145e+01   1.071312e-08   3.859548e-03   0.000000e+00   2752010
  1.179166e+01   1.065219e-08   7.517031e-03   0.000000e+00   2769036
  1.181192e+01   1.056693e-08   5.829311e-03   0.000000e+00   2783046
  1.183218e+01   1.049388e-08   0.000000e+00   0.000000e+00   2789378
  1.185243e+01   1.042048e-08   8.376147e-03   0.000000e+00   2799582
  1.187270e+01   1.035629e-08   6.025520e-03   0.000000e+00   2811170
  1.189294e+01   1.027653e-08   0.000000e+00   0.000000e+00   2812706
  1.191319e+01   1.022198e-08   5.542904e-03   0.000000e+00   2833254
  1.193342e+01   1.012619e-08   7.036342e-03   0.000000e+00   2827292
  1.195363e+01   1.008175e-08   7.444553e-03   0.000000e+00   2846838
  1.197387e+01   1.001013e-08   5.595846e-03   0.000000e+00   2846535
  1.199410e+01   1.000142e-08   6.258696e-03   0.000000e+00   2848496
  1.201435e+01   9.967794e-09   6.640701e-03   0.000000e+00   2841564
  1.203461e+01   9.948812e-09   7.481546e-03   0.000000e+00   2843000
  1.205486e+01   9.921940e-09   7.116709e-03   0.000000e+00   2826624
  1.207509e+01   9.913875e-09   7.335487e-03   0.000000e+00   2828732
  1.209533e+01   9.872682e-09   4.173137e-03   0.000000e+00   2819560
  1.211558e+01   9.855768e-09   5.483977e-03   0.000000e+00   2819284
  1.213581e+01   9.836008e-09   5.233153e-03   0.000000e+00   2805856
  1.215605e+01   9.821233e-09   6.760225e-03   0.000000e+00   2810440
  1.217630e+01   9.794422e-09   5.982743e-03   0.000000e+00   2800608
  1.219654e+01   9.786657e-09   7.544766e-03   0.000000e+00   2798144
  1.221678e+01   9.754628e-09   6.646588e-03   0.000000e+00   2787376
  1.223703e+01   9.738323e-09   7.436101e-03   0.000000e+00   2790616
  1.225729e+01   9.699989e-09   5.885358e-03   0.000000e+00   2779552
  1.227750e+01   9.669051e-09   6.693849e-03   0.000000e+00   2768452
  1.229772e+01   9.652686e-09   2.089383e-03   0.000000e+00   2771296
  1.231797e+01   9.628304e-09   3.223405e-03   0.000000e+00   2764924
  1.233823e+01   9.594280e-09   3.567936e-03   0.000000e+00   2762264
  1.235851e+01   9.566527e-09   7.163988e-03   0.000000e+00   2760216
  1.237874e+01   9.543135e-09   1.474698e-03   0.000000e+00   2737932
  1.239898e+01   9.541710e-09   8.011428e-03   0.000000e+00   2752280
  1.241923e+01   9.501088e-09   6.230880e-03   0.000000e+00   2728764
  1.243946e+01   9.483996e-09   6.088283e-03   0.000000e+00   2736368
  1.245969e+01   9.443052e-09   4.667265e-03   0.000000e+00   2719920
  1.247994e+01   9.427327e-09   9.076356e-03   0.000000e+00   2727152
  1.250019e+01   9.381858e-09   0.000000e+00   0.000000e+00   2708352
  1.252045e+01   9.347187e-09   0.000000e+00   0.000000e+00   2718584
  1.254069e+01   9.324324e-09   0.000000e+00   0.000000e+00   2694300
  1.256094e+01   9.305146e-09   8.640460e-03   0.000000e+00   2709440
  1.258119e+01   9.273709e-09   2.533739e-03   0.000000e+00   2682108
  1.260140e+01   9.257071e-09   4.531730e-03   0.000000e+00   2684912
  1.262163e+01   9.222925e-09   7.838600e-03   0.000000e+00   2678892
  1.264187e+01   9.197843e-09   5.993505e-03   0.000000e+00   2674748
  1.266212e+01   9.158112e-09   8.818504e-03   0.000000e+00   2670216
  1.268237e+01   9.151291e-09   5.886064e-03   0.000000e+00   2659436
  1.270261e+01   9.111900e-09   5.402407e-03   0.000000e+00   2659752
  1.272289e+01   9.071039e-09   6.008253e-03   0.000000e+00   2654300
  1.274313e+01   9.038786e-09   2.931023e-03   0.000000e+00   2640852
  1.276336e+01   9.027044e-09   4.644026e-03   0.000000e+00   2638124
  1.278359e+01   8.967263e-09   9.340922e-03   0.000000e+00   2628228
  1.280384e+01   8.963020e-09   3.634304e-03   0.000000e+00   2630936
  1.282410e+01   8.907881e-09   8.252505e-03   0.000000e+00   2619032
  1.284433e+01   8.891600e-09   5.014349e-03   0.000000e+00   2610804
  1.286458e+01   8.868738e-09   5.632096e-03   0.000000e+00   2609408
  1.288484e+01   8.820636e-09   7.685534e-03   0.000000e+00   2602764
  1.290506e+01   8.793219e-09   6.387571e-03   0.000000e+00   2588540
  1.292528e+01   8.748444e-09   9.376006e-03   0.000000e+00   2587836
  1.294551e+01   8.731486e-09   7.855106e-03   0.000000e+00   2579100
  1.296574e+01   8.699617e-09   4.607364e-03   0.000000e+00   2574128
  1.298598e+01   8.656008e-09   4.629053e-03   0.000000e+00   2567588
  1.300625e+01   8.610639e-09   7.502653e-03   0.000000e+00   2572956
  1.302652e+01   8.591455e-09   6.666134e-03   0.000000e+00   2550552
  1.304675e+01   8.574774e-09   7.460969e-03   0.000000e+00   2552084
  1.306699e+01   8.527709e-09   4.628316e-03   0.000000e+00   2539404
  1.308724e+01   8.481672e-09   0.000000e+00   0.000000e+00   2541152
  1.310750e+01   8.450851e-09   8.363186e-03   0.000000e+00   2528016
  1.312773e+01   8.432779e-09   5.456232e-03   0.000000e+00   2521496
  1.314798e+01   8.379701e-09   6.606857e-03   0.000000e+00   2518092
  1.316824e+01   8.336214e-09   2.080404e-03   0.000000e+00   2511632
  1.318848e+01   8.309421e-09   0.000000e+00   0.000000e+00   2500140
  1.320872e+01   8.294858e-09   5.837750e-03   0.000000e+00   2496980
  1.322896e+01   8.244209e-09   6.683622e-03   0.000000e+00   2487428
  1.324922e+01   8.228227e-09   7.138400e-03   0.000000e+00   2486496
  1.326945e+01   8.165785e-09   1.072311e-02   0.000000e+00   2469840
  1.328968e+01   8.134379e-09   7.422347e-03   0.000000e+00   2469656
  1.330992e+01   8.097950e-09   2.709098e-03   0.000000e+00   2457036
  1.333018e+01   8.060873e-09   4.979225e-03   0.000000e+00   2462684
  1.335044e+01   8.023232e-09   4.249850e-03   0.000000e+00   2442384
  1.337066e+01   7.992712e-09   4.662299e-03   0.000000e+00   2441696
  1.339091e+01   7.963316e-09   2.756069e-03   0.000000e+00   2431164
  1.341114e+01   7.927891e-09   0.000000e+00   0.000000e+00   2423696
  1.343138e+01   7.868514e-09   8.687378e-03   0.000000e+00   2421336
  1.345164e+01   7.846405e-09   5.375221e-03   0.000000e+00   2412992
  1.347188e+01   7.805244e-09   4.609934e-03   0.000000e+00   2402732
  1.349211e+01   7.781378e-09   7.653958e-03   0.000000e+00   2396124
  1.351235e+01   7.731728e-09   6.506958e-03   0.000000e+00   2388480
  1.353261e+01   7.695529e-09   5.953390e-03   0.000000e+00   2387060
  1.355285e+01   7.660907e-09   6.252553e-03   0.000000e+00   2370268
  1.357306e+01   7.631251e-09   7.062103e-03   0.000000e+00   2363776
  1.359329e+01   7.587489e-09   5.365338e-03   0.000000e+00   2360176
  1.361354e+01   7.554414e-09   5.465271e-03   0.000000e+00   2356360
  1.363379e+01   7.516063e-09   5.671486e-03   0.000000e+00   2343240
  1.365404e+01   7.479559e-09   5.049481e-03   0.000000e+00   2340248
  1.367427e+01   7.421550e-09   6.262491e-03   0.000000e+00   2325000
  1.369452e+01   7.411251e-09   4.914753e-03   0.000000e+00   2328632
  1.371478e+01   7.347506e-09   7.400940e-03   0.000000e+00   2313100
  1.373503e+01   7.328572e-09   6.412803e-03   0.000000e+00   2310892
  1.375527e+01   7.285271e-09   7.184434e-03   0.000000e+00   2295420
  1.377551e+01   7.253244e-09   7.044437e-03   0.000000e+00   2293592
  1.379574e+01   7.217809e-09   5.704240e-03   0.000000e+00   2281400
  1.381602e+01   7.170081e-09   6.992128e-03   0.000000e+00   2285760
  1.383626e+01   7.133461e-09   3.622143e-03   0.000000e+00   2259408
  1.385650e+01   7.094183e-09   0.000000e+00   0.000000e+00   2266808
  1.387675e+01   7.043816e-09   6.962518e-03   0.000000e+00   2249348
  1.389698e+01   7.017379e-09   4.436476e-03   0.000000e+00   2244732
  1.391721e+01   6.974635e-09   8.403136e-03   0.000000e+00   2233908
  1.393745e+01   6.954406e-09   2.708709e-03   0.000000e+00   2231660
  1.395770e+01   6.906664e-09   5.845142e-03   0.000000e+00   2218736
  1.397796e+01   6.857003e-09   4.373524e-03   0.000000e+00   2217984
  1.399821e+01   6.826510e-09   8.528580e-03   0.000000e+00   2203300
  1.401845e+01   6.793301e-09   6.479813e-03   0.000000e+00   2197072
  1.403867e+01   6.757518e-09   0.000000e+00   0.000000e+00   2181992
  1.405890e+01   6.707476e-09   4.519517e-03   0.000000e+00   2183664
  1.407917e+01   6.677410e-09   6.735140e-03   0.000000e+00   2173464
  1.409942e+01   6.633308e-09   0.000000e+00   0.000000e+00   2165396
  1.411966e+01   6.593133e-09   3.161664e-03   0.000000e+00   2152784
  1.413990e+01   6.562481e-09   7.907243e-03   0.000000e+00   2147532
  1.416014e+01   6.526105e-09   2.269648e-03   0.000000e+00   2139588
  1.418041e+01   6.478568e-09   4.101103e-03   0.000000e+00   2135432
  1.420062e+01   6.446399e-09   5.462706e-03   0.000000e+00   2109256
  1.422082e+01   6.415539e-09   5.925875e-03   0.000000e+00   2117296
  1.424109e+01   6.368680e-09   4.525564e-03   0.000000e+00   2106252
  1.426134e+01   6.329180e-09   7.296984e-03   0.000000e+00   2099096
  1.428160e+01   6.288042e-09   7.255894e-03   0.000000e+00   2088384
  1.430184e+01   6.264297e-09   8.190966e-03   0.000000e+00   2078480
  1.432207e+01   6.222184e-09   5.425997e-03   0.000000e+00   2069016
  1.434232e+01   6.192433e-09   3.625595e-03   0.000000e+00   2064836
  1.436258e+01   6.150346e-09   0.000000e+00   0.000000e+00   2055420
  1.438282e+01   6.118324e-09   3.215656e-03   0.000000e+00   2043224
  1.440304e+01   6.082092e-09   8.061468e-03   0.000000e+00   2032260
  1.442330e+01   6.040690e-09   7.695527e-03   0.000000e+00   2034152
  1.444357e+01   6.000668e-09   4.214587e-03   0.000000e+00   2017644
  1.446381e+01   5.961538e-09   9.492648e-03   0.000000e+00   2010284
  1.448404e+01   5.928372e-09   1.086153e-03   0.000000e+00   1996540
  1.450426e+01   5.885857e-09   7.306404e-03   0.000000e+00   1992832
  1.452450e+01   5.847027e-09   8.143169e-03   0.000000e+00   1982400
  1.454473e+01   5.830851e-09   1.545550e-03   0.000000e+00   1972256
  1.456496e+01   5.778686e-09   7.350246e-03   0.000000e+00   1964352
  1.458522e+01   5.744276e-09   6.246056e-03   0.000000e+00   1958576
  1.460547e+01   5.712888e-09   4.225194e-03   0.000000e+00   1946940
  1.462573e+01   5.678882e-09   7.825983e-03   0.000000e+00   1942580
  1.464597e+01   5.641925e-09   1.053109e-02   0.000000e+00   1921740
  1.466620e+01   5.608468e-09   2.395854e-03   0.000000e+00   1923956
  1.468645e+01   5.561274e-09   6.822988e-03   0.000000e+00   1907896
  1.470671e+01   5.529677e-09   8.756781e-03   0.000000e+00   1906888
  1.472695e+01   5.493535e-09   7.836127e-03   0.000000e+00   1886160
  1.474717e+01   5.463004e-09   6.249308e-03   0.000000e+00   1883120
  1.476742e+01   5.433385e-09   2.121165e-03   0.000000e+00   1875140
  1.478769e+01   5.388105e-09   6.622550e-03   0.000000e+00   1865652
  1.480793e+01   5.352870e-09   7.015728e-03   0.000000e+00   1853268
  1.482818e+01   5.321545e-09   6.217084e-03   0.000000e+00   1847180
  1.484840e+01   5.279909e-09   8.548537e-03   0.000000e+00   1829604
  1.486863e+01   5.259551e-09   3.931365e-03   0.000000e+00   1829720
  1.488889e+01   5.209964e-09   7.491203e-03   0.000000e+00   1817184
  1.490913e+01   5.173922e-09   6.532292e-03   0.000000e+00   1806320
  1.492936e+01   5.154601e-09   4.605763e-03   0.000000e+00   1795536
  1.494961e+01   5.119536e-09   7.136326e-03   0.000000e+00   1791548
  1.496987e+01   5.072825e-09   5.864225e-03   0.000000e+00   1777512
  1.499012e+01   5.051737e-09   0.000000e+00   0.000000e+00   1769984
  1.501035e+01   5.002792e-09   7.682244e-03   0.000000e+00   1756248
  1.503058e+01   4.995446e-09   8.528654e-03   0.000000e+00   1749248
  1.505083e+01   4.938709e-09   6.180607e-03   0.000000e+00   1739928
  1.507109e+01   4.914999e-09   6.896099e-03   0.000000e+00   1732148
  1.509133e+01   4.875704e-09   6.009223e-03   0.000000e+00   1716964
  1.511157e+01   4.858810e-09   5.767987e-03   0.000000e+00   1712164
  1.513183e+01   4.808673e-09   8.781752e-03   0.000000e+00   1698332
  1.515208e+01   4.781793e-09   9.104052e-03   0.000000e+00   1694100
  1.517232e+01   4.750854e-09   0.000000e+00   0.000000e+00   1675412
  1.519254e+01   4.725696e-09   7.462930e-03   0.000000e+00   1670436
  1.521276e+01   4.700805e-09   4.262959e-03   0.000000e+00   1655532
  1.523302e+01   4.646272e-09   9.396304e-03   0.000000e+00   1656860
  1.525328e+01   4.635176e-09   2.745918e-03   0.000000e+00   1636484
  1.527353e+01   4.599135e-09   3.681726e-03   0.000000e+00   1633212
  1.529376e+01   4.576954e-09   5.467015e-03   0.000000e+00   1614044
  1.531400e+01   4.548830e-09   4.166881e-03   0.000000e+00   1612980
  1.533425e+01   4.516683e-09   8.225499e-03   0.000000e+00   1597036
  1.535449e+01   4.483915e-09   6.216682e-03   0.000000e+00   1590676
  1.537473e+01   4.454679e-09   4.227419e-03   0.000000e+00   1575812
  1.539495e+01   4.428849e-09   4.637611e-03   0.000000e+00   1566156
  1.541520e+01   4.384626e-09   7.265804e-03   0.000000e+00   1560980
  1.543547e+01   4.369307e-09   7.596732e-03   0.000000e+00   1549404
  1.545570e+01   4.336703e-09   0.000000e+00   0.000000e+00   1532436
  1.547592e+01   4.307120e-09   6.945510e-03   0.000000e+00   1527524
  1.549617e+01   4.290231e-09   7.732126e-03   0.000000e+00   1515204
  1.551641e+01   4.257784e-09   0.000000e+00   0.000000e+00   1506452
  1.553667e+01   4.227182e-09   2.426397e-03   0.000000e+00   1495116
  1.555688e+01   4.199830e-09   6.706614e-03   0.000000e+00   1479152
  1.557710e+01   4.176199e-09   0.000000e+00   0.000000e+00   1475400
  1.559739e+01   4.149827e-09   3.362690e-03   0.000000e+00   1467932
  1.561766e+01   4.116243e-09   7.222280e-03   0.000000e+00   1451256
  1.563791e+01   4.098201e-09   0.000000e+00   0.000000e+00   1443212
  1.565813e+01   4.077991e-09   5.990964e-03   0.000000e+00   1425648
  1.567836e+01   4.040391e-09   8.164681e-03   0.000000e+00   1423004
  1.569862e+01   4.013662e-09   5.235060e-03   0.000000e+00   1408632
  1.571887e+01   4.005825e-09   7.871514e-03   0.000000e+00   1400984
  1.573911e+01   3.967086e-09   7.793626e-03   0.000000e+00   1383180
  1.575934e+01   3.942039e-09   8.637480e-03   0.000000e+00   1378136
  1.577960e+01   3.913997e-09   9.147355e-03   0.000000e+00   1367136
  1.579987e+01   3.891077e-09   5.203231e-03   0.000000e+00   1356716
  1.582008e+01   3.874807e-09   5.668757e-03   0.000000e+00   1336908
  1.584028e+01   3.853278e-09   0.000000e+00   0.000000e+00   1332620
  1.586053e+01   3.821413e-09   6.502751e-03   0.000000e+00   1321748
  1.588079e+01   3.801414e-09   3.119825e-03   0.000000e+00   1312764
  1.590103e+01   3.784310e-09   0.000000e+00   0.000000e+00   1296636
  1.592129e+01   3.760434e-09   6.590995e-03   0.000000e+00   1291472
  1.594153e+01   3.734039e-09   1.091460e-02   0.000000e+00   1272768
  1.596177e+01   3.716736e-09   6.569763e-03   0.000000e+00   1269080
  1.598204e+01   3.685912e-09   7.477303e-03   0.000000e+00   1253696
  1.600227e+01   3.670342e-09   9.320786e-03   0.000000e+00   1241616
  1.602246e+01   3.645857e-09   7.098649e-03   0.000000e+00   1226712
  1.604272e+01   3.635434e-09   8.608783e-03   0.000000e+00   1226228
  1.606300e+01   3.608872e-09   6.464842e-03   0.000000e+00   1207848
  1.608325e+01   3.594754e-09   3.759548e-03   0.000000e+00   1198256
  1.610347e+01   3.578544e-09   6.912130e-03   0.000000e+00   1181516
  1.612371e+01   3.553461e-09   0.000000e+00   0.000000e+00   1177980
  1.614397e+01   3.535078e-09   2.894685e-03   0.000000e+00   1161756
  1.616419e+01   3.515931e-09   6.241432e-03   0.000000e+00   1150148
  1.618443e+01   3.503924e-09   4.979964e-03   0.000000e+00   1138848
  1.620466e+01   3.490572e-09   0.000000e+00   0.000000e+00   1126748
  1.622490e+01   3.463390e-09   2.667126e-03   0.000000e+00   1117652
  1.624519e+01   3.449703e-09   0.000000e+00   3.857058e-12   1107888
  1.626544e+01   3.431318e-09   4.806214e-03   3.852766e-12   1090964
  1.628567e+01   3.426419e-09   4.932210e-03   3.853481e-12   1080684
  1.630588e+01   3.399531e-09   8.854004e-03   3.855964e-12   1065660
  1.632613e+01   3.384780e-09   0.000000e+00   3.836486e-12   1061996
  1.634641e+01   3.381919e-09   4.915276e-03   3.856997e-12   1044320
  1.636664e+01   3.351358e-09   9.572374e-03   3.829487e-12   1034640
  1.638689e+01   3.347776e-09   5.228793e-03   3.851175e-12   1019172
  1.640714e+01   3.314109e-09   4.651295e-03   3.813573e-12   1013948
  1.642741e+01   3.303404e-09   1.062673e-02   3.822813e-12   996376
  1.644765e+01   3.307852e-09   0.000000e+00   3.832564e-12   985288
  1.646784e+01   3.300148e-09   0.000000e+00   3.849234e-12   969596
  1.648809e+01   3.279046e-09   9.551552e-03   3.844551e-12   964980
  1.650834e+01   3.260762e-09   7.697579e-03   3.844050e-12   947252
  1.652857e+01   3.254739e-09   9.282288e-03   3.833273e-12   939060
  1.654882e+01   3.251080e-09   6.433300e-03   3.855402e-12   922328
  1.656905e+01   3.239307e-09   2.823516e-03   3.844050e-12   913788
  1.658932e+01   3.214947e-09   1.054211e-02   3.841352e-12   902812
  1.660959e+01   3.214335e-09   7.476300e-03   3.843208e-12   888544
  1.662981e+01   3.206738e-09   8.926515e-03   3.852944e-12   872948
  1.665001e+01   3.203704e-09   0.000000e+00   3.862007e-12   862440
  1.667025e+01   3.172665e-09   5.100084e-03   3.844784e-12   851760
  1.669054e+01   3.175399e-09   8.929578e-04   3.829994e-12   841940
  1.671078e+01   3.180803e-09   5.199542e-03   3.879949e-12   822984
  1.673102e+01   3.170890e-09   4.675028e-03   3.867513e-12   816092
  1.675127e+01   3.156809e-09   0.000000e+00   3.882398e-12   799284
  1.677151e+01   3.146483e-09   9.817553e-03   3.871697e-12   791312
  1.679175e+01   3.147411e-09   5.155896e-03   3.898297e-12   772524
  1.681194e+01   3.146652e-09   5.838754e-03   3.901711e-12   762896
  1.683218e+01   3.134963e-09   4.014499e-03   3.901283e-12   750876
  1.685244e+01   3.129038e-09   5.661255e-03   3.916165e-12   739280
  1.687268e+01   3.140122e-09   6.298869e-03   3.939494e-12   724840
  1.689295e+01   3.128585e-09   4.282393e-03   3.938166e-12   714484
  1.691316e+01   3.129616e-09   6.908234e-03   3.966269e-12   695868
  1.693340e+01   3.128585e-09   9.098095e-03   3.949971e-12   691013
  1.695367e+01   3.113947e-09   6.383660e-03   3.974794e-12   673486
  1.697390e+01   3.117437e-09   7.820735e-03   3.971378e-12   666244
  1.699413e+01   3.102076e-09   5.794321e-03   3.989088e-12   651008
  1.701436e+01   3.095907e-09   0.000000e+00   3.998569e-12   644820
  1.703462e+01   3.086577e-09   0.000000e+00   4.011773e-12   632636
  1.705488e+01   3.071529e-09   8.517651e-03   3.998887e-12   625002
  1.707511e+01   3.064719e-09   5.344497e-03   4.033362e-12   611208
  1.709538e+01   3.046338e-09   0.000000e+00   4.030167e-12   607328
  1.711563e+01   3.043833e-09   0.000000e+00   4.049932e-12   592272
  1.713586e+01   3.025323e-09   0.000000e+00   4.038247e-12   587504
  1.715611e+01   3.020761e-09   9.798959e-03   4.076501e-12   575466
  1.717634e+01   2.977544e-09   0.000000e+00   4.022272e-12   568274
  1.719660e+01   2.984128e-09   0.000000e+00   4.078403e-12   559518
  1.721686e+01   2.954562e-09   5.247450e-03   4.052322e-12   551618
  1.723712e+01   2.940109e-09   4.901820e-03   4.050284e-12   542364
  1.725736e+01   2.908656e-09   7.671600e-03   4.046740e-12   534146
  1.727758e+01   2.900594e-09   9.472268e-03   4.073496e-12   525076
  1.729785e+01   2.866865e-09   0.000000e+00   4.029305e-12   519868
  1.731806e+01   2.866551e-09   4.203146e-03   4.070153e-12   507108
  1.733830e+01   2.839274e-09   3.341651e-03   4.059342e-12   504992
  1.735855e+01   2.824366e-09   9.997235e-03   4.067973e-12   492636
  1.737880e+01   2.805411e-09   0.000000e+00   4.060867e-12   490052
  1.739906e+01   2.776275e-09   2.430764e-03   4.064409e-12   477708
  1.741928e+01   2.757838e-09   1.357122e-03   4.058849e-12   473852
  1.743953e+01   2.740738e-09   1.195426e-02   4.074372e-12   464174
  1.745976e+01   2.720937e-09   5.082192e-03   4.070394e-12   459096
  1.747999e+01   2.697113e-09   7.398254e-03   4.084379e-12   449582
  1.750023e+01   2.676080e-09   1.285310e-02   4.064502e-12   445812
  1.752045e+01   2.670523e-09   7.443273e-03   4.098892e-12   435134
  1.754072e+01   2.641430e-09   3.903764e-03   4.054923e-12   433590
  1.756096e+01   2.618793e-09   0.000000e+00   4.087051e-12   421070
  1.758119e+01   2.586251e-09   0.000000e+00   4.049381e-12   419940
  1.760147e+01   2.569531e-09   6.406977e-03   4.073061e-12   409714
  1.762167e+01   2.556942e-09   0.000000e+00   4.096449e-12   404182
  1.764191e+01   2.530242e-09   5.498759e-03   4.057143e-12   398518
  1.766218e+01   2.508607e-09   7.084288e-03   4.059852e-12   392302
  1.768242e+01   2.491965e-09   6.993168e-03   4.093043e-12   385486
  1.770271e+01   2.468365e-09   6.041208e-03   4.067539e-12   381550
  1.772293e+01   2.443614e-09   0.000000e+00   4.091403e-12   370826
  1.774317e+01   2.416931e-09   0.000000e+00   4.052636e-12   370014
  1.776343e+01   2.408875e-09   6.040763e-03   4.087883e-12   359910
  1.778365e+01   2.370909e-09   1.000572e-02   4.036195e-12   357416
  1.780388e+01   2.360147e-09   1.003638e-02   4.078675e-12   348174
  1.782411e+01   2.328890e-09   9.867761e-03   4.045064e-12   346010
  1.784435e+01   2.305856e-09   9.323373e-03   4.034708e-12   337094
  1.786462e+01   2.279285e-09   1.046784e-02   4.006136e-12   336360
  1.788488e+01   2.268922e-09   6.183343e-03   4.066312e-12   325206
  1.790511e+01   2.239440e-09   1.162841e-02   4.001744e-12   324614
  1.792534e+01   2.231484e-09   6.495060e-03   4.055665e-12   314760
  1.794558e+01   2.196940e-09   3.182387e-03   4.013879e-12   314114
  1.796581e+01   2.170151e-09   7.764277e-03   4.013434e-12   303918
  1.798604e+01   2.136139e-09   0.000000e+00   3.982329e-12   303872
  1.800632e+01   2.121626e-09   5.370403e-03   4.009515e-12   295062
  1.802657e+01   2.097469e-09   8.029338e-03   3.984373e-12   292784
  1.804682e+01   2.067763e-09   0.000000e+00   3.987262e-12   285198
  1.806704e+01   2.051871e-09   0.000000e+00   3.969444e-12   282068
  1.808729e+01   2.033041e-09   0.000000e+00   3.979067e-12   275958
  1.810752e+01   1.998310e-09   9.854920e-03   3.944113e-12   272072
  1.812774e+01   1.974210e-09   5.132524e-03   3.915170e-12   266352
  1.814799e+01   1.950206e-09   1.644306e-03   3.898585e-12   263198
  1.816822e+01   1.930871e-09   7.583947e-03   3.936073e-12   256524
  1.818849e+01   1.901599e-09   5.722108e-03   3.886737e-12   254774
  1.820872e+01   1.878167e-09   4.972812e-03   3.911343e-12   246888
  1.822897e+01   1.860961e-09   0.000000e+00   3.892075e-12   245984
  1.824921e+01   1.839115e-09   9.430435e-04   3.890626e-12   237822
  1.826945e+01   1.807724e-09   0.000000e+00   3.814205e-12   236948
  1.828968e+01   1.792173e-09   0.000000e+00   3.877898e-12   229296
  1.830995e+01   1.764617e-09   3.348449e-03   3.835140e-12   228968
  1.833021e+01   1.747450e-09   1.085954e-02   3.857017e-12   220894
  1.835047e+01   1.709600e-09   7.794413e-03   3.777367e-12   220408
  1.837072e+01   1.695354e-09   9.940898e-04   3.823321e-12   212400
  1.839097e+01   1.665349e-09   2.633592e-03   3.755272e-12   212228
  1.841122e+01   1.653917e-09   9.509093e-03   3.801443e-12   204502
  1.843147e+01   1.614868e-09   4.608279e-03   3.735969e-12   203944
  1.845169e+01   1.608613e-09   7.756364e-03   3.770565e-12   196272
  1.847192e+01   1.568141e-09   7.046565e-03   3.690602e-12   196280
  1.849216e+01   1.556223e-09   5.292309e-03   3.746510e-12   188604
  1.851237e+01   1.523221e-09   6.611742e-03   3.677224e-12   188408
  1.853261e+01   1.505498e-09   1.955217e-03   3.667598e-12   181566
  1.855285e+01   1.480784e-09   5.719424e-03   3.636958e-12   180920
  1.857308e+01   1.465019e-09   7.123977e-03   3.688460e-12   174304
  1.859332e+01   1.437431e-09   0.000000e+00   3.612115e-12   173620
  1.861356e+01   1.423610e-09   7.560166e-03   3.632030e-12   167432
  1.863384e+01   1.389329e-09   5.547625e-03   3.562388e-12   166944
  1.865405e+01   1.369728e-09   9.611190e-03   3.597313e-12   159704
  1.867431e+01   1.341676e-09   6.596643e-03   3.525352e-12   160464
  1.869455e+01   1.327594e-09   5.456472e-03   3.569653e-12   152756
  1.871479e+01   1.290038e-09   9.148054e-03   3.446558e-12   153912
  1.873503e+01   1.279888e-09   9.857086e-03   3.518586e-12   146024
  1.875525e+01   1.251877e-09   1.548462e-02   3.433417e-12   147168
  1.877550e+01   1.239545e-09   9.024148e-03   3.497132e-12   140000
  1.879574e+01   1.207043e-09   0.000000e+00   3.390585e-12   140580
  1.881599e+01   1.194043e-09   8.261644e-03   3.414209e-12   134112
  1.883624e+01   1.169747e-09   1.334981e-02   3.353014e-12   134264
  1.885649e+01   1.150017e-09   8.505010e-03   3.384741e-12   128000
  1.887674e+01   1.117350e-09   1.086635e-02   3.288179e-12   128124
  1.889701e+01   1.097418e-09   7.214524e-03   3.319272e-12   122472
  1.891725e+01   1.067641e-09   1.089529e-02   3.238051e-12   121808
  1.893748e+01   1.062947e-09   3.056711e-03   3.315791e-12   116592
  1.895770e+01   1.033498e-09   0.000000e+00   3.190027e-12   116072
  1.897794e+01   1.018101e-09   1.146420e-02   3.246328e-12   111156
  1.899821e+01   9.827930e-10   0.000000e+00   3.096963e-12   110864
  1.901846e+01   9.829476e-10   0.000000e+00   3.227340e-12   105464
  1.903872e+01   9.493625e-10   6.016759e-03   3.096487e-12   105738
  1.905896e+01   9.407972e-10   8.500176e-03   3.116630e-12   99824
  1.907920e+01   9.082797e-10   0.000000e+00   3.034948e-12   100452
  1.909941e+01   8.960938e-10   1.071598e-02   3.125950e-12   94608
  1.911966e+01   8.656869e-10   5.764544e-03   2.992642e-12   95456
  1.913988e+01   8.616886e-10   1.114729e-02   3.070304e-12   89688
  1.916015e+01   8.342907e-10   8.916494e-03   2.934455e-12   90632
  1.918036e+01   8.255920e-10   7.959122e-03   3.040054e-12   84558
  1.920061e+01   7.923037e-10   5.558979e-03   2.852730e-12   86096
  1.922083e+01   7.848029e-10   6.308943e-03   2.959742e-12   79632
  1.924103e+01   7.515588e-10   1.111553e-02   2.823613e-12   81416
  1.926128e+01   7.529338e-10   8.867579e-03   2.917074e-12   75348
  1.928149e+01   7.158412e-10   0.000000e+00   2.748867e-12   76712
  1.930175e+01   7.145001e-10   1.095667e-02   2.839059e-12   71322
  1.932200e+01   6.848394e-10   3.982644e-03   2.719144e-12   72248
  1.934226e+01   6.741711e-10   0.000000e+00   2.768350e-12   67152
  1.936250e+01   6.480503e-10   0.000000e+00   2.650190e-12   67844
  1.938270e+01   6.405957e-10   0.000000e+00   2.725920e-12   62976
  1.940296e+01   6.180568e-10   0.000000e+00   2.624742e-12   63914
  1.942314e+01   6.063978e-10   0.000000e+00   2.689192e-12   58824
  1.944340e+01   5.793122e-10   1.161995e-02   2.513547e-12   60116
  1.946357e+01   5.669005e-10   0.000000e+00   2.606889e-12   54888
  1.948394e+01   5.453505e-10   0.000000e+00   2.444510e-12   57002
  1.950416e+01   5.395752e-10   0.000000e+00   2.551508e-12   50760
  1.952443e+01   5.057427e-10   9.601858e-03   2.307674e-12   53312
  1.954465e+01   5.090510e-10   8.541178e-03   2.545584e-12   47124
  1.956490e+01   4.818743e-10   0.000000e+00   2.309430e-12   49850
  1.958513e+01   4.812872e-10   1.135259e-02   2.440083e-12   43680
  1.960533e+01   4.478584e-10   2.509001e-03   2.271062e-12   46328
  1.962562e+01   4.489642e-10   0.000000e+00   2.360870e-12   40686
  1.964585e+01   4.148390e-10   8.365068e-03   2.149520e-12   42992
  1.966616e+01   4.166520e-10   5.873739e-03   2.280906e-12   37656
  1.968634e+01   3.849937e-10   5.261676e-03   2.086008e-12   39578
  1.970666e+01   3.937118e-10   7.048164e-03   2.252985e-12   34928
  1.972684e+01   3.592968e-10   4.994282e-03   2.057642e-12   36300
  1.974709e+01   3.575134e-10   3.306492e-03   2.105341e-12   32136
  1.976731e+01   3.287198e-10   1.176821e-02   1.969459e-12   33362
  1.978748e+01   3.315862e-10   9.751893e-03   2.054162e-12   29336
  1.980778e+01   3.005525e-10   8.832630e-03   1.838145e-12   30804
  1.982789e+01   3.110108e-10   8.445670e-03   2.019847e-12   26490
  1.984822e+01   2.803687e-10   1.039992e-02   1.816304e-12   28376
  1.986828e+01   2.804161e-10   6.896210e-03   1.969071e-12   23792
  1.988868e+01   2.542086e-10   0.000000e+00   1.681389e-12   26142
  1.990869e+01   2.544669e-10   4.485049e-03   1.852683e-12   21192
  1.992915e+01   2.315209e-10   1.049211e-03   1.612787e-12   24050
  1.994917e+01   2.340247e-10   9.719715e-03   1.810670e-12   18768
  1.996969e+01   2.058380e-10   7.383984e-03   1.504971e-12   22052
  1.998968e+01   2.146035e-10   7.545092e-03   1.871171e-12   16346
  2.001016e+01   1.904802e-10   1.153589e-02   1.437499e-12   20136
  2.003017e+01   1.933880e-10   0.000000e+00   1.701678e-12   14168
  2.005058e+01   1.668456e-10   6.204963e-03   1.309217e-12   18210
  2.007060e+01   1.745942e-10   0.000000e+00   1.667036e-12   12204
  2.009093e+01   1.536890e-10   1.026748e-02   1.267625e-12   16346
  2.011106e+01   1.589252e-10   0.000000e+00   1.675348e-12   10536
  2.013130e+01   1.312648e-10   7.412730e-03   1.156138e-12   14456
  2.015140e+01   1.382661e-10   0.000000e+00   1.562030e-12   8982
  2.017164e+01   1.145851e-10   4.647280e-03   1.070115e-12   12752
  2.019169e+01   1.195550e-10   0.000000e+00   1.510413e-12   7506
  2.021194e+01   9.898115e-11   6.043511e-03   9.803211e-13   11192
  2.023195e+01   1.015392e-10   0.000000e+00   1.408147e-12   6156
  2.025219e+01   8.423487e-11   4.777050e-03   8.974244e-13   9722
  2.027226e+01   8.411738e-11   7.029559e-03   1.301586e-12   5000
  2.029244e+01   7.236164e-11   5.255756e-03   8.407849e-13   8298
  2.031257e+01   7.026307e-11   7.521660e-03   1.222010e-12   3996
  2.033264e+01   6.241455e-11   6.334525e-03   7.746847e-13   6938
  2.035289e+01   5.519352e-11   0.000000e+00   1.039543e-12   3168
  2.037278e+01   5.007500e-11   0.000000e+00   7.134925e-13   5624
  2.039310e+01   4.495932e-11   0.000000e+00   9.181108e-13   2502
  2.041289e+01   3.959785e-11   1.247483e-02   6.442931e-13   4424
  2.043327e+01   3.637200e-11   0.000000e+00   8.460781e-13   1938
  2.045304e+01   3.149714e-11   8.534864e-03   5.997337e-13   3368
  2.047348e+01   2.598981e-11   0.000000e+00   8.084073e-13   1446
  2.049321e+01   2.165560e-11   1.147057e-02   4.421005e-13   2456
  2.051373e+01   1.758865e-11   0.000000e+00   5.600571e-13   1026
  2.053341e+01   1.591197e-11   8.156619e-03   4.134596e-13   1688
  2.055402e+01   1.350399e-11   0.000000e+00   6.882199e-13   678
  2.057360e+01   1.038351e-11   0.000000e+00   3.254725e-13   1064
  2.059435e+01   7.488433e-12   0.000000e+00   3.609546e-13   402
  2.061375e+01   5.492697e-12   1.823273e-03   2.481646e-13   584
  2.063473e+01   3.958368e-12   3.988234e-03   3.091349e-13   198
  2.065374e+01   2.590548e-12   0.000000e+00   1.669905e-13   248
  2.067514e+01   1.507345e-12   0.000000e+00   1.272113e-13   66
  2.069296e+01   8.492274e-13   0.000000e+00   1.161692e-13   56
  2.071559e+01   1.326811e-13   3.507464e-03   3.617037e-14   6
