# power spectrum of theta (div v)
# redshift z=1.792500
# k              Pk             sigma(k)       sigma(Pk)      count
  2.982968e-02   2.370877e-10   4.564224e-03   2.456436e-11   18
  5.214475e-02   8.314044e-10   5.520388e-03   3.716775e-11   62
  7.257506e-02   1.716285e-09   3.818960e-03   5.295380e-11   90
  9.191687e-02   2.293771e-09   6.027119e-03   5.405932e-11   170
  1.120458e-01   3.012166e-09   6.264555e-03   7.102554e-11   246
  1.317012e-01   4.149685e-09   5.972299e-03   9.052558e-11   338
  1.510985e-01   4.722207e-09   5.134501e-03   1.044689e-10   432
  1.710768e-01   5.836092e-09   5.260284e-03   1.200746e-10   578
  1.923993e-01   6.674306e-09   6.288329e-03   1.354324e-10   810
  2.138999e-01   7.190648e-09   6.017474e-03   1.507222e-10   950
  2.337991e-01   8.414315e-09   5.371822e-03   1.777835e-10   1002
  2.536950e-01   9.272893e-09   6.143628e-03   1.801439e-10   1334
  2.738285e-01   1.011103e-08   5.753562e-03   1.993884e-10   1410
  2.929949e-01   1.071940e-08   5.748293e-03   2.023040e-10   1652
  3.130282e-01   1.131383e-08   5.672880e-03   2.095516e-10   1974
  3.335851e-01   1.226557e-08   5.560270e-03   2.186832e-10   2234
  3.541988e-01   1.343937e-08   5.849526e-03   2.286696e-10   2554
  3.751486e-01   1.332587e-08   6.122142e-03   2.204408e-10   2950
  3.956655e-01   1.392524e-08   5.730505e-03   2.304656e-10   3042
  4.155890e-01   1.431342e-08   5.843993e-03   2.336463e-10   3422
  4.353725e-01   1.542109e-08   5.640077e-03   2.411409e-10   3618
  4.552924e-01   1.586219e-08   5.871737e-03   2.383517e-10   4172
  4.755514e-01   1.701248e-08   5.680256e-03   2.538738e-10   4470
  4.959172e-01   1.758160e-08   5.804732e-03   2.490590e-10   4970
  5.163564e-01   1.870462e-08   5.831639e-03   2.512003e-10   5334
  5.368078e-01   1.850933e-08   5.989903e-03   2.366844e-10   5810
  5.570155e-01   1.976380e-08   5.951509e-03   2.463483e-10   6114
  5.773560e-01   1.973628e-08   6.064428e-03   2.338832e-10   6782
  5.971853e-01   2.097379e-08   5.532370e-03   2.527684e-10   6684
  6.168389e-01   2.095646e-08   5.718075e-03   2.420613e-10   7574
  6.372191e-01   2.187713e-08   5.775318e-03   2.389253e-10   8154
  6.575339e-01   2.209258e-08   5.745608e-03   2.335216e-10   8618
  6.781877e-01   2.276087e-08   6.021480e-03   2.294617e-10   9494
  6.986492e-01   2.347231e-08   5.809132e-03   2.372046e-10   9618
  7.188365e-01   2.398003e-08   5.901485e-03   2.346569e-10   10306
  7.391241e-01   2.437286e-08   5.955349e-03   2.297648e-10   10942
  7.593476e-01   2.507364e-08   5.814609e-03   2.312078e-10   11452
  7.795524e-01   2.524403e-08   5.712647e-03   2.284104e-10   12046
  7.995822e-01   2.528051e-08   5.613036e-03   2.253695e-10   12522
  8.198448e-01   2.631484e-08   5.866704e-03   2.281828e-10   13562
  8.402765e-01   2.690128e-08   5.969664e-03   2.275437e-10   14182
  8.607344e-01   2.710865e-08   6.027631e-03   2.195887e-10   14986
  8.808391e-01   2.802868e-08   5.732868e-03   2.326040e-10   14982
  9.009042e-01   2.792941e-08   5.959528e-03   2.173175e-10   16388
  9.211245e-01   2.891459e-08   5.726077e-03   2.254652e-10   16626
  9.412080e-01   2.898834e-08   5.808790e-03   2.239749e-10   17678
  9.614536e-01   2.942571e-08   5.718805e-03   2.166014e-10   18354
  9.816171e-01   2.970053e-08   5.767173e-03   0.000000e+00   19034
  1.001851e+00   2.990794e-08   5.911320e-03   0.000000e+00   20142
  1.022422e+00   3.043433e-08   6.046963e-03   0.000000e+00   21386
  1.042764e+00   3.137357e-08   5.790214e-03   0.000000e+00   21318
  1.062932e+00   3.094701e-08   5.850515e-03   0.000000e+00   22676
  1.083253e+00   3.136974e-08   5.790490e-03   0.000000e+00   23322
  1.103413e+00   3.136626e-08   5.718305e-03   0.000000e+00   24134
  1.123614e+00   3.271142e-08   5.819163e-03   0.000000e+00   25146
  1.143850e+00   3.256154e-08   5.791756e-03   0.000000e+00   26030
  1.163980e+00   3.243247e-08   5.823637e-03   0.000000e+00   26674
  1.184331e+00   3.354237e-08   5.986797e-03   0.000000e+00   28570
  1.204528e+00   3.330948e-08   5.785914e-03   0.000000e+00   28224
  1.224797e+00   3.355652e-08   5.983114e-03   0.000000e+00   30626
  1.245070e+00   3.354988e-08   5.599281e-03   0.000000e+00   30158
  1.265029e+00   3.403028e-08   5.737827e-03   0.000000e+00   31674
  1.285327e+00   3.391182e-08   5.928269e-03   0.000000e+00   33306
  1.305524e+00   3.435702e-08   5.742541e-03   0.000000e+00   33422
  1.325707e+00   3.437401e-08   5.892777e-03   0.000000e+00   35298
  1.346202e+00   3.508652e-08   5.895770e-03   0.000000e+00   36650
  1.366519e+00   3.501531e-08   5.840035e-03   0.000000e+00   36992
  1.386821e+00   3.510175e-08   5.893165e-03   0.000000e+00   38730
  1.407130e+00   3.516485e-08   5.748719e-03   0.000000e+00   39246
  1.427315e+00   3.548217e-08   5.840556e-03   0.000000e+00   40466
  1.447400e+00   3.504335e-08   5.694333e-03   0.000000e+00   41170
  1.467639e+00   3.597895e-08   5.942031e-03   0.000000e+00   43534
  1.487930e+00   3.517463e-08   5.722812e-03   0.000000e+00   43650
  1.508054e+00   3.576731e-08   5.793120e-03   0.000000e+00   45272
  1.528442e+00   3.584989e-08   5.896083e-03   0.000000e+00   47098
  1.548787e+00   3.580179e-08   5.794469e-03   0.000000e+00   47746
  1.568983e+00   3.648028e-08   5.830404e-03   0.000000e+00   48870
  1.589078e+00   3.602280e-08   5.688090e-03   0.000000e+00   49682
  1.609132e+00   3.581491e-08   5.724076e-03   0.000000e+00   51222
  1.629408e+00   3.612229e-08   5.932774e-03   0.000000e+00   53378
  1.649621e+00   3.591499e-08   5.701424e-03   0.000000e+00   53634
  1.670009e+00   3.608221e-08   6.002460e-03   0.000000e+00   56888
  1.690452e+00   3.652948e-08   5.786581e-03   0.000000e+00   56650
  1.710745e+00   3.642059e-08   5.915258e-03   0.000000e+00   58786
  1.730990e+00   3.616911e-08   5.755170e-03   0.000000e+00   59214
  1.751174e+00   3.624302e-08   5.959362e-03   0.000000e+00   61250
  1.771315e+00   3.616153e-08   5.783991e-03   0.000000e+00   61686
  1.791390e+00   3.655406e-08   5.803187e-03   0.000000e+00   63626
  1.811707e+00   3.593335e-08   5.911245e-03   0.000000e+00   66204
  1.832113e+00   3.620276e-08   5.925381e-03   0.000000e+00   67094
  1.852330e+00   3.619337e-08   5.793584e-03   0.000000e+00   67890
  1.872578e+00   3.588906e-08   5.757774e-03   0.000000e+00   70334
  1.892803e+00   3.578368e-08   5.665350e-03   0.000000e+00   70626
  1.912877e+00   3.597049e-08   5.900353e-03   0.000000e+00   72554
  1.933087e+00   3.566593e-08   5.919991e-03   0.000000e+00   74550
  1.953307e+00   3.573427e-08   5.807007e-03   0.000000e+00   75674
  1.973512e+00   3.568642e-08   5.767151e-03   0.000000e+00   77564
  1.993966e+00   3.545176e-08   5.931291e-03   0.000000e+00   80766
  2.014325e+00   3.528148e-08   5.719062e-03   0.000000e+00   80202
  2.034574e+00   3.531447e-08   5.806561e-03   0.000000e+00   83102
  2.054872e+00   3.540423e-08   5.832426e-03   0.000000e+00   83890
  2.075065e+00   3.483763e-08   5.862207e-03   0.000000e+00   85522
  2.095181e+00   3.480233e-08   5.687972e-03   0.000000e+00   86670
  2.115377e+00   3.499960e-08   5.779417e-03   0.000000e+00   89588
  2.135707e+00   3.475951e-08   5.932128e-03   0.000000e+00   91038
  2.155976e+00   3.475093e-08   5.790963e-03   0.000000e+00   92522
  2.176198e+00   3.448998e-08   5.732114e-03   0.000000e+00   94242
  2.196586e+00   3.416201e-08   5.944716e-03   0.000000e+00   97550
  2.216800e+00   3.412883e-08   5.971745e-03   0.000000e+00   96250
  2.236827e+00   3.403390e-08   5.884419e-03   0.000000e+00   99166
  2.256968e+00   3.393966e-08   5.696998e-03   0.000000e+00   100932
  2.277261e+00   3.375196e-08   5.962414e-03   0.000000e+00   104306
  2.297589e+00   3.351898e-08   5.906529e-03   0.000000e+00   104990
  2.317898e+00   3.342678e-08   5.703593e-03   0.000000e+00   107874
  2.338193e+00   3.328552e-08   5.397108e-03   0.000000e+00   108322
  2.358428e+00   3.291020e-08   5.259746e-03   0.000000e+00   111454
  2.378666e+00   3.274975e-08   5.732321e-03   0.000000e+00   112002
  2.398797e+00   3.271169e-08   5.800385e-03   0.000000e+00   114158
  2.418967e+00   3.268543e-08   5.688063e-03   0.000000e+00   116148
  2.439215e+00   3.225838e-08   5.915141e-03   0.000000e+00   118754
  2.459505e+00   3.210733e-08   5.949493e-03   0.000000e+00   120942
  2.479848e+00   3.196748e-08   5.738183e-03   0.000000e+00   123170
  2.500080e+00   3.205751e-08   6.017508e-03   0.000000e+00   123638
  2.520290e+00   3.148971e-08   5.567510e-03   0.000000e+00   126858
  2.540478e+00   3.139749e-08   5.853198e-03   0.000000e+00   127698
  2.560644e+00   3.120440e-08   5.880664e-03   0.000000e+00   130640
  2.580895e+00   3.093687e-08   5.824920e-03   0.000000e+00   132642
  2.601131e+00   3.081835e-08   5.747660e-03   0.000000e+00   134534
  2.621445e+00   3.053519e-08   5.835944e-03   0.000000e+00   137954
  2.641876e+00   3.052219e-08   5.794564e-03   0.000000e+00   140610
  2.662120e+00   3.013112e-08   5.900707e-03   0.000000e+00   139590
  2.682272e+00   3.003755e-08   5.964137e-03   0.000000e+00   143546
  2.702527e+00   2.988028e-08   5.625112e-03   0.000000e+00   145338
  2.722719e+00   2.970367e-08   5.863414e-03   0.000000e+00   147272
  2.742979e+00   2.949490e-08   5.939674e-03   0.000000e+00   150434
  2.763273e+00   2.925302e-08   5.679171e-03   0.000000e+00   152214
  2.783461e+00   2.909058e-08   5.885167e-03   0.000000e+00   153186
  2.803764e+00   2.884899e-08   5.980243e-03   0.000000e+00   158642
  2.824038e+00   2.855953e-08   5.448415e-03   0.000000e+00   157350
  2.844229e+00   2.844921e-08   5.823622e-03   0.000000e+00   161906
  2.864358e+00   2.843069e-08   5.710559e-03   0.000000e+00   160824
  2.884581e+00   2.825416e-08   6.320328e-03   0.000000e+00   167906
  2.904925e+00   2.767790e-08   5.765809e-03   0.000000e+00   167578
  2.925100e+00   2.774648e-08   5.763973e-03   0.000000e+00   169798
  2.945360e+00   2.745960e-08   5.872672e-03   0.000000e+00   173586
  2.965659e+00   2.733157e-08   5.990768e-03   0.000000e+00   175274
  2.985907e+00   2.723899e-08   5.960647e-03   0.000000e+00   177654
  3.006188e+00   2.699793e-08   5.898218e-03   0.000000e+00   180698
  3.026475e+00   2.672251e-08   5.800259e-03   0.000000e+00   182680
  3.046705e+00   2.667980e-08   6.150490e-03   0.000000e+00   184138
  3.066897e+00   2.652456e-08   5.811719e-03   0.000000e+00   187138
  3.087196e+00   2.625725e-08   5.803131e-03   0.000000e+00   191134
  3.107441e+00   2.600899e-08   5.854300e-03   0.000000e+00   191010
  3.127629e+00   2.589007e-08   5.012222e-03   0.000000e+00   195134
  3.147811e+00   2.582994e-08   5.971488e-03   0.000000e+00   195810
  3.168029e+00   2.575676e-08   5.978965e-03   0.000000e+00   201140
  3.188261e+00   2.542245e-08   6.072167e-03   0.000000e+00   201054
  3.208450e+00   2.522907e-08   5.846632e-03   0.000000e+00   205250
  3.228696e+00   2.514082e-08   5.519862e-03   0.000000e+00   207366
  3.248943e+00   2.489857e-08   6.319972e-03   0.000000e+00   210578
  3.269211e+00   2.492565e-08   5.721685e-03   0.000000e+00   213066
  3.289546e+00   2.477872e-08   6.009111e-03   0.000000e+00   217382
  3.309786e+00   2.458523e-08   5.786606e-03   0.000000e+00   216306
  3.329934e+00   2.439847e-08   5.765651e-03   0.000000e+00   220652
  3.350219e+00   2.426871e-08   6.032959e-03   0.000000e+00   224622
  3.370546e+00   2.426390e-08   5.229396e-03   0.000000e+00   227066
  3.390803e+00   2.406418e-08   5.664803e-03   0.000000e+00   228574
  3.411023e+00   2.387023e-08   5.025412e-03   0.000000e+00   231466
  3.431226e+00   2.379375e-08   5.663923e-03   0.000000e+00   233946
  3.451505e+00   2.363787e-08   6.220687e-03   0.000000e+00   238694
  3.471712e+00   2.368664e-08   5.988322e-03   0.000000e+00   238068
  3.491930e+00   2.349132e-08   5.881492e-03   0.000000e+00   244190
  3.512240e+00   2.325773e-08   5.712436e-03   0.000000e+00   245634
  3.532456e+00   2.324297e-08   6.177919e-03   0.000000e+00   248090
  3.552701e+00   2.303639e-08   5.686839e-03   0.000000e+00   251958
  3.572958e+00   2.289869e-08   6.060048e-03   0.000000e+00   254042
  3.593140e+00   2.284002e-08   5.689074e-03   0.000000e+00   255714
  3.613413e+00   2.272070e-08   6.188510e-03   0.000000e+00   262358
  3.633696e+00   2.270398e-08   5.534848e-03   0.000000e+00   261900
  3.654006e+00   2.261394e-08   5.957521e-03   0.000000e+00   268646
  3.674230e+00   2.240453e-08   5.691709e-03   0.000000e+00   265578
  3.694411e+00   2.234706e-08   5.692103e-03   0.000000e+00   273290
  3.714657e+00   2.227385e-08   5.789761e-03   0.000000e+00   273678
  3.734920e+00   2.220275e-08   6.054695e-03   0.000000e+00   279698
  3.755187e+00   2.205034e-08   6.742654e-03   0.000000e+00   279630
  3.775353e+00   2.197431e-08   5.454414e-03   0.000000e+00   283004
  3.795618e+00   2.190048e-08   5.492434e-03   0.000000e+00   288330
  3.815895e+00   2.193836e-08   5.867754e-03   0.000000e+00   289718
  3.836102e+00   2.175381e-08   5.843616e-03   0.000000e+00   292290
  3.856249e+00   2.180476e-08   5.632636e-03   0.000000e+00   294134
  3.876471e+00   2.167295e-08   5.721662e-03   0.000000e+00   300642
  3.896786e+00   2.163137e-08   6.104707e-03   0.000000e+00   303386
  3.917020e+00   2.158074e-08   6.464839e-03   0.000000e+00   304662
  3.937273e+00   2.158902e-08   5.613856e-03   0.000000e+00   309812
  3.957543e+00   2.147874e-08   5.810102e-03   0.000000e+00   311570
  3.977874e+00   2.144777e-08   5.641377e-03   0.000000e+00   318270
  3.998111e+00   2.144067e-08   6.252794e-03   0.000000e+00   315090
  4.018279e+00   2.125909e-08   5.458255e-03   0.000000e+00   322646
  4.038491e+00   2.131393e-08   5.632992e-03   0.000000e+00   322722
  4.058728e+00   2.120235e-08   6.187423e-03   0.000000e+00   329930
  4.079029e+00   2.119835e-08   6.183079e-03   0.000000e+00   331824
  4.099331e+00   2.115963e-08   5.631841e-03   0.000000e+00   336266
  4.119571e+00   2.103705e-08   5.866881e-03   0.000000e+00   336094
  4.139764e+00   2.107480e-08   5.586012e-03   0.000000e+00   341386
  4.159995e+00   2.104789e-08   5.897454e-03   0.000000e+00   344338
  4.180212e+00   2.110543e-08   6.020174e-03   0.000000e+00   347638
  4.200449e+00   2.097558e-08   5.629976e-03   0.000000e+00   351618
  4.220668e+00   2.100864e-08   5.853173e-03   0.000000e+00   353792
  4.240950e+00   2.090844e-08   5.726827e-03   0.000000e+00   360538
  4.261298e+00   2.094525e-08   5.593596e-03   0.000000e+00   363250
  4.281509e+00   2.100733e-08   6.102545e-03   0.000000e+00   362334
  4.301767e+00   2.094930e-08   5.017095e-03   0.000000e+00   371642
  4.322006e+00   2.091588e-08   5.774993e-03   0.000000e+00   368794
  4.342179e+00   2.096658e-08   5.779328e-03   0.000000e+00   376510
  4.362419e+00   2.102420e-08   5.587420e-03   0.000000e+00   377994
  4.382637e+00   2.091410e-08   5.714181e-03   0.000000e+00   382760
  4.402904e+00   2.089921e-08   6.439251e-03   0.000000e+00   386674
  4.423180e+00   2.090184e-08   5.799386e-03   0.000000e+00   390298
  4.443433e+00   2.097575e-08   6.164643e-03   0.000000e+00   393142
  4.463699e+00   2.090206e-08   5.881898e-03   0.000000e+00   397762
  4.483857e+00   2.087401e-08   5.650696e-03   0.000000e+00   396270
  4.504029e+00   2.099558e-08   5.878117e-03   0.000000e+00   405194
  4.524291e+00   2.098567e-08   5.356109e-03   0.000000e+00   407580
  4.544540e+00   2.097386e-08   6.250293e-03   0.000000e+00   411782
  4.564774e+00   2.096385e-08   5.624766e-03   0.000000e+00   414114
  4.585067e+00   2.098369e-08   6.073799e-03   0.000000e+00   421562
  4.605369e+00   2.088628e-08   5.896498e-03   0.000000e+00   421910
  4.625635e+00   2.101488e-08   5.607146e-03   0.000000e+00   427818
  4.645901e+00   2.105026e-08   6.569262e-03   0.000000e+00   429430
  4.666104e+00   2.102961e-08   6.160738e-03   0.000000e+00   432322
  4.686318e+00   2.107230e-08   4.901698e-03   0.000000e+00   437428
  4.706545e+00   2.105982e-08   4.933000e-03   0.000000e+00   440590
  4.726813e+00   2.110833e-08   5.846783e-03   0.000000e+00   446770
  4.747118e+00   2.123087e-08   5.510630e-03   0.000000e+00   449782
  4.767321e+00   2.118587e-08   5.928921e-03   0.000000e+00   449706
  4.787529e+00   2.125135e-08   5.895247e-03   0.000000e+00   458042
  4.807751e+00   2.130801e-08   5.536224e-03   0.000000e+00   458158
  4.827964e+00   2.123835e-08   5.524463e-03   0.000000e+00   465124
  4.848186e+00   2.128226e-08   5.851994e-03   0.000000e+00   466230
  4.868443e+00   2.131828e-08   6.178750e-03   0.000000e+00   474386
  4.888713e+00   2.139367e-08   5.546386e-03   0.000000e+00   475178
  4.909014e+00   2.133306e-08   6.174515e-03   0.000000e+00   483558
  4.929321e+00   2.132587e-08   4.969318e-03   0.000000e+00   483354
  4.949536e+00   2.145459e-08   4.819700e-03   0.000000e+00   487178
  4.969765e+00   2.159206e-08   6.014053e-03   0.000000e+00   492006
  4.989977e+00   2.151396e-08   5.716001e-03   0.000000e+00   494852
  5.010196e+00   2.155996e-08   5.703809e-03   0.000000e+00   499502
  5.030443e+00   2.164939e-08   5.269424e-03   0.000000e+00   504618
  5.050708e+00   2.162155e-08   6.329836e-03   0.000000e+00   508506
  5.071001e+00   2.172923e-08   6.372552e-03   0.000000e+00   514406
  5.091240e+00   2.175619e-08   5.346680e-03   0.000000e+00   514026
  5.111417e+00   2.177113e-08   6.097496e-03   0.000000e+00   519230
  5.131603e+00   2.178295e-08   5.520869e-03   0.000000e+00   522620
  5.151826e+00   2.178773e-08   5.730174e-03   0.000000e+00   529458
  5.172108e+00   2.186414e-08   5.990805e-03   0.000000e+00   534078
  5.192368e+00   2.191004e-08   6.117338e-03   0.000000e+00   536666
  5.212577e+00   2.192874e-08   5.929753e-03   0.000000e+00   539270
  5.232877e+00   2.203788e-08   5.733170e-03   0.000000e+00   550530
  5.253190e+00   2.203599e-08   6.317104e-03   0.000000e+00   548474
  5.273401e+00   2.208970e-08   5.908038e-03   0.000000e+00   553518
  5.293599e+00   2.215187e-08   6.091386e-03   0.000000e+00   556116
  5.313862e+00   2.216332e-08   5.496155e-03   0.000000e+00   564890
  5.334089e+00   2.226609e-08   5.724077e-03   0.000000e+00   563718
  5.354338e+00   2.229720e-08   5.820531e-03   0.000000e+00   574298
  5.374614e+00   2.234613e-08   6.913682e-03   0.000000e+00   573966
  5.394852e+00   2.231485e-08   5.490715e-03   0.000000e+00   580586
  5.415082e+00   2.240086e-08   5.938104e-03   0.000000e+00   582666
  5.435335e+00   2.241263e-08   5.977403e-03   0.000000e+00   590648
  5.455583e+00   2.244592e-08   5.703517e-03   0.000000e+00   590578
  5.475767e+00   2.247771e-08   6.404235e-03   0.000000e+00   595990
  5.495999e+00   2.253483e-08   5.610850e-03   0.000000e+00   601778
  5.516265e+00   2.267402e-08   6.331398e-03   0.000000e+00   607578
  5.536543e+00   2.267126e-08   6.082531e-03   0.000000e+00   611294
  5.556808e+00   2.261212e-08   6.059851e-03   0.000000e+00   615498
  5.577023e+00   2.272499e-08   5.839393e-03   0.000000e+00   617274
  5.597264e+00   2.274778e-08   5.440003e-03   0.000000e+00   626360
  5.617518e+00   2.283972e-08   5.221354e-03   0.000000e+00   626658
  5.637748e+00   2.280308e-08   5.601979e-03   0.000000e+00   634022
  5.657957e+00   2.295761e-08   5.574907e-03   0.000000e+00   634554
  5.678203e+00   2.289158e-08   4.713529e-03   0.000000e+00   645026
  5.698457e+00   2.304108e-08   6.002664e-03   0.000000e+00   645182
  5.718699e+00   2.312767e-08   5.953713e-03   0.000000e+00   652938
  5.738937e+00   2.299346e-08   6.696207e-03   0.000000e+00   654336
  5.759200e+00   2.309392e-08   6.085881e-03   0.000000e+00   663242
  5.779465e+00   2.314783e-08   4.940786e-03   0.000000e+00   664002
  5.799671e+00   2.321319e-08   6.728922e-03   0.000000e+00   668990
  5.819901e+00   2.318007e-08   5.463738e-03   0.000000e+00   674554
  5.840111e+00   2.329466e-08   5.994419e-03   0.000000e+00   677158
  5.860372e+00   2.327029e-08   6.011510e-03   0.000000e+00   687306
  5.880679e+00   2.334930e-08   5.791417e-03   0.000000e+00   690290
  5.900919e+00   2.340038e-08   5.444102e-03   0.000000e+00   691992
  5.921187e+00   2.340716e-08   6.634369e-03   0.000000e+00   701402
  5.941446e+00   2.344825e-08   6.257295e-03   0.000000e+00   700826
  5.961667e+00   2.351040e-08   5.585776e-03   0.000000e+00   708726
  5.981908e+00   2.343598e-08   6.059011e-03   0.000000e+00   711690
  6.002161e+00   2.357252e-08   6.859384e-03   0.000000e+00   719606
  6.022371e+00   2.364561e-08   5.897622e-03   0.000000e+00   717810
  6.042593e+00   2.366250e-08   5.269715e-03   0.000000e+00   730412
  6.062874e+00   2.365498e-08   6.355067e-03   0.000000e+00   731782
  6.083158e+00   2.369575e-08   6.218448e-03   0.000000e+00   740458
  6.103390e+00   2.371034e-08   6.068847e-03   0.000000e+00   737494
  6.123583e+00   2.382460e-08   5.167593e-03   0.000000e+00   747298
  6.143827e+00   2.374871e-08   5.245271e-03   0.000000e+00   751762
  6.164051e+00   2.383831e-08   5.960354e-03   0.000000e+00   755470
  6.184269e+00   2.387568e-08   6.136759e-03   0.000000e+00   761442
  6.204563e+00   2.389195e-08   5.961051e-03   0.000000e+00   770816
  6.224831e+00   2.392954e-08   5.114453e-03   0.000000e+00   769242
  6.245107e+00   2.397350e-08   5.645271e-03   0.000000e+00   782162
  6.265331e+00   2.396492e-08   7.945784e-03   0.000000e+00   775230
  6.285532e+00   2.400976e-08   5.061685e-03   0.000000e+00   789866
  6.305762e+00   2.406255e-08   5.028293e-03   0.000000e+00   787938
  6.325983e+00   2.404390e-08   4.829747e-03   0.000000e+00   799574
  6.346263e+00   2.409309e-08   6.682578e-03   0.000000e+00   803028
  6.366496e+00   2.406883e-08   5.824042e-03   0.000000e+00   805574
  6.386719e+00   2.408368e-08   6.386038e-03   0.000000e+00   812034
  6.406996e+00   2.415705e-08   6.716746e-03   0.000000e+00   820970
  6.427261e+00   2.416285e-08   5.875244e-03   0.000000e+00   821174
  6.447447e+00   2.424574e-08   5.911785e-03   0.000000e+00   825186
  6.467659e+00   2.418902e-08   6.643724e-03   0.000000e+00   833142
  6.487858e+00   2.424539e-08   5.814743e-03   0.000000e+00   834788
  6.508106e+00   2.429819e-08   7.215438e-03   0.000000e+00   847858
  6.528467e+00   2.421731e-08   5.491723e-03   0.000000e+00   854278
  6.548734e+00   2.418451e-08   4.889972e-03   0.000000e+00   850914
  6.568944e+00   2.426526e-08   4.694456e-03   0.000000e+00   859250
  6.589206e+00   2.426601e-08   5.925626e-03   0.000000e+00   867126
  6.609452e+00   2.442822e-08   6.311065e-03   0.000000e+00   868274
  6.629652e+00   2.428835e-08   6.595335e-03   0.000000e+00   873606
  6.649858e+00   2.431347e-08   4.349768e-03   0.000000e+00   879284
  6.670105e+00   2.430869e-08   6.459288e-03   0.000000e+00   887666
  6.690424e+00   2.427908e-08   6.734340e-03   0.000000e+00   897030
  6.710701e+00   2.436724e-08   5.495419e-03   0.000000e+00   894378
  6.730927e+00   2.432935e-08   5.883034e-03   0.000000e+00   903254
  6.751144e+00   2.437435e-08   6.293941e-03   0.000000e+00   904562
  6.771352e+00   2.434297e-08   5.407999e-03   0.000000e+00   913362
  6.791556e+00   2.441853e-08   4.403270e-03   0.000000e+00   915592
  6.811808e+00   2.442517e-08   6.563278e-03   0.000000e+00   927946
  6.832056e+00   2.437219e-08   7.340207e-03   0.000000e+00   926094
  6.852345e+00   2.442202e-08   5.690261e-03   0.000000e+00   942890
  6.872633e+00   2.444151e-08   6.148629e-03   0.000000e+00   937266
  6.892863e+00   2.438861e-08   5.357272e-03   0.000000e+00   948854
  6.913101e+00   2.434323e-08   4.703171e-03   0.000000e+00   948714
  6.933297e+00   2.435900e-08   5.234952e-03   0.000000e+00   956186
  6.953535e+00   2.436212e-08   5.878889e-03   0.000000e+00   964272
  6.973799e+00   2.440283e-08   5.901626e-03   0.000000e+00   969458
  6.994044e+00   2.433177e-08   4.799155e-03   0.000000e+00   973358
  7.014302e+00   2.433297e-08   6.479180e-03   0.000000e+00   982098
  7.034541e+00   2.436661e-08   5.372818e-03   0.000000e+00   983178
  7.054808e+00   2.430581e-08   7.113676e-03   0.000000e+00   996350
  7.075067e+00   2.439432e-08   5.296204e-03   0.000000e+00   993530
  7.095223e+00   2.435768e-08   6.275190e-03   0.000000e+00   997848
  7.115438e+00   2.430754e-08   6.141505e-03   0.000000e+00   1010106
  7.135713e+00   2.434048e-08   6.215406e-03   0.000000e+00   1015730
  7.155960e+00   2.431206e-08   5.986079e-03   0.000000e+00   1018710
  7.176247e+00   2.431412e-08   6.047395e-03   0.000000e+00   1031282
  7.196503e+00   2.428832e-08   5.796690e-03   0.000000e+00   1027122
  7.216724e+00   2.430673e-08   5.856424e-03   0.000000e+00   1039838
  7.236959e+00   2.426858e-08   6.481426e-03   0.000000e+00   1039898
  7.257179e+00   2.423679e-08   6.310047e-03   0.000000e+00   1050288
  7.277412e+00   2.413062e-08   6.133220e-03   0.000000e+00   1052226
  7.297655e+00   2.420634e-08   4.145313e-03   0.000000e+00   1062746
  7.317923e+00   2.420686e-08   5.482348e-03   0.000000e+00   1067438
  7.338184e+00   2.420406e-08   5.417984e-03   0.000000e+00   1073730
  7.358434e+00   2.414169e-08   6.819594e-03   0.000000e+00   1078230
  7.378689e+00   2.414745e-08   5.463889e-03   0.000000e+00   1085594
  7.398901e+00   2.399890e-08   4.720334e-03   0.000000e+00   1086124
  7.419150e+00   2.406720e-08   6.010773e-03   0.000000e+00   1101310
  7.439401e+00   2.398002e-08   6.650045e-03   0.000000e+00   1098282
  7.459625e+00   2.402921e-08   4.026646e-03   0.000000e+00   1109918
  7.479892e+00   2.400173e-08   5.619579e-03   0.000000e+00   1114962
  7.500159e+00   2.395167e-08   6.263781e-03   0.000000e+00   1122962
  7.520420e+00   2.390963e-08   0.000000e+00   0.000000e+00   1125822
  7.540654e+00   2.391197e-08   6.164953e-03   0.000000e+00   1132538
  7.560867e+00   2.383957e-08   6.345250e-03   0.000000e+00   1135164
  7.581087e+00   2.380013e-08   6.612013e-03   0.000000e+00   1145654
  7.601355e+00   2.378439e-08   4.406243e-03   0.000000e+00   1152666
  7.621615e+00   2.380881e-08   5.806768e-03   0.000000e+00   1157078
  7.641845e+00   2.373236e-08   6.585789e-03   0.000000e+00   1161522
  7.662109e+00   2.366333e-08   6.178219e-03   0.000000e+00   1173050
  7.682345e+00   2.359472e-08   5.903534e-03   0.000000e+00   1171518
  7.702569e+00   2.362093e-08   7.158470e-03   0.000000e+00   1183772
  7.722775e+00   2.355646e-08   6.221898e-03   0.000000e+00   1181262
  7.742977e+00   2.352183e-08   5.389982e-03   0.000000e+00   1195490
  7.763245e+00   2.346371e-08   5.030834e-03   0.000000e+00   1202010
  7.783505e+00   2.346359e-08   5.264006e-03   0.000000e+00   1207166
  7.803761e+00   2.341079e-08   6.165811e-03   0.000000e+00   1214074
  7.823980e+00   2.339031e-08   6.303690e-03   0.000000e+00   1215334
  7.844223e+00   2.330766e-08   7.558372e-03   0.000000e+00   1229274
  7.864528e+00   2.330949e-08   6.428517e-03   0.000000e+00   1236164
  7.884779e+00   2.326382e-08   4.782449e-03   0.000000e+00   1234942
  7.904995e+00   2.315976e-08   5.689910e-03   0.000000e+00   1244410
  7.925223e+00   2.317183e-08   5.955047e-03   0.000000e+00   1249010
  7.945474e+00   2.307730e-08   6.655622e-03   0.000000e+00   1260702
  7.965706e+00   2.302900e-08   5.369842e-03   0.000000e+00   1259490
  7.985959e+00   2.300660e-08   5.593973e-03   0.000000e+00   1275662
  8.006194e+00   2.294964e-08   3.120280e-03   0.000000e+00   1270164
  8.026450e+00   2.288334e-08   4.882392e-03   0.000000e+00   1291226
  8.046700e+00   2.285354e-08   3.968190e-03   0.000000e+00   1282750
  8.066904e+00   2.276678e-08   5.769807e-03   0.000000e+00   1298146
  8.087160e+00   2.268483e-08   4.977767e-03   0.000000e+00   1301646
  8.107401e+00   2.269660e-08   5.376023e-03   0.000000e+00   1309898
  8.127657e+00   2.258138e-08   4.312489e-03   0.000000e+00   1317010
  8.147917e+00   2.258824e-08   6.076518e-03   0.000000e+00   1323814
  8.168158e+00   2.255077e-08   4.477071e-03   0.000000e+00   1326732
  8.188387e+00   2.245701e-08   6.659981e-03   0.000000e+00   1335434
  8.208670e+00   2.242742e-08   7.649231e-03   0.000000e+00   1347902
  8.228929e+00   2.236529e-08   8.148361e-03   0.000000e+00   1344786
  8.249111e+00   2.228848e-08   3.769749e-03   0.000000e+00   1351222
  8.269349e+00   2.218938e-08   5.295251e-03   0.000000e+00   1365322
  8.289618e+00   2.219645e-08   6.767775e-03   0.000000e+00   1369002
  8.309868e+00   2.212196e-08   5.997656e-03   0.000000e+00   1376456
  8.330103e+00   2.204309e-08   4.966773e-03   0.000000e+00   1379362
  8.350349e+00   2.197714e-08   6.394532e-03   0.000000e+00   1392262
  8.370600e+00   2.189353e-08   5.820007e-03   0.000000e+00   1392546
  8.390821e+00   2.189403e-08   6.406375e-03   0.000000e+00   1402754
  8.411061e+00   2.177914e-08   7.154383e-03   0.000000e+00   1408470
  8.431298e+00   2.176373e-08   2.969455e-03   0.000000e+00   1415450
  8.451492e+00   2.163323e-08   5.784321e-03   0.000000e+00   1416504
  8.471786e+00   2.159148e-08   5.976725e-03   0.000000e+00   1442354
  8.492082e+00   2.151025e-08   6.881002e-03   0.000000e+00   1431202
  8.512300e+00   2.144038e-08   5.750453e-03   0.000000e+00   1445038
  8.532525e+00   2.142342e-08   5.056250e-03   0.000000e+00   1445322
  8.552777e+00   2.134252e-08   5.526807e-03   0.000000e+00   1462778
  8.573029e+00   2.127842e-08   6.462662e-03   0.000000e+00   1459590
  8.593241e+00   2.127401e-08   6.243009e-03   0.000000e+00   1471226
  8.613503e+00   2.112812e-08   4.514942e-03   0.000000e+00   1480136
  8.633778e+00   2.105052e-08   6.000375e-03   0.000000e+00   1486530
  8.654018e+00   2.094712e-08   6.699271e-03   0.000000e+00   1488898
  8.674255e+00   2.092778e-08   5.344834e-03   0.000000e+00   1500838
  8.694515e+00   2.086336e-08   3.728747e-03   0.000000e+00   1505906
  8.714720e+00   2.077353e-08   6.874949e-03   0.000000e+00   1507062
  8.734929e+00   2.078474e-08   5.721481e-03   0.000000e+00   1519890
  8.755169e+00   2.063826e-08   6.741811e-03   0.000000e+00   1526516
  8.775452e+00   2.053231e-08   4.313498e-03   0.000000e+00   1540038
  8.795723e+00   2.048631e-08   6.905588e-03   0.000000e+00   1538810
  8.815937e+00   2.045586e-08   5.197731e-03   0.000000e+00   1545574
  8.836198e+00   2.036840e-08   9.045212e-03   0.000000e+00   1560010
  8.856446e+00   2.027691e-08   4.917609e-03   0.000000e+00   1558578
  8.876661e+00   2.021181e-08   6.257781e-03   0.000000e+00   1568990
  8.896870e+00   2.008673e-08   6.699270e-03   0.000000e+00   1571770
  8.917109e+00   2.000124e-08   6.026221e-03   0.000000e+00   1587748
  8.937379e+00   1.996201e-08   4.714664e-03   0.000000e+00   1590966
  8.957649e+00   1.990709e-08   4.900137e-03   0.000000e+00   1602554
  8.977893e+00   1.981513e-08   6.504074e-03   0.000000e+00   1601190
  8.998106e+00   1.976316e-08   6.352265e-03   0.000000e+00   1611722
  9.018319e+00   1.968179e-08   5.754860e-03   0.000000e+00   1616058
  9.038566e+00   1.961213e-08   5.563599e-03   0.000000e+00   1631942
  9.058813e+00   1.951813e-08   4.689615e-03   0.000000e+00   1630980
  9.079035e+00   1.939282e-08   6.112273e-03   0.000000e+00   1641494
  9.099306e+00   1.931669e-08   6.690952e-03   0.000000e+00   1653378
  9.119617e+00   1.929499e-08   6.813460e-03   0.000000e+00   1663730
  9.139860e+00   1.918172e-08   4.564131e-03   0.000000e+00   1656558
  9.160056e+00   1.909661e-08   6.759502e-03   0.000000e+00   1671026
  9.180298e+00   1.902385e-08   6.645816e-03   0.000000e+00   1677818
  9.200528e+00   1.896733e-08   7.276726e-03   0.000000e+00   1685454
  9.220773e+00   1.885791e-08   5.275694e-03   0.000000e+00   1694516
  9.241027e+00   1.876721e-08   4.838475e-03   0.000000e+00   1701342
  9.261278e+00   1.868919e-08   5.646722e-03   0.000000e+00   1709026
  9.281553e+00   1.862311e-08   6.715571e-03   0.000000e+00   1720354
  9.301811e+00   1.853653e-08   5.482940e-03   0.000000e+00   1721470
  9.322065e+00   1.847740e-08   5.938109e-03   0.000000e+00   1735018
  9.342276e+00   1.835880e-08   4.486423e-03   0.000000e+00   1728398
  9.362467e+00   1.832360e-08   6.341372e-03   0.000000e+00   1747116
  9.382716e+00   1.816022e-08   1.784756e-03   0.000000e+00   1753090
  9.402994e+00   1.812902e-08   4.863300e-03   0.000000e+00   1767694
  9.423263e+00   1.805093e-08   6.577555e-03   0.000000e+00   1766490
  9.443521e+00   1.797036e-08   0.000000e+00   0.000000e+00   1780478
  9.463769e+00   1.784128e-08   8.546017e-03   0.000000e+00   1781050
  9.483999e+00   1.778396e-08   4.544866e-03   0.000000e+00   1792018
  9.504217e+00   1.770387e-08   6.045736e-03   0.000000e+00   1794366
  9.524440e+00   1.763566e-08   5.626022e-03   0.000000e+00   1808276
  9.544683e+00   1.752267e-08   6.302642e-03   0.000000e+00   1812522
  9.564943e+00   1.742069e-08   7.294561e-03   0.000000e+00   1827758
  9.585217e+00   1.737137e-08   4.400324e-03   0.000000e+00   1829466
  9.605444e+00   1.726330e-08   6.931479e-03   0.000000e+00   1835534
  9.625650e+00   1.721722e-08   5.836937e-03   0.000000e+00   1840906
  9.645892e+00   1.713168e-08   6.047267e-03   0.000000e+00   1857130
  9.666115e+00   1.702019e-08   4.545876e-03   0.000000e+00   1854264
  9.686337e+00   1.692717e-08   4.979985e-03   0.000000e+00   1871090
  9.706594e+00   1.681955e-08   5.718744e-03   0.000000e+00   1876926
  9.726843e+00   1.676766e-08   6.302501e-03   0.000000e+00   1884530
  9.747081e+00   1.667064e-08   5.191956e-03   0.000000e+00   1891506
  9.767358e+00   1.658511e-08   6.110867e-03   0.000000e+00   1907798
  9.787639e+00   1.652796e-08   7.467763e-03   0.000000e+00   1907378
  9.807859e+00   1.644951e-08   5.988832e-03   0.000000e+00   1912506
  9.828080e+00   1.634749e-08   3.686908e-03   0.000000e+00   1923048
  9.848345e+00   1.627124e-08   7.053783e-03   0.000000e+00   1936730
  9.868597e+00   1.615444e-08   5.622678e-03   0.000000e+00   1936686
  9.888840e+00   1.608331e-08   6.658552e-03   0.000000e+00   1950290
  9.909083e+00   1.596007e-08   2.695452e-03   0.000000e+00   1953002
  9.929338e+00   1.591594e-08   5.828778e-03   0.000000e+00   1969110
  9.949594e+00   1.582254e-08   1.882244e-03   0.000000e+00   1969050
  9.969824e+00   1.574232e-08   6.323199e-03   0.000000e+00   1980392
  9.990058e+00   1.562922e-08   7.599796e-03   0.000000e+00   1984770
  1.001029e+01   1.555451e-08   5.235845e-03   0.000000e+00   1995506
  1.003055e+01   1.545777e-08   6.806933e-03   0.000000e+00   2007806
  1.005080e+01   1.537118e-08   5.948165e-03   0.000000e+00   2010474
  1.007102e+01   1.530498e-08   6.509762e-03   0.000000e+00   2018182
  1.009128e+01   1.524769e-08   5.835379e-03   0.000000e+00   2033554
  1.011150e+01   1.515152e-08   6.853302e-03   0.000000e+00   2026266
  1.013174e+01   1.505774e-08   4.426581e-03   0.000000e+00   2054480
  1.015200e+01   1.495303e-08   4.738203e-03   0.000000e+00   2044770
  1.017221e+01   1.488691e-08   6.876227e-03   0.000000e+00   2062394
  1.019246e+01   1.478931e-08   6.266111e-03   0.000000e+00   2069982
  1.021272e+01   1.471698e-08   7.332343e-03   0.000000e+00   2079434
  1.023296e+01   1.463432e-08   6.218156e-03   0.000000e+00   2083038
  1.025321e+01   1.453578e-08   4.809297e-03   0.000000e+00   2098850
  1.027345e+01   1.441929e-08   6.071684e-03   0.000000e+00   2095436
  1.029369e+01   1.436128e-08   6.284004e-03   0.000000e+00   2117406
  1.031395e+01   1.427203e-08   5.765269e-03   0.000000e+00   2115426
  1.033414e+01   1.419644e-08   5.597319e-03   0.000000e+00   2118878
  1.035437e+01   1.406112e-08   6.381415e-03   0.000000e+00   2140026
  1.037465e+01   1.400796e-08   6.820462e-03   0.000000e+00   2147234
  1.039490e+01   1.392989e-08   6.069544e-03   0.000000e+00   2150662
  1.041513e+01   1.387672e-08   5.571950e-03   0.000000e+00   2159842
  1.043537e+01   1.372858e-08   6.267412e-03   0.000000e+00   2168384
  1.045564e+01   1.369011e-08   7.764935e-03   0.000000e+00   2183178
  1.047590e+01   1.358564e-08   5.840860e-03   0.000000e+00   2184770
  1.049613e+01   1.350556e-08   6.486038e-03   0.000000e+00   2192190
  1.051633e+01   1.343372e-08   7.065057e-03   0.000000e+00   2196242
  1.053659e+01   1.335629e-08   4.993006e-03   0.000000e+00   2220714
  1.055685e+01   1.325185e-08   7.031276e-03   0.000000e+00   2215758
  1.057710e+01   1.316858e-08   6.408775e-03   0.000000e+00   2233988
  1.059735e+01   1.306849e-08   7.839117e-03   0.000000e+00   2231670
  1.061757e+01   1.300208e-08   3.952118e-03   0.000000e+00   2244338
  1.063783e+01   1.292765e-08   5.216225e-03   0.000000e+00   2258610
  1.065808e+01   1.283103e-08   5.071956e-03   0.000000e+00   2260718
  1.067830e+01   1.275206e-08   6.122144e-03   0.000000e+00   2268162
  1.069853e+01   1.268048e-08   5.493864e-03   0.000000e+00   2277494
  1.071876e+01   1.259815e-08   5.006361e-03   0.000000e+00   2288796
  1.073904e+01   1.251840e-08   1.006763e-02   0.000000e+00   2305226
  1.075930e+01   1.241199e-08   5.235419e-03   0.000000e+00   2301630
  1.077955e+01   1.234878e-08   0.000000e+00   0.000000e+00   2319770
  1.079979e+01   1.225771e-08   6.806700e-03   0.000000e+00   2315610
  1.082001e+01   1.216201e-08   5.443377e-03   0.000000e+00   2334662
  1.084024e+01   1.208692e-08   8.044955e-03   0.000000e+00   2335722
  1.086048e+01   1.203066e-08   4.544103e-03   0.000000e+00   2354102
  1.088074e+01   1.193354e-08   7.209798e-03   0.000000e+00   2355236
  1.090100e+01   1.185588e-08   6.239434e-03   0.000000e+00   2374170
  1.092126e+01   1.176662e-08   4.895028e-03   0.000000e+00   2373286
  1.094151e+01   1.170673e-08   7.422457e-03   0.000000e+00   2388010
  1.096173e+01   1.160486e-08   1.094941e-03   0.000000e+00   2383470
  1.098194e+01   1.155046e-08   4.810983e-03   0.000000e+00   2404994
  1.100219e+01   1.143988e-08   4.061045e-03   0.000000e+00   2408642
  1.102241e+01   1.137486e-08   6.064632e-03   0.000000e+00   2417640
  1.104267e+01   1.130291e-08   6.131150e-03   0.000000e+00   2434994
  1.106294e+01   1.120374e-08   6.789777e-03   0.000000e+00   2437998
  1.108319e+01   1.114205e-08   5.840834e-03   0.000000e+00   2448194
  1.110345e+01   1.107663e-08   0.000000e+00   0.000000e+00   2455890
  1.112367e+01   1.098886e-08   3.582686e-03   0.000000e+00   2461526
  1.114391e+01   1.094207e-08   6.327980e-03   0.000000e+00   2474034
  1.116413e+01   1.085274e-08   6.160760e-03   0.000000e+00   2476482
  1.118437e+01   1.077005e-08   4.826606e-03   0.000000e+00   2497256
  1.120465e+01   1.066187e-08   6.219659e-03   0.000000e+00   2502978
  1.122489e+01   1.059993e-08   2.657206e-03   0.000000e+00   2508422
  1.124513e+01   1.052789e-08   6.455351e-03   0.000000e+00   2518482
  1.126539e+01   1.046914e-08   8.075850e-03   0.000000e+00   2532074
  1.128561e+01   1.039111e-08   8.697010e-03   0.000000e+00   2526710
  1.130583e+01   1.032321e-08   6.772797e-03   0.000000e+00   2548986
  1.132607e+01   1.023516e-08   5.835060e-03   0.000000e+00   2551704
  1.134631e+01   1.017643e-08   4.546514e-03   0.000000e+00   2566226
  1.136656e+01   1.007948e-08   4.683679e-03   0.000000e+00   2573898
  1.138683e+01   1.003608e-08   5.019197e-03   0.000000e+00   2589182
  1.140707e+01   9.948443e-09   6.487534e-03   0.000000e+00   2584970
  1.142731e+01   9.895133e-09   5.053711e-03   0.000000e+00   2605110
  1.144756e+01   9.792900e-09   4.623626e-03   0.000000e+00   2606834
  1.146779e+01   9.741504e-09   4.743791e-03   0.000000e+00   2620770
  1.148803e+01   9.668132e-09   6.435416e-03   0.000000e+00   2626560
  1.150826e+01   9.615206e-09   6.222647e-03   0.000000e+00   2636762
  1.152850e+01   9.523951e-09   7.162839e-03   0.000000e+00   2647698
  1.154879e+01   9.480773e-09   5.545310e-03   0.000000e+00   2668166
  1.156906e+01   9.381157e-09   5.642137e-03   0.000000e+00   2660586
  1.158929e+01   9.313052e-09   5.650194e-03   0.000000e+00   2676494
  1.160950e+01   9.236127e-09   6.731221e-03   0.000000e+00   2674306
  1.162971e+01   9.193229e-09   4.748323e-03   0.000000e+00   2696980
  1.164997e+01   9.112607e-09   5.251523e-03   0.000000e+00   2703622
  1.167021e+01   9.055482e-09   7.799926e-03   0.000000e+00   2713186
  1.169045e+01   8.968273e-09   7.214130e-03   0.000000e+00   2718702
  1.171072e+01   8.924888e-09   6.975576e-03   0.000000e+00   2742194
  1.173097e+01   8.870780e-09   0.000000e+00   0.000000e+00   2733162
  1.175121e+01   8.788574e-09   4.169849e-03   0.000000e+00   2757590
  1.177145e+01   8.732131e-09   3.859548e-03   0.000000e+00   2752010
  1.179166e+01   8.675701e-09   7.517031e-03   0.000000e+00   2769036
  1.181192e+01   8.610285e-09   5.829311e-03   0.000000e+00   2783046
  1.183218e+01   8.544321e-09   0.000000e+00   0.000000e+00   2789378
  1.185243e+01   8.471882e-09   8.376147e-03   0.000000e+00   2799582
  1.187270e+01   8.414428e-09   6.025520e-03   0.000000e+00   2811170
  1.189294e+01   8.370447e-09   0.000000e+00   0.000000e+00   2812706
  1.191319e+01   8.315257e-09   5.542904e-03   0.000000e+00   2833254
  1.193342e+01   8.236365e-09   7.036342e-03   0.000000e+00   2827292
  1.195363e+01   8.165750e-09   7.444553e-03   0.000000e+00   2846838
  1.197387e+01   8.121851e-09   5.595846e-03   0.000000e+00   2846535
  1.199410e+01   8.113391e-09   6.258696e-03   0.000000e+00   2848496
  1.201435e+01   8.093225e-09   6.640701e-03   0.000000e+00   2841564
  1.203461e+01   8.069406e-09   7.481546e-03   0.000000e+00   2843000
  1.205486e+01   8.056645e-09   7.116709e-03   0.000000e+00   2826624
  1.207509e+01   8.042136e-09   7.335487e-03   0.000000e+00   2828732
  1.209533e+01   8.034620e-09   4.173137e-03   0.000000e+00   2819560
  1.211558e+01   8.013989e-09   5.483977e-03   0.000000e+00   2819284
  1.213581e+01   7.965542e-09   5.233153e-03   0.000000e+00   2805856
  1.215605e+01   7.968962e-09   6.760225e-03   0.000000e+00   2810440
  1.217630e+01   7.948346e-09   5.982743e-03   0.000000e+00   2800608
  1.219654e+01   7.938237e-09   7.544766e-03   0.000000e+00   2798144
  1.221678e+01   7.892953e-09   6.646588e-03   0.000000e+00   2787376
  1.223703e+01   7.890586e-09   7.436101e-03   0.000000e+00   2790616
  1.225729e+01   7.853179e-09   5.885358e-03   0.000000e+00   2779552
  1.227750e+01   7.856384e-09   6.693849e-03   0.000000e+00   2768452
  1.229772e+01   7.837342e-09   2.089383e-03   0.000000e+00   2771296
  1.231797e+01   7.806626e-09   3.223405e-03   0.000000e+00   2764924
  1.233823e+01   7.755504e-09   3.567936e-03   0.000000e+00   2762264
  1.235851e+01   7.769883e-09   7.163988e-03   0.000000e+00   2760216
  1.237874e+01   7.738956e-09   1.474698e-03   0.000000e+00   2737932
  1.239898e+01   7.727100e-09   8.011428e-03   0.000000e+00   2752280
  1.241923e+01   7.691393e-09   6.230880e-03   0.000000e+00   2728764
  1.243946e+01   7.669787e-09   6.088283e-03   0.000000e+00   2736368
  1.245969e+01   7.653108e-09   4.667265e-03   0.000000e+00   2719920
  1.247994e+01   7.615838e-09   9.076356e-03   0.000000e+00   2727152
  1.250019e+01   7.597212e-09   0.000000e+00   0.000000e+00   2708352
  1.252045e+01   7.583150e-09   0.000000e+00   0.000000e+00   2718584
  1.254069e+01   7.550197e-09   0.000000e+00   0.000000e+00   2694300
  1.256094e+01   7.541115e-09   8.640460e-03   0.000000e+00   2709440
  1.258119e+01   7.497825e-09   2.533739e-03   0.000000e+00   2682108
  1.260140e+01   7.497550e-09   4.531730e-03   0.000000e+00   2684912
  1.262163e+01   7.440917e-09   7.838600e-03   0.000000e+00   2678892
  1.264187e+01   7.425210e-09   5.993505e-03   0.000000e+00   2674748
  1.266212e+01   7.416566e-09   8.818504e-03   0.000000e+00   2670216
  1.268237e+01   7.378918e-09   5.886064e-03   0.000000e+00   2659436
  1.270261e+01   7.359354e-09   5.402407e-03   0.000000e+00   2659752
  1.272289e+01   7.322846e-09   6.008253e-03   0.000000e+00   2654300
  1.274313e+01   7.306218e-09   2.931023e-03   0.000000e+00   2640852
  1.276336e+01   7.288889e-09   4.644026e-03   0.000000e+00   2638124
  1.278359e+01   7.248089e-09   9.340922e-03   0.000000e+00   2628228
  1.280384e+01   7.223956e-09   3.634304e-03   0.000000e+00   2630936
  1.282410e+01   7.194133e-09   8.252505e-03   0.000000e+00   2619032
  1.284433e+01   7.168699e-09   5.014349e-03   0.000000e+00   2610804
  1.286458e+01   7.142364e-09   5.632096e-03   0.000000e+00   2609408
  1.288484e+01   7.112933e-09   7.685534e-03   0.000000e+00   2602764
  1.290506e+01   7.085205e-09   6.387571e-03   0.000000e+00   2588540
  1.292528e+01   7.063682e-09   9.376006e-03   0.000000e+00   2587836
  1.294551e+01   7.021491e-09   7.855106e-03   0.000000e+00   2579100
  1.296574e+01   7.010220e-09   4.607364e-03   0.000000e+00   2574128
  1.298598e+01   6.969870e-09   4.629053e-03   0.000000e+00   2567588
  1.300625e+01   6.945113e-09   7.502653e-03   0.000000e+00   2572956
  1.302652e+01   6.919159e-09   6.666134e-03   0.000000e+00   2550552
  1.304675e+01   6.896696e-09   7.460969e-03   0.000000e+00   2552084
  1.306699e+01   6.853197e-09   4.628316e-03   0.000000e+00   2539404
  1.308724e+01   6.841119e-09   0.000000e+00   0.000000e+00   2541152
  1.310750e+01   6.814543e-09   8.363186e-03   0.000000e+00   2528016
  1.312773e+01   6.780009e-09   5.456232e-03   0.000000e+00   2521496
  1.314798e+01   6.746604e-09   6.606857e-03   0.000000e+00   2518092
  1.316824e+01   6.714524e-09   2.080404e-03   0.000000e+00   2511632
  1.318848e+01   6.686093e-09   0.000000e+00   0.000000e+00   2500140
  1.320872e+01   6.662501e-09   5.837750e-03   0.000000e+00   2496980
  1.322896e+01   6.622935e-09   6.683622e-03   0.000000e+00   2487428
  1.324922e+01   6.602717e-09   7.138400e-03   0.000000e+00   2486496
  1.326945e+01   6.580631e-09   1.072311e-02   0.000000e+00   2469840
  1.328968e+01   6.538342e-09   7.422347e-03   0.000000e+00   2469656
  1.330992e+01   6.513733e-09   2.709098e-03   0.000000e+00   2457036
  1.333018e+01   6.475879e-09   4.979225e-03   0.000000e+00   2462684
  1.335044e+01   6.445929e-09   4.249850e-03   0.000000e+00   2442384
  1.337066e+01   6.427785e-09   4.662299e-03   0.000000e+00   2441696
  1.339091e+01   6.381776e-09   2.756069e-03   0.000000e+00   2431164
  1.341114e+01   6.349786e-09   0.000000e+00   0.000000e+00   2423696
  1.343138e+01   6.319445e-09   8.687378e-03   0.000000e+00   2421336
  1.345164e+01   6.289479e-09   5.375221e-03   0.000000e+00   2412992
  1.347188e+01   6.268008e-09   4.609934e-03   0.000000e+00   2402732
  1.349211e+01   6.230899e-09   7.653958e-03   0.000000e+00   2396124
  1.351235e+01   6.195794e-09   6.506958e-03   0.000000e+00   2388480
  1.353261e+01   6.174799e-09   5.953390e-03   0.000000e+00   2387060
  1.355285e+01   6.124213e-09   6.252553e-03   0.000000e+00   2370268
  1.357306e+01   6.114647e-09   7.062103e-03   0.000000e+00   2363776
  1.359329e+01   6.083861e-09   5.365338e-03   0.000000e+00   2360176
  1.361354e+01   6.045793e-09   5.465271e-03   0.000000e+00   2356360
  1.363379e+01   6.017955e-09   5.671486e-03   0.000000e+00   2343240
  1.365404e+01   5.987888e-09   5.049481e-03   0.000000e+00   2340248
  1.367427e+01   5.944156e-09   6.262491e-03   0.000000e+00   2325000
  1.369452e+01   5.920709e-09   4.914753e-03   0.000000e+00   2328632
  1.371478e+01   5.878017e-09   7.400940e-03   0.000000e+00   2313100
  1.373503e+01   5.852099e-09   6.412803e-03   0.000000e+00   2310892
  1.375527e+01   5.831336e-09   7.184434e-03   0.000000e+00   2295420
  1.377551e+01   5.790783e-09   7.044437e-03   0.000000e+00   2293592
  1.379574e+01   5.761025e-09   5.704240e-03   0.000000e+00   2281400
  1.381602e+01   5.736605e-09   6.992128e-03   0.000000e+00   2285760
  1.383626e+01   5.695607e-09   3.622143e-03   0.000000e+00   2259408
  1.385650e+01   5.679110e-09   0.000000e+00   0.000000e+00   2266808
  1.387675e+01   5.632932e-09   6.962518e-03   0.000000e+00   2249348
  1.389698e+01   5.598680e-09   4.436476e-03   0.000000e+00   2244732
  1.391721e+01   5.571133e-09   8.403136e-03   0.000000e+00   2233908
  1.393745e+01   5.534069e-09   2.708709e-03   0.000000e+00   2231660
  1.395770e+01   5.512839e-09   5.845142e-03   0.000000e+00   2218736
  1.397796e+01   5.477968e-09   4.373524e-03   0.000000e+00   2217984
  1.399821e+01   5.446158e-09   8.528580e-03   0.000000e+00   2203300
  1.401845e+01   5.409970e-09   6.479813e-03   0.000000e+00   2197072
  1.403867e+01   5.389879e-09   0.000000e+00   0.000000e+00   2181992
  1.405890e+01   5.339808e-09   4.519517e-03   0.000000e+00   2183664
  1.407917e+01   5.320900e-09   6.735140e-03   0.000000e+00   2173464
  1.409942e+01   5.283295e-09   0.000000e+00   0.000000e+00   2165396
  1.411966e+01   5.255478e-09   3.161664e-03   0.000000e+00   2152784
  1.413990e+01   5.229229e-09   7.907243e-03   0.000000e+00   2147532
  1.416014e+01   5.189302e-09   2.269648e-03   0.000000e+00   2139588
  1.418041e+01   5.151850e-09   4.101103e-03   0.000000e+00   2135432
  1.420062e+01   5.130197e-09   5.462706e-03   0.000000e+00   2109256
  1.422082e+01   5.099880e-09   5.925875e-03   0.000000e+00   2117296
  1.424109e+01   5.067141e-09   4.525564e-03   0.000000e+00   2106252
  1.426134e+01   5.041079e-09   7.296984e-03   0.000000e+00   2099096
  1.428160e+01   5.006783e-09   7.255894e-03   0.000000e+00   2088384
  1.430184e+01   4.972701e-09   8.190966e-03   0.000000e+00   2078480
  1.432207e+01   4.931010e-09   5.425997e-03   0.000000e+00   2069016
  1.434232e+01   4.907987e-09   3.625595e-03   0.000000e+00   2064836
  1.436258e+01   4.883172e-09   0.000000e+00   0.000000e+00   2055420
  1.438282e+01   4.850793e-09   3.215656e-03   0.000000e+00   2043224
  1.440304e+01   4.829653e-09   8.061468e-03   0.000000e+00   2032260
  1.442330e+01   4.785209e-09   7.695527e-03   0.000000e+00   2034152
  1.444357e+01   4.752712e-09   4.214587e-03   0.000000e+00   2017644
  1.446381e+01   4.743495e-09   9.492648e-03   0.000000e+00   2010284
  1.448404e+01   4.701208e-09   1.086153e-03   0.000000e+00   1996540
  1.450426e+01   4.671731e-09   7.306404e-03   0.000000e+00   1992832
  1.452450e+01   4.642321e-09   8.143169e-03   0.000000e+00   1982400
  1.454473e+01   4.614463e-09   1.545550e-03   0.000000e+00   1972256
  1.456496e+01   4.578487e-09   7.350246e-03   0.000000e+00   1964352
  1.458522e+01   4.556785e-09   6.246056e-03   0.000000e+00   1958576
  1.460547e+01   4.518901e-09   4.225194e-03   0.000000e+00   1946940
  1.462573e+01   4.502882e-09   7.825983e-03   0.000000e+00   1942580
  1.464597e+01   4.458846e-09   1.053109e-02   0.000000e+00   1921740
  1.466620e+01   4.428396e-09   2.395854e-03   0.000000e+00   1923956
  1.468645e+01   4.395225e-09   6.822988e-03   0.000000e+00   1907896
  1.470671e+01   4.381220e-09   8.756781e-03   0.000000e+00   1906888
  1.472695e+01   4.337438e-09   7.836127e-03   0.000000e+00   1886160
  1.474717e+01   4.316361e-09   6.249308e-03   0.000000e+00   1883120
  1.476742e+01   4.285750e-09   2.121165e-03   0.000000e+00   1875140
  1.478769e+01   4.253573e-09   6.622550e-03   0.000000e+00   1865652
  1.480793e+01   4.228969e-09   7.015728e-03   0.000000e+00   1853268
  1.482818e+01   4.194233e-09   6.217084e-03   0.000000e+00   1847180
  1.484840e+01   4.170363e-09   8.548537e-03   0.000000e+00   1829604
  1.486863e+01   4.139300e-09   3.931365e-03   0.000000e+00   1829720
  1.488889e+01   4.104472e-09   7.491203e-03   0.000000e+00   1817184
  1.490913e+01   4.086267e-09   6.532292e-03   0.000000e+00   1806320
  1.492936e+01   4.055850e-09   4.605763e-03   0.000000e+00   1795536
  1.494961e+01   4.027407e-09   7.136326e-03   0.000000e+00   1791548
  1.496987e+01   4.003862e-09   5.864225e-03   0.000000e+00   1777512
  1.499012e+01   3.973748e-09   0.000000e+00   0.000000e+00   1769984
  1.501035e+01   3.950201e-09   7.682244e-03   0.000000e+00   1756248
  1.503058e+01   3.927479e-09   8.528654e-03   0.000000e+00   1749248
  1.505083e+01   3.890396e-09   6.180607e-03   0.000000e+00   1739928
  1.507109e+01   3.873214e-09   6.896099e-03   0.000000e+00   1732148
  1.509133e+01   3.833778e-09   6.009223e-03   0.000000e+00   1716964
  1.511157e+01   3.823659e-09   5.767987e-03   0.000000e+00   1712164
  1.513183e+01   3.791486e-09   8.781752e-03   0.000000e+00   1698332
  1.515208e+01   3.765547e-09   9.104052e-03   0.000000e+00   1694100
  1.517232e+01   3.730087e-09   0.000000e+00   0.000000e+00   1675412
  1.519254e+01   3.704569e-09   7.462930e-03   0.000000e+00   1670436
  1.521276e+01   3.691922e-09   4.262959e-03   0.000000e+00   1655532
  1.523302e+01   3.660207e-09   9.396304e-03   0.000000e+00   1656860
  1.525328e+01   3.625353e-09   2.745918e-03   0.000000e+00   1636484
  1.527353e+01   3.615936e-09   3.681726e-03   0.000000e+00   1633212
  1.529376e+01   3.590170e-09   5.467015e-03   0.000000e+00   1614044
  1.531400e+01   3.562411e-09   4.166881e-03   0.000000e+00   1612980
  1.533425e+01   3.532668e-09   8.225499e-03   0.000000e+00   1597036
  1.535449e+01   3.513582e-09   6.216682e-03   0.000000e+00   1590676
  1.537473e+01   3.483377e-09   4.227419e-03   0.000000e+00   1575812
  1.539495e+01   3.466403e-09   4.637611e-03   0.000000e+00   1566156
  1.541520e+01   3.435054e-09   7.265804e-03   0.000000e+00   1560980
  1.543547e+01   3.413010e-09   7.596732e-03   0.000000e+00   1549404
  1.545570e+01   3.391527e-09   0.000000e+00   0.000000e+00   1532436
  1.547592e+01   3.375613e-09   6.945510e-03   0.000000e+00   1527524
  1.549617e+01   3.347170e-09   7.732126e-03   0.000000e+00   1515204
  1.551641e+01   3.326720e-09   0.000000e+00   0.000000e+00   1506452
  1.553667e+01   3.309477e-09   2.426397e-03   0.000000e+00   1495116
  1.555688e+01   3.281505e-09   6.706614e-03   0.000000e+00   1479152
  1.557710e+01   3.258462e-09   0.000000e+00   0.000000e+00   1475400
  1.559739e+01   3.239258e-09   3.362690e-03   0.000000e+00   1467932
  1.561766e+01   3.218667e-09   7.222280e-03   0.000000e+00   1451256
  1.563791e+01   3.199804e-09   0.000000e+00   0.000000e+00   1443212
  1.565813e+01   3.178530e-09   5.990964e-03   0.000000e+00   1425648
  1.567836e+01   3.152855e-09   8.164681e-03   0.000000e+00   1423004
  1.569862e+01   3.127866e-09   5.235060e-03   0.000000e+00   1408632
  1.571887e+01   3.113276e-09   7.871514e-03   0.000000e+00   1400984
  1.573911e+01   3.095021e-09   7.793626e-03   3.117765e-12   1383180
  1.575934e+01   3.074840e-09   8.637480e-03   3.107236e-12   1378136
  1.577960e+01   3.050340e-09   9.147355e-03   3.096737e-12   1367136
  1.579987e+01   3.039766e-09   5.203231e-03   3.098951e-12   1356716
  1.582008e+01   3.010757e-09   5.668757e-03   3.082194e-12   1336908
  1.584028e+01   3.003124e-09   0.000000e+00   3.077487e-12   1332620
  1.586053e+01   2.968339e-09   6.502751e-03   3.070216e-12   1321748
  1.588079e+01   2.957713e-09   3.119825e-03   3.062800e-12   1312764
  1.590103e+01   2.941035e-09   0.000000e+00   3.064201e-12   1296636
  1.592129e+01   2.926761e-09   6.590995e-03   3.050281e-12   1291472
  1.594153e+01   2.904474e-09   1.091460e-02   3.052293e-12   1272768
  1.596177e+01   2.883918e-09   6.569763e-03   3.036325e-12   1269080
  1.598204e+01   2.863578e-09   7.477303e-03   3.030015e-12   1253696
  1.600227e+01   2.856526e-09   9.320786e-03   3.033939e-12   1241616
  1.602246e+01   2.845419e-09   7.098649e-03   3.037982e-12   1226712
  1.604272e+01   2.805339e-09   8.608783e-03   3.003068e-12   1226228
  1.606300e+01   2.803754e-09   6.464842e-03   3.026529e-12   1207848
  1.608325e+01   2.790928e-09   3.759548e-03   3.011311e-12   1198256
  1.610347e+01   2.772077e-09   6.912130e-03   3.011740e-12   1181516
  1.612371e+01   2.758374e-09   0.000000e+00   2.997232e-12   1177980
  1.614397e+01   2.729944e-09   2.894685e-03   2.993299e-12   1161756
  1.616419e+01   2.722936e-09   6.241432e-03   2.988853e-12   1150148
  1.618443e+01   2.709003e-09   4.979964e-03   2.989156e-12   1138848
  1.620466e+01   2.689313e-09   0.000000e+00   2.979554e-12   1126748
  1.622490e+01   2.680659e-09   2.667126e-03   2.989047e-12   1117652
  1.624519e+01   2.668789e-09   0.000000e+00   2.983949e-12   1107888
  1.626544e+01   2.654399e-09   4.806214e-03   2.981228e-12   1090964
  1.628567e+01   2.648078e-09   4.932210e-03   2.973155e-12   1080684
  1.630588e+01   2.620707e-09   8.854004e-03   2.972720e-12   1065660
  1.632613e+01   2.621692e-09   0.000000e+00   2.973000e-12   1061996
  1.634641e+01   2.603028e-09   4.915276e-03   2.972675e-12   1044320
  1.636664e+01   2.595578e-09   9.572374e-03   2.971443e-12   1034640
  1.638689e+01   2.583681e-09   5.228793e-03   2.970588e-12   1019172
  1.640714e+01   2.561964e-09   4.651295e-03   2.949536e-12   1013948
  1.642741e+01   2.555311e-09   1.062673e-02   2.950671e-12   996376
  1.644765e+01   2.553960e-09   0.000000e+00   2.958159e-12   985288
  1.646784e+01   2.542659e-09   0.000000e+00   2.959579e-12   969596
  1.648809e+01   2.518905e-09   9.551552e-03   2.935803e-12   964980
  1.650834e+01   2.516907e-09   7.697579e-03   2.958496e-12   947252
  1.652857e+01   2.509247e-09   9.282288e-03   2.958244e-12   939060
  1.654882e+01   2.500515e-09   6.433300e-03   2.961639e-12   922328
  1.656905e+01   2.490342e-09   2.823516e-03   2.955415e-12   913788
  1.658932e+01   2.469701e-09   1.054211e-02   2.948834e-12   902812
  1.660959e+01   2.477921e-09   7.476300e-03   2.963156e-12   888544
  1.662981e+01   2.471835e-09   8.926515e-03   2.977704e-12   872948
  1.665001e+01   2.461316e-09   0.000000e+00   2.968814e-12   862440
  1.667025e+01   2.452004e-09   5.100084e-03   2.978955e-12   851760
  1.669054e+01   2.444646e-09   8.929578e-04   2.955069e-12   841940
  1.671078e+01   2.445459e-09   5.199542e-03   2.986145e-12   822984
  1.673102e+01   2.434310e-09   4.675028e-03   2.963803e-12   816092
  1.675127e+01   2.423876e-09   0.000000e+00   2.981499e-12   799284
  1.677151e+01   2.423970e-09   9.817553e-03   2.989752e-12   791312
  1.679175e+01   2.421430e-09   5.155896e-03   3.005347e-12   772524
  1.681194e+01   2.421916e-09   5.838754e-03   3.010045e-12   762896
  1.683218e+01   2.414121e-09   4.014499e-03   2.997862e-12   750876
  1.685244e+01   2.407517e-09   5.661255e-03   3.005888e-12   739280
  1.687268e+01   2.416252e-09   6.298869e-03   3.018968e-12   724840
  1.689295e+01   2.406941e-09   4.282393e-03   3.027630e-12   714484
  1.691316e+01   2.404075e-09   6.908234e-03   3.042672e-12   695868
  1.693340e+01   2.402520e-09   9.098095e-03   3.030737e-12   691013
  1.695367e+01   2.402170e-09   6.383660e-03   3.059819e-12   673486
  1.697390e+01   2.389922e-09   7.820735e-03   3.050445e-12   666244
  1.699413e+01   2.381865e-09   5.794321e-03   3.060220e-12   651008
  1.701436e+01   2.377387e-09   0.000000e+00   3.059620e-12   644820
  1.703462e+01   2.359179e-09   0.000000e+00   3.054117e-12   632636
  1.705488e+01   2.363754e-09   8.517651e-03   3.063652e-12   625002
  1.707511e+01   2.347303e-09   5.344497e-03   3.083502e-12   611208
  1.709538e+01   2.330324e-09   0.000000e+00   3.066803e-12   607328
  1.711563e+01   2.327835e-09   0.000000e+00   3.094330e-12   592272
  1.713586e+01   2.309914e-09   0.000000e+00   3.078580e-12   587504
  1.715611e+01   2.301637e-09   9.798959e-03   3.086227e-12   575466
  1.717634e+01   2.289756e-09   0.000000e+00   3.100589e-12   568274
  1.719660e+01   2.274340e-09   0.000000e+00   3.092193e-12   559518
  1.721686e+01   2.261428e-09   5.247450e-03   3.095032e-12   551618
  1.723712e+01   2.255514e-09   4.901820e-03   3.102037e-12   542364
  1.725736e+01   2.232056e-09   7.671600e-03   3.095746e-12   534146
  1.727758e+01   2.223551e-09   9.472268e-03   3.107048e-12   525076
  1.729785e+01   2.200324e-09   0.000000e+00   3.096073e-12   519868
  1.731806e+01   2.191611e-09   4.203146e-03   3.114140e-12   507108
  1.733830e+01   2.182828e-09   3.341651e-03   3.113762e-12   504992
  1.735855e+01   2.163117e-09   9.997235e-03   3.114192e-12   492636
  1.737880e+01   2.153533e-09   0.000000e+00   3.117937e-12   490052
  1.739906e+01   2.136481e-09   2.430764e-03   3.118201e-12   477708
  1.741928e+01   2.111825e-09   1.357122e-03   3.097070e-12   473852
  1.743953e+01   2.107072e-09   1.195426e-02   3.118674e-12   464174
  1.745976e+01   2.092301e-09   5.082192e-03   3.112590e-12   459096
  1.747999e+01   2.072607e-09   7.398254e-03   3.117372e-12   449582
  1.750023e+01   2.044930e-09   1.285310e-02   3.086258e-12   445812
  1.752045e+01   2.044744e-09   7.443273e-03   3.135127e-12   435134
  1.754072e+01   2.018118e-09   3.903764e-03   3.089734e-12   433590
  1.756096e+01   2.005423e-09   0.000000e+00   3.124681e-12   421070
  1.758119e+01   1.985340e-09   0.000000e+00   3.103062e-12   419940
  1.760147e+01   1.978865e-09   6.406977e-03   3.124816e-12   409714
  1.762167e+01   1.954365e-09   0.000000e+00   3.097250e-12   404182
  1.764191e+01   1.936792e-09   5.498759e-03   3.100704e-12   398518
  1.766218e+01   1.919220e-09   7.084288e-03   3.090265e-12   392302
  1.768242e+01   1.902255e-09   6.993168e-03   3.079739e-12   385486
  1.770271e+01   1.879543e-09   6.041208e-03   3.066737e-12   381550
  1.772293e+01   1.866428e-09   0.000000e+00   3.109673e-12   370826
  1.774317e+01   1.850042e-09   0.000000e+00   3.094077e-12   370014
  1.776343e+01   1.831399e-09   6.040763e-03   3.085983e-12   359910
  1.778365e+01   1.813611e-09   1.000572e-02   3.082085e-12   357416
  1.780388e+01   1.801825e-09   1.003638e-02   3.098872e-12   348174
  1.782411e+01   1.769188e-09   9.867761e-03   3.043683e-12   346010
  1.784435e+01   1.758027e-09   9.323373e-03   3.081682e-12   337094
  1.786462e+01   1.737072e-09   1.046784e-02   3.052538e-12   336360
  1.788488e+01   1.728185e-09   6.183343e-03   3.075323e-12   325206
  1.790511e+01   1.699766e-09   1.162841e-02   3.033015e-12   324614
  1.792534e+01   1.685124e-09   6.495060e-03   3.054426e-12   314760
  1.794558e+01   1.662346e-09   3.182387e-03   3.020414e-12   314114
  1.796581e+01   1.644612e-09   7.764277e-03   3.053696e-12   303918
  1.798604e+01   1.634553e-09   0.000000e+00   3.017025e-12   303872
  1.800632e+01   1.614389e-09   5.370403e-03   3.046451e-12   295062
  1.802657e+01   1.593213e-09   8.029338e-03   3.014477e-12   292784
  1.804682e+01   1.585323e-09   0.000000e+00   3.040366e-12   285198
  1.806704e+01   1.560625e-09   0.000000e+00   3.005833e-12   282068
  1.808729e+01   1.539262e-09   0.000000e+00   2.988151e-12   275958
  1.810752e+01   1.528238e-09   9.854920e-03   2.996253e-12   272072
  1.812774e+01   1.500425e-09   5.132524e-03   2.976310e-12   266352
  1.814799e+01   1.486533e-09   1.644306e-03   2.969204e-12   263198
  1.816822e+01   1.478899e-09   7.583947e-03   3.004645e-12   256524
  1.818849e+01   1.452367e-09   5.722108e-03   2.955034e-12   254774
  1.820872e+01   1.435895e-09   4.972812e-03   2.965094e-12   246888
  1.822897e+01   1.414783e-09   0.000000e+00   2.943054e-12   245984
  1.824921e+01   1.402598e-09   9.430435e-04   2.938581e-12   237822
  1.826945e+01   1.369075e-09   0.000000e+00   2.881060e-12   236948
  1.828968e+01   1.361763e-09   0.000000e+00   2.912567e-12   229296
  1.830995e+01   1.338220e-09   3.348449e-03   2.879386e-12   228968
  1.833021e+01   1.321178e-09   1.085954e-02   2.900869e-12   220894
  1.835047e+01   1.303426e-09   7.794413e-03   2.867899e-12   220408
  1.837072e+01   1.286574e-09   9.940898e-04   2.882122e-12   212400
  1.839097e+01   1.264101e-09   2.633592e-03   2.836734e-12   212228
  1.841122e+01   1.244877e-09   9.509093e-03   2.848147e-12   204502
  1.843147e+01   1.224860e-09   4.608279e-03   2.817522e-12   203944
  1.845169e+01   1.221245e-09   7.756364e-03   2.836939e-12   196272
  1.847192e+01   1.187989e-09   7.046565e-03   2.772102e-12   196280
  1.849216e+01   1.184816e-09   5.292309e-03   2.829353e-12   188604
  1.851237e+01   1.154276e-09   6.611742e-03   2.767219e-12   188408
  1.853261e+01   1.155848e-09   1.955217e-03   2.805512e-12   181566
  1.855285e+01   1.125710e-09   5.719424e-03   2.767613e-12   180920
  1.857308e+01   1.110934e-09   7.123977e-03   2.767058e-12   174304
  1.859332e+01   1.089714e-09   0.000000e+00   2.707347e-12   173620
  1.861356e+01   1.081515e-09   7.560166e-03   2.738120e-12   167432
  1.863384e+01   1.052082e-09   5.547625e-03   2.686892e-12   166944
  1.865405e+01   1.040372e-09   9.611190e-03   2.714213e-12   159704
  1.867431e+01   1.020533e-09   6.596643e-03   2.663621e-12   160464
  1.869455e+01   1.016437e-09   5.456472e-03   2.708282e-12   152756
  1.871479e+01   9.829879e-10   9.148054e-03   2.624620e-12   153912
  1.873503e+01   9.777058e-10   9.857086e-03   2.677620e-12   146024
  1.875525e+01   9.531049e-10   1.548462e-02   2.578104e-12   147168
  1.877550e+01   9.450297e-10   9.024148e-03   2.646604e-12   140000
  1.879574e+01   9.186473e-10   0.000000e+00   2.569235e-12   140580
  1.881599e+01   9.097934e-10   8.261644e-03   2.617096e-12   134112
  1.883624e+01   8.881424e-10   1.334981e-02   2.534932e-12   134264
  1.885649e+01   8.769765e-10   8.505010e-03   2.589134e-12   128000
  1.887674e+01   8.539576e-10   1.086635e-02   2.521257e-12   128124
  1.889701e+01   8.474119e-10   7.214524e-03   2.525134e-12   122472
  1.891725e+01   8.204800e-10   1.089529e-02   2.464651e-12   121808
  1.893748e+01   8.149470e-10   3.056711e-03   2.500218e-12   116592
  1.895770e+01   7.891818e-10   0.000000e+00   2.432499e-12   116072
  1.897794e+01   7.791607e-10   1.146420e-02   2.467658e-12   111156
  1.899821e+01   7.576640e-10   0.000000e+00   2.402474e-12   110864
  1.901846e+01   7.467192e-10   0.000000e+00   2.431878e-12   105464
  1.903872e+01   7.261867e-10   6.016759e-03   2.353899e-12   105738
  1.905896e+01   7.197516e-10   8.500176e-03   2.385705e-12   99824
  1.907920e+01   6.989347e-10   0.000000e+00   2.331936e-12   100452
  1.909941e+01   6.860605e-10   1.071598e-02   2.358560e-12   94608
  1.911966e+01   6.680062e-10   5.764544e-03   2.286734e-12   95456
  1.913988e+01   6.559391e-10   1.114729e-02   2.317928e-12   89688
  1.916015e+01   6.342833e-10   8.916494e-03   2.262289e-12   90632
  1.918036e+01   6.293333e-10   7.959122e-03   2.262590e-12   84558
  1.920061e+01   6.037416e-10   5.558979e-03   2.186669e-12   86096
  1.922083e+01   6.003339e-10   6.308943e-03   2.231713e-12   79632
  1.924103e+01   5.760702e-10   1.111553e-02   2.141062e-12   81416
  1.926128e+01   5.670422e-10   8.867579e-03   2.173626e-12   75348
  1.928149e+01   5.445339e-10   0.000000e+00   2.097845e-12   76712
  1.930175e+01   5.414435e-10   1.095667e-02   2.157833e-12   71322
  1.932200e+01   5.210076e-10   3.982644e-03   2.072386e-12   72248
  1.934226e+01   5.086294e-10   0.000000e+00   2.082875e-12   67152
  1.936250e+01   4.929066e-10   0.000000e+00   1.999426e-12   67844
  1.938270e+01   4.820504e-10   0.000000e+00   2.032062e-12   62976
  1.940296e+01   4.644811e-10   0.000000e+00   1.962566e-12   63914
  1.942314e+01   4.594094e-10   0.000000e+00   1.999140e-12   58824
  1.944340e+01   4.368475e-10   1.161995e-02   1.915795e-12   60116
  1.946357e+01   4.360677e-10   0.000000e+00   1.965098e-12   54888
  1.948394e+01   4.152928e-10   0.000000e+00   1.851269e-12   57002
  1.950416e+01   4.034474e-10   0.000000e+00   1.897915e-12   50760
  1.952443e+01   3.858761e-10   9.601858e-03   1.779729e-12   53312
  1.954465e+01   3.815375e-10   8.541178e-03   1.852465e-12   47124
  1.956490e+01   3.665581e-10   0.000000e+00   1.765572e-12   49850
  1.958513e+01   3.655119e-10   1.135259e-02   1.876341e-12   43680
  1.960533e+01   3.376940e-10   2.509001e-03   1.673700e-12   46328
  1.962562e+01   3.428882e-10   0.000000e+00   1.836626e-12   40686
  1.964585e+01   3.198454e-10   8.365068e-03   1.684353e-12   42992
  1.966616e+01   3.153778e-10   5.873739e-03   1.741398e-12   37656
  1.968634e+01   2.958092e-10   5.261676e-03   1.598684e-12   39578
  1.970666e+01   2.915914e-10   7.048164e-03   1.683514e-12   34928
  1.972684e+01   2.761231e-10   4.994282e-03   1.550442e-12   36300
  1.974709e+01   2.792425e-10   3.306492e-03   1.673627e-12   32136
  1.976731e+01   2.517163e-10   1.176821e-02   1.486709e-12   33362
  1.978748e+01   2.538424e-10   9.751893e-03   1.591820e-12   29336
  1.980778e+01   2.302237e-10   8.832630e-03   1.410351e-12   30804
  1.982789e+01   2.319738e-10   8.445670e-03   1.512114e-12   26490
  1.984822e+01   2.131793e-10   1.039992e-02   1.366035e-12   28376
  1.986828e+01   2.186510e-10   6.896210e-03   1.512793e-12   23792
  1.988868e+01   1.970282e-10   0.000000e+00   1.326316e-12   26142
  1.990869e+01   1.974860e-10   4.485049e-03   1.422545e-12   21192
  1.992915e+01   1.801358e-10   1.049211e-03   1.274618e-12   24050
  1.994917e+01   1.775095e-10   9.719715e-03   1.402619e-12   18768
  1.996969e+01   1.604085e-10   7.383984e-03   1.172001e-12   22052
  1.998968e+01   1.644004e-10   7.545092e-03   1.391103e-12   16346
  2.001016e+01   1.419675e-10   1.153589e-02   1.102118e-12   20136
  2.003017e+01   1.496123e-10   0.000000e+00   1.325426e-12   14168
  2.005058e+01   1.308861e-10   6.204963e-03   1.045653e-12   18210
  2.007060e+01   1.326250e-10   0.000000e+00   1.236767e-12   12204
  2.009093e+01   1.138406e-10   1.026748e-02   9.444335e-13   16346
  2.011106e+01   1.184853e-10   0.000000e+00   1.258850e-12   10536
  2.013130e+01   1.003865e-10   7.412730e-03   8.830683e-13   14456
  2.015140e+01   1.021380e-10   0.000000e+00   1.163517e-12   8982
  2.017164e+01   8.669240e-11   4.647280e-03   8.164485e-13   12752
  2.019169e+01   9.168506e-11   0.000000e+00   1.144446e-12   7506
  2.021194e+01   7.604289e-11   6.043511e-03   7.816091e-13   11192
  2.023195e+01   7.575210e-11   0.000000e+00   1.088169e-12   6156
  2.025219e+01   6.531699e-11   4.777050e-03   7.088829e-13   9722
  2.027226e+01   6.556220e-11   7.029559e-03   9.904802e-13   5000
  2.029244e+01   5.562530e-11   5.255756e-03   6.257507e-13   8298
  2.031257e+01   5.207700e-11   7.521660e-03   8.939813e-13   3996
  2.033264e+01   4.633576e-11   6.334525e-03   5.919655e-13   6938
  2.035289e+01   4.347959e-11   0.000000e+00   8.871344e-13   3168
  2.037278e+01   3.792519e-11   0.000000e+00   5.312614e-13   5624
  2.039310e+01   3.213011e-11   0.000000e+00   7.320451e-13   2502
  2.041289e+01   3.070692e-11   1.247483e-02   4.988904e-13   4424
  2.043327e+01   2.522067e-11   0.000000e+00   5.917092e-13   1938
  2.045304e+01   2.257055e-11   8.534864e-03   4.195855e-13   3368
  2.047348e+01   1.916081e-11   0.000000e+00   5.152708e-13   1446
  2.049321e+01   1.820231e-11   1.147057e-02   4.023213e-13   2456
  2.051373e+01   1.352333e-11   0.000000e+00   4.528147e-13   1026
  2.053341e+01   1.100801e-11   8.156619e-03   2.867804e-13   1688
  2.055402e+01   9.403115e-12   0.000000e+00   3.739712e-13   678
  2.057360e+01   7.326200e-12   0.000000e+00   2.515900e-13   1064
  2.059435e+01   5.658551e-12   0.000000e+00   2.777070e-13   402
  2.061375e+01   4.317927e-12   1.823273e-03   1.948835e-13   584
  2.063473e+01   3.094297e-12   3.988234e-03   2.247310e-13   198
  2.065374e+01   1.710565e-12   0.000000e+00   1.130704e-13   248
  2.067514e+01   1.005968e-12   0.000000e+00   8.504769e-14   66
  2.069296e+01   3.723203e-13   0.000000e+00   5.327261e-14   56
  2.071559e+01   7.013847e-14   3.507464e-03   1.738519e-14   6
