# background statistics
# cycle   tau/boxsize    a             conformal H/H0  phi(k=0)       T00(k=0)
      0   3.514781e+00   9.900990e-03   5.557700e+00   0.000000e+00   0.000000e+00
      1   3.561656e+00   1.012801e-02   5.493286e+00   0.000000e+00   0.000000e+00
      2   3.608531e+00   1.035752e-02   5.430385e+00   0.000000e+00   0.000000e+00
      3   3.655406e+00   1.058954e-02   5.368943e+00   0.000000e+00   0.000000e+00
      4   3.702281e+00   1.082405e-02   5.308910e+00   0.000000e+00   0.000000e+00
      5   3.749156e+00   1.106107e-02   5.250236e+00   0.000000e+00   0.000000e+00
      6   3.796031e+00   1.130058e-02   5.192875e+00   0.000000e+00   0.000000e+00
      7   3.842906e+00   1.154260e-02   5.136783e+00   0.000000e+00   0.000000e+00
      8   3.889781e+00   1.178711e-02   5.081916e+00   0.000000e+00   0.000000e+00
      9   3.936656e+00   1.203413e-02   5.028234e+00   0.000000e+00   0.000000e+00
     10   3.983531e+00   1.228364e-02   4.975700e+00   0.000000e+00   0.000000e+00
     11   4.030406e+00   1.253566e-02   4.924275e+00   0.000000e+00   0.000000e+00
     12   4.077281e+00   1.279017e-02   4.873924e+00   0.000000e+00   0.000000e+00
     13   4.124156e+00   1.304719e-02   4.824613e+00   0.000000e+00   0.000000e+00
     14   4.171031e+00   1.330670e-02   4.776310e+00   0.000000e+00   0.000000e+00
     15   4.217906e+00   1.356872e-02   4.728984e+00   0.000000e+00   0.000000e+00
     16   4.264781e+00   1.383323e-02   4.682605e+00   0.000000e+00   0.000000e+00
     17   4.311656e+00   1.410024e-02   4.637143e+00   0.000000e+00   0.000000e+00
     18   4.358531e+00   1.436976e-02   4.592573e+00   0.000000e+00   0.000000e+00
     19   4.405406e+00   1.464177e-02   4.548867e+00   0.000000e+00   0.000000e+00
     20   4.452281e+00   1.491629e-02   4.506000e+00   0.000000e+00   0.000000e+00
     21   4.499156e+00   1.519330e-02   4.463948e+00   0.000000e+00   0.000000e+00
     22   4.546031e+00   1.547281e-02   4.422687e+00   0.000000e+00   0.000000e+00
     23   4.592906e+00   1.575483e-02   4.382195e+00   0.000000e+00   0.000000e+00
     24   4.639781e+00   1.603934e-02   4.342450e+00   0.000000e+00   0.000000e+00
     25   4.686656e+00   1.632635e-02   4.303432e+00   0.000000e+00   0.000000e+00
     26   4.733531e+00   1.661587e-02   4.265120e+00   0.000000e+00   0.000000e+00
     27   4.780406e+00   1.690788e-02   4.227496e+00   0.000000e+00   0.000000e+00
     28   4.827281e+00   1.720239e-02   4.190540e+00   0.000000e+00   0.000000e+00
     29   4.874156e+00   1.749940e-02   4.154234e+00   0.000000e+00   0.000000e+00
     30   4.921031e+00   1.779892e-02   4.118562e+00   0.000000e+00   0.000000e+00
     31   4.967906e+00   1.810093e-02   4.083507e+00   0.000000e+00   0.000000e+00
     32   5.014781e+00   1.840544e-02   4.049052e+00   0.000000e+00   0.000000e+00
     33   5.061656e+00   1.871246e-02   4.015182e+00   0.000000e+00   0.000000e+00
     34   5.108531e+00   1.902197e-02   3.981883e+00   0.000000e+00   0.000000e+00
     35   5.155406e+00   1.933398e-02   3.949139e+00   0.000000e+00   0.000000e+00
     36   5.202281e+00   1.964849e-02   3.916937e+00   0.000000e+00   0.000000e+00
     37   5.249156e+00   1.996551e-02   3.885264e+00   0.000000e+00   0.000000e+00
     38   5.296031e+00   2.028502e-02   3.854105e+00   0.000000e+00   0.000000e+00
     39   5.342906e+00   2.060703e-02   3.823449e+00   0.000000e+00   0.000000e+00
     40   5.389781e+00   2.093155e-02   3.793283e+00   0.000000e+00   0.000000e+00
     41   5.436656e+00   2.125856e-02   3.763596e+00   0.000000e+00   0.000000e+00
     42   5.483531e+00   2.158807e-02   3.734376e+00   0.000000e+00   0.000000e+00
     43   5.530406e+00   2.192008e-02   3.705612e+00   0.000000e+00   0.000000e+00
     44   5.577281e+00   2.225460e-02   3.677293e+00   0.000000e+00   0.000000e+00
     45   5.624156e+00   2.259161e-02   3.649409e+00   0.000000e+00   0.000000e+00
     46   5.671031e+00   2.293112e-02   3.621950e+00   0.000000e+00   0.000000e+00
     47   5.717906e+00   2.327314e-02   3.594906e+00   0.000000e+00   0.000000e+00
     48   5.764781e+00   2.361765e-02   3.568268e+00   0.000000e+00   0.000000e+00
     49   5.811656e+00   2.396466e-02   3.542027e+00   0.000000e+00   0.000000e+00
     50   5.858531e+00   2.431418e-02   3.516173e+00   0.000000e+00   0.000000e+00
     51   5.905406e+00   2.466619e-02   3.490698e+00   0.000000e+00   0.000000e+00
     52   5.952281e+00   2.502071e-02   3.465594e+00   0.000000e+00   0.000000e+00
     53   5.999156e+00   2.537772e-02   3.440853e+00   0.000000e+00   0.000000e+00
     54   6.046031e+00   2.573723e-02   3.416466e+00   0.000000e+00   0.000000e+00
     55   6.092906e+00   2.609925e-02   3.392426e+00   0.000000e+00   0.000000e+00
     56   6.139781e+00   2.646376e-02   3.368726e+00   0.000000e+00   0.000000e+00
     57   6.186656e+00   2.683078e-02   3.345358e+00   0.000000e+00   0.000000e+00
     58   6.233531e+00   2.720030e-02   3.322316e+00   0.000000e+00   0.000000e+00
     59   6.280406e+00   2.757231e-02   3.299592e+00   0.000000e+00   0.000000e+00
     60   6.327281e+00   2.794683e-02   3.277180e+00   0.000000e+00   0.000000e+00
     61   6.374156e+00   2.832384e-02   3.255074e+00   0.000000e+00   0.000000e+00
     62   6.421031e+00   2.870336e-02   3.233267e+00   0.000000e+00   0.000000e+00
     63   6.467906e+00   2.908538e-02   3.211754e+00   0.000000e+00   0.000000e+00
     64   6.514781e+00   2.946990e-02   3.190527e+00   0.000000e+00   0.000000e+00
     65   6.561656e+00   2.985691e-02   3.169582e+00   0.000000e+00   0.000000e+00
     66   6.608531e+00   3.024643e-02   3.148913e+00   0.000000e+00   0.000000e+00
     67   6.655406e+00   3.063845e-02   3.128515e+00   0.000000e+00   0.000000e+00
     68   6.702281e+00   3.103297e-02   3.108381e+00   0.000000e+00   0.000000e+00
     69   6.749156e+00   3.142999e-02   3.088508e+00   0.000000e+00   0.000000e+00
     70   6.796031e+00   3.182951e-02   3.068889e+00   0.000000e+00   0.000000e+00
     71   6.842906e+00   3.223153e-02   3.049521e+00   0.000000e+00   0.000000e+00
     72   6.889781e+00   3.263606e-02   3.030397e+00   0.000000e+00   0.000000e+00
     73   6.936656e+00   3.304308e-02   3.011515e+00   0.000000e+00   0.000000e+00
     74   6.983531e+00   3.345260e-02   2.992868e+00   0.000000e+00   0.000000e+00
     75   7.030406e+00   3.386463e-02   2.974453e+00   0.000000e+00   0.000000e+00
     76   7.077281e+00   3.427915e-02   2.956265e+00   0.000000e+00   0.000000e+00
     77   7.124156e+00   3.469618e-02   2.938300e+00   0.000000e+00   0.000000e+00
     78   7.171031e+00   3.511570e-02   2.920554e+00   0.000000e+00   0.000000e+00
     79   7.217906e+00   3.553773e-02   2.903023e+00   0.000000e+00   0.000000e+00
     80   7.264781e+00   3.596226e-02   2.885704e+00   0.000000e+00   0.000000e+00
     81   7.311656e+00   3.638929e-02   2.868591e+00   0.000000e+00   0.000000e+00
     82   7.358531e+00   3.681882e-02   2.851682e+00   0.000000e+00   0.000000e+00
     83   7.405406e+00   3.725085e-02   2.834973e+00   0.000000e+00   0.000000e+00
     84   7.452281e+00   3.768538e-02   2.818460e+00   0.000000e+00   0.000000e+00
     85   7.499156e+00   3.812241e-02   2.802140e+00   0.000000e+00   0.000000e+00
     86   7.546031e+00   3.856195e-02   2.786010e+00   0.000000e+00   0.000000e+00
     87   7.592906e+00   3.900398e-02   2.770065e+00   0.000000e+00   0.000000e+00
     88   7.639781e+00   3.944852e-02   2.754304e+00   0.000000e+00   0.000000e+00
     89   7.686656e+00   3.989556e-02   2.738723e+00   0.000000e+00   0.000000e+00
     90   7.733531e+00   4.034509e-02   2.723318e+00   0.000000e+00   0.000000e+00
     91   7.780406e+00   4.079714e-02   2.708087e+00   0.000000e+00   0.000000e+00
     92   7.827281e+00   4.125168e-02   2.693027e+00   0.000000e+00   0.000000e+00
     93   7.874156e+00   4.170872e-02   2.678135e+00   0.000000e+00   0.000000e+00
     94   7.921031e+00   4.216827e-02   2.663408e+00   0.000000e+00   0.000000e+00
     95   7.967906e+00   4.263031e-02   2.648844e+00   0.000000e+00   0.000000e+00
     96   8.014781e+00   4.309486e-02   2.634439e+00   0.000000e+00   0.000000e+00
     97   8.061656e+00   4.356191e-02   2.620192e+00   0.000000e+00   0.000000e+00
     98   8.108531e+00   4.403146e-02   2.606098e+00   0.000000e+00   0.000000e+00
     99   8.155406e+00   4.450352e-02   2.592157e+00   0.000000e+00   0.000000e+00
    100   8.202281e+00   4.497807e-02   2.578366e+00   0.000000e+00   0.000000e+00
    101   8.249156e+00   4.545513e-02   2.564722e+00   0.000000e+00   0.000000e+00
    102   8.296031e+00   4.593469e-02   2.551222e+00   0.000000e+00   0.000000e+00
    103   8.342906e+00   4.641675e-02   2.537865e+00   0.000000e+00   0.000000e+00
    104   8.389781e+00   4.690131e-02   2.524648e+00   0.000000e+00   0.000000e+00
    105   8.436656e+00   4.738838e-02   2.511570e+00   0.000000e+00   0.000000e+00
    106   8.483531e+00   4.787795e-02   2.498627e+00   0.000000e+00   0.000000e+00
    107   8.530406e+00   4.837002e-02   2.485818e+00   0.000000e+00   0.000000e+00
    108   8.577281e+00   4.886459e-02   2.473141e+00   0.000000e+00   0.000000e+00
    109   8.624156e+00   4.936167e-02   2.460593e+00   0.000000e+00   0.000000e+00
    110   8.671031e+00   4.986125e-02   2.448174e+00   0.000000e+00   0.000000e+00
    111   8.717906e+00   5.036333e-02   2.435880e+00   0.000000e+00   0.000000e+00
    112   8.764781e+00   5.086791e-02   2.423710e+00   0.000000e+00   0.000000e+00
    113   8.811656e+00   5.137500e-02   2.411661e+00   0.000000e+00   0.000000e+00
    114   8.858531e+00   5.188459e-02   2.399734e+00   0.000000e+00   0.000000e+00
    115   8.905406e+00   5.239669e-02   2.387924e+00   0.000000e+00   0.000000e+00
    116   8.952281e+00   5.291128e-02   2.376231e+00   0.000000e+00   0.000000e+00
    117   8.999156e+00   5.342838e-02   2.364653e+00   0.000000e+00   0.000000e+00
    118   9.046031e+00   5.394799e-02   2.353189e+00   0.000000e+00   0.000000e+00
    119   9.092906e+00   5.447009e-02   2.341835e+00   0.000000e+00   0.000000e+00
    120   9.139781e+00   5.499470e-02   2.330592e+00   0.000000e+00   0.000000e+00
    121   9.186656e+00   5.552182e-02   2.319457e+00   0.000000e+00   0.000000e+00
    122   9.233531e+00   5.605144e-02   2.308429e+00   0.000000e+00   0.000000e+00
    123   9.280406e+00   5.658356e-02   2.297507e+00   0.000000e+00   0.000000e+00
    124   9.327281e+00   5.711818e-02   2.286688e+00   0.000000e+00   0.000000e+00
    125   9.374156e+00   5.765531e-02   2.275971e+00   0.000000e+00   0.000000e+00
    126   9.421031e+00   5.819495e-02   2.265355e+00   0.000000e+00   0.000000e+00
    127   9.467906e+00   5.873709e-02   2.254839e+00   0.000000e+00   0.000000e+00
    128   9.514781e+00   5.928173e-02   2.244421e+00   0.000000e+00   0.000000e+00
    129   9.561656e+00   5.982888e-02   2.234100e+00   0.000000e+00   0.000000e+00
    130   9.608531e+00   6.037854e-02   2.223873e+00   0.000000e+00   0.000000e+00
    131   9.655406e+00   6.093069e-02   2.213741e+00   0.000000e+00   0.000000e+00
    132   9.702281e+00   6.148536e-02   2.203702e+00   0.000000e+00   0.000000e+00
    133   9.749156e+00   6.204253e-02   2.193754e+00   0.000000e+00   0.000000e+00
    134   9.796031e+00   6.260220e-02   2.183897e+00   0.000000e+00   0.000000e+00
    135   9.842906e+00   6.316438e-02   2.174128e+00   0.000000e+00   0.000000e+00
    136   9.889781e+00   6.372907e-02   2.164448e+00   0.000000e+00   0.000000e+00
    137   9.936656e+00   6.429626e-02   2.154854e+00   0.000000e+00   0.000000e+00
    138   9.983531e+00   6.486596e-02   2.145345e+00   0.000000e+00   0.000000e+00
    139   1.003041e+01   6.543816e-02   2.135921e+00   0.000000e+00   0.000000e+00
    140   1.007728e+01   6.601288e-02   2.126581e+00   0.000000e+00   0.000000e+00
    141   1.012416e+01   6.659009e-02   2.117322e+00   0.000000e+00   0.000000e+00
    142   1.017103e+01   6.716982e-02   2.108145e+00   0.000000e+00   0.000000e+00
    143   1.021791e+01   6.775205e-02   2.099047e+00   0.000000e+00   0.000000e+00
    144   1.026478e+01   6.833679e-02   2.090029e+00   0.000000e+00   0.000000e+00
    145   1.031166e+01   6.892403e-02   2.081089e+00   0.000000e+00   0.000000e+00
    146   1.035853e+01   6.951379e-02   2.072225e+00   0.000000e+00   0.000000e+00
    147   1.040541e+01   7.010605e-02   2.063438e+00   0.000000e+00   0.000000e+00
    148   1.045228e+01   7.070082e-02   2.054726e+00   0.000000e+00   0.000000e+00
    149   1.049916e+01   7.129809e-02   2.046087e+00   0.000000e+00   0.000000e+00
    150   1.054603e+01   7.189788e-02   2.037522e+00   0.000000e+00   0.000000e+00
    151   1.059291e+01   7.250018e-02   2.029030e+00   0.000000e+00   0.000000e+00
    152   1.063978e+01   7.310498e-02   2.020608e+00   0.000000e+00   0.000000e+00
    153   1.068666e+01   7.371229e-02   2.012257e+00   0.000000e+00   0.000000e+00
    154   1.073353e+01   7.432211e-02   2.003976e+00   0.000000e+00   0.000000e+00
    155   1.078041e+01   7.493444e-02   1.995763e+00   0.000000e+00   0.000000e+00
    156   1.082728e+01   7.554929e-02   1.987619e+00   0.000000e+00   0.000000e+00
    157   1.087416e+01   7.616664e-02   1.979541e+00   0.000000e+00   0.000000e+00
    158   1.092103e+01   7.678650e-02   1.971529e+00   0.000000e+00   0.000000e+00
    159   1.096791e+01   7.740887e-02   1.963583e+00   0.000000e+00   0.000000e+00
    160   1.101478e+01   7.803375e-02   1.955702e+00   0.000000e+00   0.000000e+00
    161   1.106166e+01   7.866115e-02   1.947885e+00   0.000000e+00   0.000000e+00
    162   1.110853e+01   7.929105e-02   1.940130e+00   0.000000e+00   0.000000e+00
    163   1.115541e+01   7.992347e-02   1.932438e+00   0.000000e+00   0.000000e+00
    164   1.120228e+01   8.055840e-02   1.924808e+00   0.000000e+00   0.000000e+00
    165   1.124916e+01   8.119584e-02   1.917238e+00   0.000000e+00   0.000000e+00
    166   1.129603e+01   8.183579e-02   1.909729e+00   0.000000e+00   0.000000e+00
    167   1.134291e+01   8.247826e-02   1.902279e+00   0.000000e+00   0.000000e+00
    168   1.138978e+01   8.312324e-02   1.894888e+00   0.000000e+00   0.000000e+00
    169   1.143666e+01   8.377073e-02   1.887555e+00   0.000000e+00   0.000000e+00
    170   1.148353e+01   8.442074e-02   1.880280e+00   0.000000e+00   0.000000e+00
    171   1.153041e+01   8.507326e-02   1.873061e+00   0.000000e+00   0.000000e+00
    172   1.157728e+01   8.572829e-02   1.865899e+00   0.000000e+00   0.000000e+00
    173   1.162416e+01   8.638584e-02   1.858792e+00   0.000000e+00   0.000000e+00
    174   1.167103e+01   8.704591e-02   1.851739e+00   0.000000e+00   0.000000e+00
    175   1.171791e+01   8.770849e-02   1.844741e+00   0.000000e+00   0.000000e+00
    176   1.176478e+01   8.837358e-02   1.837797e+00   0.000000e+00   0.000000e+00
    177   1.181166e+01   8.904119e-02   1.830905e+00   0.000000e+00   0.000000e+00
    178   1.185853e+01   8.971132e-02   1.824066e+00   0.000000e+00   0.000000e+00
    179   1.190541e+01   9.038397e-02   1.817279e+00   0.000000e+00   0.000000e+00
    180   1.195228e+01   9.105913e-02   1.810543e+00   0.000000e+00   0.000000e+00
    181   1.199916e+01   9.173681e-02   1.803858e+00   0.000000e+00   0.000000e+00
    182   1.204603e+01   9.241701e-02   1.797223e+00   0.000000e+00   0.000000e+00
    183   1.209291e+01   9.309973e-02   1.790638e+00   0.000000e+00   0.000000e+00
    184   1.213978e+01   9.378496e-02   1.784102e+00   0.000000e+00   0.000000e+00
    185   1.218666e+01   9.447272e-02   1.777614e+00   0.000000e+00   0.000000e+00
    186   1.223353e+01   9.516299e-02   1.771174e+00   0.000000e+00   0.000000e+00
    187   1.228041e+01   9.585579e-02   1.764781e+00   0.000000e+00   0.000000e+00
    188   1.232728e+01   9.655111e-02   1.758436e+00   0.000000e+00   0.000000e+00
    189   1.237416e+01   9.724894e-02   1.752137e+00   0.000000e+00   0.000000e+00
    190   1.242103e+01   9.794930e-02   1.745884e+00   0.000000e+00   0.000000e+00
    191   1.246791e+01   9.865218e-02   1.739677e+00   0.000000e+00   0.000000e+00
    192   1.251478e+01   9.935759e-02   1.733514e+00   0.000000e+00   0.000000e+00
    193   1.256166e+01   1.000655e-01   1.727396e+00   0.000000e+00   0.000000e+00
    194   1.260853e+01   1.007760e-01   1.721323e+00   0.000000e+00   0.000000e+00
    195   1.265541e+01   1.014889e-01   1.715292e+00   0.000000e+00   0.000000e+00
    196   1.270228e+01   1.022044e-01   1.709305e+00   0.000000e+00   0.000000e+00
    197   1.274916e+01   1.029225e-01   1.703361e+00   0.000000e+00   0.000000e+00
    198   1.279603e+01   1.036430e-01   1.697459e+00   0.000000e+00   0.000000e+00
    199   1.284291e+01   1.043661e-01   1.691599e+00   0.000000e+00   0.000000e+00
    200   1.288978e+01   1.050917e-01   1.685780e+00   0.000000e+00   0.000000e+00
    201   1.293666e+01   1.058198e-01   1.680002e+00   0.000000e+00   0.000000e+00
    202   1.298353e+01   1.065505e-01   1.674265e+00   0.000000e+00   0.000000e+00
    203   1.303041e+01   1.072837e-01   1.668568e+00   0.000000e+00   0.000000e+00
    204   1.307728e+01   1.080194e-01   1.662910e+00   0.000000e+00   0.000000e+00
    205   1.312416e+01   1.087576e-01   1.657292e+00   0.000000e+00   0.000000e+00
    206   1.317103e+01   1.094984e-01   1.651713e+00   0.000000e+00   0.000000e+00
    207   1.321791e+01   1.102417e-01   1.646173e+00   0.000000e+00   0.000000e+00
    208   1.326478e+01   1.109875e-01   1.640670e+00   0.000000e+00   0.000000e+00
    209   1.331166e+01   1.117359e-01   1.635206e+00   0.000000e+00   0.000000e+00
    210   1.335853e+01   1.124868e-01   1.629779e+00   0.000000e+00   0.000000e+00
    211   1.340541e+01   1.132402e-01   1.624389e+00   0.000000e+00   0.000000e+00
    212   1.345228e+01   1.139962e-01   1.619036e+00   0.000000e+00   0.000000e+00
    213   1.349916e+01   1.147547e-01   1.613719e+00   0.000000e+00   0.000000e+00
    214   1.354603e+01   1.155158e-01   1.608439e+00   0.000000e+00   0.000000e+00
    215   1.359291e+01   1.162793e-01   1.603193e+00   0.000000e+00   0.000000e+00
    216   1.363978e+01   1.170454e-01   1.597984e+00   0.000000e+00   0.000000e+00
    217   1.368666e+01   1.178141e-01   1.592809e+00   0.000000e+00   0.000000e+00
    218   1.373353e+01   1.185853e-01   1.587669e+00   0.000000e+00   0.000000e+00
    219   1.378041e+01   1.193590e-01   1.582563e+00   0.000000e+00   0.000000e+00
    220   1.382728e+01   1.201353e-01   1.577491e+00   0.000000e+00   0.000000e+00
    221   1.387416e+01   1.209141e-01   1.572453e+00   0.000000e+00   0.000000e+00
    222   1.392103e+01   1.216955e-01   1.567448e+00   0.000000e+00   0.000000e+00
    223   1.396791e+01   1.224793e-01   1.562477e+00   0.000000e+00   0.000000e+00
    224   1.401478e+01   1.232658e-01   1.557538e+00   0.000000e+00   0.000000e+00
    225   1.406166e+01   1.240548e-01   1.552631e+00   0.000000e+00   0.000000e+00
    226   1.410853e+01   1.248463e-01   1.547757e+00   0.000000e+00   0.000000e+00
    227   1.415541e+01   1.256404e-01   1.542915e+00   0.000000e+00   0.000000e+00
    228   1.420228e+01   1.264370e-01   1.538104e+00   0.000000e+00   0.000000e+00
    229   1.424916e+01   1.272362e-01   1.533324e+00   0.000000e+00   0.000000e+00
    230   1.429603e+01   1.280379e-01   1.528575e+00   0.000000e+00   0.000000e+00
    231   1.434291e+01   1.288421e-01   1.523857e+00   0.000000e+00   0.000000e+00
    232   1.438978e+01   1.296489e-01   1.519170e+00   0.000000e+00   0.000000e+00
    233   1.443666e+01   1.304583e-01   1.514513e+00   0.000000e+00   0.000000e+00
    234   1.448353e+01   1.312702e-01   1.509885e+00   0.000000e+00   0.000000e+00
    235   1.453041e+01   1.320847e-01   1.505287e+00   0.000000e+00   0.000000e+00
    236   1.457728e+01   1.329017e-01   1.500719e+00   0.000000e+00   0.000000e+00
    237   1.462416e+01   1.337213e-01   1.496180e+00   0.000000e+00   0.000000e+00
    238   1.467103e+01   1.345435e-01   1.491669e+00   0.000000e+00   0.000000e+00
    239   1.471791e+01   1.353682e-01   1.487187e+00   0.000000e+00   0.000000e+00
    240   1.476478e+01   1.361954e-01   1.482734e+00   0.000000e+00   0.000000e+00
    241   1.481166e+01   1.370252e-01   1.478308e+00   0.000000e+00   0.000000e+00
    242   1.485853e+01   1.378576e-01   1.473911e+00   0.000000e+00   0.000000e+00
    243   1.490541e+01   1.386925e-01   1.469541e+00   0.000000e+00   0.000000e+00
    244   1.495228e+01   1.395300e-01   1.465198e+00   0.000000e+00   0.000000e+00
    245   1.499916e+01   1.403701e-01   1.460883e+00   0.000000e+00   0.000000e+00
    246   1.504603e+01   1.412127e-01   1.456594e+00   0.000000e+00   0.000000e+00
    247   1.509291e+01   1.420579e-01   1.452332e+00   0.000000e+00   0.000000e+00
    248   1.513978e+01   1.429057e-01   1.448097e+00   0.000000e+00   0.000000e+00
    249   1.518666e+01   1.437560e-01   1.443888e+00   0.000000e+00   0.000000e+00
    250   1.523353e+01   1.446089e-01   1.439705e+00   0.000000e+00   0.000000e+00
    251   1.528041e+01   1.454644e-01   1.435547e+00   0.000000e+00   0.000000e+00
    252   1.532728e+01   1.463224e-01   1.431416e+00   0.000000e+00   0.000000e+00
    253   1.537416e+01   1.471831e-01   1.427309e+00   0.000000e+00   0.000000e+00
    254   1.542103e+01   1.480463e-01   1.423228e+00   0.000000e+00   0.000000e+00
    255   1.546791e+01   1.489120e-01   1.419172e+00   0.000000e+00   0.000000e+00
    256   1.551478e+01   1.497804e-01   1.415140e+00   0.000000e+00   0.000000e+00
    257   1.556166e+01   1.506513e-01   1.411133e+00   0.000000e+00   0.000000e+00
    258   1.560853e+01   1.515248e-01   1.407151e+00   0.000000e+00   0.000000e+00
    259   1.565541e+01   1.524009e-01   1.403192e+00   0.000000e+00   0.000000e+00
    260   1.570228e+01   1.532796e-01   1.399258e+00   0.000000e+00   0.000000e+00
    261   1.574916e+01   1.541609e-01   1.395347e+00   0.000000e+00   0.000000e+00
    262   1.579603e+01   1.550447e-01   1.391460e+00   0.000000e+00   0.000000e+00
    263   1.584291e+01   1.559311e-01   1.387597e+00   0.000000e+00   0.000000e+00
    264   1.588978e+01   1.568202e-01   1.383756e+00   0.000000e+00   0.000000e+00
    265   1.593666e+01   1.577118e-01   1.379939e+00   0.000000e+00   0.000000e+00
    266   1.598353e+01   1.586060e-01   1.376144e+00   0.000000e+00   0.000000e+00
    267   1.603041e+01   1.595028e-01   1.372372e+00   0.000000e+00   0.000000e+00
    268   1.607728e+01   1.604022e-01   1.368623e+00   0.000000e+00   0.000000e+00
    269   1.612416e+01   1.613042e-01   1.364896e+00   0.000000e+00   0.000000e+00
    270   1.617103e+01   1.622088e-01   1.361191e+00   0.000000e+00   0.000000e+00
    271   1.621791e+01   1.631160e-01   1.357508e+00   0.000000e+00   0.000000e+00
    272   1.626478e+01   1.640258e-01   1.353847e+00   0.000000e+00   0.000000e+00
    273   1.631166e+01   1.649382e-01   1.350207e+00   0.000000e+00   0.000000e+00
    274   1.635853e+01   1.658532e-01   1.346589e+00   0.000000e+00   0.000000e+00
    275   1.640541e+01   1.667708e-01   1.342992e+00   0.000000e+00   0.000000e+00
    276   1.645228e+01   1.676910e-01   1.339417e+00   0.000000e+00   0.000000e+00
    277   1.649916e+01   1.686139e-01   1.335862e+00   0.000000e+00   0.000000e+00
    278   1.654603e+01   1.695393e-01   1.332328e+00   0.000000e+00   0.000000e+00
    279   1.659291e+01   1.704674e-01   1.328815e+00   0.000000e+00   0.000000e+00
    280   1.663978e+01   1.713981e-01   1.325323e+00   0.000000e+00   0.000000e+00
    281   1.668666e+01   1.723314e-01   1.321851e+00   0.000000e+00   0.000000e+00
    282   1.673353e+01   1.732673e-01   1.318399e+00   0.000000e+00   0.000000e+00
    283   1.678041e+01   1.742059e-01   1.314967e+00   0.000000e+00   0.000000e+00
    284   1.682728e+01   1.751470e-01   1.311555e+00   0.000000e+00   0.000000e+00
    285   1.687416e+01   1.760908e-01   1.308163e+00   0.000000e+00   0.000000e+00
    286   1.692103e+01   1.770373e-01   1.304791e+00   0.000000e+00   0.000000e+00
    287   1.696791e+01   1.779863e-01   1.301438e+00   0.000000e+00   0.000000e+00
    288   1.701478e+01   1.789380e-01   1.298104e+00   0.000000e+00   0.000000e+00
    289   1.706166e+01   1.798923e-01   1.294790e+00   0.000000e+00   0.000000e+00
    290   1.710853e+01   1.808493e-01   1.291495e+00   0.000000e+00   0.000000e+00
    291   1.715541e+01   1.818089e-01   1.288219e+00   0.000000e+00   0.000000e+00
    292   1.720228e+01   1.827711e-01   1.284961e+00   0.000000e+00   0.000000e+00
    293   1.724916e+01   1.837360e-01   1.281723e+00   0.000000e+00   0.000000e+00
    294   1.729603e+01   1.847036e-01   1.278502e+00   0.000000e+00   0.000000e+00
    295   1.734291e+01   1.856738e-01   1.275301e+00   0.000000e+00   0.000000e+00
    296   1.738978e+01   1.866466e-01   1.272117e+00   0.000000e+00   0.000000e+00
    297   1.743666e+01   1.876221e-01   1.268952e+00   0.000000e+00   0.000000e+00
    298   1.748353e+01   1.886002e-01   1.265805e+00   0.000000e+00   0.000000e+00
    299   1.753041e+01   1.895810e-01   1.262676e+00   0.000000e+00   0.000000e+00
    300   1.757728e+01   1.905645e-01   1.259565e+00   0.000000e+00   0.000000e+00
    301   1.762416e+01   1.915506e-01   1.256471e+00   0.000000e+00   0.000000e+00
    302   1.767103e+01   1.925394e-01   1.253395e+00   0.000000e+00   0.000000e+00
    303   1.771791e+01   1.935309e-01   1.250337e+00   0.000000e+00   0.000000e+00
    304   1.776478e+01   1.945250e-01   1.247296e+00   0.000000e+00   0.000000e+00
    305   1.781166e+01   1.955219e-01   1.244272e+00   0.000000e+00   0.000000e+00
    306   1.785853e+01   1.965213e-01   1.241265e+00   0.000000e+00   0.000000e+00
    307   1.790541e+01   1.975235e-01   1.238275e+00   0.000000e+00   0.000000e+00
    308   1.795228e+01   1.985284e-01   1.235302e+00   0.000000e+00   0.000000e+00
    309   1.799916e+01   1.995359e-01   1.232346e+00   0.000000e+00   0.000000e+00
    310   1.804603e+01   2.005461e-01   1.229407e+00   0.000000e+00   0.000000e+00
    311   1.809291e+01   2.015590e-01   1.226484e+00   0.000000e+00   0.000000e+00
    312   1.813978e+01   2.025746e-01   1.223578e+00   0.000000e+00   0.000000e+00
    313   1.818666e+01   2.035929e-01   1.220688e+00   0.000000e+00   0.000000e+00
    314   1.823353e+01   2.046139e-01   1.217814e+00   0.000000e+00   0.000000e+00
    315   1.828041e+01   2.056377e-01   1.214956e+00   0.000000e+00   0.000000e+00
    316   1.832728e+01   2.066641e-01   1.212115e+00   0.000000e+00   0.000000e+00
    317   1.837416e+01   2.076932e-01   1.209290e+00   0.000000e+00   0.000000e+00
    318   1.842103e+01   2.087250e-01   1.206480e+00   0.000000e+00   0.000000e+00
    319   1.846791e+01   2.097596e-01   1.203686e+00   0.000000e+00   0.000000e+00
    320   1.851478e+01   2.107968e-01   1.200908e+00   0.000000e+00   0.000000e+00
    321   1.856166e+01   2.118368e-01   1.198145e+00   0.000000e+00   0.000000e+00
    322   1.860853e+01   2.128795e-01   1.195398e+00   0.000000e+00   0.000000e+00
    323   1.865541e+01   2.139250e-01   1.192667e+00   0.000000e+00   0.000000e+00
    324   1.870228e+01   2.149731e-01   1.189950e+00   0.000000e+00   0.000000e+00
    325   1.874916e+01   2.160240e-01   1.187249e+00   0.000000e+00   0.000000e+00
    326   1.879603e+01   2.170777e-01   1.184563e+00   0.000000e+00   0.000000e+00
    327   1.884291e+01   2.181341e-01   1.181892e+00   0.000000e+00   0.000000e+00
    328   1.888978e+01   2.191932e-01   1.179236e+00   0.000000e+00   0.000000e+00
    329   1.893666e+01   2.202551e-01   1.176595e+00   0.000000e+00   0.000000e+00
    330   1.898353e+01   2.213197e-01   1.173969e+00   0.000000e+00   0.000000e+00
    331   1.903041e+01   2.223871e-01   1.171357e+00   0.000000e+00   0.000000e+00
    332   1.907728e+01   2.234573e-01   1.168760e+00   0.000000e+00   0.000000e+00
    333   1.912416e+01   2.245302e-01   1.166177e+00   0.000000e+00   0.000000e+00
    334   1.917103e+01   2.256059e-01   1.163609e+00   0.000000e+00   0.000000e+00
    335   1.921791e+01   2.266843e-01   1.161055e+00   0.000000e+00   0.000000e+00
    336   1.926478e+01   2.277655e-01   1.158516e+00   0.000000e+00   0.000000e+00
    337   1.931166e+01   2.288495e-01   1.155991e+00   0.000000e+00   0.000000e+00
    338   1.935853e+01   2.299363e-01   1.153479e+00   0.000000e+00   0.000000e+00
    339   1.940541e+01   2.310259e-01   1.150982e+00   0.000000e+00   0.000000e+00
    340   1.945228e+01   2.321183e-01   1.148499e+00   0.000000e+00   0.000000e+00
    341   1.949916e+01   2.332134e-01   1.146030e+00   0.000000e+00   0.000000e+00
    342   1.954603e+01   2.343114e-01   1.143574e+00   0.000000e+00   0.000000e+00
    343   1.959291e+01   2.354122e-01   1.141133e+00   0.000000e+00   0.000000e+00
    344   1.963978e+01   2.365158e-01   1.138705e+00   0.000000e+00   0.000000e+00
    345   1.968666e+01   2.376222e-01   1.136290e+00   0.000000e+00   0.000000e+00
    346   1.973353e+01   2.387314e-01   1.133890e+00   0.000000e+00   0.000000e+00
    347   1.978041e+01   2.398434e-01   1.131502e+00   0.000000e+00   0.000000e+00
    348   1.982728e+01   2.409583e-01   1.129128e+00   0.000000e+00   0.000000e+00
    349   1.987416e+01   2.420759e-01   1.126767e+00   0.000000e+00   0.000000e+00
    350   1.992103e+01   2.431965e-01   1.124420e+00   0.000000e+00   0.000000e+00
    351   1.996791e+01   2.443198e-01   1.122086e+00   0.000000e+00   0.000000e+00
    352   2.001478e+01   2.454460e-01   1.119765e+00   0.000000e+00   0.000000e+00
    353   2.006166e+01   2.465751e-01   1.117457e+00   0.000000e+00   0.000000e+00
    354   2.010853e+01   2.477070e-01   1.115161e+00   0.000000e+00   0.000000e+00
    355   2.015541e+01   2.488418e-01   1.112879e+00   0.000000e+00   0.000000e+00
    356   2.020228e+01   2.499794e-01   1.110610e+00   0.000000e+00   0.000000e+00
    357   2.024916e+01   2.511199e-01   1.108354e+00   0.000000e+00   0.000000e+00
    358   2.029603e+01   2.522633e-01   1.106110e+00   0.000000e+00   0.000000e+00
    359   2.034291e+01   2.534096e-01   1.103879e+00   0.000000e+00   0.000000e+00
    360   2.038978e+01   2.545587e-01   1.101660e+00   0.000000e+00   0.000000e+00
    361   2.043666e+01   2.557108e-01   1.099454e+00   0.000000e+00   0.000000e+00
    362   2.048353e+01   2.568657e-01   1.097261e+00   0.000000e+00   0.000000e+00
    363   2.053041e+01   2.580235e-01   1.095080e+00   0.000000e+00   0.000000e+00
    364   2.057728e+01   2.591843e-01   1.092911e+00   0.000000e+00   0.000000e+00
    365   2.062416e+01   2.603479e-01   1.090755e+00   0.000000e+00   0.000000e+00
    366   2.067103e+01   2.615145e-01   1.088611e+00   0.000000e+00   0.000000e+00
    367   2.071791e+01   2.626840e-01   1.086479e+00   0.000000e+00   0.000000e+00
    368   2.076478e+01   2.638564e-01   1.084360e+00   0.000000e+00   0.000000e+00
    369   2.081166e+01   2.650317e-01   1.082252e+00   0.000000e+00   0.000000e+00
    370   2.085853e+01   2.662100e-01   1.080157e+00   0.000000e+00   0.000000e+00
    371   2.090541e+01   2.673913e-01   1.078073e+00   0.000000e+00   0.000000e+00
    372   2.095228e+01   2.685755e-01   1.076002e+00   0.000000e+00   0.000000e+00
    373   2.099916e+01   2.697626e-01   1.073942e+00   0.000000e+00   0.000000e+00
    374   2.104603e+01   2.709527e-01   1.071895e+00   0.000000e+00   0.000000e+00
    375   2.109291e+01   2.721458e-01   1.069859e+00   0.000000e+00   0.000000e+00
    376   2.113978e+01   2.733419e-01   1.067834e+00   0.000000e+00   0.000000e+00
    377   2.118666e+01   2.745409e-01   1.065822e+00   0.000000e+00   0.000000e+00
    378   2.123353e+01   2.757430e-01   1.063821e+00   0.000000e+00   0.000000e+00
    379   2.128041e+01   2.769480e-01   1.061832e+00   0.000000e+00   0.000000e+00
    380   2.132728e+01   2.781560e-01   1.059854e+00   0.000000e+00   0.000000e+00
    381   2.137416e+01   2.793671e-01   1.057888e+00   0.000000e+00   0.000000e+00
    382   2.142103e+01   2.805811e-01   1.055933e+00   0.000000e+00   0.000000e+00
    383   2.146791e+01   2.817982e-01   1.053990e+00   0.000000e+00   0.000000e+00
    384   2.151478e+01   2.830183e-01   1.052058e+00   0.000000e+00   0.000000e+00
    385   2.156166e+01   2.842415e-01   1.050137e+00   0.000000e+00   0.000000e+00
    386   2.160853e+01   2.854677e-01   1.048228e+00   0.000000e+00   0.000000e+00
    387   2.165541e+01   2.866969e-01   1.046330e+00   0.000000e+00   0.000000e+00
    388   2.170228e+01   2.879292e-01   1.044443e+00   0.000000e+00   0.000000e+00
    389   2.174916e+01   2.891646e-01   1.042567e+00   0.000000e+00   0.000000e+00
    390   2.179603e+01   2.904030e-01   1.040702e+00   0.000000e+00   0.000000e+00
    391   2.184291e+01   2.916445e-01   1.038849e+00   0.000000e+00   0.000000e+00
    392   2.188978e+01   2.928891e-01   1.037006e+00   0.000000e+00   0.000000e+00
    393   2.193666e+01   2.941368e-01   1.035175e+00   0.000000e+00   0.000000e+00
    394   2.198353e+01   2.953876e-01   1.033354e+00   0.000000e+00   0.000000e+00
    395   2.203041e+01   2.966415e-01   1.031544e+00   0.000000e+00   0.000000e+00
    396   2.207728e+01   2.978986e-01   1.029745e+00   0.000000e+00   0.000000e+00
    397   2.212416e+01   2.991587e-01   1.027957e+00   0.000000e+00   0.000000e+00
    398   2.217103e+01   3.004220e-01   1.026180e+00   0.000000e+00   0.000000e+00
    399   2.221791e+01   3.016884e-01   1.024414e+00   0.000000e+00   0.000000e+00
    400   2.226478e+01   3.029580e-01   1.022658e+00   0.000000e+00   0.000000e+00
    401   2.231166e+01   3.042307e-01   1.020913e+00   0.000000e+00   0.000000e+00
    402   2.235853e+01   3.055066e-01   1.019179e+00   0.000000e+00   0.000000e+00
    403   2.240541e+01   3.067857e-01   1.017455e+00   0.000000e+00   0.000000e+00
    404   2.245228e+01   3.080680e-01   1.015742e+00   0.000000e+00   0.000000e+00
    405   2.249916e+01   3.093534e-01   1.014039e+00   0.000000e+00   0.000000e+00
    406   2.254603e+01   3.106421e-01   1.012347e+00   0.000000e+00   0.000000e+00
    407   2.259291e+01   3.119339e-01   1.010666e+00   0.000000e+00   0.000000e+00
    408   2.263978e+01   3.132290e-01   1.008995e+00   0.000000e+00   0.000000e+00
    409   2.268666e+01   3.145273e-01   1.007334e+00   0.000000e+00   0.000000e+00
    410   2.273353e+01   3.158288e-01   1.005684e+00   0.000000e+00   0.000000e+00
    411   2.278041e+01   3.171336e-01   1.004044e+00   0.000000e+00   0.000000e+00
    412   2.282728e+01   3.184417e-01   1.002414e+00   0.000000e+00   0.000000e+00
    413   2.287416e+01   3.197530e-01   1.000795e+00   0.000000e+00   0.000000e+00
    414   2.292103e+01   3.210676e-01   9.991857e-01   0.000000e+00   0.000000e+00
    415   2.296791e+01   3.223854e-01   9.975869e-01   0.000000e+00   0.000000e+00
    416   2.301478e+01   3.237066e-01   9.959984e-01   0.000000e+00   0.000000e+00
    417   2.306166e+01   3.250310e-01   9.944200e-01   0.000000e+00   0.000000e+00
    418   2.310853e+01   3.263588e-01   9.928518e-01   0.000000e+00   0.000000e+00
    419   2.315541e+01   3.276899e-01   9.912937e-01   0.000000e+00   0.000000e+00
    420   2.320228e+01   3.290243e-01   9.897458e-01   0.000000e+00   0.000000e+00
    421   2.324916e+01   3.303621e-01   9.882079e-01   0.000000e+00   0.000000e+00
    422   2.329603e+01   3.317032e-01   9.866801e-01   0.000000e+00   0.000000e+00
    423   2.334291e+01   3.330477e-01   9.851623e-01   0.000000e+00   0.000000e+00
    424   2.338978e+01   3.343955e-01   9.836545e-01   0.000000e+00   0.000000e+00
    425   2.343666e+01   3.357468e-01   9.821567e-01   0.000000e+00   0.000000e+00
    426   2.348353e+01   3.371014e-01   9.806689e-01   0.000000e+00   0.000000e+00
    427   2.353041e+01   3.384595e-01   9.791910e-01   0.000000e+00   0.000000e+00
    428   2.357728e+01   3.398209e-01   9.777230e-01   0.000000e+00   0.000000e+00
    429   2.362416e+01   3.411858e-01   9.762648e-01   0.000000e+00   0.000000e+00
    430   2.367103e+01   3.425541e-01   9.748166e-01   0.000000e+00   0.000000e+00
    431   2.371791e+01   3.439259e-01   9.733782e-01   0.000000e+00   0.000000e+00
    432   2.376478e+01   3.453012e-01   9.719496e-01   0.000000e+00   0.000000e+00
    433   2.381166e+01   3.466799e-01   9.705309e-01   0.000000e+00   0.000000e+00
    434   2.385853e+01   3.480621e-01   9.691219e-01   0.000000e+00   0.000000e+00
    435   2.390541e+01   3.494478e-01   9.677227e-01   0.000000e+00   0.000000e+00
    436   2.395228e+01   3.508370e-01   9.663332e-01   0.000000e+00   0.000000e+00
    437   2.399916e+01   3.522297e-01   9.649534e-01   0.000000e+00   0.000000e+00
    438   2.404603e+01   3.536260e-01   9.635834e-01   0.000000e+00   0.000000e+00
    439   2.409291e+01   3.550258e-01   9.622230e-01   0.000000e+00   0.000000e+00
    440   2.413978e+01   3.564292e-01   9.608723e-01   0.000000e+00   0.000000e+00
    441   2.418666e+01   3.578361e-01   9.595312e-01   0.000000e+00   0.000000e+00
    442   2.423353e+01   3.592466e-01   9.581998e-01   0.000000e+00   0.000000e+00
    443   2.428041e+01   3.606607e-01   9.568780e-01   0.000000e+00   0.000000e+00
    444   2.432728e+01   3.620785e-01   9.555658e-01   0.000000e+00   0.000000e+00
    445   2.437416e+01   3.634998e-01   9.542632e-01   0.000000e+00   0.000000e+00
    446   2.442103e+01   3.649248e-01   9.529702e-01   0.000000e+00   0.000000e+00
    447   2.446791e+01   3.663535e-01   9.516867e-01   0.000000e+00   0.000000e+00
    448   2.451478e+01   3.677858e-01   9.504127e-01   0.000000e+00   0.000000e+00
    449   2.456166e+01   3.692218e-01   9.491483e-01   0.000000e+00   0.000000e+00
    450   2.460853e+01   3.706614e-01   9.478933e-01   0.000000e+00   0.000000e+00
    451   2.465541e+01   3.721048e-01   9.466479e-01   0.000000e+00   0.000000e+00
    452   2.470228e+01   3.735519e-01   9.454119e-01   0.000000e+00   0.000000e+00
    453   2.474916e+01   3.750027e-01   9.441855e-01   0.000000e+00   0.000000e+00
    454   2.479603e+01   3.764573e-01   9.429684e-01   0.000000e+00   0.000000e+00
    455   2.484291e+01   3.779157e-01   9.417608e-01   0.000000e+00   0.000000e+00
    456   2.488978e+01   3.793778e-01   9.405627e-01   0.000000e+00   0.000000e+00
    457   2.493666e+01   3.808437e-01   9.393740e-01   0.000000e+00   0.000000e+00
    458   2.498353e+01   3.823134e-01   9.381946e-01   0.000000e+00   0.000000e+00
    459   2.503041e+01   3.837870e-01   9.370247e-01   0.000000e+00   0.000000e+00
    460   2.507728e+01   3.852643e-01   9.358642e-01   0.000000e+00   0.000000e+00
    461   2.512416e+01   3.867456e-01   9.347130e-01   0.000000e+00   0.000000e+00
    462   2.517103e+01   3.882307e-01   9.335712e-01   0.000000e+00   0.000000e+00
    463   2.521791e+01   3.897196e-01   9.324388e-01   0.000000e+00   0.000000e+00
    464   2.526478e+01   3.912125e-01   9.313157e-01   0.000000e+00   0.000000e+00
    465   2.531166e+01   3.927093e-01   9.302020e-01   0.000000e+00   0.000000e+00
    466   2.535853e+01   3.942101e-01   9.290976e-01   0.000000e+00   0.000000e+00
    467   2.540541e+01   3.957147e-01   9.280025e-01   0.000000e+00   0.000000e+00
    468   2.545228e+01   3.972234e-01   9.269167e-01   0.000000e+00   0.000000e+00
    469   2.549916e+01   3.987360e-01   9.258403e-01   0.000000e+00   0.000000e+00
    470   2.554603e+01   4.002527e-01   9.247731e-01   0.000000e+00   0.000000e+00
    471   2.559291e+01   4.017733e-01   9.237153e-01   0.000000e+00   0.000000e+00
    472   2.563978e+01   4.032980e-01   9.226667e-01   0.000000e+00   0.000000e+00
    473   2.568666e+01   4.048267e-01   9.216275e-01   0.000000e+00   0.000000e+00
    474   2.573353e+01   4.063595e-01   9.205975e-01   0.000000e+00   0.000000e+00
    475   2.578041e+01   4.078964e-01   9.195768e-01   0.000000e+00   0.000000e+00
    476   2.582728e+01   4.094374e-01   9.185654e-01   0.000000e+00   0.000000e+00
    477   2.587416e+01   4.109826e-01   9.175632e-01   0.000000e+00   0.000000e+00
    478   2.592103e+01   4.125318e-01   9.165703e-01   0.000000e+00   0.000000e+00
    479   2.596791e+01   4.140853e-01   9.155866e-01   0.000000e+00   0.000000e+00
    480   2.601478e+01   4.156429e-01   9.146123e-01   0.000000e+00   0.000000e+00
    481   2.606166e+01   4.172047e-01   9.136471e-01   0.000000e+00   0.000000e+00
    482   2.610853e+01   4.187707e-01   9.126913e-01   0.000000e+00   0.000000e+00
    483   2.615541e+01   4.203410e-01   9.117447e-01   0.000000e+00   0.000000e+00
    484   2.620228e+01   4.219155e-01   9.108073e-01   0.000000e+00   0.000000e+00
    485   2.624916e+01   4.234943e-01   9.098792e-01   0.000000e+00   0.000000e+00
    486   2.629603e+01   4.250774e-01   9.089603e-01   0.000000e+00   0.000000e+00
    487   2.634291e+01   4.266648e-01   9.080507e-01   0.000000e+00   0.000000e+00
    488   2.638978e+01   4.282565e-01   9.071503e-01   0.000000e+00   0.000000e+00
    489   2.643666e+01   4.298526e-01   9.062591e-01   0.000000e+00   0.000000e+00
    490   2.648353e+01   4.314531e-01   9.053773e-01   0.000000e+00   0.000000e+00
    491   2.653041e+01   4.330580e-01   9.045046e-01   0.000000e+00   0.000000e+00
    492   2.657728e+01   4.346673e-01   9.036412e-01   0.000000e+00   0.000000e+00
    493   2.662416e+01   4.362811e-01   9.027871e-01   0.000000e+00   0.000000e+00
    494   2.667103e+01   4.378993e-01   9.019422e-01   0.000000e+00   0.000000e+00
    495   2.671791e+01   4.395220e-01   9.011066e-01   0.000000e+00   0.000000e+00
    496   2.676478e+01   4.411492e-01   9.002802e-01   0.000000e+00   0.000000e+00
    497   2.681166e+01   4.427810e-01   8.994631e-01   0.000000e+00   0.000000e+00
    498   2.685853e+01   4.444173e-01   8.986553e-01   0.000000e+00   0.000000e+00
    499   2.690541e+01   4.460582e-01   8.978567e-01   0.000000e+00   0.000000e+00
    500   2.695228e+01   4.477036e-01   8.970674e-01   0.000000e+00   0.000000e+00
    501   2.699916e+01   4.493537e-01   8.962873e-01   0.000000e+00   0.000000e+00
    502   2.704603e+01   4.510085e-01   8.955166e-01   0.000000e+00   0.000000e+00
    503   2.709291e+01   4.526679e-01   8.947551e-01   0.000000e+00   0.000000e+00
    504   2.713978e+01   4.543320e-01   8.940030e-01   0.000000e+00   0.000000e+00
    505   2.718666e+01   4.560008e-01   8.932601e-01   0.000000e+00   0.000000e+00
    506   2.723353e+01   4.576744e-01   8.925266e-01   0.000000e+00   0.000000e+00
    507   2.728041e+01   4.593528e-01   8.918023e-01   0.000000e+00   0.000000e+00
    508   2.732728e+01   4.610359e-01   8.910874e-01   0.000000e+00   0.000000e+00
    509   2.737416e+01   4.627239e-01   8.903818e-01   0.000000e+00   0.000000e+00
    510   2.742103e+01   4.644167e-01   8.896855e-01   0.000000e+00   0.000000e+00
    511   2.746791e+01   4.661143e-01   8.889986e-01   0.000000e+00   0.000000e+00
    512   2.751478e+01   4.678169e-01   8.883210e-01   0.000000e+00   0.000000e+00
    513   2.756166e+01   4.695244e-01   8.876528e-01   0.000000e+00   0.000000e+00
    514   2.760853e+01   4.712368e-01   8.869939e-01   0.000000e+00   0.000000e+00
    515   2.765541e+01   4.729543e-01   8.863445e-01   0.000000e+00   0.000000e+00
    516   2.770228e+01   4.746767e-01   8.857044e-01   0.000000e+00   0.000000e+00
    517   2.774916e+01   4.764041e-01   8.850737e-01   0.000000e+00   0.000000e+00
    518   2.779603e+01   4.781366e-01   8.844524e-01   0.000000e+00   0.000000e+00
    519   2.784291e+01   4.798742e-01   8.838406e-01   0.000000e+00   0.000000e+00
    520   2.788978e+01   4.816169e-01   8.832381e-01   0.000000e+00   0.000000e+00
    521   2.793666e+01   4.833648e-01   8.826452e-01   0.000000e+00   0.000000e+00
    522   2.798353e+01   4.851178e-01   8.820616e-01   0.000000e+00   0.000000e+00
    523   2.803041e+01   4.868761e-01   8.814876e-01   0.000000e+00   0.000000e+00
    524   2.807728e+01   4.886395e-01   8.809230e-01   0.000000e+00   0.000000e+00
    525   2.812416e+01   4.904082e-01   8.803679e-01   0.000000e+00   0.000000e+00
    526   2.817103e+01   4.921822e-01   8.798224e-01   0.000000e+00   0.000000e+00
    527   2.821791e+01   4.939616e-01   8.792863e-01   0.000000e+00   0.000000e+00
    528   2.826478e+01   4.957463e-01   8.787598e-01   0.000000e+00   0.000000e+00
    529   2.831166e+01   4.975363e-01   8.782429e-01   0.000000e+00   0.000000e+00
    530   2.835853e+01   4.993318e-01   8.777355e-01   0.000000e+00   0.000000e+00
    531   2.840541e+01   5.011327e-01   8.772377e-01   0.000000e+00   0.000000e+00
    532   2.845228e+01   5.029391e-01   8.767495e-01   0.000000e+00   0.000000e+00
    533   2.849916e+01   5.047511e-01   8.762709e-01   0.000000e+00   0.000000e+00
    534   2.854603e+01   5.065685e-01   8.758019e-01   0.000000e+00   0.000000e+00
    535   2.859291e+01   5.083916e-01   8.753426e-01   0.000000e+00   0.000000e+00
    536   2.863978e+01   5.102202e-01   8.748930e-01   0.000000e+00   0.000000e+00
    537   2.868666e+01   5.120545e-01   8.744530e-01   0.000000e+00   0.000000e+00
    538   2.873353e+01   5.138945e-01   8.740228e-01   0.000000e+00   0.000000e+00
    539   2.878041e+01   5.157401e-01   8.736023e-01   0.000000e+00   0.000000e+00
    540   2.882728e+01   5.175916e-01   8.731915e-01   0.000000e+00   0.000000e+00
    541   2.887416e+01   5.194488e-01   8.727905e-01   0.000000e+00   0.000000e+00
    542   2.892103e+01   5.213118e-01   8.723992e-01   0.000000e+00   0.000000e+00
    543   2.896791e+01   5.231807e-01   8.720178e-01   0.000000e+00   0.000000e+00
    544   2.901478e+01   5.250554e-01   8.716462e-01   0.000000e+00   0.000000e+00
    545   2.906166e+01   5.269361e-01   8.712844e-01   0.000000e+00   0.000000e+00
    546   2.910853e+01   5.288228e-01   8.709326e-01   0.000000e+00   0.000000e+00
    547   2.915541e+01   5.307154e-01   8.705906e-01   0.000000e+00   0.000000e+00
    548   2.920228e+01   5.326141e-01   8.702585e-01   0.000000e+00   0.000000e+00
    549   2.924916e+01   5.345188e-01   8.699363e-01   0.000000e+00   0.000000e+00
    550   2.929603e+01   5.364297e-01   8.696241e-01   0.000000e+00   0.000000e+00
    551   2.934291e+01   5.383467e-01   8.693219e-01   0.000000e+00   0.000000e+00
    552   2.938978e+01   5.402700e-01   8.690297e-01   0.000000e+00   0.000000e+00
    553   2.943666e+01   5.421994e-01   8.687475e-01   0.000000e+00   0.000000e+00
    554   2.948353e+01   5.441351e-01   8.684754e-01   0.000000e+00   0.000000e+00
    555   2.953041e+01   5.460772e-01   8.682134e-01   0.000000e+00   0.000000e+00
    556   2.957728e+01   5.480256e-01   8.679615e-01   0.000000e+00   0.000000e+00
    557   2.962416e+01   5.499804e-01   8.677197e-01   0.000000e+00   0.000000e+00
    558   2.967103e+01   5.519416e-01   8.674881e-01   0.000000e+00   0.000000e+00
    559   2.971791e+01   5.539093e-01   8.672666e-01   0.000000e+00   0.000000e+00
    560   2.976478e+01   5.558835e-01   8.670554e-01   0.000000e+00   0.000000e+00
    561   2.981166e+01   5.578643e-01   8.668545e-01   0.000000e+00   0.000000e+00
    562   2.985853e+01   5.598517e-01   8.666638e-01   0.000000e+00   0.000000e+00
    563   2.990541e+01   5.618457e-01   8.664834e-01   0.000000e+00   0.000000e+00
    564   2.995228e+01   5.638465e-01   8.663134e-01   0.000000e+00   0.000000e+00
    565   2.999916e+01   5.658540e-01   8.661537e-01   0.000000e+00   0.000000e+00
    566   3.004603e+01   5.678682e-01   8.660044e-01   0.000000e+00   0.000000e+00
    567   3.009291e+01   5.698893e-01   8.658656e-01   0.000000e+00   0.000000e+00
    568   3.013978e+01   5.719173e-01   8.657372e-01   0.000000e+00   0.000000e+00
    569   3.018666e+01   5.739522e-01   8.656193e-01   0.000000e+00   0.000000e+00
    570   3.023353e+01   5.759941e-01   8.655119e-01   0.000000e+00   0.000000e+00
    571   3.028041e+01   5.780430e-01   8.654151e-01   0.000000e+00   0.000000e+00
    572   3.032728e+01   5.800990e-01   8.653289e-01   0.000000e+00   0.000000e+00
    573   3.037416e+01   5.821621e-01   8.652533e-01   0.000000e+00   0.000000e+00
    574   3.042103e+01   5.842324e-01   8.651883e-01   0.000000e+00   0.000000e+00
    575   3.046791e+01   5.863099e-01   8.651341e-01   0.000000e+00   0.000000e+00
    576   3.051478e+01   5.883946e-01   8.650906e-01   0.000000e+00   0.000000e+00
    577   3.056166e+01   5.904867e-01   8.650579e-01   0.000000e+00   0.000000e+00
    578   3.060853e+01   5.925861e-01   8.650360e-01   0.000000e+00   0.000000e+00
    579   3.065541e+01   5.946930e-01   8.650249e-01   0.000000e+00   0.000000e+00
    580   3.070228e+01   5.968074e-01   8.650247e-01   0.000000e+00   0.000000e+00
    581   3.074916e+01   5.989292e-01   8.650354e-01   0.000000e+00   0.000000e+00
    582   3.079603e+01   6.010587e-01   8.650571e-01   0.000000e+00   0.000000e+00
    583   3.084291e+01   6.031958e-01   8.650898e-01   0.000000e+00   0.000000e+00
    584   3.088978e+01   6.053406e-01   8.651336e-01   0.000000e+00   0.000000e+00
    585   3.093666e+01   6.074932e-01   8.651884e-01   0.000000e+00   0.000000e+00
    586   3.098353e+01   6.096535e-01   8.652543e-01   0.000000e+00   0.000000e+00
    587   3.103041e+01   6.118217e-01   8.653314e-01   0.000000e+00   0.000000e+00
    588   3.107728e+01   6.139978e-01   8.654197e-01   0.000000e+00   0.000000e+00
    589   3.112416e+01   6.161820e-01   8.655193e-01   0.000000e+00   0.000000e+00
    590   3.117103e+01   6.183741e-01   8.656301e-01   0.000000e+00   0.000000e+00
    591   3.121791e+01   6.205743e-01   8.657523e-01   0.000000e+00   0.000000e+00
    592   3.126478e+01   6.227827e-01   8.658859e-01   0.000000e+00   0.000000e+00
    593   3.131166e+01   6.249994e-01   8.660309e-01   0.000000e+00   0.000000e+00
    594   3.135853e+01   6.272242e-01   8.661874e-01   0.000000e+00   0.000000e+00
    595   3.140541e+01   6.294575e-01   8.663554e-01   0.000000e+00   0.000000e+00
    596   3.145228e+01   6.316991e-01   8.665350e-01   0.000000e+00   0.000000e+00
    597   3.149916e+01   6.339492e-01   8.667262e-01   0.000000e+00   0.000000e+00
    598   3.154603e+01   6.362078e-01   8.669291e-01   0.000000e+00   0.000000e+00
    599   3.159291e+01   6.384750e-01   8.671436e-01   0.000000e+00   0.000000e+00
    600   3.163978e+01   6.407509e-01   8.673700e-01   0.000000e+00   0.000000e+00
    601   3.168666e+01   6.430355e-01   8.676082e-01   0.000000e+00   0.000000e+00
    602   3.173353e+01   6.453289e-01   8.678582e-01   0.000000e+00   0.000000e+00
    603   3.178041e+01   6.476312e-01   8.681201e-01   0.000000e+00   0.000000e+00
    604   3.182728e+01   6.499424e-01   8.683941e-01   0.000000e+00   0.000000e+00
    605   3.187416e+01   6.522625e-01   8.686800e-01   0.000000e+00   0.000000e+00
    606   3.192103e+01   6.545918e-01   8.689781e-01   0.000000e+00   0.000000e+00
    607   3.196791e+01   6.569302e-01   8.692882e-01   0.000000e+00   0.000000e+00
    608   3.201478e+01   6.592778e-01   8.696106e-01   0.000000e+00   0.000000e+00
    609   3.206166e+01   6.616346e-01   8.699452e-01   0.000000e+00   0.000000e+00
    610   3.210853e+01   6.640009e-01   8.702921e-01   0.000000e+00   0.000000e+00
    611   3.215541e+01   6.663765e-01   8.706514e-01   0.000000e+00   0.000000e+00
    612   3.220228e+01   6.687617e-01   8.710231e-01   0.000000e+00   0.000000e+00
    613   3.224916e+01   6.711564e-01   8.714073e-01   0.000000e+00   0.000000e+00
    614   3.229603e+01   6.735608e-01   8.718040e-01   0.000000e+00   0.000000e+00
    615   3.234291e+01   6.759749e-01   8.722133e-01   0.000000e+00   0.000000e+00
    616   3.238978e+01   6.783989e-01   8.726353e-01   0.000000e+00   0.000000e+00
    617   3.243666e+01   6.808327e-01   8.730700e-01   0.000000e+00   0.000000e+00
    618   3.248353e+01   6.832765e-01   8.735175e-01   0.000000e+00   0.000000e+00
    619   3.253041e+01   6.857303e-01   8.739779e-01   0.000000e+00   0.000000e+00
    620   3.257728e+01   6.881943e-01   8.744511e-01   0.000000e+00   0.000000e+00
    621   3.262416e+01   6.906685e-01   8.749374e-01   0.000000e+00   0.000000e+00
    622   3.267103e+01   6.931529e-01   8.754367e-01   0.000000e+00   0.000000e+00
    623   3.271791e+01   6.956478e-01   8.759491e-01   0.000000e+00   0.000000e+00
    624   3.276478e+01   6.981531e-01   8.764747e-01   0.000000e+00   0.000000e+00
    625   3.281166e+01   7.006690e-01   8.770135e-01   0.000000e+00   0.000000e+00
    626   3.285853e+01   7.031955e-01   8.775657e-01   0.000000e+00   0.000000e+00
    627   3.290541e+01   7.057328e-01   8.781313e-01   0.000000e+00   0.000000e+00
    628   3.295228e+01   7.082808e-01   8.787103e-01   0.000000e+00   0.000000e+00
    629   3.299916e+01   7.108398e-01   8.793029e-01   0.000000e+00   0.000000e+00
    630   3.304603e+01   7.134098e-01   8.799091e-01   0.000000e+00   0.000000e+00
    631   3.309291e+01   7.159908e-01   8.805289e-01   0.000000e+00   0.000000e+00
    632   3.313978e+01   7.185831e-01   8.811626e-01   0.000000e+00   0.000000e+00
    633   3.318666e+01   7.211866e-01   8.818100e-01   0.000000e+00   0.000000e+00
    634   3.323353e+01   7.238015e-01   8.824714e-01   0.000000e+00   0.000000e+00
    635   3.328041e+01   7.264279e-01   8.831468e-01   0.000000e+00   0.000000e+00
    636   3.332728e+01   7.290658e-01   8.838363e-01   0.000000e+00   0.000000e+00
    637   3.337416e+01   7.317155e-01   8.845399e-01   0.000000e+00   0.000000e+00
    638   3.342103e+01   7.343769e-01   8.852577e-01   0.000000e+00   0.000000e+00
    639   3.346791e+01   7.370501e-01   8.859899e-01   0.000000e+00   0.000000e+00
    640   3.351478e+01   7.397354e-01   8.867364e-01   0.000000e+00   0.000000e+00
    641   3.356166e+01   7.424327e-01   8.874974e-01   0.000000e+00   0.000000e+00
    642   3.360853e+01   7.451422e-01   8.882731e-01   0.000000e+00   0.000000e+00
    643   3.365541e+01   7.478640e-01   8.890633e-01   0.000000e+00   0.000000e+00
    644   3.370228e+01   7.505982e-01   8.898683e-01   0.000000e+00   0.000000e+00
    645   3.374916e+01   7.533449e-01   8.906882e-01   0.000000e+00   0.000000e+00
    646   3.379603e+01   7.561042e-01   8.915229e-01   0.000000e+00   0.000000e+00
    647   3.384291e+01   7.588762e-01   8.923727e-01   0.000000e+00   0.000000e+00
    648   3.388978e+01   7.616611e-01   8.932376e-01   0.000000e+00   0.000000e+00
    649   3.393666e+01   7.644590e-01   8.941177e-01   0.000000e+00   0.000000e+00
    650   3.398353e+01   7.672699e-01   8.950130e-01   0.000000e+00   0.000000e+00
    651   3.403041e+01   7.700940e-01   8.959238e-01   0.000000e+00   0.000000e+00
    652   3.407728e+01   7.729314e-01   8.968501e-01   0.000000e+00   0.000000e+00
    653   3.412416e+01   7.757822e-01   8.977919e-01   0.000000e+00   0.000000e+00
    654   3.417103e+01   7.786466e-01   8.987494e-01   0.000000e+00   0.000000e+00
    655   3.421791e+01   7.815247e-01   8.997227e-01   0.000000e+00   0.000000e+00
    656   3.426478e+01   7.844165e-01   9.007119e-01   0.000000e+00   0.000000e+00
    657   3.431166e+01   7.873223e-01   9.017171e-01   0.000000e+00   0.000000e+00
    658   3.435853e+01   7.902422e-01   9.027384e-01   0.000000e+00   0.000000e+00
    659   3.440541e+01   7.931762e-01   9.037758e-01   0.000000e+00   0.000000e+00
    660   3.445228e+01   7.961245e-01   9.048296e-01   0.000000e+00   0.000000e+00
    661   3.449916e+01   7.990872e-01   9.058998e-01   0.000000e+00   0.000000e+00
    662   3.454603e+01   8.020646e-01   9.069865e-01   0.000000e+00   0.000000e+00
    663   3.459291e+01   8.050566e-01   9.080899e-01   0.000000e+00   0.000000e+00
    664   3.463978e+01   8.080635e-01   9.092100e-01   0.000000e+00   0.000000e+00
    665   3.468666e+01   8.110854e-01   9.103470e-01   0.000000e+00   0.000000e+00
    666   3.473353e+01   8.141224e-01   9.115010e-01   0.000000e+00   0.000000e+00
    667   3.478041e+01   8.171746e-01   9.126720e-01   0.000000e+00   0.000000e+00
    668   3.482728e+01   8.202423e-01   9.138603e-01   0.000000e+00   0.000000e+00
    669   3.487416e+01   8.233256e-01   9.150659e-01   0.000000e+00   0.000000e+00
    670   3.492103e+01   8.264245e-01   9.162890e-01   0.000000e+00   0.000000e+00
    671   3.496791e+01   8.295393e-01   9.175297e-01   0.000000e+00   0.000000e+00
    672   3.501478e+01   8.326701e-01   9.187881e-01   0.000000e+00   0.000000e+00
    673   3.506166e+01   8.358171e-01   9.200643e-01   0.000000e+00   0.000000e+00
    674   3.510853e+01   8.389804e-01   9.213585e-01   0.000000e+00   0.000000e+00
    675   3.515541e+01   8.421602e-01   9.226708e-01   0.000000e+00   0.000000e+00
    676   3.520228e+01   8.453566e-01   9.240013e-01   0.000000e+00   0.000000e+00
    677   3.524916e+01   8.485698e-01   9.253501e-01   0.000000e+00   0.000000e+00
    678   3.529603e+01   8.517999e-01   9.267175e-01   0.000000e+00   0.000000e+00
    679   3.534291e+01   8.550472e-01   9.281035e-01   0.000000e+00   0.000000e+00
    680   3.538978e+01   8.583118e-01   9.295083e-01   0.000000e+00   0.000000e+00
    681   3.543666e+01   8.615938e-01   9.309320e-01   0.000000e+00   0.000000e+00
    682   3.548353e+01   8.648935e-01   9.323747e-01   0.000000e+00   0.000000e+00
    683   3.553041e+01   8.682110e-01   9.338367e-01   0.000000e+00   0.000000e+00
    684   3.557728e+01   8.715465e-01   9.353180e-01   0.000000e+00   0.000000e+00
    685   3.562416e+01   8.749001e-01   9.368188e-01   0.000000e+00   0.000000e+00
    686   3.567103e+01   8.782721e-01   9.383393e-01   0.000000e+00   0.000000e+00
    687   3.571791e+01   8.816626e-01   9.398795e-01   0.000000e+00   0.000000e+00
    688   3.576478e+01   8.850719e-01   9.414397e-01   0.000000e+00   0.000000e+00
    689   3.581166e+01   8.885000e-01   9.430201e-01   0.000000e+00   0.000000e+00
    690   3.585853e+01   8.919473e-01   9.446207e-01   0.000000e+00   0.000000e+00
    691   3.590541e+01   8.954138e-01   9.462417e-01   0.000000e+00   0.000000e+00
    692   3.595228e+01   8.988998e-01   9.478833e-01   0.000000e+00   0.000000e+00
    693   3.599916e+01   9.024055e-01   9.495457e-01   0.000000e+00   0.000000e+00
    694   3.604603e+01   9.059311e-01   9.512291e-01   0.000000e+00   0.000000e+00
    695   3.609291e+01   9.094768e-01   9.529335e-01   0.000000e+00   0.000000e+00
    696   3.613978e+01   9.130428e-01   9.546592e-01   0.000000e+00   0.000000e+00
    697   3.618666e+01   9.166294e-01   9.564064e-01   0.000000e+00   0.000000e+00
    698   3.623353e+01   9.202366e-01   9.581752e-01   0.000000e+00   0.000000e+00
    699   3.628041e+01   9.238648e-01   9.599658e-01   0.000000e+00   0.000000e+00
    700   3.632728e+01   9.275141e-01   9.617784e-01   0.000000e+00   0.000000e+00
    701   3.637416e+01   9.311848e-01   9.636132e-01   0.000000e+00   0.000000e+00
    702   3.642103e+01   9.348772e-01   9.654703e-01   0.000000e+00   0.000000e+00
    703   3.646791e+01   9.385913e-01   9.673500e-01   0.000000e+00   0.000000e+00
    704   3.651478e+01   9.423276e-01   9.692524e-01   0.000000e+00   0.000000e+00
    705   3.656166e+01   9.460861e-01   9.711778e-01   0.000000e+00   0.000000e+00
    706   3.660853e+01   9.498672e-01   9.731263e-01   0.000000e+00   0.000000e+00
    707   3.665541e+01   9.536711e-01   9.750981e-01   0.000000e+00   0.000000e+00
    708   3.670228e+01   9.574979e-01   9.770935e-01   0.000000e+00   0.000000e+00
    709   3.674916e+01   9.613481e-01   9.791127e-01   0.000000e+00   0.000000e+00
    710   3.679603e+01   9.652218e-01   9.811558e-01   0.000000e+00   0.000000e+00
    711   3.684291e+01   9.691192e-01   9.832231e-01   0.000000e+00   0.000000e+00
    712   3.688978e+01   9.730407e-01   9.853148e-01   0.000000e+00   0.000000e+00
    713   3.693666e+01   9.769865e-01   9.874311e-01   0.000000e+00   0.000000e+00
    714   3.698353e+01   9.809569e-01   9.895722e-01   0.000000e+00   0.000000e+00
    715   3.703041e+01   9.849521e-01   9.917384e-01   0.000000e+00   0.000000e+00
    716   3.707728e+01   9.889724e-01   9.939299e-01   0.000000e+00   0.000000e+00
    717   3.712416e+01   9.930182e-01   9.961469e-01   0.000000e+00   0.000000e+00
    718   3.717103e+01   9.970895e-01   9.983896e-01   0.000000e+00   0.000000e+00
    719   3.721791e+01   1.001187e+00   1.000658e+00   0.000000e+00   0.000000e+00
    720   3.726478e+01   1.005310e+00   1.002953e+00   0.000000e+00   0.000000e+00
    721   3.731166e+01   1.009461e+00   1.005275e+00   0.000000e+00   0.000000e+00
    722   3.735853e+01   1.013638e+00   1.007623e+00   0.000000e+00   0.000000e+00
    723   3.740541e+01   1.017842e+00   1.009998e+00   0.000000e+00   0.000000e+00
    724   3.745228e+01   1.022073e+00   1.012401e+00   0.000000e+00   0.000000e+00
    725   3.749916e+01   1.026333e+00   1.014831e+00   0.000000e+00   0.000000e+00
