# power spectrum of velocity
# redshift z=1.796300
# k              Pk             sigma(k)       sigma(Pk)      count
  3.055727e-02   5.010729e-07   4.675553e-03   3.807273e-08   18
  5.341665e-02   5.961846e-07   5.655040e-03   1.962680e-08   62
  7.434527e-02   6.470137e-07   3.912110e-03   1.844776e-08   90
  9.415887e-02   5.431370e-07   6.174130e-03   1.274773e-08   170
  1.147788e-01   4.756515e-07   6.417357e-03   1.038303e-08   246
  1.349136e-01   4.769560e-07   6.117973e-03   1.022006e-08   338
  1.547840e-01   4.124602e-07   5.259740e-03   9.148010e-09   432
  1.752496e-01   3.996666e-07   5.388591e-03   8.400334e-09   578
  1.970923e-01   3.597360e-07   6.441711e-03   7.262996e-09   810
  2.191172e-01   3.138057e-07   6.164249e-03   6.619017e-09   950
  2.395018e-01   3.066518e-07   5.502849e-03   6.446601e-09   1002
  2.598830e-01   2.870359e-07   6.293481e-03   5.534106e-09   1334
  2.805077e-01   2.687552e-07   5.893900e-03   5.279442e-09   1410
  3.001415e-01   2.492847e-07   5.888504e-03   4.701677e-09   1652
  3.206634e-01   2.304794e-07   5.811251e-03   4.271873e-09   1974
  3.417217e-01   2.199607e-07   5.695893e-03   3.911639e-09   2234
  3.628382e-01   2.137800e-07   5.992205e-03   3.634535e-09   2554
  3.842991e-01   1.888685e-07   6.271470e-03   3.119095e-09   2950
  4.053164e-01   1.775608e-07   5.870280e-03   2.938236e-09   3042
  4.257258e-01   1.654254e-07   5.986537e-03   2.696480e-09   3422
  4.459920e-01   1.625840e-07   5.777647e-03   2.550422e-09   3618
  4.663977e-01   1.529360e-07   6.014958e-03   2.303254e-09   4172
  4.871509e-01   1.503343e-07   5.818807e-03   2.246030e-09   4470
  5.080134e-01   1.429080e-07   5.946319e-03   2.024952e-09   4970
  5.289512e-01   1.401432e-07   5.973882e-03   1.881925e-09   5334
  5.499014e-01   1.284173e-07   6.136007e-03   1.641686e-09   5810
  5.706020e-01   1.273933e-07   6.096676e-03   1.586786e-09   6114
  5.914387e-01   1.184521e-07   6.212350e-03   1.404018e-09   6782
  6.117516e-01   1.176965e-07   5.667314e-03   1.417582e-09   6684
  6.318846e-01   1.102813e-07   5.857548e-03   1.274555e-09   7574
  6.527619e-01   1.079347e-07   5.916187e-03   1.180049e-09   8154
  6.735722e-01   1.024166e-07   5.885752e-03   1.082193e-09   8618
  6.947297e-01   9.923357e-08   6.168353e-03   1.001069e-09   9494
  7.156903e-01   9.649148e-08   5.950826e-03   9.754335e-10   9618
  7.363700e-01   9.314103e-08   6.045432e-03   9.117077e-10   10306
  7.571525e-01   8.957197e-08   6.100609e-03   8.439142e-10   10942
  7.778692e-01   8.733615e-08   5.956436e-03   8.052845e-10   11452
  7.985669e-01   8.347557e-08   5.851987e-03   7.553995e-10   12046
  8.190852e-01   7.950342e-08   5.749947e-03   7.083581e-10   12522
  8.398421e-01   7.876708e-08   6.009802e-03   6.827871e-10   13562
  8.607721e-01   7.667821e-08   6.115273e-03   6.474968e-10   14182
  8.817291e-01   7.369148e-08   6.174655e-03   5.961835e-10   14986
  9.023242e-01   7.279839e-08   5.872702e-03   6.037798e-10   14982
  9.228786e-01   6.938465e-08   6.104890e-03   5.390686e-10   16388
  9.435923e-01   6.875341e-08   5.865745e-03   5.352135e-10   16626
  9.641656e-01   6.606425e-08   5.950476e-03   5.097439e-10   17678
  9.849050e-01   6.431262e-08   5.858296e-03   4.726073e-10   18354
  1.005560e+00   6.230720e-08   5.907843e-03   4.526168e-10   19034
  1.026288e+00   6.028578e-08   6.055506e-03   4.239109e-10   20142
  1.047361e+00   5.893974e-08   6.194458e-03   4.057093e-10   21386
  1.068199e+00   5.846303e-08   5.931446e-03   3.980835e-10   21318
  1.088858e+00   5.554491e-08   5.993218e-03   3.766174e-10   22676
  1.109675e+00   5.426561e-08   5.931729e-03   3.485860e-10   23322
  1.130327e+00   5.233303e-08   5.857783e-03   3.390789e-10   24134
  1.151021e+00   5.266021e-08   5.961102e-03   3.337135e-10   25146
  1.171751e+00   5.064084e-08   5.933026e-03   3.137522e-10   26030
  1.192371e+00   4.875242e-08   5.965685e-03   2.967767e-10   26674
  1.213218e+00   4.874150e-08   6.132824e-03   2.858348e-10   28570
  1.233909e+00   4.685057e-08   5.927042e-03   2.748170e-10   28224
  1.254671e+00   4.569604e-08   6.129052e-03   2.619410e-10   30626
  1.275440e+00   4.425917e-08   5.735857e-03   2.520437e-10   30158
  1.295885e+00   4.352584e-08   5.877782e-03   2.424809e-10   31674
  1.316679e+00   4.207087e-08   6.072868e-03   2.284023e-10   33306
  1.337368e+00   4.135572e-08   5.882611e-03   2.268915e-10   33422
  1.358043e+00   4.017971e-08   6.036511e-03   2.120808e-10   35298
  1.379037e+00   3.980803e-08   6.039578e-03   2.067591e-10   36650
  1.399851e+00   3.860477e-08   5.982483e-03   1.984972e-10   36992
  1.420647e+00   3.762747e-08   6.036908e-03   1.901487e-10   38730
  1.441452e+00   3.665877e-08   5.888940e-03   1.811671e-10   39246
  1.462129e+00   3.599712e-08   5.983017e-03   1.762965e-10   40466
  1.482704e+00   3.462199e-08   5.833226e-03   1.684329e-10   41170
  1.503437e+00   3.461229e-08   6.086966e-03   1.658267e-10   43534
  1.524223e+00   3.298171e-08   5.862400e-03   1.568865e-10   43650
  1.544837e+00   3.268755e-08   5.934423e-03   1.521379e-10   45272
  1.565723e+00   3.194365e-08   6.039898e-03   1.452545e-10   47098
  1.586565e+00   3.111842e-08   5.935805e-03   1.421500e-10   47746
  1.607253e+00   3.093593e-08   5.972617e-03   1.379237e-10   48870
  1.627839e+00   2.983538e-08   5.826832e-03   1.323789e-10   49682
  1.648381e+00   2.898697e-08   5.863695e-03   1.272235e-10   51222
  1.669152e+00   2.855310e-08   6.077484e-03   1.220221e-10   53378
  1.689858e+00   2.774989e-08   5.840491e-03   1.174879e-10   53634
  1.710744e+00   2.725062e-08   6.148870e-03   1.129695e-10   56888
  1.731685e+00   2.696768e-08   5.927725e-03   1.110157e-10   56650
  1.752473e+00   2.630128e-08   6.059540e-03   1.074320e-10   58786
  1.773212e+00   2.556276e-08   5.895548e-03   1.036680e-10   59214
  1.793888e+00   2.507471e-08   6.104720e-03   9.764941e-11   61250
  1.814521e+00   2.450863e-08   5.925072e-03   9.687639e-11   61686
  1.835084e+00   2.426268e-08   5.944736e-03   9.372906e-11   63626
  1.855898e+00   2.338063e-08   6.055430e-03   8.848943e-11   66204
  1.876801e+00   2.307732e-08   6.069910e-03   8.720959e-11   67094
  1.897511e+00   2.261986e-08   5.934899e-03   8.424405e-11   67890
  1.918254e+00   2.200251e-08   5.898216e-03   8.050138e-11   70334
  1.938972e+00   2.151599e-08   5.803537e-03   7.841913e-11   70626
  1.959535e+00   2.122042e-08   6.044272e-03   7.587697e-11   72554
  1.980239e+00   2.066271e-08   6.064389e-03   7.368400e-11   74550
  2.000951e+00   2.032153e-08   5.948649e-03   7.157823e-11   75674
  2.021650e+00   1.993309e-08   5.907821e-03   6.892039e-11   77564
  2.042602e+00   1.944984e-08   6.075965e-03   6.629526e-11   80766
  2.063458e+00   1.901756e-08   5.858560e-03   6.505958e-11   80202
  2.084200e+00   1.870382e-08   5.948192e-03   6.231743e-11   83102
  2.104993e+00   1.843003e-08   5.974689e-03   6.088486e-11   83890
  2.125679e+00   1.783872e-08   6.005196e-03   5.859776e-11   85522
  2.146286e+00   1.753058e-08   5.826710e-03   5.678586e-11   86670
  2.166974e+00   1.734217e-08   5.920386e-03   5.576790e-11   89588
  2.187800e+00   1.695249e-08   6.076822e-03   5.345501e-11   91038
  2.208563e+00   1.667420e-08   5.932214e-03   5.190358e-11   92522
  2.229278e+00   1.629385e-08   5.871929e-03   5.045911e-11   94242
  2.250164e+00   1.589846e-08   6.089717e-03   4.873946e-11   97550
  2.270871e+00   1.564551e-08   6.117405e-03   4.787031e-11   96250
  2.291387e+00   1.536383e-08   6.027949e-03   4.635289e-11   99166
  2.312019e+00   1.510213e-08   5.835956e-03   4.460085e-11   100932
  2.332807e+00   1.480666e-08   6.107847e-03   4.307088e-11   104306
  2.353631e+00   1.450029e-08   6.050598e-03   4.188889e-11   104990
  2.374435e+00   1.424856e-08   5.842712e-03   4.069350e-11   107874
  2.395225e+00   1.399431e-08   5.528752e-03   3.975563e-11   108322
  2.415953e+00   1.365195e-08   5.388039e-03   3.808667e-11   111454
  2.436686e+00   1.340993e-08   5.872141e-03   3.711972e-11   112002
  2.457307e+00   1.321330e-08   5.941865e-03   3.648275e-11   114158
  2.477969e+00   1.303737e-08   5.826804e-03   3.554935e-11   116148
  2.498712e+00   1.270410e-08   6.059421e-03   3.406811e-11   118754
  2.519496e+00   1.248248e-08   6.094611e-03   3.304401e-11   120942
  2.540335e+00   1.227834e-08   5.878146e-03   3.226827e-11   123170
  2.561061e+00   1.216440e-08   6.164284e-03   3.162735e-11   123638
  2.581764e+00   1.181312e-08   5.703310e-03   3.023697e-11   126858
  2.602444e+00   1.163223e-08   5.995967e-03   2.973682e-11   127698
  2.623102e+00   1.143852e-08   6.024103e-03   2.890350e-11   130640
  2.643848e+00   1.121120e-08   5.966999e-03   2.789809e-11   132642
  2.664577e+00   1.104350e-08   5.887854e-03   2.716656e-11   134534
  2.685387e+00   1.082818e-08   5.978292e-03   2.625736e-11   137954
  2.706316e+00   1.069804e-08   5.935903e-03   2.571800e-11   140610
  2.727053e+00   1.045814e-08   6.044635e-03   2.510164e-11   139590
  2.747697e+00   1.030870e-08   6.109612e-03   2.439483e-11   143546
  2.768446e+00   1.015131e-08   5.762318e-03   2.374235e-11   145338
  2.789130e+00   9.995349e-09   6.006432e-03   2.320711e-11   147272
  2.809884e+00   9.824364e-09   6.084552e-03   2.251752e-11   150434
  2.830673e+00   9.655082e-09   5.817695e-03   2.190783e-11   152214
  2.851354e+00   9.507001e-09   6.028716e-03   2.123292e-11   153186
  2.872152e+00   9.341269e-09   6.126110e-03   2.046101e-11   158642
  2.892920e+00   9.175044e-09   5.581310e-03   2.014985e-11   157350
  2.913604e+00   9.041923e-09   5.965669e-03   1.958871e-11   161906
  2.934224e+00   8.954667e-09   5.849849e-03   1.952351e-11   160824
  2.954941e+00   8.825863e-09   6.474491e-03   1.875439e-11   167906
  2.975780e+00   8.587447e-09   5.906446e-03   1.800062e-11   167578
  2.996448e+00   8.524699e-09   5.904566e-03   1.782769e-11   169798
  3.017202e+00   8.372632e-09   6.015916e-03   1.710634e-11   173586
  3.037997e+00   8.259449e-09   6.136892e-03   1.676226e-11   175274
  3.058738e+00   8.169554e-09   6.106037e-03   1.654042e-11   177654
  3.079514e+00   8.041022e-09   6.042085e-03   1.593134e-11   180698
  3.100296e+00   7.904812e-09   5.941737e-03   1.561054e-11   182680
  3.121019e+00   7.820620e-09   6.300510e-03   1.531087e-11   184138
  3.141703e+00   7.717855e-09   5.953476e-03   1.493794e-11   187138
  3.162497e+00   7.582547e-09   5.944679e-03   1.444056e-11   191134
  3.183237e+00   7.473231e-09   5.997096e-03   1.418611e-11   191010
  3.203917e+00   7.384354e-09   5.134478e-03   1.386386e-11   195134
  3.224591e+00   7.309993e-09   6.117141e-03   1.357955e-11   195810
  3.245302e+00   7.233437e-09   6.124801e-03   1.325733e-11   201140
  3.266028e+00   7.110199e-09   6.220276e-03   1.298748e-11   201054
  3.286709e+00   7.007547e-09   5.989240e-03   1.256631e-11   205250
  3.307449e+00   6.937485e-09   5.654500e-03   1.235956e-11   207366
  3.328190e+00   6.838152e-09   6.474126e-03   1.204784e-11   210578
  3.348952e+00   6.790393e-09   5.861246e-03   1.182167e-11   213066
  3.369784e+00   6.706688e-09   6.155683e-03   1.157949e-11   217382
  3.390517e+00   6.618460e-09   5.927750e-03   1.142338e-11   216306
  3.411156e+00   6.530762e-09   5.906284e-03   1.101624e-11   220652
  3.431937e+00   6.455043e-09   6.180112e-03   1.080312e-11   224622
  3.452759e+00   6.415253e-09   5.356949e-03   1.060684e-11   227066
  3.473510e+00   6.336645e-09   5.802976e-03   1.041677e-11   228574
  3.494223e+00   6.253422e-09   5.147990e-03   1.018394e-11   231466
  3.514919e+00   6.196921e-09   5.802075e-03   1.004993e-11   233946
  3.535692e+00   6.130566e-09   6.372419e-03   9.780580e-12   238694
  3.556393e+00   6.088372e-09   6.134387e-03   9.691896e-12   238068
  3.577104e+00   6.012139e-09   6.024950e-03   9.394953e-12   244190
  3.597909e+00   5.933372e-09   5.851771e-03   9.237451e-12   245634
  3.618618e+00   5.894122e-09   6.328609e-03   9.123386e-12   248090
  3.639357e+00   5.821790e-09   5.825550e-03   8.835162e-12   251958
  3.660107e+00   5.757840e-09   6.207862e-03   8.717426e-12   254042
  3.680782e+00   5.715366e-09   5.827840e-03   8.608068e-12   255714
  3.701550e+00   5.662712e-09   6.339457e-03   8.368894e-12   262358
  3.722328e+00   5.619654e-09   5.669852e-03   8.244259e-12   261900
  3.743134e+00   5.575935e-09   6.102834e-03   8.099782e-12   268646
  3.763850e+00   5.505604e-09   5.830538e-03   8.007744e-12   265578
  3.784524e+00   5.463815e-09   5.830943e-03   7.826989e-12   273290
  3.805264e+00   5.420852e-09   5.930982e-03   7.723469e-12   273678
  3.826020e+00   5.376884e-09   6.202379e-03   7.538005e-12   279698
  3.846782e+00   5.323098e-09   6.907118e-03   7.443567e-12   279630
  3.867440e+00   5.282506e-09   5.587456e-03   7.328436e-12   283004
  3.888199e+00   5.246240e-09   5.626403e-03   7.163213e-12   288330
  3.908970e+00   5.219120e-09   6.010878e-03   7.134159e-12   289718
  3.929670e+00   5.160079e-09   5.986150e-03   6.929603e-12   292290
  3.950310e+00   5.138862e-09   5.770025e-03   6.911566e-12   294134
  3.971025e+00   5.099784e-09   5.861222e-03   6.799285e-12   300642
  3.991835e+00   5.061231e-09   6.253610e-03   6.670371e-12   303386
  4.012562e+00   5.028168e-09   6.622526e-03   6.600750e-12   304662
  4.033309e+00   5.005806e-09   5.750787e-03   6.494924e-12   309812
  4.054074e+00   4.961256e-09   5.951819e-03   6.429200e-12   311570
  4.074900e+00   4.931281e-09   5.778979e-03   6.296236e-12   318270
  4.095632e+00   4.901690e-09   6.405310e-03   6.269877e-12   315090
  4.116291e+00   4.852418e-09   5.591391e-03   6.098937e-12   322646
  4.136996e+00   4.838624e-09   5.770390e-03   6.053980e-12   322722
  4.157726e+00   4.792839e-09   6.338343e-03   5.927694e-12   329930
  4.178523e+00   4.772325e-09   6.333895e-03   5.873182e-12   331824
  4.199320e+00   4.748004e-09   5.769211e-03   5.788813e-12   336266
  4.220054e+00   4.704837e-09   6.009983e-03   5.715066e-12   336094
  4.240739e+00   4.690158e-09   5.722264e-03   5.691129e-12   341386
  4.261464e+00   4.663316e-09   6.041301e-03   5.600432e-12   344338
  4.282174e+00   4.648610e-09   6.167016e-03   5.543962e-12   347638
  4.302904e+00   4.611465e-09   5.767301e-03   5.449645e-12   351618
  4.323617e+00   4.597011e-09   5.995942e-03   5.400504e-12   353792
  4.344393e+00   4.558917e-09   5.866513e-03   5.294607e-12   360538
  4.365238e+00   4.549307e-09   5.730032e-03   5.255739e-12   363250
  4.385942e+00   4.534548e-09   6.251395e-03   5.249886e-12   362334
  4.406694e+00   4.501361e-09   5.139470e-03   5.143174e-12   371642
  4.427427e+00   4.483616e-09   5.915855e-03   5.118337e-12   368794
  4.448092e+00   4.468520e-09   5.920295e-03   5.036666e-12   376510
  4.468826e+00   4.457491e-09   5.723706e-03   5.015193e-12   377994
  4.489536e+00   4.422689e-09   5.853559e-03   4.932307e-12   382760
  4.510297e+00   4.405882e-09   6.596314e-03   4.893577e-12   386674
  4.531068e+00   4.381672e-09   5.940842e-03   4.823635e-12   390298
  4.551815e+00   4.373236e-09   6.315008e-03   4.791905e-12   393142
  4.572576e+00   4.345202e-09   6.025367e-03   4.732816e-12   397762
  4.593225e+00   4.325788e-09   5.788525e-03   4.704348e-12   396270
  4.613889e+00   4.323691e-09   6.021494e-03   4.640040e-12   405194
  4.634645e+00   4.299152e-09   5.486753e-03   4.607523e-12   407580
  4.655389e+00   4.286654e-09   6.402747e-03   4.572160e-12   411782
  4.676116e+00   4.265519e-09   5.761962e-03   4.508683e-12   414114
  4.696904e+00   4.251254e-09   6.221948e-03   4.465300e-12   421562
  4.717701e+00   4.222678e-09   6.040324e-03   4.413038e-12   421910
  4.738461e+00   4.224250e-09   5.743913e-03   4.392110e-12   427818
  4.759222e+00   4.206697e-09   6.729496e-03   4.370422e-12   429430
  4.779918e+00   4.186693e-09   6.311008e-03   4.314532e-12   432322
  4.800625e+00   4.180286e-09   5.021258e-03   4.273657e-12   437428
  4.821345e+00   4.157726e-09   5.053323e-03   4.224768e-12   440590
  4.842108e+00   4.147192e-09   5.989395e-03   4.185325e-12   446770
  4.862907e+00   4.145105e-09   5.645043e-03   4.183859e-12   449782
  4.883604e+00   4.129804e-09   6.073536e-03   4.147516e-12   449706
  4.904305e+00   4.117328e-09   6.039041e-03   4.098340e-12   458042
  4.925019e+00   4.108677e-09   5.671261e-03   4.087433e-12   458158
  4.945725e+00   4.084788e-09   5.659214e-03   4.024340e-12   465124
  4.966441e+00   4.076038e-09   5.994734e-03   4.024781e-12   466230
  4.987193e+00   4.059671e-09   6.329459e-03   3.958993e-12   474386
  5.007957e+00   4.053500e-09   5.681671e-03   3.956780e-12   475178
  5.028752e+00   4.033761e-09   6.325121e-03   3.901540e-12   483558
  5.049555e+00   4.021788e-09   5.090528e-03   3.870120e-12   483354
  5.070263e+00   4.016389e-09   4.937260e-03   3.869363e-12   487178
  5.090985e+00   4.016762e-09   6.160745e-03   3.821803e-12   492006
  5.111691e+00   3.990408e-09   5.855423e-03   3.805363e-12   494852
  5.132403e+00   3.981582e-09   5.842934e-03   3.771779e-12   499502
  5.153143e+00   3.978699e-09   5.397953e-03   3.749931e-12   504618
  5.173903e+00   3.961052e-09   6.484231e-03   3.716282e-12   508506
  5.194691e+00   3.957699e-09   6.527989e-03   3.687519e-12   514406
  5.215423e+00   3.943995e-09   5.477094e-03   3.683932e-12   514026
  5.236093e+00   3.931407e-09   6.246224e-03   3.641972e-12   519230
  5.256771e+00   3.925973e-09   5.655531e-03   3.624753e-12   522620
  5.277488e+00   3.908929e-09   5.869943e-03   3.596457e-12   529458
  5.298264e+00   3.898709e-09   6.136931e-03   3.562864e-12   534078
  5.319018e+00   3.888932e-09   6.266550e-03   3.542323e-12   536666
  5.339720e+00   3.881352e-09   6.074389e-03   3.520848e-12   539270
  5.360515e+00   3.875846e-09   5.873011e-03   3.497827e-12   550530
  5.381323e+00   3.858334e-09   6.471189e-03   3.484101e-12   548474
  5.402028e+00   3.850185e-09   6.052144e-03   3.453461e-12   553518
  5.422718e+00   3.848223e-09   6.239965e-03   3.441834e-12   556116
  5.443475e+00   3.831270e-09   5.630215e-03   3.404878e-12   564890
  5.464196e+00   3.831962e-09   5.863696e-03   3.409484e-12   563718
  5.484939e+00   3.817238e-09   5.962503e-03   3.359495e-12   574298
  5.505710e+00   3.810327e-09   7.082317e-03   3.365983e-12   573966
  5.526441e+00   3.795932e-09   5.624643e-03   3.321587e-12   580586
  5.547164e+00   3.793262e-09   6.082944e-03   3.318372e-12   582666
  5.567911e+00   3.775987e-09   6.123201e-03   3.283209e-12   590648
  5.588654e+00   3.769191e-09   5.842634e-03   3.283842e-12   590578
  5.609330e+00   3.765426e-09   6.560445e-03   3.253042e-12   595990
  5.630055e+00   3.754034e-09   5.747707e-03   3.237162e-12   601778
  5.650815e+00   3.753264e-09   6.485831e-03   3.217034e-12   607578
  5.671588e+00   3.738278e-09   6.230894e-03   3.194643e-12   611294
  5.692348e+00   3.719837e-09   6.207661e-03   3.165689e-12   615498
  5.713056e+00   3.721748e-09   5.981825e-03   3.168665e-12   617274
  5.733790e+00   3.708575e-09   5.572693e-03   3.120282e-12   626360
  5.754538e+00   3.708435e-09   5.348711e-03   3.126787e-12   626658
  5.775261e+00   3.688624e-09   5.738620e-03   3.084356e-12   634022
  5.795963e+00   3.695541e-09   5.710887e-03   3.092135e-12   634554
  5.816703e+00   3.674248e-09   4.828500e-03   3.046810e-12   645026
  5.837452e+00   3.677058e-09   6.149079e-03   3.071061e-12   645182
  5.858187e+00   3.669637e-09   6.098934e-03   3.044771e-12   652938
  5.878919e+00   3.653827e-09   6.859538e-03   3.009046e-12   654336
  5.899676e+00   3.646770e-09   6.234325e-03   2.993941e-12   663242
  5.920435e+00   3.639911e-09   5.061300e-03   2.987574e-12   664002
  5.941133e+00   3.634954e-09   6.893052e-03   2.970247e-12   668990
  5.961858e+00   3.619444e-09   5.597007e-03   2.946790e-12   674554
  5.982561e+00   3.619052e-09   6.140632e-03   2.933349e-12   677158
  6.003315e+00   3.604473e-09   6.158140e-03   2.901887e-12   687306
  6.024118e+00   3.601980e-09   5.932678e-03   2.897386e-12   690290
  6.044852e+00   3.593398e-09   5.576893e-03   2.886170e-12   691992
  6.065615e+00   3.582595e-09   6.796191e-03   2.864807e-12   701402
  6.086368e+00   3.575148e-09   6.409920e-03   2.851340e-12   700826
  6.107081e+00   3.566900e-09   5.722022e-03   2.836908e-12   708726
  6.127816e+00   3.554366e-09   6.206800e-03   2.813411e-12   711690
  6.148563e+00   3.553696e-09   7.026695e-03   2.801463e-12   719606
  6.169266e+00   3.549081e-09   6.041474e-03   2.808336e-12   717810
  6.189981e+00   3.540748e-09   5.398252e-03   2.772511e-12   730412
  6.210757e+00   3.529370e-09   6.510078e-03   2.768410e-12   731782
  6.231536e+00   3.524956e-09   6.370126e-03   2.737603e-12   740458
  6.252261e+00   3.510372e-09   6.216876e-03   2.741938e-12   737494
  6.272947e+00   3.514021e-09   5.293639e-03   2.722176e-12   747298
  6.293685e+00   3.495532e-09   5.373211e-03   2.703062e-12   751762
  6.314401e+00   3.493109e-09   6.105737e-03   2.697374e-12   755470
  6.335113e+00   3.481333e-09   6.286444e-03   2.684373e-12   761442
  6.355902e+00   3.478195e-09   6.106450e-03   2.664970e-12   770816
  6.376665e+00   3.470606e-09   5.239202e-03   2.661749e-12   769242
  6.397435e+00   3.461437e-09   5.782968e-03   2.629726e-12   782162
  6.418152e+00   3.450034e-09   8.139594e-03   2.635263e-12   775230
  6.438845e+00   3.444692e-09   5.185148e-03   2.607713e-12   789866
  6.459570e+00   3.437556e-09   5.150941e-03   2.612559e-12   787938
  6.480284e+00   3.428100e-09   4.947552e-03   2.574958e-12   799574
  6.501059e+00   3.424766e-09   6.845576e-03   2.575350e-12   803028
  6.521785e+00   3.410665e-09   5.966100e-03   2.554164e-12   805574
  6.542501e+00   3.403423e-09   6.541804e-03   2.542268e-12   812034
  6.563273e+00   3.400762e-09   6.880578e-03   2.532806e-12   820970
  6.584032e+00   3.393432e-09   6.018551e-03   2.514268e-12   821174
  6.604711e+00   3.389069e-09   6.055982e-03   2.522163e-12   825186
  6.625415e+00   3.375778e-09   6.805775e-03   2.487911e-12   833142
  6.646107e+00   3.370211e-09   5.956574e-03   2.484158e-12   834788
  6.666849e+00   3.365776e-09   7.391434e-03   2.471011e-12   847858
  6.687706e+00   3.350345e-09   5.625675e-03   2.448844e-12   854278
  6.708468e+00   3.339608e-09   5.009246e-03   2.447328e-12   850914
  6.729170e+00   3.334861e-09   4.808961e-03   2.429182e-12   859250
  6.749927e+00   3.329073e-09   6.070162e-03   2.404337e-12   867126
  6.770667e+00   3.329940e-09   6.465002e-03   2.416774e-12   868274
  6.791359e+00   3.312322e-09   6.756206e-03   2.394492e-12   873606
  6.812058e+00   3.305266e-09   4.455865e-03   2.382750e-12   879284
  6.832800e+00   3.295315e-09   6.616841e-03   2.367060e-12   887666
  6.853614e+00   3.284333e-09   6.898602e-03   2.349858e-12   897030
  6.874386e+00   3.283246e-09   5.629461e-03   2.356021e-12   894378
  6.895105e+00   3.271622e-09   6.026531e-03   2.333113e-12   903254
  6.915815e+00   3.267578e-09   6.447460e-03   2.332194e-12   904562
  6.936516e+00   3.251970e-09   5.539909e-03   2.308567e-12   913362
  6.957213e+00   3.255075e-09   4.510673e-03   2.304433e-12   915592
  6.977959e+00   3.246341e-09   6.723367e-03   2.288620e-12   927946
  6.998701e+00   3.236046e-09   7.519246e-03   2.285377e-12   926094
  7.019485e+00   3.230055e-09   5.829055e-03   2.252459e-12   942890
  7.040267e+00   3.220772e-09   6.298604e-03   2.266007e-12   937266
  7.060990e+00   3.212877e-09   5.487944e-03   2.242614e-12   948854
  7.081723e+00   3.201742e-09   4.817889e-03   2.231828e-12   948714
  7.102410e+00   3.196012e-09   5.362641e-03   2.219951e-12   956186
  7.123142e+00   3.184042e-09   6.022284e-03   2.211157e-12   964272
  7.143901e+00   3.182454e-09   6.045576e-03   2.196891e-12   969458
  7.164640e+00   3.169728e-09   4.916214e-03   2.185685e-12   973358
  7.185392e+00   3.160690e-09   6.637217e-03   2.170990e-12   982098
  7.206124e+00   3.155248e-09   5.503869e-03   2.167303e-12   983178
  7.226886e+00   3.146048e-09   7.287190e-03   2.149431e-12   996350
  7.247639e+00   3.146358e-09   5.425387e-03   2.155352e-12   993530
  7.268287e+00   3.133144e-09   6.428252e-03   2.147558e-12   997848
  7.288995e+00   3.127409e-09   6.291306e-03   2.123719e-12   1010106
  7.309764e+00   3.120698e-09   6.367009e-03   2.112117e-12   1015730
  7.330505e+00   3.110643e-09   6.132089e-03   2.107598e-12   1018710
  7.351286e+00   3.102470e-09   6.194901e-03   2.092700e-12   1031282
  7.372037e+00   3.094623e-09   5.938080e-03   2.088732e-12   1027122
  7.392752e+00   3.088082e-09   5.999271e-03   2.075259e-12   1039838
  7.413480e+00   3.079935e-09   6.639519e-03   2.069817e-12   1039898
  7.434193e+00   3.069812e-09   6.463959e-03   2.054763e-12   1050288
  7.454920e+00   3.058981e-09   6.282819e-03   2.045180e-12   1052226
  7.475657e+00   3.055642e-09   4.246424e-03   2.034605e-12   1062746
  7.496419e+00   3.047937e-09   5.616071e-03   2.021123e-12   1067438
  7.517175e+00   3.040386e-09   5.550138e-03   2.009979e-12   1073730
  7.537918e+00   3.032578e-09   6.985935e-03   2.006607e-12   1078230
  7.558667e+00   3.026248e-09   5.597162e-03   1.997695e-12   1085594
  7.579371e+00   3.006290e-09   4.835471e-03   1.979255e-12   1086124
  7.600115e+00   3.007982e-09   6.157386e-03   1.970092e-12   1101310
  7.620860e+00   2.995239e-09   6.812250e-03   1.962323e-12   1098282
  7.641577e+00   2.995993e-09   4.124863e-03   1.953935e-12   1109918
  7.662338e+00   2.984702e-09   5.756649e-03   1.942472e-12   1114962
  7.683100e+00   2.975004e-09   6.416565e-03   1.930167e-12   1122962
  7.703855e+00   2.967816e-09   0.000000e+00   1.924223e-12   1125822
  7.724583e+00   2.961000e-09   6.315326e-03   1.916840e-12   1132538
  7.745289e+00   2.950743e-09   6.500021e-03   1.904797e-12   1135164
  7.766002e+00   2.940787e-09   6.773290e-03   1.893270e-12   1145654
  7.786764e+00   2.934856e-09   4.513719e-03   1.881883e-12   1152666
  7.807518e+00   2.930395e-09   5.948405e-03   1.880573e-12   1157078
  7.828242e+00   2.919453e-09   6.746427e-03   1.868463e-12   1161522
  7.849000e+00   2.908898e-09   6.328916e-03   1.852586e-12   1173050
  7.869730e+00   2.897602e-09   6.047531e-03   1.848532e-12   1171518
  7.890447e+00   2.895838e-09   7.333076e-03   1.841984e-12   1183772
  7.911146e+00   2.887480e-09   6.373660e-03   1.832323e-12   1181262
  7.931841e+00   2.879724e-09   5.521452e-03   1.815625e-12   1195490
  7.952603e+00   2.869971e-09   5.153544e-03   1.806429e-12   1202010
  7.973357e+00   2.864595e-09   5.392404e-03   1.803126e-12   1207166
  7.994107e+00   2.857069e-09   6.316205e-03   1.789907e-12   1214074
  8.014819e+00   2.849743e-09   6.457447e-03   1.784583e-12   1215334
  8.035557e+00   2.840014e-09   7.742733e-03   1.773483e-12   1229274
  8.056356e+00   2.835600e-09   6.585319e-03   1.766734e-12   1236164
  8.077102e+00   2.826366e-09   4.899101e-03   1.766041e-12   1234942
  8.097811e+00   2.814031e-09   5.828695e-03   1.744861e-12   1244410
  8.118532e+00   2.811483e-09   6.100301e-03   1.741642e-12   1249010
  8.139277e+00   2.798743e-09   6.817963e-03   1.724390e-12   1260702
  8.160002e+00   2.791628e-09   5.500821e-03   1.724653e-12   1259490
  8.180749e+00   2.786433e-09   5.730419e-03   1.712467e-12   1275662
  8.201478e+00   2.776109e-09   3.196388e-03   1.710561e-12   1270164
  8.222228e+00   2.767100e-09   5.001482e-03   1.690698e-12   1291226
  8.242972e+00   2.762612e-09   4.064980e-03   1.690917e-12   1282750
  8.263669e+00   2.750745e-09   5.910542e-03   1.678054e-12   1298146
  8.284419e+00   2.742339e-09   5.099183e-03   1.669626e-12   1301646
  8.305153e+00   2.739280e-09   5.507153e-03   1.661059e-12   1309898
  8.325903e+00   2.726368e-09   4.417677e-03   1.649180e-12   1317010
  8.346658e+00   2.723106e-09   6.224733e-03   1.650764e-12   1323814
  8.367392e+00   2.717468e-09   4.586273e-03   1.641863e-12   1326732
  8.388115e+00   2.706009e-09   6.822428e-03   1.629335e-12   1335434
  8.408892e+00   2.699737e-09   7.835807e-03   1.616729e-12   1347902
  8.429645e+00   2.690716e-09   8.347112e-03   1.619152e-12   1344786
  8.450319e+00   2.684572e-09   3.861699e-03   1.608083e-12   1351222
  8.471052e+00   2.670400e-09   5.424411e-03   1.593515e-12   1365322
  8.491816e+00   2.669105e-09   6.932852e-03   1.592845e-12   1369002
  8.512559e+00   2.660444e-09   6.143949e-03   1.579887e-12   1376456
  8.533287e+00   2.652113e-09   5.087920e-03   1.577176e-12   1379362
  8.554028e+00   2.643624e-09   6.550505e-03   1.562046e-12   1392262
  8.574772e+00   2.634451e-09   5.961966e-03   1.556702e-12   1392546
  8.595488e+00   2.633084e-09   6.562637e-03   1.553419e-12   1402754
  8.616220e+00   2.619711e-09   7.328889e-03   1.540012e-12   1408470
  8.636951e+00   2.614948e-09   3.041885e-03   1.534709e-12   1415450
  8.657638e+00   2.606231e-09   5.925410e-03   1.526605e-12   1416504
  8.678426e+00   2.597945e-09   6.122507e-03   1.511351e-12   1442354
  8.699217e+00   2.591723e-09   7.048841e-03   1.514357e-12   1431202
  8.719929e+00   2.579672e-09   5.890715e-03   1.501880e-12   1445038
  8.740646e+00   2.577811e-09   5.179580e-03   1.498207e-12   1445322
  8.761393e+00   2.568818e-09   5.661615e-03   1.487238e-12   1462778
  8.782138e+00   2.561297e-09   6.620296e-03   1.484378e-12   1459590
  8.802844e+00   2.558712e-09   6.395285e-03   1.477935e-12   1471226
  8.823600e+00   2.548354e-09   4.625069e-03   1.467565e-12   1480136
  8.844369e+00   2.538657e-09   6.146734e-03   1.455946e-12   1486530
  8.865103e+00   2.527742e-09   6.862676e-03   1.452174e-12   1488898
  8.885834e+00   2.525285e-09   5.475203e-03   1.445237e-12   1500838
  8.906589e+00   2.516726e-09   3.819697e-03   1.437674e-12   1505906
  8.927285e+00   2.510382e-09   7.042639e-03   1.432843e-12   1507062
  8.947989e+00   2.507494e-09   5.861036e-03   1.429918e-12   1519890
  8.968721e+00   2.494492e-09   6.906254e-03   1.416286e-12   1526516
  8.989498e+00   2.485415e-09   4.418711e-03   1.406968e-12   1540038
  9.010264e+00   2.479951e-09   7.074026e-03   1.406058e-12   1538810
  9.030972e+00   2.474965e-09   5.324512e-03   1.398914e-12   1545574
  9.051726e+00   2.466330e-09   9.265839e-03   1.388474e-12   1560010
  9.072469e+00   2.457556e-09   5.037557e-03   1.382294e-12   1558578
  9.093177e+00   2.451910e-09   6.410418e-03   1.377944e-12   1568990
  9.113879e+00   2.442171e-09   6.862675e-03   1.368118e-12   1571770
  9.134611e+00   2.433557e-09   6.173210e-03   1.356963e-12   1587748
  9.155376e+00   2.429228e-09   4.829662e-03   1.354564e-12   1590966
  9.176140e+00   2.424208e-09   5.019660e-03   1.347375e-12   1602554
  9.196878e+00   2.416706e-09   6.662718e-03   1.344729e-12   1601190
  9.217585e+00   2.412013e-09   6.507207e-03   1.338449e-12   1611722
  9.238290e+00   2.401565e-09   5.895230e-03   1.334115e-12   1616058
  9.259030e+00   2.395763e-09   5.699303e-03   1.319086e-12   1631942
  9.279772e+00   2.390634e-09   4.804002e-03   1.318206e-12   1630980
  9.300487e+00   2.378925e-09   6.261361e-03   1.306798e-12   1641494
  9.321253e+00   2.371959e-09   6.854156e-03   1.300176e-12   1653378
  9.342059e+00   2.369694e-09   6.979651e-03   1.294734e-12   1663730
  9.362796e+00   2.359789e-09   4.675458e-03   1.293167e-12   1656558
  9.383485e+00   2.352202e-09   6.924377e-03   1.283986e-12   1671026
  9.404220e+00   2.347186e-09   6.807918e-03   1.279137e-12   1677818
  9.424944e+00   2.340562e-09   7.454216e-03   1.270969e-12   1685454
  9.445682e+00   2.331495e-09   5.404376e-03   1.266618e-12   1694516
  9.466430e+00   2.325677e-09   4.956493e-03   1.260115e-12   1701342
  9.487175e+00   2.320729e-09   5.784455e-03   1.251672e-12   1709026
  9.507945e+00   2.310236e-09   6.879374e-03   1.244474e-12   1720354
  9.528697e+00   2.304316e-09   5.616678e-03   1.238599e-12   1721470
  9.549445e+00   2.300776e-09   6.082949e-03   1.234894e-12   1735018
  9.570148e+00   2.291602e-09   4.595853e-03   1.232102e-12   1728398
  9.590833e+00   2.285514e-09   6.496048e-03   1.226185e-12   1747116
  9.611575e+00   2.276338e-09   1.828289e-03   1.212830e-12   1753090
  9.632348e+00   2.271350e-09   4.981923e-03   1.207426e-12   1767694
  9.653111e+00   2.268206e-09   6.737992e-03   1.208424e-12   1766490
  9.673864e+00   2.260216e-09   0.000000e+00   1.197564e-12   1780478
  9.694605e+00   2.251916e-09   8.754469e-03   1.194991e-12   1781050
  9.715329e+00   2.244736e-09   4.655723e-03   1.185840e-12   1792018
  9.736040e+00   2.240074e-09   6.193202e-03   1.182986e-12   1794366
  9.756756e+00   2.234239e-09   5.763249e-03   1.176615e-12   1808276
  9.777493e+00   2.227377e-09   6.456373e-03   1.172333e-12   1812522
  9.798247e+00   2.217880e-09   7.472487e-03   1.162182e-12   1827758
  9.819016e+00   2.212969e-09   4.507655e-03   1.161802e-12   1829466
  9.839735e+00   2.206299e-09   7.100549e-03   1.153997e-12   1835534
  9.860435e+00   2.203053e-09   5.979309e-03   1.150998e-12   1840906
  9.881170e+00   2.196694e-09   6.194770e-03   1.144092e-12   1857130
  9.901887e+00   2.188977e-09   4.656757e-03   1.138944e-12   1854264
  9.922602e+00   2.182083e-09   5.101454e-03   1.131426e-12   1871090
  9.943353e+00   2.175634e-09   5.858233e-03   1.127216e-12   1876926
  9.964096e+00   2.170447e-09   6.456229e-03   1.120797e-12   1884530
  9.984828e+00   2.163345e-09   5.318596e-03   1.115617e-12   1891506
  1.000560e+01   2.156501e-09   6.259921e-03   1.107970e-12   1907798
  1.002637e+01   2.153261e-09   7.649914e-03   1.106131e-12   1907378
  1.004709e+01   2.146907e-09   6.134909e-03   1.102061e-12   1912506
  1.006780e+01   2.140392e-09   3.776837e-03   1.096714e-12   1923048
  1.008856e+01   2.136750e-09   7.225836e-03   1.092268e-12   1936730
  1.010931e+01   2.127539e-09   5.759824e-03   1.087309e-12   1936686
  1.013004e+01   2.120479e-09   6.820965e-03   1.078333e-12   1950290
  1.015078e+01   2.114369e-09   2.761198e-03   1.074955e-12   1953002
  1.017153e+01   2.109608e-09   5.970951e-03   1.068539e-12   1969110
  1.019228e+01   2.103660e-09   1.928154e-03   1.065236e-12   1969050
  1.021300e+01   2.097842e-09   6.477431e-03   1.059130e-12   1980392
  1.023373e+01   2.091523e-09   7.785168e-03   1.057403e-12   1984770
  1.025445e+01   2.085816e-09   5.363556e-03   1.049883e-12   1995506
  1.027521e+01   2.081016e-09   6.972965e-03   1.043915e-12   2007806
  1.029595e+01   2.074334e-09   6.093251e-03   1.039954e-12   2010474
  1.031667e+01   2.071422e-09   6.668545e-03   1.036733e-12   2018182
  1.033743e+01   2.066815e-09   5.977714e-03   1.033560e-12   2033554
  1.035814e+01   2.059869e-09   7.020466e-03   1.029896e-12   2026266
  1.037887e+01   2.055145e-09   4.534552e-03   1.017964e-12   2054480
  1.039962e+01   2.048170e-09   4.853776e-03   1.020029e-12   2044770
  1.042033e+01   2.044812e-09   7.043949e-03   1.015893e-12   2062394
  1.044107e+01   2.038569e-09   6.418951e-03   1.010057e-12   2069982
  1.046182e+01   2.031833e-09   7.511190e-03   1.002769e-12   2079434
  1.048255e+01   2.027819e-09   6.369827e-03   1.000432e-12   2083038
  1.050331e+01   2.020475e-09   4.926604e-03   9.919365e-13   2098850
  1.052403e+01   2.015081e-09   6.219782e-03   9.904181e-13   2095436
  1.054477e+01   2.014088e-09   6.437280e-03   9.873855e-13   2117406
  1.056552e+01   2.006042e-09   5.905893e-03   9.822314e-13   2115426
  1.058621e+01   2.001367e-09   5.733847e-03   9.795475e-13   2118878
  1.060693e+01   1.992333e-09   6.537068e-03   9.711007e-13   2140026
  1.062770e+01   1.990259e-09   6.986824e-03   9.680179e-13   2147234
  1.064845e+01   1.985429e-09   6.217590e-03   9.648551e-13   2150662
  1.066917e+01   1.981295e-09   5.707859e-03   9.600525e-13   2159842
  1.068990e+01   1.973876e-09   6.420285e-03   9.553469e-13   2168384
  1.071066e+01   1.972110e-09   7.954333e-03   9.521524e-13   2183178
  1.073142e+01   1.968401e-09   5.983328e-03   9.508080e-13   2184770
  1.075215e+01   1.959917e-09   6.644243e-03   9.446129e-13   2192190
  1.077284e+01   1.958427e-09   7.237385e-03   9.428463e-13   2196242
  1.079359e+01   1.952248e-09   5.114793e-03   9.337456e-13   2220714
  1.081435e+01   1.947016e-09   7.202780e-03   9.339394e-13   2215758
  1.083510e+01   1.941634e-09   6.565095e-03   9.281658e-13   2233988
  1.085583e+01   1.938277e-09   8.030325e-03   9.279598e-13   2231670
  1.087655e+01   1.933344e-09   4.048517e-03   9.213517e-13   2244338
  1.089730e+01   1.929538e-09   5.343457e-03   9.165308e-13   2258610
  1.091805e+01   1.924428e-09   5.195669e-03   9.145388e-13   2260718
  1.093876e+01   1.920042e-09   6.271473e-03   9.102535e-13   2268162
  1.095948e+01   1.917343e-09   5.627869e-03   9.063974e-13   2277494
  1.098021e+01   1.911571e-09   5.128474e-03   9.034285e-13   2288796
  1.100098e+01   1.908581e-09   1.031320e-02   8.995238e-13   2305226
  1.102174e+01   1.902571e-09   5.363119e-03   8.952294e-13   2301630
  1.104248e+01   1.899924e-09   0.000000e+00   8.920663e-13   2319770
  1.106321e+01   1.894435e-09   6.972726e-03   8.906022e-13   2315610
  1.108393e+01   1.889760e-09   5.576149e-03   8.852791e-13   2334662
  1.110465e+01   1.886893e-09   8.241185e-03   8.836376e-13   2335722
  1.112539e+01   1.883254e-09   4.654941e-03   8.790931e-13   2354102
  1.114613e+01   1.878681e-09   7.385657e-03   8.770229e-13   2355236
  1.116689e+01   1.874128e-09   6.391623e-03   8.711560e-13   2374170
  1.118765e+01   1.871140e-09   5.014426e-03   8.703676e-13   2373286
  1.120839e+01   1.868596e-09   7.603502e-03   8.659768e-13   2388010
  1.122910e+01   1.863853e-09   1.121648e-03   8.647536e-13   2383470
  1.124981e+01   1.859385e-09   4.928331e-03   8.592494e-13   2404994
  1.127055e+01   1.853775e-09   4.160101e-03   8.573771e-13   2408642
  1.129126e+01   1.850367e-09   6.212558e-03   8.523744e-13   2417640
  1.131202e+01   1.848968e-09   6.280699e-03   8.494770e-13   2434994
  1.133278e+01   1.844666e-09   6.955390e-03   8.468962e-13   2437998
  1.135353e+01   1.841997e-09   5.983301e-03   8.455365e-13   2448194
  1.137428e+01   1.839371e-09   0.000000e+00   8.438657e-13   2455890
  1.139500e+01   1.835014e-09   3.670073e-03   8.388808e-13   2461526
  1.141572e+01   1.832389e-09   6.482330e-03   8.358622e-13   2474034
  1.143644e+01   1.829994e-09   6.311031e-03   8.350855e-13   2476482
  1.145717e+01   1.827079e-09   4.944335e-03   8.314349e-13   2497256
  1.147794e+01   1.821293e-09   6.371366e-03   8.287091e-13   2502978
  1.149869e+01   1.817104e-09   2.722020e-03   8.261930e-13   2508422
  1.151942e+01   1.817091e-09   6.612807e-03   8.247293e-13   2518482
  1.154017e+01   1.812862e-09   8.272832e-03   8.202305e-13   2532074
  1.156089e+01   1.809749e-09   8.909144e-03   8.200577e-13   2526710
  1.158159e+01   1.808005e-09   6.937996e-03   8.154299e-13   2548986
  1.160233e+01   1.805574e-09   5.977387e-03   8.161974e-13   2551704
  1.162306e+01   1.802703e-09   4.657411e-03   8.113585e-13   2566226
  1.164381e+01   1.799017e-09   4.797922e-03   8.099803e-13   2573898
  1.166457e+01   1.796958e-09   5.141623e-03   8.064933e-13   2589182
  1.168531e+01   1.794398e-09   6.645775e-03   8.052857e-13   2584970
  1.170604e+01   1.792364e-09   5.176979e-03   8.021390e-13   2605110
  1.172678e+01   1.786163e-09   4.736403e-03   8.004615e-13   2606834
  1.174751e+01   1.786922e-09   4.859500e-03   8.002792e-13   2620770
  1.176824e+01   1.784716e-09   6.592385e-03   7.974443e-13   2626560
  1.178897e+01   1.784344e-09   6.374427e-03   7.959210e-13   2636762
  1.180970e+01   1.780225e-09   7.337552e-03   7.937407e-13   2647698
  1.183049e+01   1.777720e-09   5.680569e-03   7.886325e-13   2668166
  1.185125e+01   1.773692e-09   5.779758e-03   7.887475e-13   2660586
  1.187197e+01   1.773413e-09   5.788012e-03   7.863290e-13   2676494
  1.189267e+01   1.769463e-09   6.895406e-03   7.858353e-13   2674306
  1.191338e+01   1.768547e-09   4.864141e-03   7.844982e-13   2696980
  1.193413e+01   1.768283e-09   5.379616e-03   7.819599e-13   2703622
  1.195487e+01   1.765237e-09   7.990179e-03   7.808637e-13   2713186
  1.197560e+01   1.761473e-09   7.390094e-03   7.789590e-13   2718702
  1.199636e+01   1.762260e-09   7.145722e-03   7.779172e-13   2742194
  1.201711e+01   1.761759e-09   0.000000e+00   7.767238e-13   2733162
  1.203784e+01   1.757379e-09   4.271558e-03   7.740342e-13   2757590
  1.205858e+01   1.758796e-09   3.953689e-03   7.766619e-13   2752010
  1.207928e+01   1.756157e-09   7.700384e-03   7.726399e-13   2769036
  1.210003e+01   1.754813e-09   5.971497e-03   7.703046e-13   2783046
  1.212079e+01   1.752791e-09   0.000000e+00   7.702054e-13   2789378
  1.214153e+01   1.752180e-09   8.580454e-03   7.700241e-13   2799582
  1.216229e+01   1.750755e-09   6.172492e-03   7.679034e-13   2811170
  1.218303e+01   1.751393e-09   0.000000e+00   7.692406e-13   2812706
  1.220377e+01   1.748798e-09   5.678104e-03   7.662828e-13   2833254
  1.222449e+01   1.748280e-09   7.207970e-03   7.652932e-13   2827292
  1.224520e+01   1.746723e-09   7.626138e-03   7.652740e-13   2846838
  1.226593e+01   1.742014e-09   5.732337e-03   7.632430e-13   2846535
  1.228665e+01   1.737137e-09   6.411355e-03   7.595400e-13   2848496
  1.230740e+01   1.732596e-09   6.802679e-03   7.572201e-13   2841564
  1.232816e+01   1.727188e-09   7.664033e-03   7.551661e-13   2843000
  1.234890e+01   1.720635e-09   7.290297e-03   7.515351e-13   2826624
  1.236962e+01   1.717230e-09   7.514411e-03   7.502441e-13   2828732
  1.239036e+01   1.710728e-09   4.274927e-03   7.468037e-13   2819560
  1.241110e+01   1.704067e-09   5.617740e-03   7.437210e-13   2819284
  1.243182e+01   1.696927e-09   5.360798e-03   7.406970e-13   2805856
  1.245255e+01   1.690874e-09   6.925118e-03   7.359122e-13   2810440
  1.247330e+01   1.688706e-09   6.128671e-03   7.362400e-13   2800608
  1.249404e+01   1.681049e-09   7.728795e-03   7.325525e-13   2798144
  1.251477e+01   1.674909e-09   6.808708e-03   7.300001e-13   2787376
  1.253551e+01   1.669923e-09   7.617479e-03   7.262397e-13   2790616
  1.255626e+01   1.662804e-09   6.028911e-03   7.236534e-13   2779552
  1.257697e+01   1.660030e-09   6.857123e-03   7.226830e-13   2768452
  1.259769e+01   1.654945e-09   2.140347e-03   7.198025e-13   2771296
  1.261843e+01   1.649688e-09   3.302029e-03   7.168813e-13   2764924
  1.263918e+01   1.641708e-09   3.654963e-03   7.129689e-13   2762264
  1.265995e+01   1.638095e-09   7.338729e-03   7.109418e-13   2760216
  1.268068e+01   1.632142e-09   1.510669e-03   7.095481e-13   2737932
  1.270141e+01   1.628260e-09   8.206840e-03   7.059893e-13   2752280
  1.272215e+01   1.622378e-09   6.382861e-03   7.044740e-13   2728764
  1.274287e+01   1.617232e-09   6.236786e-03   7.021711e-13   2736368
  1.276361e+01   1.612016e-09   4.781107e-03   7.003782e-13   2719920
  1.278434e+01   1.606595e-09   9.297743e-03   6.970553e-13   2727152
  1.280509e+01   1.601582e-09   0.000000e+00   6.959413e-13   2708352
  1.282584e+01   1.596751e-09   0.000000e+00   6.922183e-13   2718584
  1.284657e+01   1.590714e-09   0.000000e+00   6.907868e-13   2694300
  1.286732e+01   1.587704e-09   8.851214e-03   6.872308e-13   2709440
  1.288807e+01   1.582014e-09   2.595541e-03   6.871248e-13   2682108
  1.290877e+01   1.577111e-09   4.642266e-03   6.832482e-13   2684912
  1.292949e+01   1.570160e-09   8.029796e-03   6.798468e-13   2678892
  1.295023e+01   1.567643e-09   6.139696e-03   6.796503e-13   2674748
  1.297097e+01   1.563388e-09   9.033602e-03   6.768826e-13   2670216
  1.299171e+01   1.556250e-09   6.029635e-03   6.755106e-13   2659436
  1.301245e+01   1.551641e-09   5.534180e-03   6.713025e-13   2659752
  1.303322e+01   1.546994e-09   6.154803e-03   6.699111e-13   2654300
  1.305396e+01   1.541838e-09   3.002516e-03   6.665773e-13   2640852
  1.307468e+01   1.537277e-09   4.757301e-03   6.648192e-13   2638124
  1.309540e+01   1.532726e-09   9.568762e-03   6.639069e-13   2628228
  1.311615e+01   1.526311e-09   3.722950e-03   6.604626e-13   2630936
  1.313690e+01   1.522532e-09   8.453797e-03   6.583514e-13   2619032
  1.315763e+01   1.517231e-09   5.136657e-03   6.567830e-13   2610804
  1.317836e+01   1.514230e-09   5.769472e-03   6.545655e-13   2609408
  1.319912e+01   1.507863e-09   7.872996e-03   6.529417e-13   2602764
  1.321984e+01   1.504270e-09   6.543375e-03   6.515832e-13   2588540
  1.324055e+01   1.501444e-09   9.604702e-03   6.504950e-13   2587836
  1.326127e+01   1.495419e-09   8.046705e-03   6.478658e-13   2579100
  1.328200e+01   1.490995e-09   4.719744e-03   6.454391e-13   2574128
  1.330272e+01   1.485992e-09   4.741963e-03   6.430205e-13   2567588
  1.332350e+01   1.481612e-09   7.685654e-03   6.400945e-13   2572956
  1.334425e+01   1.476825e-09   6.828731e-03   6.396988e-13   2550552
  1.336498e+01   1.473288e-09   7.642953e-03   6.377798e-13   2552084
  1.338572e+01   1.467949e-09   4.741208e-03   6.349830e-13   2539404
  1.340646e+01   1.465307e-09   0.000000e+00   6.344469e-13   2541152
  1.342721e+01   1.462936e-09   8.567179e-03   6.344274e-13   2528016
  1.344794e+01   1.455690e-09   5.589318e-03   6.299482e-13   2521496
  1.346868e+01   1.453417e-09   6.768009e-03   6.301445e-13   2518092
  1.348943e+01   1.447172e-09   2.131148e-03   6.262907e-13   2511632
  1.351017e+01   1.444634e-09   0.000000e+00   6.259447e-13   2500140
  1.353090e+01   1.439603e-09   5.980142e-03   6.248145e-13   2496980
  1.355164e+01   1.435862e-09   6.846647e-03   6.221325e-13   2487428
  1.357238e+01   1.431054e-09   7.312517e-03   6.200564e-13   2486496
  1.359312e+01   1.427227e-09   1.098467e-02   6.201589e-13   2469840
  1.361384e+01   1.423255e-09   7.603389e-03   6.173024e-13   2469656
  1.363457e+01   1.419805e-09   2.775178e-03   6.168335e-13   2457036
  1.365532e+01   1.414479e-09   5.100677e-03   6.121738e-13   2462684
  1.367607e+01   1.411103e-09   4.353510e-03   6.128527e-13   2442384
  1.369680e+01   1.407555e-09   4.776020e-03   6.110875e-13   2441696
  1.371753e+01   1.403675e-09   2.823294e-03   6.097024e-13   2431164
  1.373826e+01   1.397575e-09   0.000000e+00   6.079338e-13   2423696
  1.375899e+01   1.394769e-09   8.899276e-03   6.057124e-13   2421336
  1.377974e+01   1.391075e-09   5.506332e-03   6.053741e-13   2412992
  1.380048e+01   1.390034e-09   4.722377e-03   6.061607e-13   2402732
  1.382121e+01   1.383825e-09   7.840650e-03   6.025574e-13   2396124
  1.384194e+01   1.379625e-09   6.665673e-03   6.012775e-13   2388480
  1.386269e+01   1.377276e-09   6.098603e-03   5.992642e-13   2387060
  1.388343e+01   1.372829e-09   6.405063e-03   5.990621e-13   2370268
  1.390413e+01   1.370810e-09   7.234359e-03   5.981271e-13   2363776
  1.392485e+01   1.368499e-09   5.496208e-03   5.967155e-13   2360176
  1.394560e+01   1.362618e-09   5.598578e-03   5.949607e-13   2356360
  1.396634e+01   1.360158e-09   5.809822e-03   5.944334e-13   2343240
  1.398708e+01   1.356114e-09   5.172646e-03   5.922850e-13   2340248
  1.400781e+01   1.351866e-09   6.415243e-03   5.922605e-13   2325000
  1.402855e+01   1.347878e-09   5.034631e-03   5.885618e-13   2328632
  1.404931e+01   1.345034e-09   7.581460e-03   5.891823e-13   2313100
  1.407005e+01   1.340258e-09   6.569221e-03   5.860657e-13   2310892
  1.409078e+01   1.338176e-09   7.359673e-03   5.877386e-13   2295420
  1.411152e+01   1.333977e-09   7.216262e-03   5.849818e-13   2293592
  1.413225e+01   1.332532e-09   5.843376e-03   5.860279e-13   2281400
  1.415301e+01   1.328938e-09   7.162677e-03   5.830570e-13   2285760
  1.417375e+01   1.324945e-09   3.710493e-03   5.840070e-13   2259408
  1.419448e+01   1.322440e-09   0.000000e+00   5.815523e-13   2266808
  1.421523e+01   1.318186e-09   7.132345e-03   5.801259e-13   2249348
  1.423595e+01   1.315711e-09   4.544689e-03   5.796175e-13   2244732
  1.425667e+01   1.311886e-09   8.608102e-03   5.785185e-13   2233908
  1.427741e+01   1.307631e-09   2.774779e-03   5.772933e-13   2231660
  1.429815e+01   1.307082e-09   5.987714e-03   5.775791e-13   2218736
  1.431890e+01   1.301689e-09   4.480201e-03   5.748931e-13   2217984
  1.433965e+01   1.300020e-09   8.736606e-03   5.757369e-13   2203300
  1.436039e+01   1.296738e-09   6.637866e-03   5.742700e-13   2197072
  1.438110e+01   1.294097e-09   0.000000e+00   5.749574e-13   2181992
  1.440182e+01   1.290013e-09   4.629755e-03   5.725773e-13   2183664
  1.442258e+01   1.288457e-09   6.899420e-03   5.719474e-13   2173464
  1.444333e+01   1.284020e-09   0.000000e+00   5.712259e-13   2165396
  1.446406e+01   1.282409e-09   3.238782e-03   5.713916e-13   2152784
  1.448479e+01   1.279189e-09   8.100113e-03   5.700153e-13   2147532
  1.450553e+01   1.276518e-09   2.325008e-03   5.687915e-13   2139588
  1.452629e+01   1.271874e-09   4.201135e-03   5.660461e-13   2135432
  1.454699e+01   1.270346e-09   5.595950e-03   5.688347e-13   2109256
  1.456769e+01   1.267061e-09   6.070416e-03   5.661561e-13   2117296
  1.458845e+01   1.265136e-09   4.635949e-03   5.668743e-13   2106252
  1.460920e+01   1.262468e-09   7.474969e-03   5.656289e-13   2099096
  1.462995e+01   1.259810e-09   7.432876e-03   5.652286e-13   2088384
  1.465068e+01   1.255884e-09   8.390757e-03   5.647949e-13   2078480
  1.467141e+01   1.253616e-09   5.558345e-03   5.631619e-13   2069016
  1.469215e+01   1.251332e-09   3.714029e-03   5.631243e-13   2064836
  1.471290e+01   1.249459e-09   0.000000e+00   5.628036e-13   2055420
  1.473364e+01   1.246261e-09   3.294091e-03   5.620726e-13   2043224
  1.475435e+01   1.245427e-09   8.258100e-03   5.632581e-13   2032260
  1.477510e+01   1.241985e-09   7.883233e-03   5.624775e-13   2034152
  1.479587e+01   1.240186e-09   4.317387e-03   5.628279e-13   2017644
  1.481660e+01   1.237352e-09   9.724189e-03   5.607971e-13   2010284
  1.483732e+01   1.235331e-09   1.112645e-03   5.618735e-13   1996540
  1.485804e+01   1.232331e-09   7.484619e-03   5.613034e-13   1992832
  1.487878e+01   1.231085e-09   8.341794e-03   5.621903e-13   1982400
  1.489950e+01   1.228497e-09   1.583248e-03   5.612480e-13   1972256
  1.492022e+01   1.226022e-09   7.529530e-03   5.599180e-13   1964352
  1.494097e+01   1.223665e-09   6.398408e-03   5.601886e-13   1958576
  1.496172e+01   1.221222e-09   4.328253e-03   5.602019e-13   1946940
  1.498248e+01   1.220422e-09   8.016871e-03   5.598062e-13   1942580
  1.500320e+01   1.217726e-09   1.078796e-02   5.617750e-13   1921740
  1.502393e+01   1.215105e-09   2.454292e-03   5.603602e-13   1923956
  1.504468e+01   1.213465e-09   6.989412e-03   5.602412e-13   1907896
  1.506543e+01   1.212063e-09   8.970373e-03   5.603836e-13   1906888
  1.508616e+01   1.208742e-09   8.027262e-03   5.616944e-13   1886160
  1.510687e+01   1.207736e-09   6.401739e-03   5.609949e-13   1883120
  1.512763e+01   1.204478e-09   2.172904e-03   5.609598e-13   1875140
  1.514838e+01   1.202531e-09   6.784085e-03   5.599689e-13   1865652
  1.516912e+01   1.202343e-09   7.186852e-03   5.617141e-13   1853268
  1.518986e+01   1.197067e-09   6.368729e-03   5.601057e-13   1847180
  1.521057e+01   1.198284e-09   8.757049e-03   5.623952e-13   1829604
  1.523130e+01   1.194195e-09   4.027257e-03   5.601032e-13   1829720
  1.525205e+01   1.192328e-09   7.673926e-03   5.619239e-13   1817184
  1.527279e+01   1.190503e-09   6.691625e-03   5.629410e-13   1806320
  1.529351e+01   1.188667e-09   4.718105e-03   5.626155e-13   1795536
  1.531426e+01   1.186497e-09   7.310392e-03   5.618231e-13   1791548
  1.533501e+01   1.186604e-09   6.007263e-03   5.642431e-13   1777512
  1.535575e+01   1.183720e-09   0.000000e+00   5.636094e-13   1769984
  1.537648e+01   1.182951e-09   7.869625e-03   5.648940e-13   1756248
  1.539720e+01   1.180672e-09   8.736681e-03   5.637198e-13   1749248
  1.541794e+01   1.179419e-09   6.331362e-03   5.640926e-13   1739928
  1.543870e+01   1.178136e-09   7.064305e-03   5.664519e-13   1732148
  1.545943e+01   1.175180e-09   6.155797e-03   5.660458e-13   1716964
  1.548017e+01   1.173721e-09   5.908677e-03   5.664413e-13   1712164
  1.550091e+01   1.174309e-09   8.995952e-03   5.686968e-13   1698332
  1.552166e+01   1.171611e-09   9.326114e-03   5.684858e-13   1694100
  1.554240e+01   1.168882e-09   0.000000e+00   5.695605e-13   1675412
  1.556311e+01   1.167741e-09   7.644963e-03   5.699302e-13   1670436
  1.558382e+01   1.167145e-09   4.366939e-03   5.704907e-13   1655532
  1.560458e+01   1.165884e-09   9.625495e-03   5.704688e-13   1656860
  1.562533e+01   1.163259e-09   2.812895e-03   5.717921e-13   1636484
  1.564607e+01   1.162797e-09   3.771529e-03   5.719776e-13   1633212
  1.566680e+01   1.161514e-09   5.600364e-03   5.759812e-13   1614044
  1.568753e+01   1.159070e-09   4.268518e-03   5.746615e-13   1612980
  1.570828e+01   1.158646e-09   8.426132e-03   5.754468e-13   1597036
  1.572901e+01   1.157479e-09   6.368317e-03   5.756345e-13   1590676
  1.574975e+01   1.156238e-09   4.330532e-03   5.788399e-13   1575812
  1.577046e+01   1.153555e-09   4.750730e-03   5.779832e-13   1566156
  1.579120e+01   1.154397e-09   7.443028e-03   5.805065e-13   1560980
  1.581197e+01   1.152197e-09   7.782028e-03   5.814623e-13   1549404
  1.583269e+01   1.150712e-09   0.000000e+00   5.823327e-13   1532436
  1.585340e+01   1.150002e-09   7.114922e-03   5.836110e-13   1527524
  1.587415e+01   1.148783e-09   7.920725e-03   5.855781e-13   1515204
  1.589488e+01   1.149248e-09   0.000000e+00   5.866397e-13   1506452
  1.591563e+01   1.148445e-09   2.485581e-03   5.890433e-13   1495116
  1.593633e+01   1.145721e-09   6.870199e-03   5.907706e-13   1479152
  1.595705e+01   1.143959e-09   0.000000e+00   5.901392e-13   1475400
  1.597784e+01   1.144351e-09   3.444711e-03   5.911331e-13   1467932
  1.599860e+01   1.143581e-09   7.398443e-03   5.947998e-13   1451256
  1.601934e+01   1.140857e-09   0.000000e+00   5.943915e-13   1443212
  1.604005e+01   1.141605e-09   6.137094e-03   5.989216e-13   1425648
  1.606078e+01   1.138858e-09   8.363830e-03   5.976739e-13   1423004
  1.608153e+01   1.139127e-09   5.362751e-03   6.006712e-13   1408632
  1.610228e+01   1.136879e-09   8.063514e-03   6.015381e-13   1400984
  1.612301e+01   1.137038e-09   7.983725e-03   6.046454e-13   1383180
  1.614373e+01   1.136700e-09   8.848161e-03   6.063434e-13   1378136
  1.616449e+01   1.134712e-09   9.370474e-03   6.072739e-13   1367136
  1.618526e+01   1.134992e-09   5.330146e-03   6.088122e-13   1356716
  1.620596e+01   1.132222e-09   5.807028e-03   6.116248e-13   1336908
  1.622665e+01   1.134708e-09   0.000000e+00   6.152021e-13   1332620
  1.624739e+01   1.132944e-09   6.661363e-03   6.173067e-13   1321748
  1.626815e+01   1.132444e-09   3.195922e-03   6.182935e-13   1312764
  1.628889e+01   1.131799e-09   0.000000e+00   6.211626e-13   1296636
  1.630963e+01   1.128067e-09   6.751760e-03   6.206366e-13   1291472
  1.633037e+01   1.130458e-09   1.118083e-02   6.275947e-13   1272768
  1.635110e+01   1.128231e-09   6.730010e-03   6.265865e-13   1269080
  1.637186e+01   1.127044e-09   7.659686e-03   6.289311e-13   1253696
  1.639259e+01   1.126556e-09   9.548135e-03   6.327768e-13   1241616
  1.641328e+01   1.125459e-09   7.271796e-03   6.346284e-13   1226712
  1.643403e+01   1.121792e-09   8.818765e-03   6.343773e-13   1226228
  1.645480e+01   1.123902e-09   6.622530e-03   6.391434e-13   1207848
  1.647554e+01   1.123589e-09   3.851249e-03   6.410608e-13   1198256
  1.649626e+01   1.122779e-09   7.080728e-03   6.461130e-13   1181516
  1.651699e+01   1.121054e-09   0.000000e+00   6.454677e-13   1177980
  1.653775e+01   1.119290e-09   2.965291e-03   6.494680e-13   1161756
  1.655846e+01   1.118671e-09   6.393670e-03   6.509345e-13   1150148
  1.657919e+01   1.117702e-09   5.101433e-03   6.547846e-13   1138848
  1.659992e+01   1.116051e-09   0.000000e+00   6.574624e-13   1126748
  1.662065e+01   1.120030e-09   2.732182e-03   6.629307e-13   1117652
  1.664143e+01   1.115557e-09   0.000000e+00   6.628721e-13   1107888
  1.666218e+01   1.115522e-09   4.923446e-03   6.672733e-13   1090964
  1.668290e+01   1.114619e-09   5.052515e-03   6.696439e-13   1080684
  1.670361e+01   1.112963e-09   9.069967e-03   6.754787e-13   1065660
  1.672435e+01   1.115884e-09   0.000000e+00   6.778652e-13   1061996
  1.674512e+01   1.111194e-09   5.035167e-03   6.784386e-13   1044320
  1.676585e+01   1.108844e-09   9.805859e-03   6.809654e-13   1034640
  1.678659e+01   1.110423e-09   5.356331e-03   6.854078e-13   1019172
  1.680734e+01   1.108416e-09   4.764747e-03   6.882079e-13   1013948
  1.682810e+01   1.109349e-09   1.088594e-02   6.934268e-13   996376
  1.684883e+01   1.106189e-09   0.000000e+00   6.961777e-13   985288
  1.686952e+01   1.105881e-09   0.000000e+00   6.999842e-13   969596
  1.689026e+01   1.105706e-09   9.784530e-03   7.018729e-13   964980
  1.691100e+01   1.105576e-09   7.885336e-03   7.086605e-13   947252
  1.693173e+01   1.100619e-09   9.508697e-03   7.077873e-13   939060
  1.695247e+01   1.100084e-09   6.590218e-03   7.137205e-13   922328
  1.697319e+01   1.099631e-09   2.892386e-03   7.182093e-13   913788
  1.699396e+01   1.097702e-09   1.079924e-02   7.197420e-13   902812
  1.701473e+01   1.096963e-09   7.658659e-03   7.256029e-13   888544
  1.703544e+01   1.094927e-09   9.144247e-03   7.291308e-13   872948
  1.705614e+01   1.091872e-09   0.000000e+00   7.317992e-13   862440
  1.707686e+01   1.095510e-09   5.224484e-03   7.390155e-13   851760
  1.709764e+01   1.089235e-09   9.147385e-04   7.382166e-13   841940
  1.711838e+01   1.089257e-09   5.326367e-03   7.471791e-13   822984
  1.713911e+01   1.084755e-09   4.789060e-03   7.467689e-13   816092
  1.715986e+01   1.083852e-09   0.000000e+00   7.543796e-13   799284
  1.718060e+01   1.082683e-09   1.005702e-02   7.555034e-13   791312
  1.720133e+01   1.079904e-09   5.281657e-03   7.613842e-13   772524
  1.722201e+01   1.079432e-09   5.981171e-03   7.656597e-13   762896
  1.724274e+01   1.075674e-09   4.112420e-03   7.687051e-13   750876
  1.726350e+01   1.074443e-09   5.799341e-03   7.725561e-13   739280
  1.728424e+01   1.072290e-09   6.452509e-03   7.754395e-13   724840
  1.730500e+01   1.065609e-09   4.386847e-03   7.763898e-13   714484
  1.732570e+01   1.064794e-09   7.076737e-03   7.855305e-13   695868
  1.734643e+01   1.061685e-09   9.320012e-03   7.841592e-13   691013
  1.736720e+01   1.059295e-09   6.539367e-03   7.887228e-13   673486
  1.738792e+01   1.054696e-09   8.011495e-03   7.889547e-13   666244
  1.740865e+01   1.053089e-09   5.935654e-03   7.954819e-13   651008
  1.742937e+01   1.052922e-09   0.000000e+00   7.990004e-13   644820
  1.745012e+01   1.049474e-09   0.000000e+00   8.029316e-13   632636
  1.747088e+01   1.049390e-09   8.725410e-03   8.051675e-13   625002
  1.749160e+01   1.045970e-09   5.474858e-03   8.114386e-13   611208
  1.751236e+01   1.043029e-09   0.000000e+00   8.122030e-13   607328
  1.753310e+01   1.044365e-09   0.000000e+00   8.220398e-13   592272
  1.755383e+01   1.039560e-09   0.000000e+00   8.203795e-13   587504
  1.757458e+01   1.039338e-09   1.003797e-02   8.279651e-13   575466
  1.759530e+01   1.038033e-09   0.000000e+00   8.324689e-13   568274
  1.761605e+01   1.036909e-09   0.000000e+00   8.366612e-13   559518
  1.763681e+01   1.033284e-09   5.375444e-03   8.366797e-13   551618
  1.765756e+01   1.036341e-09   5.021383e-03   8.478230e-13   542364
  1.767830e+01   1.030657e-09   7.858722e-03   8.483169e-13   534146
  1.769901e+01   1.031938e-09   9.703311e-03   8.591560e-13   525076
  1.771977e+01   1.029354e-09   0.000000e+00   8.574860e-13   519868
  1.774048e+01   1.028411e-09   4.305667e-03   8.665839e-13   507108
  1.776121e+01   1.026910e-09   3.423159e-03   8.687364e-13   504992
  1.778195e+01   1.026805e-09   1.024108e-02   8.763663e-13   492636
  1.780269e+01   1.024875e-09   0.000000e+00   8.741098e-13   490052
  1.782345e+01   1.023059e-09   2.490055e-03   8.857043e-13   477708
  1.784416e+01   1.021410e-09   1.390224e-03   8.854134e-13   473852
  1.786490e+01   1.023184e-09   1.224584e-02   8.976078e-13   464174
  1.788563e+01   1.021315e-09   5.206155e-03   8.983552e-13   459096
  1.790635e+01   1.019787e-09   7.578709e-03   9.030016e-13   449582
  1.792709e+01   1.018297e-09   1.316660e-02   9.078084e-13   445812
  1.794780e+01   1.018773e-09   7.624826e-03   9.191416e-13   435134
  1.796856e+01   1.018205e-09   3.998983e-03   9.199425e-13   433590
  1.798930e+01   1.017455e-09   0.000000e+00   9.311328e-13   421070
  1.801002e+01   1.014388e-09   0.000000e+00   9.319775e-13   419940
  1.803080e+01   1.015207e-09   6.563254e-03   9.389602e-13   409714
  1.805149e+01   1.012844e-09   0.000000e+00   9.443405e-13   404182
  1.807223e+01   1.013396e-09   5.632882e-03   9.504177e-13   398518
  1.809299e+01   1.012679e-09   7.257085e-03   9.554665e-13   392302
  1.811372e+01   1.013012e-09   7.163743e-03   9.632437e-13   385486
  1.813451e+01   1.012899e-09   6.188563e-03   9.680154e-13   381550
  1.815522e+01   1.011294e-09   0.000000e+00   9.822197e-13   370826
  1.817595e+01   1.012401e-09   0.000000e+00   9.859499e-13   370014
  1.819670e+01   1.010769e-09   6.188106e-03   9.957995e-13   359910
  1.821742e+01   1.007699e-09   1.024978e-02   9.974413e-13   357416
  1.823815e+01   1.010914e-09   1.028119e-02   1.012521e-12   348174
  1.825887e+01   1.010783e-09   1.010845e-02   1.010476e-12   346010
  1.827960e+01   1.008591e-09   9.550784e-03   1.024133e-12   337094
  1.830037e+01   1.006036e-09   1.072317e-02   1.020237e-12   336360
  1.832112e+01   1.010686e-09   6.334164e-03   1.041138e-12   325206
  1.834184e+01   1.007877e-09   1.191205e-02   1.041134e-12   324614
  1.836257e+01   1.005729e-09   6.653485e-03   1.054958e-12   314760
  1.838330e+01   1.007036e-09   3.260011e-03   1.058108e-12   314114
  1.840402e+01   1.004361e-09   7.953661e-03   1.070809e-12   303918
  1.842475e+01   1.008746e-09   0.000000e+00   1.072413e-12   303872
  1.844552e+01   1.007395e-09   5.501396e-03   1.088490e-12   295062
  1.846626e+01   1.005050e-09   8.225186e-03   1.087987e-12   292784
  1.848701e+01   1.006024e-09   0.000000e+00   1.103770e-12   285198
  1.850773e+01   1.008813e-09   0.000000e+00   1.110683e-12   282068
  1.852847e+01   1.004428e-09   0.000000e+00   1.118515e-12   275958
  1.854919e+01   1.006586e-09   1.009530e-02   1.129918e-12   272072
  1.856991e+01   1.004148e-09   5.257714e-03   1.139505e-12   266352
  1.859065e+01   1.005126e-09   1.684414e-03   1.145596e-12   263198
  1.861138e+01   1.008068e-09   7.768931e-03   1.159128e-12   256524
  1.863213e+01   1.006432e-09   5.861680e-03   1.165180e-12   254774
  1.865286e+01   1.008853e-09   5.094107e-03   1.185212e-12   246888
  1.867361e+01   1.006224e-09   0.000000e+00   1.183817e-12   245984
  1.869434e+01   1.009893e-09   9.660458e-04   1.207106e-12   237822
  1.871507e+01   1.005144e-09   0.000000e+00   1.203390e-12   236948
  1.873579e+01   1.007829e-09   0.000000e+00   1.221998e-12   229296
  1.875655e+01   1.008618e-09   3.430123e-03   1.225766e-12   228968
  1.877731e+01   1.006442e-09   1.112442e-02   1.245739e-12   220894
  1.879806e+01   1.008114e-09   7.984531e-03   1.253823e-12   220408
  1.881881e+01   1.007853e-09   1.018337e-03   1.280253e-12   212400
  1.883955e+01   1.008865e-09   2.697829e-03   1.275940e-12   212228
  1.886030e+01   1.010311e-09   9.741035e-03   1.300644e-12   204502
  1.888104e+01   1.012055e-09   4.720682e-03   1.307662e-12   203944
  1.890176e+01   1.013164e-09   7.945553e-03   1.329368e-12   196272
  1.892248e+01   1.010459e-09   7.218442e-03   1.319307e-12   196280
  1.894321e+01   1.014814e-09   5.421396e-03   1.360990e-12   188604
  1.896392e+01   1.013959e-09   6.773012e-03   1.367099e-12   188408
  1.898465e+01   1.016900e-09   2.002907e-03   1.390145e-12   181566
  1.900538e+01   1.013978e-09   5.858929e-03   1.391272e-12   180920
  1.902611e+01   1.014933e-09   7.297743e-03   1.413777e-12   174304
  1.904684e+01   1.019898e-09   0.000000e+00   1.417785e-12   173620
  1.906758e+01   1.017099e-09   7.744570e-03   1.439299e-12   167432
  1.908835e+01   1.016164e-09   5.682941e-03   1.453257e-12   166944
  1.910906e+01   1.017337e-09   9.845622e-03   1.488628e-12   159704
  1.912981e+01   1.017657e-09   6.757546e-03   1.472251e-12   160464
  1.915054e+01   1.021721e-09   5.589564e-03   1.520493e-12   152756
  1.917128e+01   1.021953e-09   9.371189e-03   1.514964e-12   153912
  1.919201e+01   1.024570e-09   1.009751e-02   1.558329e-12   146024
  1.921272e+01   1.023340e-09   1.586231e-02   1.547305e-12   147168
  1.923347e+01   1.027520e-09   9.244261e-03   1.596881e-12   140000
  1.925420e+01   1.026712e-09   0.000000e+00   1.586234e-12   140580
  1.927495e+01   1.027535e-09   8.463159e-03   1.633595e-12   134112
  1.929569e+01   1.032174e-09   1.367543e-02   1.632407e-12   134264
  1.931643e+01   1.029789e-09   8.712460e-03   1.672089e-12   128000
  1.933717e+01   1.032696e-09   1.113140e-02   1.675638e-12   128124
  1.935794e+01   1.037334e-09   7.390497e-03   1.708407e-12   122472
  1.937867e+01   1.030540e-09   1.116104e-02   1.706511e-12   121808
  1.939939e+01   1.038432e-09   3.131269e-03   1.761655e-12   116592
  1.942010e+01   1.033186e-09   0.000000e+00   1.748846e-12   116072
  1.944084e+01   1.035839e-09   1.174383e-02   1.793678e-12   111156
  1.946160e+01   1.036894e-09   0.000000e+00   1.807211e-12   110864
  1.948235e+01   1.039340e-09   0.000000e+00   1.849427e-12   105464
  1.950311e+01   1.042237e-09   6.163517e-03   1.847724e-12   105738
  1.952384e+01   1.043544e-09   8.707508e-03   1.920588e-12   99824
  1.954458e+01   1.049721e-09   0.000000e+00   1.925397e-12   100452
  1.956528e+01   1.046048e-09   1.097736e-02   1.967993e-12   94608
  1.958602e+01   1.045615e-09   5.905151e-03   1.956337e-12   95456
  1.960674e+01   1.045086e-09   1.141919e-02   2.024998e-12   89688
  1.962750e+01   1.049777e-09   9.133982e-03   2.032016e-12   90632
  1.964820e+01   1.049075e-09   8.153257e-03   2.079054e-12   84558
  1.966895e+01   1.050109e-09   5.694571e-03   2.073426e-12   86096
  1.968966e+01   1.055165e-09   6.462828e-03   2.155176e-12   79632
  1.971035e+01   1.050774e-09   1.138665e-02   2.129133e-12   81416
  1.973110e+01   1.053391e-09   9.083873e-03   2.217311e-12   75348
  1.975179e+01   1.056045e-09   0.000000e+00   2.212176e-12   76712
  1.977255e+01   1.054086e-09   1.122392e-02   2.285437e-12   71322
  1.979329e+01   1.055809e-09   4.079787e-03   2.276180e-12   72248
  1.981405e+01   1.057397e-09   0.000000e+00   2.365692e-12   67152
  1.983478e+01   1.063018e-09   0.000000e+00   2.352043e-12   67844
  1.985547e+01   1.062613e-09   0.000000e+00   2.462674e-12   62976
  1.987623e+01   1.061619e-09   0.000000e+00   2.438288e-12   63914
  1.989690e+01   1.071139e-09   0.000000e+00   2.551576e-12   58824
  1.991765e+01   1.071482e-09   1.190337e-02   2.530608e-12   60116
  1.993832e+01   1.072978e-09   0.000000e+00   2.654903e-12   54888
  1.995918e+01   1.075603e-09   0.000000e+00   2.616143e-12   57002
  1.997990e+01   1.071773e-09   0.000000e+00   2.730703e-12   50760
  2.000066e+01   1.075096e-09   9.836063e-03   2.696638e-12   53312
  2.002137e+01   1.071454e-09   8.749511e-03   2.836423e-12   47124
  2.004212e+01   1.082689e-09   0.000000e+00   2.822758e-12   49850
  2.006284e+01   1.082732e-09   1.162949e-02   3.008635e-12   43680
  2.008353e+01   1.078527e-09   2.570199e-03   2.873054e-12   46328
  2.010432e+01   1.087200e-09   0.000000e+00   3.128913e-12   40686
  2.012504e+01   1.082612e-09   8.569105e-03   3.054493e-12   42992
  2.014585e+01   1.091974e-09   6.017009e-03   3.243831e-12   37656
  2.016652e+01   1.094676e-09   5.390016e-03   3.174130e-12   39578
  2.018733e+01   1.089549e-09   7.220080e-03   3.406690e-12   34928
  2.020801e+01   1.094510e-09   5.116100e-03   3.347802e-12   36300
  2.022875e+01   1.108936e-09   3.387142e-03   3.582826e-12   32136
  2.024946e+01   1.096867e-09   1.205525e-02   3.480920e-12   33362
  2.027012e+01   1.102373e-09   9.989756e-03   3.686121e-12   29336
  2.029092e+01   1.103312e-09   9.048072e-03   3.644224e-12   30804
  2.031152e+01   1.108150e-09   8.651673e-03   3.950847e-12   26490
  2.033235e+01   1.104741e-09   1.065359e-02   3.794760e-12   28376
  2.035289e+01   1.126275e-09   7.064419e-03   4.155132e-12   23792
  2.037379e+01   1.114600e-09   0.000000e+00   3.972780e-12   26142
  2.039429e+01   1.119717e-09   4.594446e-03   4.440369e-12   21192
  2.041525e+01   1.132636e-09   1.074803e-03   4.223187e-12   24050
  2.043576e+01   1.121129e-09   9.956794e-03   4.763371e-12   18768
  2.045678e+01   1.120091e-09   7.564091e-03   4.413778e-12   22052
  2.047726e+01   1.140756e-09   7.729129e-03   5.221082e-12   16346
  2.049824e+01   1.141882e-09   1.181727e-02   4.675269e-12   20136
  2.051874e+01   1.141271e-09   0.000000e+00   5.528132e-12   14168
  2.053964e+01   1.132835e-09   6.356311e-03   4.844016e-12   18210
  2.056015e+01   1.143539e-09   0.000000e+00   5.864610e-12   12204
  2.058098e+01   1.135109e-09   1.051792e-02   5.139651e-12   16346
  2.060159e+01   1.140390e-09   0.000000e+00   6.366776e-12   10536
  2.062233e+01   1.143824e-09   7.593538e-03   5.537582e-12   14456
  2.064292e+01   1.150276e-09   0.000000e+00   7.140193e-12   8982
  2.066366e+01   1.153197e-09   4.760635e-03   5.807740e-12   12752
  2.068420e+01   1.150264e-09   0.000000e+00   7.467862e-12   7506
  2.070494e+01   1.156939e-09   6.190922e-03   6.400299e-12   11192
  2.072544e+01   1.142975e-09   0.000000e+00   8.739780e-12   6156
  2.074617e+01   1.167967e-09   4.893570e-03   6.703554e-12   9722
  2.076673e+01   1.165684e-09   7.201021e-03   9.281357e-12   5000
  2.078741e+01   1.146913e-09   5.383953e-03   7.219770e-12   8298
  2.080803e+01   1.154180e-09   7.705125e-03   1.021582e-11   3996
  2.082859e+01   1.157646e-09   6.489033e-03   8.260444e-12   6938
  2.084933e+01   1.175918e-09   0.000000e+00   1.200605e-11   3168
  2.086970e+01   1.169731e-09   0.000000e+00   8.952931e-12   5624
  2.089052e+01   1.143381e-09   0.000000e+00   1.382377e-11   2502
  2.091079e+01   1.196699e-09   1.277911e-02   1.053168e-11   4424
  2.093167e+01   1.156738e-09   0.000000e+00   1.561352e-11   1938
  2.095192e+01   1.185824e-09   8.743042e-03   1.187617e-11   3368
  2.097286e+01   1.154066e-09   0.000000e+00   1.691114e-11   1446
  2.099308e+01   1.220355e-09   1.175036e-02   1.478243e-11   2456
  2.101409e+01   1.170064e-09   0.000000e+00   2.106904e-11   1026
  2.103425e+01   1.172341e-09   8.355572e-03   1.603728e-11   1688
  2.105536e+01   1.204048e-09   0.000000e+00   2.634542e-11   678
  2.107543e+01   1.223752e-09   0.000000e+00   2.158791e-11   1064
  2.109668e+01   1.248893e-09   0.000000e+00   3.400000e-11   402
  2.111655e+01   1.212828e-09   1.867745e-03   2.838019e-11   584
  2.113804e+01   1.174505e-09   4.085513e-03   5.713275e-11   198
  2.115751e+01   1.192213e-09   0.000000e+00   4.065737e-11   248
  2.117944e+01   1.099176e-09   0.000000e+00   5.892791e-11   66
  2.119769e+01   1.201651e-09   0.000000e+00   9.249691e-11   56
  2.122088e+01   6.867619e-10   3.593017e-03   7.417648e-11   6
