# power spectrum of omega (curl v)
# redshift z=0.589500
# k              Pk             sigma(k)       sigma(Pk)      count
  3.055727e-02   6.812165e-18   4.675553e-03   1.247697e-18   18
  5.341665e-02   1.147414e-16   5.655040e-03   1.322243e-17   62
  7.434527e-02   6.630904e-16   3.912110e-03   6.037962e-17   90
  9.415887e-02   2.398980e-15   6.174130e-03   1.238111e-16   170
  1.147788e-01   8.411797e-15   6.417357e-03   4.024478e-16   246
  1.349136e-01   2.030508e-14   6.117973e-03   8.874923e-16   338
  1.547840e-01   4.402624e-14   5.259740e-03   1.473485e-15   432
  1.752496e-01   9.483092e-14   5.388591e-03   2.858311e-15   578
  1.970923e-01   1.828959e-13   6.441711e-03   4.695006e-15   810
  2.191172e-01   3.317694e-13   6.164249e-03   7.958100e-15   950
  2.395018e-01   6.079901e-13   5.502849e-03   1.391309e-14   1002
  2.598830e-01   9.581088e-13   6.293481e-03   1.909786e-14   1334
  2.805077e-01   1.458625e-12   5.893900e-03   2.836297e-14   1410
  3.001415e-01   2.148858e-12   5.888504e-03   3.713730e-14   1652
  3.206634e-01   3.014417e-12   5.811251e-03   4.865728e-14   1974
  3.417217e-01   4.037427e-12   5.695893e-03   5.944077e-14   2234
  3.628382e-01   5.453969e-12   5.992205e-03   7.506769e-14   2554
  3.842991e-01   7.959272e-12   6.271470e-03   1.045758e-13   2950
  4.053164e-01   1.051041e-11   5.870280e-03   1.327920e-13   3042
  4.257258e-01   1.318025e-11   5.986537e-03   1.614648e-13   3422
  4.459920e-01   1.698788e-11   5.777647e-03   2.020656e-13   3618
  4.663977e-01   2.162544e-11   6.014958e-03   2.303232e-13   4172
  4.871509e-01   2.623861e-11   5.818807e-03   2.865031e-13   4470
  5.080134e-01   3.388966e-11   5.946319e-03   3.433631e-13   4970
  5.289512e-01   4.184978e-11   5.973882e-03   4.029254e-13   5334
  5.499014e-01   5.079315e-11   6.136007e-03   4.857278e-13   5810
  5.706020e-01   5.941208e-11   6.096676e-03   5.333548e-13   6114
  5.914387e-01   7.280310e-11   6.212350e-03   6.339346e-13   6782
  6.117516e-01   8.393806e-11   5.667314e-03   7.336457e-13   6684
  6.318846e-01   9.641583e-11   5.857548e-03   7.916984e-13   7574
  6.527619e-01   1.174409e-10   5.916187e-03   9.078333e-13   8154
  6.735722e-01   1.347303e-10   5.885752e-03   1.015031e-12   8618
  6.947297e-01   1.545276e-10   6.168353e-03   1.113518e-12   9494
  7.156903e-01   1.812245e-10   5.950826e-03   1.306604e-12   9618
  7.363700e-01   2.080017e-10   6.045432e-03   1.476359e-12   10306
  7.571525e-01   2.330557e-10   6.100609e-03   1.566480e-12   10942
  7.778692e-01   2.616604e-10   5.956436e-03   1.711199e-12   11452
  7.985669e-01   2.969745e-10   5.851987e-03   1.899685e-12   12046
  8.190852e-01   3.314598e-10   5.749947e-03   2.089036e-12   12522
  8.398421e-01   3.683766e-10   6.009802e-03   2.247976e-12   13562
  8.607721e-01   4.128979e-10   6.115273e-03   2.424998e-12   14182
  8.817291e-01   4.539063e-10   6.174655e-03   2.609662e-12   14986
  9.023242e-01   5.034967e-10   5.872702e-03   2.897132e-12   14982
  9.228786e-01   5.407528e-10   6.104890e-03   2.949203e-12   16388
  9.435923e-01   5.999156e-10   5.865745e-03   3.283099e-12   16626
  9.641656e-01   6.548735e-10   5.950476e-03   3.527217e-12   17678
  9.849050e-01   7.221141e-10   5.858296e-03   3.827610e-12   18354
  1.005560e+00   7.866982e-10   5.907843e-03   3.987499e-12   19034
  1.026288e+00   8.464988e-10   6.055506e-03   4.232213e-12   20142
  1.047361e+00   9.209445e-10   6.194458e-03   4.480509e-12   21386
  1.068199e+00   9.908776e-10   5.931446e-03   4.754002e-12   21318
  1.088858e+00   1.076224e-09   5.993218e-03   5.051208e-12   22676
  1.109675e+00   1.143816e-09   5.931729e-03   5.288762e-12   23322
  1.130327e+00   1.243910e-09   5.857783e-03   5.664400e-12   24134
  1.151021e+00   1.327814e-09   5.961102e-03   5.904289e-12   25146
  1.171751e+00   1.399005e-09   5.933026e-03   6.170067e-12   26030
  1.192371e+00   1.499713e-09   5.965685e-03   6.554460e-12   26674
  1.213218e+00   1.611007e-09   6.132824e-03   6.721957e-12   28570
  1.233909e+00   1.714693e-09   5.927042e-03   7.200336e-12   28224
  1.254671e+00   1.821547e-09   6.129052e-03   7.318133e-12   30626
  1.275440e+00   1.919588e-09   5.735857e-03   7.838557e-12   30158
  1.295885e+00   2.021649e-09   5.877782e-03   7.990719e-12   31674
  1.316679e+00   2.129899e-09   6.072868e-03   8.367402e-12   33306
  1.337368e+00   2.258964e-09   5.882611e-03   8.795349e-12   33422
  1.358043e+00   2.368414e-09   6.036511e-03   8.994673e-12   35298
  1.379037e+00   2.535112e-09   6.039578e-03   9.299017e-12   36650
  1.399851e+00   2.641363e-09   5.982483e-03   9.800637e-12   36992
  1.420647e+00   2.754640e-09   6.036908e-03   9.904346e-12   38730
  1.441452e+00   2.901316e-09   5.888940e-03   1.037906e-11   39246
  1.462129e+00   3.025334e-09   5.983017e-03   1.048103e-11   40466
  1.482704e+00   3.197046e-09   5.833226e-03   1.118949e-11   41170
  1.503437e+00   3.351024e-09   6.086966e-03   1.143370e-11   43534
  1.524223e+00   3.461404e-09   5.862400e-03   1.174813e-11   43650
  1.544837e+00   3.606874e-09   5.934423e-03   1.205405e-11   45272
  1.565723e+00   3.756127e-09   6.039898e-03   1.220744e-11   47098
  1.586565e+00   3.928122e-09   5.935805e-03   1.265730e-11   47746
  1.607253e+00   4.097235e-09   5.972617e-03   1.328023e-11   48870
  1.627839e+00   4.265573e-09   5.826832e-03   1.362543e-11   49682
  1.648381e+00   4.403891e-09   5.863695e-03   1.377590e-11   51222
  1.669152e+00   4.589635e-09   6.077484e-03   1.420426e-11   53378
  1.689858e+00   4.748832e-09   5.840491e-03   1.448209e-11   53634
  1.710744e+00   4.927465e-09   6.148870e-03   1.461033e-11   56888
  1.731685e+00   5.076916e-09   5.927725e-03   1.509226e-11   56650
  1.752473e+00   5.234709e-09   6.059540e-03   1.517386e-11   58786
  1.773212e+00   5.429428e-09   5.895548e-03   1.574736e-11   59214
  1.793888e+00   5.566374e-09   6.104720e-03   1.608276e-11   61250
  1.814521e+00   5.779546e-09   5.925072e-03   1.660542e-11   61686
  1.835084e+00   5.962909e-09   5.944736e-03   1.664968e-11   63626
  1.855898e+00   6.119440e-09   6.055430e-03   1.672640e-11   66204
  1.876801e+00   6.295458e-09   6.069910e-03   1.719734e-11   67094
  1.897511e+00   6.465235e-09   5.934899e-03   1.758692e-11   67890
  1.918254e+00   6.665698e-09   5.898216e-03   1.782830e-11   70334
  1.938972e+00   6.935589e-09   5.803537e-03   1.841818e-11   70626
  1.959535e+00   7.023390e-09   6.044272e-03   1.850464e-11   72554
  1.980239e+00   7.244982e-09   6.064389e-03   1.886704e-11   74550
  2.000951e+00   7.404889e-09   5.948649e-03   1.912658e-11   75674
  2.021650e+00   7.617603e-09   5.907821e-03   1.949308e-11   77564
  2.042602e+00   7.797595e-09   6.075965e-03   1.934023e-11   80766
  2.063458e+00   7.982638e-09   5.858560e-03   1.994403e-11   80202
  2.084200e+00   8.226019e-09   5.948192e-03   2.021646e-11   83102
  2.104993e+00   8.388242e-09   5.974689e-03   2.036539e-11   83890
  2.125679e+00   8.613940e-09   6.005196e-03   2.081368e-11   85522
  2.146286e+00   8.778096e-09   5.826710e-03   2.108187e-11   86670
  2.166974e+00   8.973662e-09   5.920386e-03   2.137609e-11   89588
  2.187800e+00   9.176173e-09   6.076822e-03   2.150224e-11   91038
  2.208563e+00   9.434583e-09   5.932214e-03   2.188822e-11   92522
  2.229278e+00   9.633846e-09   5.871929e-03   2.215204e-11   94242
  2.250164e+00   9.803984e-09   6.089717e-03   2.224620e-11   97550
  2.270871e+00   1.004488e-08   6.117405e-03   2.292357e-11   96250
  2.291387e+00   1.022492e-08   6.027949e-03   2.312653e-11   99166
  2.312019e+00   1.039353e-08   5.835956e-03   2.307180e-11   100932
  2.332807e+00   1.065592e-08   6.107847e-03   2.326604e-11   104306
  2.353631e+00   1.085902e-08   6.050598e-03   2.381518e-11   104990
  2.374435e+00   1.104656e-08   5.842712e-03   2.380691e-11   107874
  2.395225e+00   1.123965e-08   5.528752e-03   2.427480e-11   108322
  2.415953e+00   1.144920e-08   5.388039e-03   2.426774e-11   111454
  2.436686e+00   1.167824e-08   5.872141e-03   2.466340e-11   112002
  2.457307e+00   1.187696e-08   5.941865e-03   2.498349e-11   114158
  2.477969e+00   1.202314e-08   5.826804e-03   2.503101e-11   116148
  2.498712e+00   1.224961e-08   6.059421e-03   2.525295e-11   118754
  2.519496e+00   1.243663e-08   6.094611e-03   2.526166e-11   120942
  2.540335e+00   1.263450e-08   5.878146e-03   2.551104e-11   123170
  2.561061e+00   1.285765e-08   6.164284e-03   2.595203e-11   123638
  2.581764e+00   1.308966e-08   5.703310e-03   0.000000e+00   126858
  2.602444e+00   1.328820e-08   5.995967e-03   0.000000e+00   127698
  2.623102e+00   1.348329e-08   6.024103e-03   0.000000e+00   130640
  2.643848e+00   1.366059e-08   5.966999e-03   0.000000e+00   132642
  2.664577e+00   1.389126e-08   5.887854e-03   0.000000e+00   134534
  2.685387e+00   1.403574e-08   5.978292e-03   0.000000e+00   137954
  2.706316e+00   1.428149e-08   5.935903e-03   0.000000e+00   140610
  2.727053e+00   1.450649e-08   6.044635e-03   0.000000e+00   139590
  2.747697e+00   1.463197e-08   6.109612e-03   0.000000e+00   143546
  2.768446e+00   1.490563e-08   5.762318e-03   0.000000e+00   145338
  2.789130e+00   1.502729e-08   6.006432e-03   0.000000e+00   147272
  2.809884e+00   1.521469e-08   6.084552e-03   0.000000e+00   150434
  2.830673e+00   1.545626e-08   5.817695e-03   0.000000e+00   152214
  2.851354e+00   1.562866e-08   6.028716e-03   0.000000e+00   153186
  2.872152e+00   1.575702e-08   6.126110e-03   0.000000e+00   158642
  2.892920e+00   1.598923e-08   5.581310e-03   0.000000e+00   157350
  2.913604e+00   1.618815e-08   5.965669e-03   0.000000e+00   161906
  2.934224e+00   1.630985e-08   5.849849e-03   0.000000e+00   160824
  2.954941e+00   1.650222e-08   6.474491e-03   0.000000e+00   167906
  2.975780e+00   1.681272e-08   5.906446e-03   0.000000e+00   167578
  2.996448e+00   1.701740e-08   5.904566e-03   0.000000e+00   169798
  3.017202e+00   1.718191e-08   6.015916e-03   0.000000e+00   173586
  3.037997e+00   1.732244e-08   6.136892e-03   0.000000e+00   175274
  3.058738e+00   1.751552e-08   6.106037e-03   0.000000e+00   177654
  3.079514e+00   1.773506e-08   6.042085e-03   0.000000e+00   180698
  3.100296e+00   1.787969e-08   5.941737e-03   0.000000e+00   182680
  3.121019e+00   1.815773e-08   6.300510e-03   0.000000e+00   184138
  3.141703e+00   1.819427e-08   5.953476e-03   0.000000e+00   187138
  3.162497e+00   1.841048e-08   5.944679e-03   0.000000e+00   191134
  3.183237e+00   1.871780e-08   5.997096e-03   0.000000e+00   191010
  3.203917e+00   1.885238e-08   5.134478e-03   0.000000e+00   195134
  3.224591e+00   1.900704e-08   6.117141e-03   0.000000e+00   195810
  3.245302e+00   1.914567e-08   6.124801e-03   0.000000e+00   201140
  3.266028e+00   1.933870e-08   6.220276e-03   0.000000e+00   201054
  3.286709e+00   1.955500e-08   5.989240e-03   0.000000e+00   205250
  3.307449e+00   1.973327e-08   5.654500e-03   0.000000e+00   207366
  3.328190e+00   1.996138e-08   6.474126e-03   0.000000e+00   210578
  3.348952e+00   2.009323e-08   5.861246e-03   0.000000e+00   213066
  3.369784e+00   2.022752e-08   6.155683e-03   0.000000e+00   217382
  3.390517e+00   2.042557e-08   5.927750e-03   0.000000e+00   216306
  3.411156e+00   2.062233e-08   5.906284e-03   0.000000e+00   220652
  3.431937e+00   2.072045e-08   6.180112e-03   0.000000e+00   224622
  3.452759e+00   2.097774e-08   5.356949e-03   0.000000e+00   227066
  3.473510e+00   2.107605e-08   5.802976e-03   0.000000e+00   228574
  3.494223e+00   2.138773e-08   5.147990e-03   0.000000e+00   231466
  3.514919e+00   2.144494e-08   5.802075e-03   0.000000e+00   233946
  3.535692e+00   2.168336e-08   6.372419e-03   0.000000e+00   238694
  3.556393e+00   2.180746e-08   6.134387e-03   0.000000e+00   238068
  3.577104e+00   2.206573e-08   6.024950e-03   0.000000e+00   244190
  3.597909e+00   2.213027e-08   5.851771e-03   0.000000e+00   245634
  3.618618e+00   2.225329e-08   6.328609e-03   0.000000e+00   248090
  3.639357e+00   2.243223e-08   5.825550e-03   0.000000e+00   251958
  3.660107e+00   2.269082e-08   6.207862e-03   0.000000e+00   254042
  3.680782e+00   2.276754e-08   5.827840e-03   0.000000e+00   255714
  3.701550e+00   2.298597e-08   6.339457e-03   0.000000e+00   262358
  3.722328e+00   2.313763e-08   5.669852e-03   0.000000e+00   261900
  3.743134e+00   2.326673e-08   6.102834e-03   0.000000e+00   268646
  3.763850e+00   2.348240e-08   5.830538e-03   0.000000e+00   265578
  3.784524e+00   2.359391e-08   5.830943e-03   0.000000e+00   273290
  3.805264e+00   2.377606e-08   5.930982e-03   0.000000e+00   273678
  3.826020e+00   2.393693e-08   6.202379e-03   0.000000e+00   279698
  3.846782e+00   2.405836e-08   6.907118e-03   0.000000e+00   279630
  3.867440e+00   2.432406e-08   5.587456e-03   0.000000e+00   283004
  3.888199e+00   2.436581e-08   5.626403e-03   0.000000e+00   288330
  3.908970e+00   2.441334e-08   6.010878e-03   0.000000e+00   289718
  3.929670e+00   2.466238e-08   5.986150e-03   0.000000e+00   292290
  3.950310e+00   2.477645e-08   5.770025e-03   0.000000e+00   294134
  3.971025e+00   2.488622e-08   5.861222e-03   0.000000e+00   300642
  3.991835e+00   2.512911e-08   6.253610e-03   0.000000e+00   303386
  4.012562e+00   2.528501e-08   6.622526e-03   0.000000e+00   304662
  4.033309e+00   2.538128e-08   5.750787e-03   0.000000e+00   309812
  4.054074e+00   2.556419e-08   5.951819e-03   0.000000e+00   311570
  4.074900e+00   2.567707e-08   5.778979e-03   0.000000e+00   318270
  4.095632e+00   2.578615e-08   6.405310e-03   0.000000e+00   315090
  4.116291e+00   2.593198e-08   5.591391e-03   0.000000e+00   322646
  4.136996e+00   2.609171e-08   5.770390e-03   0.000000e+00   322722
  4.157726e+00   2.626252e-08   6.338343e-03   0.000000e+00   329930
  4.178523e+00   2.639824e-08   6.333895e-03   0.000000e+00   331824
  4.199320e+00   2.649967e-08   5.769211e-03   0.000000e+00   336266
  4.220054e+00   2.662325e-08   6.009983e-03   0.000000e+00   336094
  4.240739e+00   2.684246e-08   5.722264e-03   0.000000e+00   341386
  4.261464e+00   2.686937e-08   6.041301e-03   0.000000e+00   344338
  4.282174e+00   2.693069e-08   6.167016e-03   0.000000e+00   347638
  4.302904e+00   2.712023e-08   5.767301e-03   0.000000e+00   351618
  4.323617e+00   2.728405e-08   5.995942e-03   0.000000e+00   353792
  4.344393e+00   2.735184e-08   5.866513e-03   0.000000e+00   360538
  4.365238e+00   2.747290e-08   5.730032e-03   0.000000e+00   363250
  4.385942e+00   2.766302e-08   6.251395e-03   0.000000e+00   362334
  4.406694e+00   2.766837e-08   5.139470e-03   0.000000e+00   371642
  4.427427e+00   2.780996e-08   5.915855e-03   0.000000e+00   368794
  4.448092e+00   2.804325e-08   5.920295e-03   0.000000e+00   376510
  4.468826e+00   2.811233e-08   5.723706e-03   0.000000e+00   377994
  4.489536e+00   2.823423e-08   5.853559e-03   0.000000e+00   382760
  4.510297e+00   2.832192e-08   6.596314e-03   0.000000e+00   386674
  4.531068e+00   2.844072e-08   5.940842e-03   0.000000e+00   390298
  4.551815e+00   2.856770e-08   6.315008e-03   0.000000e+00   393142
  4.572576e+00   2.861767e-08   6.025367e-03   0.000000e+00   397762
  4.593225e+00   2.875822e-08   5.788525e-03   0.000000e+00   396270
  4.613889e+00   2.884917e-08   6.021494e-03   0.000000e+00   405194
  4.634645e+00   2.889697e-08   5.486753e-03   0.000000e+00   407580
  4.655389e+00   2.908737e-08   6.402747e-03   0.000000e+00   411782
  4.676116e+00   2.908112e-08   5.761962e-03   0.000000e+00   414114
  4.696904e+00   2.928306e-08   6.221948e-03   0.000000e+00   421562
  4.717701e+00   2.932940e-08   6.040324e-03   0.000000e+00   421910
  4.738461e+00   2.941226e-08   5.743913e-03   0.000000e+00   427818
  4.759222e+00   2.959415e-08   6.729496e-03   0.000000e+00   429430
  4.779918e+00   2.966196e-08   6.311008e-03   0.000000e+00   432322
  4.800625e+00   2.970310e-08   5.021258e-03   0.000000e+00   437428
  4.821345e+00   2.978918e-08   5.053323e-03   0.000000e+00   440590
  4.842108e+00   2.989836e-08   5.989395e-03   0.000000e+00   446770
  4.862907e+00   2.996177e-08   5.645043e-03   0.000000e+00   449782
  4.883604e+00   3.008965e-08   6.073536e-03   0.000000e+00   449706
  4.904305e+00   3.013005e-08   6.039041e-03   0.000000e+00   458042
  4.925019e+00   3.027758e-08   5.671261e-03   0.000000e+00   458158
  4.945725e+00   3.033356e-08   5.659214e-03   0.000000e+00   465124
  4.966441e+00   3.040940e-08   5.994734e-03   0.000000e+00   466230
  4.987193e+00   3.053978e-08   6.329459e-03   0.000000e+00   474386
  5.007957e+00   3.056719e-08   5.681671e-03   0.000000e+00   475178
  5.028752e+00   3.068863e-08   6.325121e-03   0.000000e+00   483558
  5.049555e+00   3.073154e-08   5.090528e-03   0.000000e+00   483354
  5.070263e+00   3.079379e-08   4.937260e-03   0.000000e+00   487178
  5.090985e+00   3.097690e-08   6.160745e-03   0.000000e+00   492006
  5.111691e+00   3.097974e-08   5.855423e-03   0.000000e+00   494852
  5.132403e+00   3.095300e-08   5.842934e-03   0.000000e+00   499502
  5.153143e+00   3.111558e-08   5.397953e-03   0.000000e+00   504618
  5.173903e+00   3.097010e-08   6.484231e-03   0.000000e+00   508506
  5.194691e+00   3.121769e-08   6.527989e-03   0.000000e+00   514406
  5.215423e+00   3.117738e-08   5.477094e-03   0.000000e+00   514026
  5.236093e+00   3.125560e-08   6.246224e-03   0.000000e+00   519230
  5.256771e+00   3.139316e-08   5.655531e-03   0.000000e+00   522620
  5.277488e+00   3.149656e-08   5.869943e-03   0.000000e+00   529458
  5.298264e+00   3.156622e-08   6.136931e-03   0.000000e+00   534078
  5.319018e+00   3.158032e-08   6.266550e-03   0.000000e+00   536666
  5.339720e+00   3.150891e-08   6.074389e-03   0.000000e+00   539270
  5.360515e+00   3.158442e-08   5.873011e-03   0.000000e+00   550530
  5.381323e+00   3.171306e-08   6.471189e-03   0.000000e+00   548474
  5.402028e+00   3.169191e-08   6.052144e-03   0.000000e+00   553518
  5.422718e+00   3.176523e-08   6.239965e-03   0.000000e+00   556116
  5.443475e+00   3.177887e-08   5.630215e-03   0.000000e+00   564890
  5.464196e+00   3.194089e-08   5.863696e-03   0.000000e+00   563718
  5.484939e+00   3.187880e-08   5.962503e-03   0.000000e+00   574298
  5.505710e+00   3.200999e-08   7.082317e-03   0.000000e+00   573966
  5.526441e+00   3.203626e-08   5.624643e-03   0.000000e+00   580586
  5.547164e+00   3.199917e-08   6.082944e-03   0.000000e+00   582666
  5.567911e+00   3.211087e-08   6.123201e-03   0.000000e+00   590648
  5.588654e+00   3.209168e-08   5.842634e-03   0.000000e+00   590578
  5.609330e+00   3.217316e-08   6.560445e-03   0.000000e+00   595990
  5.630055e+00   3.213463e-08   5.747707e-03   0.000000e+00   601778
  5.650815e+00   3.214620e-08   6.485831e-03   0.000000e+00   607578
  5.671588e+00   3.228410e-08   6.230894e-03   0.000000e+00   611294
  5.692348e+00   3.228149e-08   6.207661e-03   0.000000e+00   615498
  5.713056e+00   3.231969e-08   5.981825e-03   0.000000e+00   617274
  5.733790e+00   3.232088e-08   5.572693e-03   0.000000e+00   626360
  5.754538e+00   3.243031e-08   5.348711e-03   0.000000e+00   626658
  5.775261e+00   3.237161e-08   5.738620e-03   0.000000e+00   634022
  5.795963e+00   3.246401e-08   5.710887e-03   0.000000e+00   634554
  5.816703e+00   3.249028e-08   4.828500e-03   0.000000e+00   645026
  5.837452e+00   3.248534e-08   6.149079e-03   0.000000e+00   645182
  5.858187e+00   3.256307e-08   6.098934e-03   0.000000e+00   652938
  5.878919e+00   3.253776e-08   6.859538e-03   0.000000e+00   654336
  5.899676e+00   3.255939e-08   6.234325e-03   0.000000e+00   663242
  5.920435e+00   3.258346e-08   5.061300e-03   0.000000e+00   664002
  5.941133e+00   3.258809e-08   6.893052e-03   0.000000e+00   668990
  5.961858e+00   3.257879e-08   5.597007e-03   0.000000e+00   674554
  5.982561e+00   3.259886e-08   6.140632e-03   0.000000e+00   677158
  6.003315e+00   3.265595e-08   6.158140e-03   0.000000e+00   687306
  6.024118e+00   3.262362e-08   5.932678e-03   0.000000e+00   690290
  6.044852e+00   3.257083e-08   5.576893e-03   0.000000e+00   691992
  6.065615e+00   3.267178e-08   6.796191e-03   0.000000e+00   701402
  6.086368e+00   3.267140e-08   6.409920e-03   0.000000e+00   700826
  6.107081e+00   3.263912e-08   5.722022e-03   0.000000e+00   708726
  6.127816e+00   3.267581e-08   6.206800e-03   0.000000e+00   711690
  6.148563e+00   3.273615e-08   7.026695e-03   0.000000e+00   719606
  6.169266e+00   3.270803e-08   6.041474e-03   0.000000e+00   717810
  6.189981e+00   3.270729e-08   5.398252e-03   0.000000e+00   730412
  6.210757e+00   3.270002e-08   6.510078e-03   0.000000e+00   731782
  6.231536e+00   3.267077e-08   6.370126e-03   0.000000e+00   740458
  6.252261e+00   3.271786e-08   6.216876e-03   0.000000e+00   737494
  6.272947e+00   3.268205e-08   5.293639e-03   0.000000e+00   747298
  6.293685e+00   3.272190e-08   5.373211e-03   0.000000e+00   751762
  6.314401e+00   3.273402e-08   6.105737e-03   0.000000e+00   755470
  6.335113e+00   3.269554e-08   6.286444e-03   0.000000e+00   761442
  6.355902e+00   3.270549e-08   6.106450e-03   0.000000e+00   770816
  6.376665e+00   3.266991e-08   5.239202e-03   0.000000e+00   769242
  6.397435e+00   3.266648e-08   5.782968e-03   0.000000e+00   782162
  6.418152e+00   3.269825e-08   8.139594e-03   0.000000e+00   775230
  6.438845e+00   3.262411e-08   5.185148e-03   0.000000e+00   789866
  6.459570e+00   3.257873e-08   5.150941e-03   0.000000e+00   787938
  6.480284e+00   3.266377e-08   4.947552e-03   0.000000e+00   799574
  6.501059e+00   3.264129e-08   6.845576e-03   0.000000e+00   803028
  6.521785e+00   3.263104e-08   5.966100e-03   0.000000e+00   805574
  6.542501e+00   3.244959e-08   6.541804e-03   0.000000e+00   812034
  6.563273e+00   3.263571e-08   6.880578e-03   0.000000e+00   820970
  6.584032e+00   3.249379e-08   6.018551e-03   0.000000e+00   821174
  6.604711e+00   3.254106e-08   6.055982e-03   0.000000e+00   825186
  6.625415e+00   3.255118e-08   6.805775e-03   0.000000e+00   833142
  6.646107e+00   3.253980e-08   5.956574e-03   0.000000e+00   834788
  6.666849e+00   3.247772e-08   7.391434e-03   0.000000e+00   847858
  6.687706e+00   3.242086e-08   5.625675e-03   0.000000e+00   854278
  6.708468e+00   3.249767e-08   5.009246e-03   0.000000e+00   850914
  6.729170e+00   3.247717e-08   4.808961e-03   0.000000e+00   859250
  6.749927e+00   3.241065e-08   6.070162e-03   0.000000e+00   867126
  6.770667e+00   3.241784e-08   6.465002e-03   0.000000e+00   868274
  6.791359e+00   3.226864e-08   6.756206e-03   0.000000e+00   873606
  6.812058e+00   3.231888e-08   4.455865e-03   0.000000e+00   879284
  6.832800e+00   3.223584e-08   6.616841e-03   0.000000e+00   887666
  6.853614e+00   3.227045e-08   6.898602e-03   0.000000e+00   897030
  6.874386e+00   3.221270e-08   5.629461e-03   0.000000e+00   894378
  6.895105e+00   3.214814e-08   6.026531e-03   0.000000e+00   903254
  6.915815e+00   3.206148e-08   6.447460e-03   0.000000e+00   904562
  6.936516e+00   3.218678e-08   5.539909e-03   0.000000e+00   913362
  6.957213e+00   3.204954e-08   4.510673e-03   0.000000e+00   915592
  6.977959e+00   3.204230e-08   6.723367e-03   0.000000e+00   927946
  6.998701e+00   3.192340e-08   7.519246e-03   0.000000e+00   926094
  7.019485e+00   3.200431e-08   5.829055e-03   0.000000e+00   942890
  7.040267e+00   3.187975e-08   6.298604e-03   0.000000e+00   937266
  7.060990e+00   3.186780e-08   5.487944e-03   0.000000e+00   948854
  7.081723e+00   3.180354e-08   4.817889e-03   0.000000e+00   948714
  7.102410e+00   3.178484e-08   5.362641e-03   0.000000e+00   956186
  7.123142e+00   3.170057e-08   6.022284e-03   0.000000e+00   964272
  7.143901e+00   3.167355e-08   6.045576e-03   0.000000e+00   969458
  7.164640e+00   3.159585e-08   4.916214e-03   0.000000e+00   973358
  7.185392e+00   3.155059e-08   6.637217e-03   0.000000e+00   982098
  7.206124e+00   3.153674e-08   5.503869e-03   0.000000e+00   983178
  7.226886e+00   3.148600e-08   7.287190e-03   0.000000e+00   996350
  7.247639e+00   3.145221e-08   5.425387e-03   0.000000e+00   993530
  7.268287e+00   3.139961e-08   6.428252e-03   0.000000e+00   997848
  7.288995e+00   3.129372e-08   6.291306e-03   0.000000e+00   1010106
  7.309764e+00   3.122909e-08   6.367009e-03   0.000000e+00   1015730
  7.330505e+00   3.125577e-08   6.132089e-03   0.000000e+00   1018710
  7.351286e+00   3.121389e-08   6.194901e-03   0.000000e+00   1031282
  7.372037e+00   3.109612e-08   5.938080e-03   0.000000e+00   1027122
  7.392752e+00   3.103929e-08   5.999271e-03   0.000000e+00   1039838
  7.413480e+00   3.104652e-08   6.639519e-03   0.000000e+00   1039898
  7.434193e+00   3.097508e-08   6.463959e-03   0.000000e+00   1050288
  7.454920e+00   3.094844e-08   6.282819e-03   0.000000e+00   1052226
  7.475657e+00   3.086277e-08   4.246424e-03   0.000000e+00   1062746
  7.496419e+00   3.082556e-08   5.616071e-03   0.000000e+00   1067438
  7.517175e+00   3.076571e-08   5.550138e-03   0.000000e+00   1073730
  7.537918e+00   3.065178e-08   6.985935e-03   0.000000e+00   1078230
  7.558667e+00   3.063664e-08   5.597162e-03   0.000000e+00   1085594
  7.579371e+00   3.058264e-08   4.835471e-03   0.000000e+00   1086124
  7.600115e+00   3.050451e-08   6.157386e-03   0.000000e+00   1101310
  7.620860e+00   3.042365e-08   6.812250e-03   0.000000e+00   1098282
  7.641577e+00   3.041503e-08   4.124863e-03   0.000000e+00   1109918
  7.662338e+00   3.033460e-08   5.756649e-03   0.000000e+00   1114962
  7.683100e+00   3.029231e-08   6.416565e-03   0.000000e+00   1122962
  7.703855e+00   3.016468e-08   0.000000e+00   0.000000e+00   1125822
  7.724583e+00   3.016488e-08   6.315326e-03   0.000000e+00   1132538
  7.745289e+00   3.007216e-08   6.500021e-03   0.000000e+00   1135164
  7.766002e+00   2.997584e-08   6.773290e-03   0.000000e+00   1145654
  7.786764e+00   2.998251e-08   4.513719e-03   0.000000e+00   1152666
  7.807518e+00   2.986731e-08   5.948405e-03   0.000000e+00   1157078
  7.828242e+00   2.981204e-08   6.746427e-03   0.000000e+00   1161522
  7.849000e+00   2.979238e-08   6.328916e-03   0.000000e+00   1173050
  7.869730e+00   2.967284e-08   6.047531e-03   0.000000e+00   1171518
  7.890447e+00   2.962004e-08   7.333076e-03   0.000000e+00   1183772
  7.911146e+00   2.953261e-08   6.373660e-03   0.000000e+00   1181262
  7.931841e+00   2.947174e-08   5.521452e-03   0.000000e+00   1195490
  7.952603e+00   2.943109e-08   5.153544e-03   0.000000e+00   1202010
  7.973357e+00   2.936740e-08   5.392404e-03   0.000000e+00   1207166
  7.994107e+00   2.922954e-08   6.316205e-03   0.000000e+00   1214074
  8.014819e+00   2.922165e-08   6.457447e-03   0.000000e+00   1215334
  8.035557e+00   2.915506e-08   7.742733e-03   0.000000e+00   1229274
  8.056356e+00   2.907817e-08   6.585319e-03   0.000000e+00   1236164
  8.077102e+00   2.901175e-08   4.899101e-03   0.000000e+00   1234942
  8.097811e+00   2.893073e-08   5.828695e-03   0.000000e+00   1244410
  8.118532e+00   2.881483e-08   6.100301e-03   0.000000e+00   1249010
  8.139277e+00   2.878427e-08   6.817963e-03   0.000000e+00   1260702
  8.160002e+00   2.874802e-08   5.500821e-03   0.000000e+00   1259490
  8.180749e+00   2.866968e-08   5.730419e-03   0.000000e+00   1275662
  8.201478e+00   2.856570e-08   3.196388e-03   0.000000e+00   1270164
  8.222228e+00   2.854478e-08   5.001482e-03   0.000000e+00   1291226
  8.242972e+00   2.842521e-08   4.064980e-03   0.000000e+00   1282750
  8.263669e+00   2.834236e-08   5.910542e-03   0.000000e+00   1298146
  8.284419e+00   2.829576e-08   5.099183e-03   0.000000e+00   1301646
  8.305153e+00   2.822353e-08   5.507153e-03   0.000000e+00   1309898
  8.325903e+00   2.816029e-08   4.417677e-03   0.000000e+00   1317010
  8.346658e+00   2.804961e-08   6.224733e-03   0.000000e+00   1323814
  8.367392e+00   2.801341e-08   4.586273e-03   0.000000e+00   1326732
  8.388115e+00   2.791783e-08   6.822428e-03   0.000000e+00   1335434
  8.408892e+00   2.786629e-08   7.835807e-03   0.000000e+00   1347902
  8.429645e+00   2.780158e-08   8.347112e-03   0.000000e+00   1344786
  8.450319e+00   2.773473e-08   3.861699e-03   0.000000e+00   1351222
  8.471052e+00   2.762713e-08   5.424411e-03   0.000000e+00   1365322
  8.491816e+00   2.754956e-08   6.932852e-03   0.000000e+00   1369002
  8.512559e+00   2.748548e-08   6.143949e-03   0.000000e+00   1376456
  8.533287e+00   2.743675e-08   5.087920e-03   0.000000e+00   1379362
  8.554028e+00   2.730500e-08   6.550505e-03   0.000000e+00   1392262
  8.574772e+00   2.726942e-08   5.961966e-03   0.000000e+00   1392546
  8.595488e+00   2.723062e-08   6.562637e-03   0.000000e+00   1402754
  8.616220e+00   2.715253e-08   7.328889e-03   0.000000e+00   1408470
  8.636951e+00   2.710196e-08   3.041885e-03   0.000000e+00   1415450
  8.657638e+00   2.699016e-08   5.925410e-03   0.000000e+00   1416504
  8.678426e+00   2.690667e-08   6.122507e-03   0.000000e+00   1442354
  8.699217e+00   2.684170e-08   7.048841e-03   0.000000e+00   1431202
  8.719929e+00   2.678711e-08   5.890715e-03   0.000000e+00   1445038
  8.740646e+00   2.671421e-08   5.179580e-03   0.000000e+00   1445322
  8.761393e+00   2.660043e-08   5.661615e-03   0.000000e+00   1462778
  8.782138e+00   2.655305e-08   6.620296e-03   0.000000e+00   1459590
  8.802844e+00   2.648141e-08   6.395285e-03   0.000000e+00   1471226
  8.823600e+00   2.637316e-08   4.625069e-03   0.000000e+00   1480136
  8.844369e+00   2.627365e-08   6.146734e-03   0.000000e+00   1486530
  8.865103e+00   2.621581e-08   6.862676e-03   0.000000e+00   1488898
  8.885834e+00   2.613766e-08   5.475203e-03   0.000000e+00   1500838
  8.906589e+00   2.604700e-08   3.819697e-03   0.000000e+00   1505906
  8.927285e+00   2.601507e-08   7.042639e-03   0.000000e+00   1507062
  8.947989e+00   2.594233e-08   5.861036e-03   0.000000e+00   1519890
  8.968721e+00   2.586442e-08   6.906254e-03   0.000000e+00   1526516
  8.989498e+00   2.577722e-08   4.418711e-03   0.000000e+00   1540038
  9.010264e+00   2.572728e-08   7.074026e-03   0.000000e+00   1538810
  9.030972e+00   2.559946e-08   5.324512e-03   0.000000e+00   1545574
  9.051726e+00   2.555438e-08   9.265839e-03   0.000000e+00   1560010
  9.072469e+00   2.549699e-08   5.037557e-03   0.000000e+00   1558578
  9.093177e+00   2.539450e-08   6.410418e-03   0.000000e+00   1568990
  9.113879e+00   2.533133e-08   6.862675e-03   0.000000e+00   1571770
  9.134611e+00   2.523174e-08   6.173210e-03   0.000000e+00   1587748
  9.155376e+00   2.514293e-08   4.829662e-03   0.000000e+00   1590966
  9.176140e+00   2.508882e-08   5.019660e-03   0.000000e+00   1602554
  9.196878e+00   2.500443e-08   6.662718e-03   0.000000e+00   1601190
  9.217585e+00   2.493275e-08   6.507207e-03   0.000000e+00   1611722
  9.238290e+00   2.486603e-08   5.895230e-03   0.000000e+00   1616058
  9.259030e+00   2.485412e-08   5.699303e-03   0.000000e+00   1631942
  9.279772e+00   2.471610e-08   4.804002e-03   0.000000e+00   1630980
  9.300487e+00   2.463740e-08   6.261361e-03   0.000000e+00   1641494
  9.321253e+00   2.456213e-08   6.854156e-03   0.000000e+00   1653378
  9.342059e+00   2.450378e-08   6.979651e-03   0.000000e+00   1663730
  9.362796e+00   2.447531e-08   4.675458e-03   0.000000e+00   1656558
  9.383485e+00   2.436371e-08   6.924377e-03   0.000000e+00   1671026
  9.404220e+00   2.432178e-08   6.807918e-03   0.000000e+00   1677818
  9.424944e+00   2.423728e-08   7.454216e-03   0.000000e+00   1685454
  9.445682e+00   2.413476e-08   5.404376e-03   0.000000e+00   1694516
  9.466430e+00   2.401334e-08   4.956493e-03   0.000000e+00   1701342
  9.487175e+00   2.399282e-08   5.784455e-03   0.000000e+00   1709026
  9.507945e+00   2.393084e-08   6.879374e-03   0.000000e+00   1720354
  9.528697e+00   2.383580e-08   5.616678e-03   0.000000e+00   1721470
  9.549445e+00   2.379051e-08   6.082949e-03   0.000000e+00   1735018
  9.570148e+00   2.369564e-08   4.595853e-03   0.000000e+00   1728398
  9.590833e+00   2.363795e-08   6.496048e-03   0.000000e+00   1747116
  9.611575e+00   2.354941e-08   1.828289e-03   0.000000e+00   1753090
  9.632348e+00   2.352712e-08   4.981923e-03   0.000000e+00   1767694
  9.653111e+00   2.343714e-08   6.737992e-03   0.000000e+00   1766490
  9.673864e+00   2.339251e-08   0.000000e+00   0.000000e+00   1780478
  9.694605e+00   2.331466e-08   8.754469e-03   0.000000e+00   1781050
  9.715329e+00   2.322389e-08   4.655723e-03   0.000000e+00   1792018
  9.736040e+00   2.315955e-08   6.193202e-03   0.000000e+00   1794366
  9.756756e+00   2.309450e-08   5.763249e-03   0.000000e+00   1808276
  9.777493e+00   2.305534e-08   6.456373e-03   0.000000e+00   1812522
  9.798247e+00   2.296842e-08   7.472487e-03   0.000000e+00   1827758
  9.819016e+00   2.289936e-08   4.507655e-03   0.000000e+00   1829466
  9.839735e+00   2.286512e-08   7.100549e-03   0.000000e+00   1835534
  9.860435e+00   2.276818e-08   5.979309e-03   0.000000e+00   1840906
  9.881170e+00   2.274233e-08   6.194770e-03   0.000000e+00   1857130
  9.901887e+00   2.265037e-08   4.656757e-03   0.000000e+00   1854264
  9.922602e+00   2.255446e-08   5.101454e-03   0.000000e+00   1871090
  9.943353e+00   2.250822e-08   5.858233e-03   0.000000e+00   1876926
  9.964096e+00   2.249578e-08   6.456229e-03   0.000000e+00   1884530
  9.984828e+00   2.238476e-08   5.318596e-03   0.000000e+00   1891506
  1.000560e+01   2.232727e-08   6.259921e-03   0.000000e+00   1907798
  1.002637e+01   2.225621e-08   7.649914e-03   0.000000e+00   1907378
  1.004709e+01   2.221948e-08   6.134909e-03   0.000000e+00   1912506
  1.006780e+01   2.215129e-08   3.776837e-03   0.000000e+00   1923048
  1.008856e+01   2.210993e-08   7.225836e-03   0.000000e+00   1936730
  1.010931e+01   2.205013e-08   5.759824e-03   0.000000e+00   1936686
  1.013004e+01   2.195688e-08   6.820965e-03   0.000000e+00   1950290
  1.015078e+01   2.193322e-08   2.761198e-03   0.000000e+00   1953002
  1.017153e+01   2.184949e-08   5.970951e-03   0.000000e+00   1969110
  1.019228e+01   2.178535e-08   1.928154e-03   0.000000e+00   1969050
  1.021300e+01   2.175935e-08   6.477431e-03   0.000000e+00   1980392
  1.023373e+01   2.165621e-08   7.785168e-03   0.000000e+00   1984770
  1.025445e+01   2.161283e-08   5.363556e-03   0.000000e+00   1995506
  1.027521e+01   2.157692e-08   6.972965e-03   0.000000e+00   2007806
  1.029595e+01   2.151777e-08   6.093251e-03   0.000000e+00   2010474
  1.031667e+01   2.145709e-08   6.668545e-03   0.000000e+00   2018182
  1.033743e+01   2.141462e-08   5.977714e-03   0.000000e+00   2033554
  1.035814e+01   2.134480e-08   7.020466e-03   0.000000e+00   2026266
  1.037887e+01   2.128405e-08   4.534552e-03   0.000000e+00   2054480
  1.039962e+01   2.122743e-08   4.853776e-03   0.000000e+00   2044770
  1.042033e+01   2.117444e-08   7.043949e-03   0.000000e+00   2062394
  1.044107e+01   2.112652e-08   6.418951e-03   0.000000e+00   2069982
  1.046182e+01   2.107168e-08   7.511190e-03   0.000000e+00   2079434
  1.048255e+01   2.104148e-08   6.369827e-03   0.000000e+00   2083038
  1.050331e+01   2.098352e-08   4.926604e-03   0.000000e+00   2098850
  1.052403e+01   2.090693e-08   6.219782e-03   0.000000e+00   2095436
  1.054477e+01   2.085029e-08   6.437280e-03   0.000000e+00   2117406
  1.056552e+01   2.078392e-08   5.905893e-03   0.000000e+00   2115426
  1.058621e+01   2.073733e-08   5.733847e-03   0.000000e+00   2118878
  1.060693e+01   2.071102e-08   6.537068e-03   0.000000e+00   2140026
  1.062770e+01   2.063984e-08   6.986824e-03   0.000000e+00   2147234
  1.064845e+01   2.058988e-08   6.217590e-03   0.000000e+00   2150662
  1.066917e+01   2.054970e-08   5.707859e-03   0.000000e+00   2159842
  1.068990e+01   2.049624e-08   6.420285e-03   0.000000e+00   2168384
  1.071066e+01   2.043984e-08   7.954333e-03   0.000000e+00   2183178
  1.073142e+01   2.041294e-08   5.983328e-03   0.000000e+00   2184770
  1.075215e+01   2.034678e-08   6.644243e-03   0.000000e+00   2192190
  1.077284e+01   2.027114e-08   7.237385e-03   0.000000e+00   2196242
  1.079359e+01   2.027333e-08   5.114793e-03   0.000000e+00   2220714
  1.081435e+01   2.019615e-08   7.202780e-03   0.000000e+00   2215758
  1.083510e+01   2.017282e-08   6.565095e-03   0.000000e+00   2233988
  1.085583e+01   2.011969e-08   8.030325e-03   0.000000e+00   2231670
  1.087655e+01   2.004793e-08   4.048517e-03   0.000000e+00   2244338
  1.089730e+01   1.998672e-08   5.343457e-03   0.000000e+00   2258610
  1.091805e+01   1.997859e-08   5.195669e-03   0.000000e+00   2260718
  1.093876e+01   1.991751e-08   6.271473e-03   0.000000e+00   2268162
  1.095948e+01   1.987808e-08   5.627869e-03   0.000000e+00   2277494
  1.098021e+01   1.987512e-08   5.128474e-03   0.000000e+00   2288796
  1.100098e+01   1.977674e-08   1.031320e-02   0.000000e+00   2305226
  1.102174e+01   1.973655e-08   5.363119e-03   0.000000e+00   2301630
  1.104248e+01   1.968130e-08   0.000000e+00   0.000000e+00   2319770
  1.106321e+01   1.966284e-08   6.972726e-03   0.000000e+00   2315610
  1.108393e+01   1.962741e-08   5.576149e-03   0.000000e+00   2334662
  1.110465e+01   1.959542e-08   8.241185e-03   0.000000e+00   2335722
  1.112539e+01   1.953401e-08   4.654941e-03   0.000000e+00   2354102
  1.114613e+01   1.951394e-08   7.385657e-03   0.000000e+00   2355236
  1.116689e+01   1.947124e-08   6.391623e-03   0.000000e+00   2374170
  1.118765e+01   1.943516e-08   5.014426e-03   0.000000e+00   2373286
  1.120839e+01   1.940199e-08   7.603502e-03   0.000000e+00   2388010
  1.122910e+01   1.935273e-08   1.121648e-03   0.000000e+00   2383470
  1.124981e+01   1.933223e-08   4.928331e-03   0.000000e+00   2404994
  1.127055e+01   1.931163e-08   4.160101e-03   0.000000e+00   2408642
  1.129126e+01   1.926474e-08   6.212558e-03   0.000000e+00   2417640
  1.131202e+01   1.921610e-08   6.280699e-03   0.000000e+00   2434994
  1.133278e+01   1.922414e-08   6.955390e-03   0.000000e+00   2437998
  1.135353e+01   1.917464e-08   5.983301e-03   0.000000e+00   2448194
  1.137428e+01   1.914901e-08   0.000000e+00   0.000000e+00   2455890
  1.139500e+01   1.909739e-08   3.670073e-03   0.000000e+00   2461526
  1.141572e+01   1.908585e-08   6.482330e-03   0.000000e+00   2474034
  1.143644e+01   1.902619e-08   6.311031e-03   0.000000e+00   2476482
  1.145717e+01   1.900193e-08   4.944335e-03   0.000000e+00   2497256
  1.147794e+01   1.898036e-08   6.371366e-03   0.000000e+00   2502978
  1.149869e+01   1.896333e-08   2.722020e-03   0.000000e+00   2508422
  1.151942e+01   1.892933e-08   6.612807e-03   0.000000e+00   2518482
  1.154017e+01   1.889822e-08   8.272832e-03   0.000000e+00   2532074
  1.156089e+01   1.888905e-08   8.909144e-03   0.000000e+00   2526710
  1.158159e+01   1.885105e-08   6.937996e-03   0.000000e+00   2548986
  1.160233e+01   1.883873e-08   5.977387e-03   0.000000e+00   2551704
  1.162306e+01   1.878551e-08   4.657411e-03   0.000000e+00   2566226
  1.164381e+01   1.875532e-08   4.797922e-03   0.000000e+00   2573898
  1.166457e+01   1.874033e-08   5.141623e-03   0.000000e+00   2589182
  1.168531e+01   1.870395e-08   6.645775e-03   0.000000e+00   2584970
  1.170604e+01   1.871019e-08   5.176979e-03   0.000000e+00   2605110
  1.172678e+01   1.866970e-08   4.736403e-03   0.000000e+00   2606834
  1.174751e+01   1.866798e-08   4.859500e-03   0.000000e+00   2620770
  1.176824e+01   1.863345e-08   6.592385e-03   0.000000e+00   2626560
  1.178897e+01   1.858843e-08   6.374427e-03   0.000000e+00   2636762
  1.180970e+01   1.858545e-08   7.337552e-03   0.000000e+00   2647698
  1.183049e+01   1.856652e-08   5.680569e-03   0.000000e+00   2668166
  1.185125e+01   1.854944e-08   5.779758e-03   0.000000e+00   2660586
  1.187197e+01   1.853692e-08   5.788012e-03   0.000000e+00   2676494
  1.189267e+01   1.850368e-08   6.895406e-03   0.000000e+00   2674306
  1.191338e+01   1.852222e-08   4.864141e-03   0.000000e+00   2696980
  1.193413e+01   1.845027e-08   5.379616e-03   0.000000e+00   2703622
  1.195487e+01   1.842488e-08   7.990179e-03   0.000000e+00   2713186
  1.197560e+01   1.843488e-08   7.390094e-03   0.000000e+00   2718702
  1.199636e+01   1.842724e-08   7.145722e-03   0.000000e+00   2742194
  1.201711e+01   1.840521e-08   0.000000e+00   0.000000e+00   2733162
  1.203784e+01   1.840838e-08   4.271558e-03   0.000000e+00   2757590
  1.205858e+01   1.837580e-08   3.953689e-03   0.000000e+00   2752010
  1.207928e+01   1.836796e-08   7.700384e-03   0.000000e+00   2769036
  1.210003e+01   1.833874e-08   5.971497e-03   0.000000e+00   2783046
  1.212079e+01   1.834252e-08   0.000000e+00   0.000000e+00   2789378
  1.214153e+01   1.832851e-08   8.580454e-03   0.000000e+00   2799582
  1.216229e+01   1.832959e-08   6.172492e-03   0.000000e+00   2811170
  1.218303e+01   1.832407e-08   0.000000e+00   0.000000e+00   2812706
  1.220377e+01   1.830711e-08   5.678104e-03   0.000000e+00   2833254
  1.222449e+01   1.830719e-08   7.207970e-03   0.000000e+00   2827292
  1.224520e+01   1.828704e-08   7.626138e-03   0.000000e+00   2846838
  1.226593e+01   1.830065e-08   5.732337e-03   0.000000e+00   2846535
  1.228665e+01   1.840042e-08   6.411355e-03   0.000000e+00   2848496
  1.230740e+01   1.846192e-08   6.802679e-03   0.000000e+00   2841564
  1.232816e+01   1.851937e-08   7.664033e-03   0.000000e+00   2843000
  1.234890e+01   1.860604e-08   7.290297e-03   0.000000e+00   2826624
  1.236962e+01   1.867407e-08   7.514411e-03   0.000000e+00   2828732
  1.239036e+01   1.872088e-08   4.274927e-03   0.000000e+00   2819560
  1.241110e+01   1.881694e-08   5.617740e-03   0.000000e+00   2819284
  1.243182e+01   1.885646e-08   5.360798e-03   0.000000e+00   2805856
  1.245255e+01   1.888357e-08   6.925118e-03   0.000000e+00   2810440
  1.247330e+01   1.894846e-08   6.128671e-03   0.000000e+00   2800608
  1.249404e+01   1.900232e-08   7.728795e-03   0.000000e+00   2798144
  1.251477e+01   1.903135e-08   6.808708e-03   0.000000e+00   2787376
  1.253551e+01   1.907672e-08   7.617479e-03   0.000000e+00   2790616
  1.255626e+01   1.912936e-08   6.028911e-03   0.000000e+00   2779552
  1.257697e+01   1.912594e-08   6.857123e-03   0.000000e+00   2768452
  1.259769e+01   1.919100e-08   2.140347e-03   0.000000e+00   2771296
  1.261843e+01   1.922781e-08   3.302029e-03   0.000000e+00   2764924
  1.263918e+01   1.922883e-08   3.654963e-03   0.000000e+00   2762264
  1.265995e+01   1.928346e-08   7.338729e-03   0.000000e+00   2760216
  1.268068e+01   1.928576e-08   1.510669e-03   0.000000e+00   2737932
  1.270141e+01   1.929947e-08   8.206840e-03   0.000000e+00   2752280
  1.272215e+01   1.931605e-08   6.382861e-03   0.000000e+00   2728764
  1.274287e+01   1.932970e-08   6.236786e-03   0.000000e+00   2736368
  1.276361e+01   1.934066e-08   4.781107e-03   0.000000e+00   2719920
  1.278434e+01   1.934024e-08   9.297743e-03   0.000000e+00   2727152
  1.280509e+01   1.936069e-08   0.000000e+00   0.000000e+00   2708352
  1.282584e+01   1.935693e-08   0.000000e+00   0.000000e+00   2718584
  1.284657e+01   1.933310e-08   0.000000e+00   0.000000e+00   2694300
  1.286732e+01   1.938571e-08   8.851214e-03   0.000000e+00   2709440
  1.288807e+01   1.932888e-08   2.595541e-03   0.000000e+00   2682108
  1.290877e+01   1.934280e-08   4.642266e-03   0.000000e+00   2684912
  1.292949e+01   1.935948e-08   8.029796e-03   0.000000e+00   2678892
  1.295023e+01   1.935437e-08   6.139696e-03   0.000000e+00   2674748
  1.297097e+01   1.931797e-08   9.033602e-03   0.000000e+00   2670216
  1.299171e+01   1.932904e-08   6.029635e-03   0.000000e+00   2659436
  1.301245e+01   1.930755e-08   5.534180e-03   0.000000e+00   2659752
  1.303322e+01   1.926714e-08   6.154803e-03   0.000000e+00   2654300
  1.305396e+01   1.927211e-08   3.002516e-03   0.000000e+00   2640852
  1.307468e+01   1.925611e-08   4.757301e-03   0.000000e+00   2638124
  1.309540e+01   1.922526e-08   9.568762e-03   0.000000e+00   2628228
  1.311615e+01   1.919491e-08   3.722950e-03   0.000000e+00   2630936
  1.313690e+01   1.918898e-08   8.453797e-03   0.000000e+00   2619032
  1.315763e+01   1.917796e-08   5.136657e-03   0.000000e+00   2610804
  1.317836e+01   1.912782e-08   5.769472e-03   0.000000e+00   2609408
  1.319912e+01   1.908920e-08   7.872996e-03   0.000000e+00   2602764
  1.321984e+01   1.906991e-08   6.543375e-03   0.000000e+00   2588540
  1.324055e+01   1.903378e-08   9.604702e-03   0.000000e+00   2587836
  1.326127e+01   1.899218e-08   8.046705e-03   0.000000e+00   2579100
  1.328200e+01   1.896832e-08   4.719744e-03   0.000000e+00   2574128
  1.330272e+01   1.894556e-08   4.741963e-03   0.000000e+00   2567588
  1.332350e+01   1.891239e-08   7.685654e-03   0.000000e+00   2572956
  1.334425e+01   1.885823e-08   6.828731e-03   0.000000e+00   2550552
  1.336498e+01   1.884263e-08   7.642953e-03   0.000000e+00   2552084
  1.338572e+01   1.877083e-08   4.741208e-03   0.000000e+00   2539404
  1.340646e+01   1.872098e-08   0.000000e+00   0.000000e+00   2541152
  1.342721e+01   1.870922e-08   8.567179e-03   0.000000e+00   2528016
  1.344794e+01   1.866752e-08   5.589318e-03   0.000000e+00   2521496
  1.346868e+01   1.861744e-08   6.768009e-03   0.000000e+00   2518092
  1.348943e+01   1.854360e-08   2.131148e-03   0.000000e+00   2511632
  1.351017e+01   1.855662e-08   0.000000e+00   0.000000e+00   2500140
  1.353090e+01   1.847360e-08   5.980142e-03   0.000000e+00   2496980
  1.355164e+01   1.842501e-08   6.846647e-03   0.000000e+00   2487428
  1.357238e+01   1.838439e-08   7.312517e-03   0.000000e+00   2486496
  1.359312e+01   1.831255e-08   1.098467e-02   0.000000e+00   2469840
  1.361384e+01   1.828070e-08   7.603389e-03   0.000000e+00   2469656
  1.363457e+01   1.823610e-08   2.775178e-03   0.000000e+00   2457036
  1.365532e+01   1.820509e-08   5.100677e-03   0.000000e+00   2462684
  1.367607e+01   1.812781e-08   4.353510e-03   0.000000e+00   2442384
  1.369680e+01   1.807349e-08   4.776020e-03   0.000000e+00   2441696
  1.371753e+01   1.803014e-08   2.823294e-03   0.000000e+00   2431164
  1.373826e+01   1.799860e-08   0.000000e+00   0.000000e+00   2423696
  1.375899e+01   1.793790e-08   8.899276e-03   0.000000e+00   2421336
  1.377974e+01   1.786422e-08   5.506332e-03   0.000000e+00   2412992
  1.380048e+01   1.781789e-08   4.722377e-03   0.000000e+00   2402732
  1.382121e+01   1.777387e-08   7.840650e-03   0.000000e+00   2396124
  1.384194e+01   1.771588e-08   6.665673e-03   0.000000e+00   2388480
  1.386269e+01   1.764022e-08   6.098603e-03   0.000000e+00   2387060
  1.388343e+01   1.761887e-08   6.405063e-03   0.000000e+00   2370268
  1.390413e+01   1.753969e-08   7.234359e-03   0.000000e+00   2363776
  1.392485e+01   1.750149e-08   5.496208e-03   0.000000e+00   2360176
  1.394560e+01   1.742973e-08   5.598578e-03   0.000000e+00   2356360
  1.396634e+01   1.733826e-08   5.809822e-03   0.000000e+00   2343240
  1.398708e+01   1.731497e-08   5.172646e-03   0.000000e+00   2340248
  1.400781e+01   1.725724e-08   6.415243e-03   0.000000e+00   2325000
  1.402855e+01   1.720588e-08   5.034631e-03   0.000000e+00   2328632
  1.404931e+01   1.716117e-08   7.581460e-03   0.000000e+00   2313100
  1.407005e+01   1.708062e-08   6.569221e-03   0.000000e+00   2310892
  1.409078e+01   1.703362e-08   7.359673e-03   0.000000e+00   2295420
  1.411152e+01   1.696226e-08   7.216262e-03   0.000000e+00   2293592
  1.413225e+01   1.692334e-08   5.843376e-03   0.000000e+00   2281400
  1.415301e+01   1.685545e-08   7.162677e-03   0.000000e+00   2285760
  1.417375e+01   1.679614e-08   3.710493e-03   0.000000e+00   2259408
  1.419448e+01   1.673969e-08   0.000000e+00   0.000000e+00   2266808
  1.421523e+01   1.666302e-08   7.132345e-03   0.000000e+00   2249348
  1.423595e+01   1.659037e-08   4.544689e-03   0.000000e+00   2244732
  1.425667e+01   1.653854e-08   8.608102e-03   0.000000e+00   2233908
  1.427741e+01   1.649609e-08   2.774779e-03   0.000000e+00   2231660
  1.429815e+01   1.644635e-08   5.987714e-03   0.000000e+00   2218736
  1.431890e+01   1.636492e-08   4.480201e-03   0.000000e+00   2217984
  1.433965e+01   1.631794e-08   8.736606e-03   0.000000e+00   2203300
  1.436039e+01   1.625002e-08   6.637866e-03   0.000000e+00   2197072
  1.438110e+01   1.621748e-08   0.000000e+00   0.000000e+00   2181992
  1.440182e+01   1.611587e-08   4.629755e-03   0.000000e+00   2183664
  1.442258e+01   1.607074e-08   6.899420e-03   0.000000e+00   2173464
  1.444333e+01   1.604167e-08   0.000000e+00   0.000000e+00   2165396
  1.446406e+01   1.595308e-08   3.238782e-03   0.000000e+00   2152784
  1.448479e+01   1.590002e-08   8.100113e-03   0.000000e+00   2147532
  1.450553e+01   1.579992e-08   2.325008e-03   0.000000e+00   2139588
  1.452629e+01   1.577738e-08   4.201135e-03   0.000000e+00   2135432
  1.454699e+01   1.572173e-08   5.595950e-03   0.000000e+00   2109256
  1.456769e+01   1.565088e-08   6.070416e-03   0.000000e+00   2117296
  1.458845e+01   1.558448e-08   4.635949e-03   0.000000e+00   2106252
  1.460920e+01   1.552164e-08   7.474969e-03   0.000000e+00   2099096
  1.462995e+01   1.547290e-08   7.432876e-03   0.000000e+00   2088384
  1.465068e+01   1.540993e-08   8.390757e-03   0.000000e+00   2078480
  1.467141e+01   1.534233e-08   5.558345e-03   0.000000e+00   2069016
  1.469215e+01   1.527321e-08   3.714029e-03   0.000000e+00   2064836
  1.471290e+01   1.521639e-08   0.000000e+00   0.000000e+00   2055420
  1.473364e+01   1.516762e-08   3.294091e-03   0.000000e+00   2043224
  1.475435e+01   1.512308e-08   8.258100e-03   0.000000e+00   2032260
  1.477510e+01   1.503193e-08   7.883233e-03   0.000000e+00   2034152
  1.479587e+01   1.497539e-08   4.317387e-03   0.000000e+00   2017644
  1.481660e+01   1.491638e-08   9.724189e-03   0.000000e+00   2010284
  1.483732e+01   1.484750e-08   1.112645e-03   0.000000e+00   1996540
  1.485804e+01   1.478882e-08   7.484619e-03   0.000000e+00   1992832
  1.487878e+01   1.472413e-08   8.341794e-03   0.000000e+00   1982400
  1.489950e+01   1.466309e-08   1.583248e-03   0.000000e+00   1972256
  1.492022e+01   1.461741e-08   7.529530e-03   0.000000e+00   1964352
  1.494097e+01   1.456723e-08   6.398408e-03   0.000000e+00   1958576
  1.496172e+01   1.450560e-08   4.328253e-03   0.000000e+00   1946940
  1.498248e+01   1.444252e-08   8.016871e-03   0.000000e+00   1942580
  1.500320e+01   1.436788e-08   1.078796e-02   0.000000e+00   1921740
  1.502393e+01   1.434681e-08   2.454292e-03   0.000000e+00   1923956
  1.504468e+01   1.427449e-08   6.989412e-03   0.000000e+00   1907896
  1.506543e+01   1.420823e-08   8.970373e-03   0.000000e+00   1906888
  1.508616e+01   1.416628e-08   8.027262e-03   0.000000e+00   1886160
  1.510687e+01   1.412081e-08   6.401739e-03   0.000000e+00   1883120
  1.512763e+01   1.407661e-08   2.172904e-03   0.000000e+00   1875140
  1.514838e+01   1.397381e-08   6.784085e-03   0.000000e+00   1865652
  1.516912e+01   1.395646e-08   7.186852e-03   0.000000e+00   1853268
  1.518986e+01   1.392315e-08   6.368729e-03   0.000000e+00   1847180
  1.521057e+01   1.383998e-08   8.757049e-03   0.000000e+00   1829604
  1.523130e+01   1.379385e-08   4.027257e-03   0.000000e+00   1829720
  1.525205e+01   1.376276e-08   7.673926e-03   0.000000e+00   1817184
  1.527279e+01   1.368533e-08   6.691625e-03   0.000000e+00   1806320
  1.529351e+01   1.364714e-08   4.718105e-03   0.000000e+00   1795536
  1.531426e+01   1.356701e-08   7.310392e-03   0.000000e+00   1791548
  1.533501e+01   1.352564e-08   6.007263e-03   0.000000e+00   1777512
  1.535575e+01   1.351111e-08   0.000000e+00   0.000000e+00   1769984
  1.537648e+01   1.346669e-08   7.869625e-03   0.000000e+00   1756248
  1.539720e+01   1.342942e-08   8.736681e-03   0.000000e+00   1749248
  1.541794e+01   1.331801e-08   6.331362e-03   0.000000e+00   1739928
  1.543870e+01   1.329195e-08   7.064305e-03   0.000000e+00   1732148
  1.545943e+01   1.323060e-08   6.155797e-03   0.000000e+00   1716964
  1.548017e+01   1.319246e-08   5.908677e-03   0.000000e+00   1712164
  1.550091e+01   1.313532e-08   8.995952e-03   0.000000e+00   1698332
  1.552166e+01   1.309771e-08   9.326114e-03   0.000000e+00   1694100
  1.554240e+01   1.307281e-08   0.000000e+00   0.000000e+00   1675412
  1.556311e+01   1.300365e-08   7.644963e-03   0.000000e+00   1670436
  1.558382e+01   1.295536e-08   4.366939e-03   0.000000e+00   1655532
  1.560458e+01   1.289490e-08   9.625495e-03   0.000000e+00   1656860
  1.562533e+01   1.286427e-08   2.812895e-03   0.000000e+00   1636484
  1.564607e+01   1.282895e-08   3.771529e-03   0.000000e+00   1633212
  1.566680e+01   1.278113e-08   5.600364e-03   0.000000e+00   1614044
  1.568753e+01   1.271413e-08   4.268518e-03   0.000000e+00   1612980
  1.570828e+01   1.267425e-08   8.426132e-03   0.000000e+00   1597036
  1.572901e+01   1.262972e-08   6.368317e-03   0.000000e+00   1590676
  1.574975e+01   1.259941e-08   4.330532e-03   0.000000e+00   1575812
  1.577046e+01   1.254076e-08   4.750730e-03   0.000000e+00   1566156
  1.579120e+01   1.248648e-08   7.443028e-03   0.000000e+00   1560980
  1.581197e+01   1.243604e-08   7.782028e-03   0.000000e+00   1549404
  1.583269e+01   1.240679e-08   0.000000e+00   0.000000e+00   1532436
  1.585340e+01   1.239448e-08   7.114922e-03   0.000000e+00   1527524
  1.587415e+01   1.233818e-08   7.920725e-03   0.000000e+00   1515204
  1.589488e+01   1.226494e-08   0.000000e+00   0.000000e+00   1506452
  1.591563e+01   1.225533e-08   2.485581e-03   0.000000e+00   1495116
  1.593633e+01   1.220974e-08   6.870199e-03   0.000000e+00   1479152
  1.595705e+01   1.217605e-08   0.000000e+00   0.000000e+00   1475400
  1.597784e+01   1.214027e-08   3.444711e-03   0.000000e+00   1467932
  1.599860e+01   1.211885e-08   7.398443e-03   0.000000e+00   1451256
  1.601934e+01   1.207204e-08   0.000000e+00   0.000000e+00   1443212
  1.604005e+01   1.206531e-08   6.137094e-03   0.000000e+00   1425648
  1.606078e+01   1.199553e-08   8.363830e-03   0.000000e+00   1423004
  1.608153e+01   1.196899e-08   5.362751e-03   0.000000e+00   1408632
  1.610228e+01   1.195075e-08   8.063514e-03   0.000000e+00   1400984
  1.612301e+01   1.193378e-08   7.983725e-03   0.000000e+00   1383180
  1.614373e+01   1.189787e-08   8.848161e-03   0.000000e+00   1378136
  1.616449e+01   1.183893e-08   9.370474e-03   0.000000e+00   1367136
  1.618526e+01   1.178278e-08   5.330146e-03   0.000000e+00   1356716
  1.620596e+01   1.178245e-08   5.807028e-03   0.000000e+00   1336908
  1.622665e+01   1.176745e-08   0.000000e+00   0.000000e+00   1332620
  1.624739e+01   1.170763e-08   6.661363e-03   0.000000e+00   1321748
  1.626815e+01   1.166694e-08   3.195922e-03   0.000000e+00   1312764
  1.628889e+01   1.166718e-08   0.000000e+00   0.000000e+00   1296636
  1.630963e+01   1.165038e-08   6.751760e-03   0.000000e+00   1291472
  1.633037e+01   1.161306e-08   1.118083e-02   0.000000e+00   1272768
  1.635110e+01   1.159941e-08   6.730010e-03   0.000000e+00   1269080
  1.637186e+01   1.154549e-08   7.659686e-03   0.000000e+00   1253696
  1.639259e+01   1.153854e-08   9.548135e-03   0.000000e+00   1241616
  1.641328e+01   1.151621e-08   7.271796e-03   0.000000e+00   1226712
  1.643403e+01   1.144945e-08   8.818765e-03   0.000000e+00   1226228
  1.645480e+01   1.144270e-08   6.622530e-03   0.000000e+00   1207848
  1.647554e+01   1.143762e-08   3.851249e-03   0.000000e+00   1198256
  1.649626e+01   1.141156e-08   7.080728e-03   0.000000e+00   1181516
  1.651699e+01   1.137388e-08   0.000000e+00   0.000000e+00   1177980
  1.653775e+01   1.136465e-08   2.965291e-03   0.000000e+00   1161756
  1.655846e+01   1.134174e-08   6.393670e-03   0.000000e+00   1150148
  1.657919e+01   1.130712e-08   5.101433e-03   0.000000e+00   1138848
  1.659992e+01   1.130480e-08   0.000000e+00   0.000000e+00   1126748
  1.662065e+01   1.125436e-08   2.732182e-03   0.000000e+00   1117652
  1.664143e+01   1.125274e-08   0.000000e+00   0.000000e+00   1107888
  1.666218e+01   1.125091e-08   4.923446e-03   0.000000e+00   1090964
  1.668290e+01   1.120051e-08   5.052515e-03   0.000000e+00   1080684
  1.670361e+01   1.118665e-08   9.069967e-03   0.000000e+00   1065660
  1.672435e+01   1.117643e-08   0.000000e+00   0.000000e+00   1061996
  1.674512e+01   1.117261e-08   5.035167e-03   0.000000e+00   1044320
  1.676585e+01   1.114049e-08   9.805859e-03   0.000000e+00   1034640
  1.678659e+01   1.114456e-08   5.356331e-03   0.000000e+00   1019172
  1.680734e+01   1.109320e-08   4.764747e-03   0.000000e+00   1013948
  1.682810e+01   1.108659e-08   1.088594e-02   0.000000e+00   996376
  1.684883e+01   1.108543e-08   0.000000e+00   0.000000e+00   985288
  1.686952e+01   1.110441e-08   0.000000e+00   0.000000e+00   969596
  1.689026e+01   1.103772e-08   9.784530e-03   0.000000e+00   964980
  1.691100e+01   1.102924e-08   7.885336e-03   0.000000e+00   947252
  1.693173e+01   1.105869e-08   9.508697e-03   0.000000e+00   939060
  1.695247e+01   1.107093e-08   6.590218e-03   0.000000e+00   922328
  1.697319e+01   1.101686e-08   2.892386e-03   0.000000e+00   913788
  1.699396e+01   1.100077e-08   1.079924e-02   0.000000e+00   902812
  1.701473e+01   1.100622e-08   7.658659e-03   0.000000e+00   888544
  1.703544e+01   1.101198e-08   9.144247e-03   0.000000e+00   872948
  1.705614e+01   1.101161e-08   0.000000e+00   0.000000e+00   862440
  1.707686e+01   1.097450e-08   5.224484e-03   0.000000e+00   851760
  1.709764e+01   1.100002e-08   9.147385e-04   0.000000e+00   841940
  1.711838e+01   1.101246e-08   5.326367e-03   0.000000e+00   822984
  1.713911e+01   1.101045e-08   4.789060e-03   0.000000e+00   816092
  1.715986e+01   1.096802e-08   0.000000e+00   0.000000e+00   799284
  1.718060e+01   1.096610e-08   1.005702e-02   0.000000e+00   791312
  1.720133e+01   1.096305e-08   5.281657e-03   0.000000e+00   772524
  1.722201e+01   1.097544e-08   5.981171e-03   0.000000e+00   762896
  1.724274e+01   1.098593e-08   4.112420e-03   0.000000e+00   750876
  1.726350e+01   1.092072e-08   5.799341e-03   0.000000e+00   739280
  1.728424e+01   1.097334e-08   6.452509e-03   0.000000e+00   724840
  1.730500e+01   1.094097e-08   4.386847e-03   0.000000e+00   714484
  1.732570e+01   1.097410e-08   7.076737e-03   0.000000e+00   695868
  1.734643e+01   1.098975e-08   9.320012e-03   0.000000e+00   691013
  1.736720e+01   1.095274e-08   6.539367e-03   0.000000e+00   673486
  1.738792e+01   1.091515e-08   8.011495e-03   0.000000e+00   666244
  1.740865e+01   1.091659e-08   5.935654e-03   0.000000e+00   651008
  1.742937e+01   1.085926e-08   0.000000e+00   0.000000e+00   644820
  1.745012e+01   1.083584e-08   0.000000e+00   0.000000e+00   632636
  1.747088e+01   1.076778e-08   8.725410e-03   0.000000e+00   625002
  1.749160e+01   1.075423e-08   5.474858e-03   0.000000e+00   611208
  1.751236e+01   1.066310e-08   0.000000e+00   0.000000e+00   607328
  1.753310e+01   1.064158e-08   0.000000e+00   0.000000e+00   592272
  1.755383e+01   1.059330e-08   0.000000e+00   0.000000e+00   587504
  1.757458e+01   1.052898e-08   1.003797e-02   0.000000e+00   575466
  1.759530e+01   1.043175e-08   0.000000e+00   0.000000e+00   568274
  1.761605e+01   1.041475e-08   0.000000e+00   0.000000e+00   559518
  1.763681e+01   1.031785e-08   5.375444e-03   0.000000e+00   551618
  1.765756e+01   1.028536e-08   5.021383e-03   0.000000e+00   542364
  1.767830e+01   1.018435e-08   7.858722e-03   0.000000e+00   534146
  1.769901e+01   1.015822e-08   9.703311e-03   0.000000e+00   525076
  1.771977e+01   1.006090e-08   0.000000e+00   0.000000e+00   519868
  1.774048e+01   1.002296e-08   4.305667e-03   0.000000e+00   507108
  1.776121e+01   9.934880e-09   3.423159e-03   0.000000e+00   504992
  1.778195e+01   9.860293e-09   1.024108e-02   0.000000e+00   492636
  1.780269e+01   9.778468e-09   0.000000e+00   0.000000e+00   490052
  1.782345e+01   9.722933e-09   2.490055e-03   0.000000e+00   477708
  1.784416e+01   9.602950e-09   1.390224e-03   0.000000e+00   473852
  1.786490e+01   9.555591e-09   1.224584e-02   0.000000e+00   464174
  1.788563e+01   9.454881e-09   5.206155e-03   0.000000e+00   459096
  1.790635e+01   9.406381e-09   7.578709e-03   0.000000e+00   449582
  1.792709e+01   9.277264e-09   1.316660e-02   0.000000e+00   445812
  1.794780e+01   9.244204e-09   7.624826e-03   0.000000e+00   435134
  1.796856e+01   9.155582e-09   3.998983e-03   0.000000e+00   433590
  1.798930e+01   9.049675e-09   0.000000e+00   0.000000e+00   421070
  1.801002e+01   9.001784e-09   0.000000e+00   0.000000e+00   419940
  1.803080e+01   8.931329e-09   6.563254e-03   0.000000e+00   409714
  1.805149e+01   8.797937e-09   0.000000e+00   0.000000e+00   404182
  1.807223e+01   8.768686e-09   5.632882e-03   0.000000e+00   398518
  1.809299e+01   8.619966e-09   7.257085e-03   0.000000e+00   392302
  1.811372e+01   8.584740e-09   7.163743e-03   0.000000e+00   385486
  1.813451e+01   8.501693e-09   6.188563e-03   0.000000e+00   381550
  1.815522e+01   8.382172e-09   0.000000e+00   0.000000e+00   370826
  1.817595e+01   8.324408e-09   0.000000e+00   0.000000e+00   370014
  1.819670e+01   8.257127e-09   6.188106e-03   0.000000e+00   359910
  1.821742e+01   8.140151e-09   1.024978e-02   0.000000e+00   357416
  1.823815e+01   8.088547e-09   1.028119e-02   0.000000e+00   348174
  1.825887e+01   7.963894e-09   1.010845e-02   0.000000e+00   346010
  1.827960e+01   7.927864e-09   9.550784e-03   0.000000e+00   337094
  1.830037e+01   7.794525e-09   1.072317e-02   0.000000e+00   336360
  1.832112e+01   7.716385e-09   6.334164e-03   1.074377e-11   325206
  1.834184e+01   7.604866e-09   1.191205e-02   1.062440e-11   324614
  1.836257e+01   7.585657e-09   6.653485e-03   1.080196e-11   314760
  1.838330e+01   7.453965e-09   3.260011e-03   1.058202e-11   314114
  1.840402e+01   7.378087e-09   7.953661e-03   1.068489e-11   303918
  1.842475e+01   7.267095e-09   0.000000e+00   1.056010e-11   303872
  1.844552e+01   7.210465e-09   5.501396e-03   1.057346e-11   295062
  1.846626e+01   7.100261e-09   8.225186e-03   1.048801e-11   292784
  1.848701e+01   7.041780e-09   0.000000e+00   1.053535e-11   285198
  1.850773e+01   6.911159e-09   0.000000e+00   1.042709e-11   282068
  1.852847e+01   6.863648e-09   0.000000e+00   1.042739e-11   275958
  1.854919e+01   6.756377e-09   1.009530e-02   1.038340e-11   272072
  1.856991e+01   6.667879e-09   5.257714e-03   1.032444e-11   266352
  1.859065e+01   6.595342e-09   1.684414e-03   1.032196e-11   263198
  1.861138e+01   6.535973e-09   7.768931e-03   1.036698e-11   256524
  1.863213e+01   6.416676e-09   5.861680e-03   1.015527e-11   254774
  1.865286e+01   6.336436e-09   5.094107e-03   1.016662e-11   246888
  1.867361e+01   6.218095e-09   0.000000e+00   1.006210e-11   245984
  1.869434e+01   6.178911e-09   9.660458e-04   1.019558e-11   237822
  1.871507e+01   6.025215e-09   0.000000e+00   9.908386e-12   236948
  1.873579e+01   6.001108e-09   0.000000e+00   1.005410e-11   229296
  1.875655e+01   5.859444e-09   3.430123e-03   9.834621e-12   228968
  1.877731e+01   5.819833e-09   1.112442e-02   9.926623e-12   220894
  1.879806e+01   5.714847e-09   7.984531e-03   9.758813e-12   220408
  1.881881e+01   5.648334e-09   1.018337e-03   9.775444e-12   212400
  1.883955e+01   5.549018e-09   2.697829e-03   9.684160e-12   212228
  1.886030e+01   5.505381e-09   9.741035e-03   9.666936e-12   204502
  1.888104e+01   5.356622e-09   4.720682e-03   9.525838e-12   203944
  1.890176e+01   5.311790e-09   7.945553e-03   9.612024e-12   196272
  1.892248e+01   5.187020e-09   7.218442e-03   9.337590e-12   196280
  1.894321e+01   5.152534e-09   5.421396e-03   9.503978e-12   188604
  1.896392e+01   5.069809e-09   6.773012e-03   9.410349e-12   188408
  1.898465e+01   5.020530e-09   2.002907e-03   9.378942e-12   181566
  1.900538e+01   4.887965e-09   5.858929e-03   9.180344e-12   180920
  1.902611e+01   4.842656e-09   7.297743e-03   9.349126e-12   174304
  1.904684e+01   4.730807e-09   0.000000e+00   9.068533e-12   173620
  1.906758e+01   4.705524e-09   7.744570e-03   9.222032e-12   167432
  1.908835e+01   4.573472e-09   5.682941e-03   9.019826e-12   166944
  1.910906e+01   4.537628e-09   9.845622e-03   9.123800e-12   159704
  1.912981e+01   4.429463e-09   6.757546e-03   8.855742e-12   160464
  1.915054e+01   4.387953e-09   5.589564e-03   9.005126e-12   152756
  1.917128e+01   4.271343e-09   9.371189e-03   8.787056e-12   153912
  1.919201e+01   4.229439e-09   1.009751e-02   8.856203e-12   146024
  1.921272e+01   4.118870e-09   1.586231e-02   8.673406e-12   147168
  1.923347e+01   4.082010e-09   9.244261e-03   8.766806e-12   140000
  1.925420e+01   3.975551e-09   0.000000e+00   8.562761e-12   140580
  1.927495e+01   3.924189e-09   8.463159e-03   8.566331e-12   134112
  1.929569e+01   3.807325e-09   1.367543e-02   8.378778e-12   134264
  1.931643e+01   3.777100e-09   8.712460e-03   8.443805e-12   128000
  1.933717e+01   3.669678e-09   1.113140e-02   8.191567e-12   128124
  1.935794e+01   3.649187e-09   7.390497e-03   8.377223e-12   122472
  1.937867e+01   3.520750e-09   1.116104e-02   8.126109e-12   121808
  1.939939e+01   3.497215e-09   3.131269e-03   8.212089e-12   116592
  1.942010e+01   3.382308e-09   0.000000e+00   8.035552e-12   116072
  1.944084e+01   3.344331e-09   1.174383e-02   7.982496e-12   111156
  1.946160e+01   3.244748e-09   0.000000e+00   7.829561e-12   110864
  1.948235e+01   3.236260e-09   0.000000e+00   7.922504e-12   105464
  1.950311e+01   3.106802e-09   6.163517e-03   7.651789e-12   105738
  1.952384e+01   3.056016e-09   8.707508e-03   7.655083e-12   99824
  1.954458e+01   2.960229e-09   0.000000e+00   7.474063e-12   100452
  1.956528e+01   2.935645e-09   1.097736e-02   7.687146e-12   94608
  1.958602e+01   2.835743e-09   5.905151e-03   7.347765e-12   95456
  1.960674e+01   2.800775e-09   1.141919e-02   7.407605e-12   89688
  1.962750e+01   2.692024e-09   9.133982e-03   7.190677e-12   90632
  1.964820e+01   2.678895e-09   8.153257e-03   7.328455e-12   84558
  1.966895e+01   2.574969e-09   5.694571e-03   6.949667e-12   86096
  1.968966e+01   2.538622e-09   6.462828e-03   7.201586e-12   79632
  1.971035e+01   2.459082e-09   1.138665e-02   6.829374e-12   81416
  1.973110e+01   2.445042e-09   9.083873e-03   7.133880e-12   75348
  1.975179e+01   2.337116e-09   0.000000e+00   6.739703e-12   76712
  1.977255e+01   2.319080e-09   1.122392e-02   6.893011e-12   71322
  1.979329e+01   2.219268e-09   4.079787e-03   6.575423e-12   72248
  1.981405e+01   2.182995e-09   0.000000e+00   6.641292e-12   67152
  1.983478e+01   2.093501e-09   0.000000e+00   6.406735e-12   67844
  1.985547e+01   2.070010e-09   0.000000e+00   6.496002e-12   62976
  1.987623e+01   1.986714e-09   0.000000e+00   6.245460e-12   63914
  1.989690e+01   1.962628e-09   0.000000e+00   6.330045e-12   58824
  1.991765e+01   1.855079e-09   1.190337e-02   5.982989e-12   60116
  1.993832e+01   1.845133e-09   0.000000e+00   6.198682e-12   54888
  1.995918e+01   1.752998e-09   0.000000e+00   5.816767e-12   57002
  1.997990e+01   1.733966e-09   0.000000e+00   6.061892e-12   50760
  2.000066e+01   1.656066e-09   9.836063e-03   5.765218e-12   53312
  2.002137e+01   1.614069e-09   8.749511e-03   5.833510e-12   47124
  2.004212e+01   1.540877e-09   0.000000e+00   5.476005e-12   49850
  2.006284e+01   1.532515e-09   1.162949e-02   5.746218e-12   43680
  2.008353e+01   1.438467e-09   2.570199e-03   5.239548e-12   46328
  2.010432e+01   1.441040e-09   0.000000e+00   5.621326e-12   40686
  2.012504e+01   1.340593e-09   8.569105e-03   5.112237e-12   42992
  2.014585e+01   1.340337e-09   6.017009e-03   5.484334e-12   37656
  2.016652e+01   1.236969e-09   5.390016e-03   4.897833e-12   39578
  2.018733e+01   1.248684e-09   7.220080e-03   5.250869e-12   34928
  2.020801e+01   1.161106e-09   5.116100e-03   4.840948e-12   36300
  2.022875e+01   1.154563e-09   3.387142e-03   5.069392e-12   32136
  2.024946e+01   1.074600e-09   1.205525e-02   4.710938e-12   33362
  2.027012e+01   1.073844e-09   9.989756e-03   4.869073e-12   29336
  2.029092e+01   9.805340e-10   9.048072e-03   4.356357e-12   30804
  2.031152e+01   9.942056e-10   8.651673e-03   4.793279e-12   26490
  2.033235e+01   8.938019e-10   1.065359e-02   4.181106e-12   28376
  2.035289e+01   9.036674e-10   7.064419e-03   4.591518e-12   23792
  2.037379e+01   8.159176e-10   0.000000e+00   3.979358e-12   26142
  2.039429e+01   8.186505e-10   4.594446e-03   4.368320e-12   21192
  2.041525e+01   7.484466e-10   1.074803e-03   3.839012e-12   24050
  2.043576e+01   7.602510e-10   9.956794e-03   4.308308e-12   18768
  2.045678e+01   6.755400e-10   7.564091e-03   3.555910e-12   22052
  2.047726e+01   6.939837e-10   7.729129e-03   4.238004e-12   16346
  2.049824e+01   6.052202e-10   1.181727e-02   3.328941e-12   20136
  2.051874e+01   6.235270e-10   0.000000e+00   4.096538e-12   14168
  2.053964e+01   5.384232e-10   6.356311e-03   3.162207e-12   18210
  2.056015e+01   5.559024e-10   0.000000e+00   3.863612e-12   12204
  2.058098e+01   4.816044e-10   1.051792e-02   2.985584e-12   16346
  2.060159e+01   4.931953e-10   0.000000e+00   3.773591e-12   10536
  2.062233e+01   4.246241e-10   7.593538e-03   2.723298e-12   14456
  2.064292e+01   4.346895e-10   0.000000e+00   3.579393e-12   8982
  2.066366e+01   3.695238e-10   4.760635e-03   2.545643e-12   12752
  2.068420e+01   3.816454e-10   0.000000e+00   3.454760e-12   7506
  2.070494e+01   3.132702e-10   6.190922e-03   2.310633e-12   11192
  2.072544e+01   3.238454e-10   0.000000e+00   3.240570e-12   6156
  2.074617e+01   2.774805e-10   4.893570e-03   2.126056e-12   9722
  2.076673e+01   2.729748e-10   7.201021e-03   3.184048e-12   5000
  2.078741e+01   2.309757e-10   5.383953e-03   2.001985e-12   8298
  2.080803e+01   2.209144e-10   7.705125e-03   2.762643e-12   3996
  2.082859e+01   1.975813e-10   6.489033e-03   1.858477e-12   6938
  2.084933e+01   1.767820e-10   0.000000e+00   2.499355e-12   3168
  2.086970e+01   1.561903e-10   0.000000e+00   1.608205e-12   5624
  2.089052e+01   1.361234e-10   0.000000e+00   2.103784e-12   2502
  2.091079e+01   1.220289e-10   1.277911e-02   1.403545e-12   4424
  2.093167e+01   1.085115e-10   0.000000e+00   2.025559e-12   1938
  2.095192e+01   9.406958e-11   8.743042e-03   1.244220e-12   3368
  2.097286e+01   7.880546e-11   0.000000e+00   1.560981e-12   1446
  2.099308e+01   7.126258e-11   1.175036e-02   1.168225e-12   2456
  2.101409e+01   5.621430e-11   0.000000e+00   1.343996e-12   1026
  2.103425e+01   4.715198e-11   8.355572e-03   9.483952e-13   1688
  2.105536e+01   3.904373e-11   0.000000e+00   1.104465e-12   678
  2.107543e+01   3.142768e-11   0.000000e+00   7.412445e-13   1064
  2.109668e+01   2.412391e-11   0.000000e+00   1.016047e-12   402
  2.111655e+01   1.682766e-11   1.867745e-03   5.908053e-13   584
  2.113804e+01   1.185261e-11   4.085513e-03   6.077320e-13   198
  2.115751e+01   7.863134e-12   0.000000e+00   4.157048e-13   248
  2.117944e+01   3.519515e-12   0.000000e+00   3.493253e-13   66
  2.119769e+01   2.182059e-12   0.000000e+00   2.602745e-13   56
  2.122088e+01   5.822320e-13   3.593017e-03   7.178652e-14   6
