# power spectrum of velocity
# redshift z=1.013400
# k              Pk             sigma(k)       sigma(Pk)      count
  3.296984e-02   6.562327e-07   5.044698e-03   5.001981e-08   18
  5.763401e-02   7.765403e-07   6.101518e-03   2.655248e-08   62
  8.021500e-02   8.413614e-07   4.220981e-03   2.641828e-08   90
  1.015929e-01   6.965734e-07   6.661592e-03   1.942335e-08   170
  1.238408e-01   5.961588e-07   6.924022e-03   1.657656e-08   246
  1.455653e-01   6.007841e-07   6.601001e-03   1.591461e-08   338
  1.670045e-01   5.196035e-07   5.675008e-03   1.448048e-08   432
  1.890860e-01   5.045169e-07   5.814033e-03   1.335472e-08   578
  2.126531e-01   4.426280e-07   6.950299e-03   1.130236e-08   810
  2.364171e-01   3.859562e-07   6.650931e-03   1.006601e-08   950
  2.584110e-01   3.831909e-07   5.937311e-03   9.660230e-09   1002
  2.804014e-01   3.550641e-07   6.790366e-03   8.051925e-09   1334
  3.026544e-01   3.354312e-07   6.359237e-03   7.584915e-09   1410
  3.238383e-01   3.106811e-07   6.353415e-03   6.851653e-09   1652
  3.459805e-01   2.853385e-07   6.270062e-03   5.935841e-09   1974
  3.687015e-01   2.680602e-07   6.145597e-03   5.347426e-09   2234
  3.914852e-01   2.607648e-07   6.465304e-03   4.906588e-09   2554
  4.146404e-01   2.280178e-07   6.766617e-03   4.073962e-09   2950
  4.373171e-01   2.158160e-07   6.333753e-03   3.776812e-09   3042
  4.593379e-01   2.037258e-07   6.459188e-03   3.492810e-09   3422
  4.812041e-01   1.954906e-07   6.233806e-03   3.396622e-09   3618
  5.032209e-01   1.861588e-07   6.489853e-03   2.879317e-09   4172
  5.256126e-01   1.798365e-07   6.278215e-03   2.703969e-09   4470
  5.481222e-01   1.709290e-07   6.415795e-03   2.470987e-09   4970
  5.707131e-01   1.670023e-07   6.445533e-03   2.223030e-09   5334
  5.933173e-01   1.554952e-07   6.620458e-03   2.024168e-09   5810
  6.156523e-01   1.495062e-07   6.578023e-03   1.864479e-09   6114
  6.381341e-01   1.405040e-07   6.702829e-03   1.684900e-09   6782
  6.600508e-01   1.401907e-07   6.114761e-03   1.760006e-09   6684
  6.817733e-01   1.308113e-07   6.320015e-03   1.538666e-09   7574
  7.042989e-01   1.265702e-07   6.383283e-03   1.373212e-09   8154
  7.267523e-01   1.216495e-07   6.350446e-03   1.254989e-09   8618
  7.495802e-01   1.150670e-07   6.655359e-03   1.145890e-09   9494
  7.721958e-01   1.110008e-07   6.420657e-03   1.141112e-09   9618
  7.945082e-01   1.085509e-07   6.522732e-03   1.043785e-09   10306
  8.169314e-01   1.049119e-07   6.582267e-03   9.773328e-10   10942
  8.392838e-01   9.928550e-08   6.426710e-03   9.228153e-10   11452
  8.616156e-01   9.524876e-08   6.314015e-03   8.664618e-10   12046
  8.837539e-01   9.142896e-08   6.203919e-03   8.190040e-10   12522
  9.061496e-01   8.965912e-08   6.484290e-03   7.550352e-10   13562
  9.287321e-01   8.560583e-08   6.598088e-03   7.196695e-10   14182
  9.513437e-01   8.292375e-08   6.662158e-03   6.800831e-10   14986
  9.735647e-01   8.109796e-08   6.336365e-03   6.498572e-10   14982
  9.957420e-01   7.740358e-08   6.586886e-03   5.984726e-10   16388
  1.018091e+00   7.641843e-08   6.328859e-03   5.920333e-10   16626
  1.040289e+00   7.207978e-08   6.420279e-03   5.433564e-10   17678
  1.062665e+00   7.108680e-08   6.320822e-03   5.239854e-10   18354
  1.084952e+00   6.813998e-08   6.374281e-03   4.862675e-10   19034
  1.107316e+00   6.507504e-08   6.533602e-03   4.505845e-10   20142
  1.130052e+00   6.328803e-08   6.683525e-03   4.277520e-10   21386
  1.152535e+00   6.199364e-08   6.399747e-03   4.154368e-10   21318
  1.174826e+00   6.051743e-08   6.466397e-03   3.975279e-10   22676
  1.197287e+00   5.703149e-08   6.400053e-03   3.599156e-10   23322
  1.219569e+00   5.592968e-08   6.320268e-03   3.592854e-10   24134
  1.241897e+00   5.483255e-08   6.431744e-03   3.381128e-10   25146
  1.264263e+00   5.285331e-08   6.401452e-03   3.165418e-10   26030
  1.286511e+00   5.126774e-08   6.436689e-03   3.087675e-10   26674
  1.309005e+00   5.033896e-08   6.617025e-03   2.844734e-10   28570
  1.331328e+00   4.824237e-08   6.394995e-03   2.785230e-10   28224
  1.353730e+00   4.665184e-08   6.612954e-03   2.604593e-10   30626
  1.376139e+00   4.619278e-08   6.188716e-03   2.599294e-10   30158
  1.398198e+00   4.331223e-08   6.341847e-03   2.362044e-10   31674
  1.420633e+00   4.310818e-08   6.552335e-03   2.290037e-10   33306
  1.442956e+00   4.207384e-08   6.347056e-03   2.228131e-10   33422
  1.465264e+00   4.047200e-08   6.513108e-03   2.109460e-10   35298
  1.487916e+00   3.921122e-08   6.516416e-03   1.987919e-10   36650
  1.510372e+00   3.870263e-08   6.454814e-03   1.925641e-10   36992
  1.532811e+00   3.733062e-08   6.513536e-03   1.837823e-10   38730
  1.555258e+00   3.602426e-08   6.353885e-03   1.732164e-10   39246
  1.577568e+00   3.473990e-08   6.455390e-03   1.660553e-10   40466
  1.599767e+00   3.381747e-08   6.293773e-03   1.605805e-10   41170
  1.622137e+00   3.335074e-08   6.567546e-03   1.507826e-10   43534
  1.644564e+00   3.207437e-08   6.325250e-03   1.458412e-10   43650
  1.666806e+00   3.139230e-08   6.402960e-03   1.394607e-10   45272
  1.689341e+00   3.052201e-08   6.516762e-03   1.323953e-10   47098
  1.711828e+00   2.965248e-08   6.404451e-03   1.281652e-10   47746
  1.734150e+00   2.916764e-08   6.444169e-03   1.251875e-10   48870
  1.756360e+00   2.811356e-08   6.286874e-03   1.182772e-10   49682
  1.778525e+00   2.753516e-08   6.326647e-03   1.135043e-10   51222
  1.800935e+00   2.698906e-08   6.557316e-03   1.085969e-10   53378
  1.823276e+00   2.618183e-08   6.301611e-03   1.033551e-10   53634
  1.845811e+00   2.532165e-08   6.634337e-03   9.751098e-11   56888
  1.868406e+00   2.526308e-08   6.395733e-03   9.794792e-11   56650
  1.890835e+00   2.426960e-08   6.537955e-03   9.222749e-11   58786
  1.913211e+00   2.358471e-08   6.361015e-03   8.887847e-11   59214
  1.935520e+00   2.307224e-08   6.586702e-03   8.513167e-11   61250
  1.957781e+00   2.268651e-08   6.392870e-03   8.240352e-11   61686
  1.979969e+00   2.219580e-08   6.414087e-03   7.946271e-11   63626
  2.002425e+00   2.157367e-08   6.533519e-03   7.560463e-11   66204
  2.024979e+00   2.109342e-08   6.549144e-03   7.237832e-11   67094
  2.047324e+00   2.046918e-08   6.403473e-03   6.935710e-11   67890
  2.069704e+00   2.028751e-08   6.363893e-03   6.741586e-11   70334
  2.092058e+00   1.997461e-08   6.261740e-03   6.650252e-11   70626
  2.114244e+00   1.926302e-08   6.521481e-03   6.240582e-11   72554
  2.136583e+00   1.899055e-08   6.543186e-03   6.027600e-11   74550
  2.158931e+00   1.848616e-08   6.418309e-03   5.850842e-11   75674
  2.181263e+00   1.827391e-08   6.374257e-03   5.666747e-11   77564
  2.203870e+00   1.775611e-08   6.555676e-03   5.395702e-11   80766
  2.226373e+00   1.752996e-08   6.321106e-03   5.274645e-11   80202
  2.248753e+00   1.709290e-08   6.417816e-03   5.061032e-11   83102
  2.271187e+00   1.681464e-08   6.446404e-03   4.946083e-11   83890
  2.293506e+00   1.663793e-08   6.479320e-03   4.777909e-11   85522
  2.315740e+00   1.620812e-08   6.286742e-03   4.616617e-11   86670
  2.338062e+00   1.596847e-08   6.387814e-03   4.503039e-11   89588
  2.360532e+00   1.567457e-08   6.556601e-03   4.314696e-11   91038
  2.382934e+00   1.551579e-08   6.400576e-03   4.216013e-11   92522
  2.405285e+00   1.521250e-08   6.335531e-03   4.104738e-11   94242
  2.427820e+00   1.491969e-08   6.570514e-03   3.920135e-11   97550
  2.450162e+00   1.467136e-08   6.600388e-03   3.879583e-11   96250
  2.472297e+00   1.452413e-08   6.503870e-03   3.760757e-11   99166
  2.494559e+00   1.427255e-08   6.296719e-03   3.648262e-11   100932
  2.516987e+00   1.399451e-08   6.590075e-03   3.485895e-11   104306
  2.539456e+00   1.383222e-08   6.528307e-03   3.453185e-11   104990
  2.561902e+00   1.368774e-08   6.304007e-03   3.346346e-11   107874
  2.584334e+00   1.342363e-08   5.965259e-03   3.253368e-11   108322
  2.606698e+00   1.326931e-08   5.813438e-03   3.156339e-11   111454
  2.629068e+00   1.310851e-08   6.335760e-03   3.095225e-11   112002
  2.651317e+00   1.296753e-08   6.410989e-03   3.015717e-11   114158
  2.673611e+00   1.275045e-08   6.286844e-03   2.936734e-11   116148
  2.695991e+00   1.271501e-08   6.537826e-03   2.875418e-11   118754
  2.718416e+00   1.240831e-08   6.575794e-03   2.762805e-11   120942
  2.740900e+00   1.232222e-08   6.342240e-03   2.722162e-11   123170
  2.763262e+00   1.216101e-08   6.650969e-03   2.660962e-11   123638
  2.785600e+00   1.204561e-08   6.153599e-03   2.593185e-11   126858
  2.807914e+00   1.191703e-08   6.469362e-03   2.554615e-11   127698
  2.830202e+00   1.184715e-08   6.499720e-03   2.491440e-11   130640
  2.852586e+00   1.170224e-08   6.438107e-03   2.430395e-11   132642
  2.874952e+00   1.155279e-08   6.352714e-03   2.368263e-11   134534
  2.897404e+00   1.153909e-08   6.450292e-03   2.333515e-11   137954
  2.919986e+00   1.138931e-08   6.404556e-03   2.270001e-11   140610
  2.942360e+00   1.125463e-08   6.521873e-03   2.247702e-11   139590
  2.964634e+00   1.122148e-08   6.591979e-03   2.215164e-11   143546
  2.987021e+00   1.108355e-08   6.217266e-03   2.174560e-11   145338
  3.009339e+00   1.098196e-08   6.480654e-03   2.111250e-11   147272
  3.031731e+00   1.086351e-08   6.564942e-03   2.045550e-11   150434
  3.054162e+00   1.083281e-08   6.277015e-03   2.036041e-11   152214
  3.076475e+00   1.073567e-08   6.504696e-03   2.014892e-11   153186
  3.098915e+00   1.059429e-08   6.609780e-03   1.936543e-11   158642
  3.121323e+00   1.055852e-08   6.021968e-03   1.930039e-11   157350
  3.143640e+00   1.052137e-08   6.436672e-03   1.890832e-11   161906
  3.165888e+00   1.042220e-08   6.311708e-03   1.872863e-11   160824
  3.188240e+00   1.035943e-08   6.985667e-03   1.827142e-11   167906
  3.210725e+00   1.028647e-08   6.372774e-03   1.817477e-11   167578
  3.233024e+00   1.024928e-08   6.370745e-03   1.792707e-11   169798
  3.255417e+00   1.018827e-08   6.490887e-03   1.748653e-11   173586
  3.277853e+00   1.009939e-08   6.621414e-03   1.724104e-11   175274
  3.300233e+00   1.008142e-08   6.588123e-03   1.718206e-11   177654
  3.322649e+00   1.001387e-08   6.519121e-03   1.675744e-11   180698
  3.345071e+00   9.932651e-09   6.410851e-03   1.650068e-11   182680
  3.367431e+00   9.885616e-09   6.797950e-03   1.636472e-11   184138
  3.389748e+00   9.836307e-09   6.423517e-03   1.605899e-11   187138
  3.412184e+00   9.801973e-09   6.414025e-03   1.585824e-11   191134
  3.434561e+00   9.719599e-09   6.470581e-03   1.562180e-11   191010
  3.456874e+00   9.663699e-09   5.539857e-03   1.531252e-11   195134
  3.479180e+00   9.641425e-09   6.600104e-03   1.523861e-11   195810
  3.501526e+00   9.631185e-09   6.608369e-03   1.508934e-11   201140
  3.523888e+00   9.579966e-09   6.711381e-03   1.498540e-11   201054
  3.546202e+00   9.508792e-09   6.462105e-03   1.471147e-11   205250
  3.568580e+00   9.497215e-09   6.100936e-03   1.456831e-11   207366
  3.590958e+00   9.450126e-09   6.985273e-03   1.431456e-11   210578
  3.613360e+00   9.383895e-09   6.324005e-03   1.403489e-11   213066
  3.635836e+00   9.348986e-09   6.641688e-03   1.387605e-11   217382
  3.658206e+00   9.338942e-09   6.395760e-03   1.396232e-11   216306
  3.680475e+00   9.294290e-09   6.372599e-03   1.370621e-11   220652
  3.702896e+00   9.247691e-09   6.668047e-03   1.355226e-11   224622
  3.725362e+00   9.190255e-09   5.779893e-03   1.331721e-11   227066
  3.747752e+00   9.189461e-09   6.261135e-03   1.324703e-11   228574
  3.770100e+00   9.146406e-09   5.554436e-03   1.309377e-11   231466
  3.792430e+00   9.160556e-09   6.260163e-03   1.304894e-11   233946
  3.814844e+00   9.089021e-09   6.875536e-03   1.275165e-11   238694
  3.837178e+00   9.060954e-09   6.618711e-03   1.273353e-11   238068
  3.859525e+00   9.039848e-09   6.500634e-03   1.261271e-11   244190
  3.881972e+00   9.003036e-09   6.313782e-03   1.242932e-11   245634
  3.904316e+00   8.986551e-09   6.828267e-03   1.234344e-11   248090
  3.926693e+00   8.954099e-09   6.285490e-03   1.219101e-11   251958
  3.949081e+00   8.904667e-09   6.697987e-03   1.209451e-11   254042
  3.971388e+00   8.871079e-09   6.287961e-03   1.198162e-11   255714
  3.993796e+00   8.853600e-09   6.839972e-03   1.181423e-11   262358
  4.016214e+00   8.843504e-09   6.117500e-03   1.178525e-11   261900
  4.038662e+00   8.821674e-09   6.584667e-03   1.160465e-11   268646
  4.061015e+00   8.799241e-09   6.290873e-03   1.161990e-11   265578
  4.083321e+00   8.757743e-09   6.291309e-03   1.141393e-11   273290
  4.105698e+00   8.723688e-09   6.399247e-03   1.136034e-11   273678
  4.128093e+00   8.733451e-09   6.692071e-03   1.122843e-11   279698
  4.150495e+00   8.662691e-09   7.452451e-03   1.112799e-11   279630
  4.172783e+00   8.633132e-09   6.028599e-03   1.103398e-11   283004
  4.195181e+00   8.625619e-09   6.070621e-03   1.093590e-11   288330
  4.217593e+00   8.622822e-09   6.485451e-03   1.087941e-11   289718
  4.239927e+00   8.578985e-09   6.458771e-03   1.078012e-11   292290
  4.262196e+00   8.558840e-09   6.225582e-03   1.070343e-11   294134
  4.284546e+00   8.537772e-09   6.323979e-03   1.059372e-11   300642
  4.306999e+00   8.494686e-09   6.747347e-03   1.049181e-11   303386
  4.329363e+00   8.518696e-09   7.145389e-03   1.047075e-11   304662
  4.351748e+00   8.478942e-09   6.204824e-03   1.031203e-11   309812
  4.374152e+00   8.463203e-09   6.421729e-03   1.023674e-11   311570
  4.396623e+00   8.420370e-09   6.235243e-03   1.011471e-11   318270
  4.418991e+00   8.410258e-09   6.911024e-03   1.014573e-11   315090
  4.441281e+00   8.358213e-09   6.032844e-03   9.946568e-12   322646
  4.463622e+00   8.344162e-09   6.225975e-03   9.946344e-12   322722
  4.485989e+00   8.322687e-09   6.838770e-03   9.828723e-12   329930
  4.508427e+00   8.329867e-09   6.833970e-03   9.781629e-12   331824
  4.530867e+00   8.274919e-09   6.224704e-03   9.659612e-12   336266
  4.553237e+00   8.275259e-09   6.484485e-03   9.693169e-12   336094
  4.575555e+00   8.251261e-09   6.174049e-03   9.527431e-12   341386
  4.597916e+00   8.217798e-09   6.518276e-03   9.441934e-12   344338
  4.620261e+00   8.214497e-09   6.653916e-03   9.401551e-12   347638
  4.642628e+00   8.193429e-09   6.222642e-03   9.355428e-12   351618
  4.664976e+00   8.156305e-09   6.469335e-03   9.252616e-12   353792
  4.687393e+00   8.120787e-09   6.329688e-03   9.100713e-12   360538
  4.709883e+00   8.111642e-09   6.182432e-03   9.058761e-12   363250
  4.732222e+00   8.114498e-09   6.744958e-03   9.084537e-12   362334
  4.754613e+00   8.097144e-09   5.545243e-03   8.962039e-12   371642
  4.776982e+00   8.056515e-09   6.382925e-03   8.976759e-12   368794
  4.799278e+00   8.029148e-09   6.387716e-03   8.814177e-12   376510
  4.821650e+00   8.009478e-09   6.175606e-03   8.804843e-12   377994
  4.843996e+00   8.005491e-09   6.315711e-03   8.732408e-12   382760
  4.866396e+00   7.982605e-09   7.117109e-03   8.657904e-12   386674
  4.888807e+00   7.966973e-09   6.409886e-03   8.600835e-12   390298
  4.911191e+00   7.926142e-09   6.813593e-03   8.510898e-12   393142
  4.933591e+00   7.908599e-09   6.501083e-03   8.468398e-12   397762
  4.955871e+00   7.878752e-09   6.245542e-03   8.416652e-12   396270
  4.978166e+00   7.869882e-09   6.496904e-03   8.341107e-12   405194
  5.000562e+00   7.843900e-09   5.919945e-03   8.259285e-12   407580
  5.022943e+00   7.812428e-09   6.908258e-03   8.198122e-12   411782
  5.045306e+00   7.814132e-09   6.216883e-03   8.196713e-12   414114
  5.067735e+00   7.794002e-09   6.713185e-03   8.098536e-12   421562
  5.090174e+00   7.764076e-09   6.517221e-03   8.062439e-12   421910
  5.112574e+00   7.735214e-09   6.197409e-03   7.989556e-12   427818
  5.134974e+00   7.740506e-09   7.260805e-03   7.982529e-12   429430
  5.157303e+00   7.719486e-09   6.809277e-03   7.896979e-12   432322
  5.179645e+00   7.688191e-09   5.417698e-03   7.830429e-12   437428
  5.202002e+00   7.670352e-09   5.452295e-03   7.818478e-12   440590
  5.224403e+00   7.658535e-09   6.462272e-03   7.712967e-12   446770
  5.246845e+00   7.616811e-09   6.090732e-03   7.649016e-12   449782
  5.269175e+00   7.591717e-09   6.553056e-03   7.623631e-12   449706
  5.291511e+00   7.563304e-09   6.515837e-03   7.508064e-12   458042
  5.313861e+00   7.573237e-09   6.119020e-03   7.544752e-12   458158
  5.336202e+00   7.555368e-09   6.106022e-03   7.494917e-12   465124
  5.358552e+00   7.528694e-09   6.468032e-03   7.435890e-12   466230
  5.380943e+00   7.490486e-09   6.829184e-03   7.337105e-12   474386
  5.403347e+00   7.459239e-09   6.130252e-03   7.276041e-12   475178
  5.425784e+00   7.476411e-09   6.824504e-03   7.246875e-12   483558
  5.448229e+00   7.444025e-09   5.492436e-03   7.189019e-12   483354
  5.470572e+00   7.399952e-09   5.327068e-03   7.124863e-12   487178
  5.492930e+00   7.408689e-09   6.647150e-03   7.119814e-12   492006
  5.515271e+00   7.380723e-09   6.317722e-03   7.087961e-12   494852
  5.537618e+00   7.371616e-09   6.304247e-03   7.047730e-12   499502
  5.559996e+00   7.345423e-09   5.824134e-03   6.963264e-12   504618
  5.582394e+00   7.310046e-09   6.996176e-03   6.914782e-12   508506
  5.604824e+00   7.296515e-09   7.043389e-03   6.867769e-12   514406
  5.627193e+00   7.294378e-09   5.909523e-03   6.874401e-12   514026
  5.649494e+00   7.246509e-09   6.739378e-03   6.777201e-12   519230
  5.671805e+00   7.230260e-09   6.102049e-03   6.743443e-12   522620
  5.694158e+00   7.226995e-09   6.333388e-03   6.706610e-12   529458
  5.716574e+00   7.206767e-09   6.621455e-03   6.684055e-12   534078
  5.738967e+00   7.174655e-09   6.761308e-03   6.617840e-12   536666
  5.761303e+00   7.173886e-09   6.553976e-03   6.566615e-12   539270
  5.783741e+00   7.145893e-09   6.336699e-03   6.503811e-12   550530
  5.806191e+00   7.142060e-09   6.982104e-03   6.503168e-12   548474
  5.828530e+00   7.104107e-09   6.529975e-03   6.445217e-12   553518
  5.850854e+00   7.084553e-09   6.732624e-03   6.424016e-12   556116
  5.873250e+00   7.068516e-09   6.074733e-03   6.338685e-12   564890
  5.895607e+00   7.047420e-09   6.326648e-03   6.355630e-12   563718
  5.917987e+00   7.023401e-09   6.433256e-03   6.252263e-12   574298
  5.940398e+00   7.015917e-09   7.641482e-03   6.263830e-12   573966
  5.962766e+00   6.977403e-09   6.068721e-03   6.173768e-12   580586
  5.985126e+00   6.957602e-09   6.563206e-03   6.161019e-12   582666
  6.007511e+00   6.935551e-09   6.606642e-03   6.091391e-12   590648
  6.029891e+00   6.943495e-09   6.303924e-03   6.121938e-12   590578
  6.052199e+00   6.907128e-09   7.078407e-03   6.037353e-12   595990
  6.074561e+00   6.890872e-09   6.201502e-03   6.006155e-12   601778
  6.096961e+00   6.863931e-09   6.997902e-03   5.951447e-12   607578
  6.119373e+00   6.854378e-09   6.722837e-03   5.908723e-12   611294
  6.141771e+00   6.815899e-09   6.697770e-03   5.877862e-12   615498
  6.164114e+00   6.800260e-09   6.454104e-03   5.848169e-12   617274
  6.186486e+00   6.772603e-09   6.012670e-03   5.792026e-12   626360
  6.208872e+00   6.752383e-09   5.771004e-03   5.772228e-12   626658
  6.231231e+00   6.730429e-09   6.191697e-03   5.711835e-12   634022
  6.253568e+00   6.727577e-09   6.161775e-03   5.729495e-12   634554
  6.275945e+00   6.699485e-09   5.209721e-03   5.647967e-12   645026
  6.298332e+00   6.691252e-09   6.634563e-03   5.625804e-12   645182
  6.320704e+00   6.656441e-09   6.580459e-03   5.562921e-12   652938
  6.343072e+00   6.645374e-09   7.401114e-03   5.558308e-12   654336
  6.365469e+00   6.619762e-09   6.726539e-03   5.503893e-12   663242
  6.387867e+00   6.601164e-09   5.460901e-03   5.475122e-12   664002
  6.410200e+00   6.583009e-09   7.437274e-03   5.433854e-12   668990
  6.432560e+00   6.571280e-09   6.038904e-03   5.414830e-12   674554
  6.454898e+00   6.546528e-09   6.625449e-03   5.392044e-12   677158
  6.477291e+00   6.526522e-09   6.644340e-03   5.328294e-12   687306
  6.499736e+00   6.503504e-09   6.401077e-03   5.307738e-12   690290
  6.522108e+00   6.476231e-09   6.017201e-03   5.299824e-12   691992
  6.544509e+00   6.464782e-09   7.332766e-03   5.227438e-12   701402
  6.566900e+00   6.448468e-09   6.915998e-03   5.229054e-12   700826
  6.589250e+00   6.424831e-09   6.173788e-03   5.147383e-12   708726
  6.611621e+00   6.406382e-09   6.696841e-03   5.137446e-12   711690
  6.634006e+00   6.373900e-09   7.581469e-03   5.078778e-12   719606
  6.656343e+00   6.359501e-09   6.518462e-03   5.088895e-12   717810
  6.678695e+00   6.341002e-09   5.824456e-03   5.035949e-12   730412
  6.701111e+00   6.318916e-09   7.024063e-03   4.999075e-12   731782
  6.723530e+00   6.302987e-09   6.873062e-03   4.950018e-12   740458
  6.745892e+00   6.286367e-09   6.707712e-03   4.959691e-12   737494
  6.768211e+00   6.258701e-09   5.711584e-03   4.891202e-12   747298
  6.790586e+00   6.232034e-09   5.797439e-03   4.876034e-12   751762
  6.812938e+00   6.228551e-09   6.587799e-03   4.863531e-12   755470
  6.835285e+00   6.202488e-09   6.782773e-03   4.818890e-12   761442
  6.857716e+00   6.175633e-09   6.588568e-03   4.763805e-12   770816
  6.880117e+00   6.160725e-09   5.652850e-03   4.763607e-12   769242
  6.902527e+00   6.133252e-09   6.239547e-03   4.701546e-12   782162
  6.924881e+00   6.120540e-09   8.782234e-03   4.707925e-12   775230
  6.947207e+00   6.099934e-09   5.594527e-03   4.650534e-12   789866
  6.969568e+00   6.077360e-09   5.557620e-03   4.638975e-12   787938
  6.991917e+00   6.067977e-09   5.338172e-03   4.608390e-12   799574
  7.014332e+00   6.040824e-09   7.386050e-03   4.586981e-12   803028
  7.036695e+00   6.038500e-09   6.437138e-03   4.569943e-12   805574
  7.059047e+00   6.015745e-09   7.058294e-03   4.535393e-12   812034
  7.081459e+00   5.983467e-09   7.423816e-03   4.473002e-12   820970
  7.103857e+00   5.957790e-09   6.493729e-03   4.442907e-12   821174
  7.126168e+00   5.949094e-09   6.534116e-03   4.445714e-12   825186
  7.148507e+00   5.930961e-09   7.343106e-03   4.405207e-12   833142
  7.170833e+00   5.911116e-09   6.426859e-03   4.383927e-12   834788
  7.193212e+00   5.887582e-09   7.975005e-03   4.330915e-12   847858
  7.215716e+00   5.869041e-09   6.069835e-03   4.301427e-12   854278
  7.238117e+00   5.861754e-09   5.404737e-03   4.311051e-12   850914
  7.260454e+00   5.826622e-09   5.188640e-03   4.260630e-12   859250
  7.282849e+00   5.819958e-09   6.549415e-03   4.258601e-12   867126
  7.305227e+00   5.796760e-09   6.975429e-03   4.216827e-12   868274
  7.327553e+00   5.776905e-09   7.289624e-03   4.187544e-12   873606
  7.349886e+00   5.765074e-09   4.807666e-03   4.179360e-12   879284
  7.372265e+00   5.742104e-09   7.139256e-03   4.139665e-12   887666
  7.394722e+00   5.721968e-09   7.443262e-03   4.099235e-12   897030
  7.417135e+00   5.705646e-09   6.073920e-03   4.089759e-12   894378
  7.439489e+00   5.692816e-09   6.502339e-03   4.070991e-12   903254
  7.461834e+00   5.661675e-09   6.956502e-03   4.042341e-12   904562
  7.484170e+00   5.645059e-09   5.977298e-03   4.021295e-12   913362
  7.506501e+00   5.621834e-09   4.866801e-03   3.993334e-12   915592
  7.528884e+00   5.618500e-09   7.254192e-03   3.966062e-12   927946
  7.551264e+00   5.600358e-09   8.112907e-03   3.959599e-12   926094
  7.573690e+00   5.579222e-09   6.289273e-03   3.910480e-12   942890
  7.596112e+00   5.553699e-09   6.795893e-03   3.898896e-12   937266
  7.618472e+00   5.533165e-09   5.921230e-03   3.863130e-12   948854
  7.640841e+00   5.519543e-09   5.198272e-03   3.867545e-12   948714
  7.663162e+00   5.507539e-09   5.786033e-03   3.827956e-12   956186
  7.685531e+00   5.471552e-09   6.497757e-03   3.788499e-12   964272
  7.707929e+00   5.453744e-09   6.522888e-03   3.771379e-12   969458
  7.730305e+00   5.447309e-09   5.304361e-03   3.746732e-12   973358
  7.752696e+00   5.430802e-09   7.161241e-03   3.730982e-12   982098
  7.775064e+00   5.414368e-09   5.938413e-03   3.715085e-12   983178
  7.797465e+00   5.395699e-09   7.862531e-03   3.681631e-12   996350
  7.819856e+00   5.376665e-09   5.853734e-03   3.675440e-12   993530
  7.842135e+00   5.361699e-09   6.935777e-03   3.653430e-12   997848
  7.864479e+00   5.338486e-09   6.788019e-03   3.606811e-12   1010106
  7.886888e+00   5.317299e-09   6.869699e-03   3.590580e-12   1015730
  7.909266e+00   5.304572e-09   6.616231e-03   3.582191e-12   1018710
  7.931688e+00   5.284133e-09   6.684002e-03   3.541990e-12   1031282
  7.954076e+00   5.265107e-09   6.406906e-03   3.537272e-12   1027122
  7.976427e+00   5.246287e-09   6.472928e-03   3.505507e-12   1039838
  7.998792e+00   5.230840e-09   7.163724e-03   3.490614e-12   1039898
  8.021140e+00   5.214128e-09   6.974303e-03   3.465528e-12   1050288
  8.043503e+00   5.191223e-09   6.778861e-03   3.446790e-12   1052226
  8.065877e+00   5.172499e-09   4.581689e-03   3.408488e-12   1062746
  8.088279e+00   5.152994e-09   6.059473e-03   3.396660e-12   1067438
  8.110673e+00   5.140607e-09   5.988334e-03   3.376360e-12   1073730
  8.133054e+00   5.120821e-09   7.537490e-03   3.359175e-12   1078230
  8.155441e+00   5.112829e-09   6.039071e-03   3.342739e-12   1085594
  8.177780e+00   5.087314e-09   5.217243e-03   3.321431e-12   1086124
  8.200161e+00   5.074731e-09   6.643525e-03   3.294531e-12   1101310
  8.222544e+00   5.047700e-09   7.350092e-03   3.284726e-12   1098282
  8.244897e+00   5.035070e-09   4.450530e-03   3.251259e-12   1109918
  8.267297e+00   5.027083e-09   6.211150e-03   3.240328e-12   1114962
  8.289698e+00   5.002093e-09   6.923168e-03   3.211310e-12   1122962
  8.312092e+00   4.975084e-09   0.000000e+00   3.193814e-12   1125822
  8.334456e+00   4.965575e-09   6.813936e-03   3.180318e-12   1132538
  8.356797e+00   4.950237e-09   7.013212e-03   3.169849e-12   1135164
  8.379146e+00   4.934039e-09   7.308057e-03   3.139569e-12   1145654
  8.401546e+00   4.918740e-09   4.870087e-03   3.123324e-12   1152666
  8.423940e+00   4.891165e-09   6.418045e-03   3.098504e-12   1157078
  8.446300e+00   4.884357e-09   7.279072e-03   3.093863e-12   1161522
  8.468697e+00   4.867223e-09   6.828598e-03   3.064576e-12   1173050
  8.491063e+00   4.843856e-09   6.524997e-03   3.051436e-12   1171518
  8.513415e+00   4.830366e-09   7.912040e-03   3.027414e-12   1183772
  8.535748e+00   4.814773e-09   6.876875e-03   3.020572e-12   1181262
  8.558078e+00   4.794817e-09   5.957384e-03   2.993169e-12   1195490
  8.580480e+00   4.779604e-09   5.560428e-03   2.973011e-12   1202010
  8.602872e+00   4.767037e-09   5.818146e-03   2.954946e-12   1207166
  8.625260e+00   4.749678e-09   6.814884e-03   2.937718e-12   1214074
  8.647608e+00   4.734396e-09   6.967278e-03   2.928798e-12   1215334
  8.669982e+00   4.711471e-09   8.354039e-03   2.894414e-12   1229274
  8.692424e+00   4.687525e-09   7.105245e-03   2.873730e-12   1236164
  8.714808e+00   4.688589e-09   5.285896e-03   2.881066e-12   1234942
  8.737151e+00   4.665603e-09   6.288884e-03   2.859313e-12   1244410
  8.759508e+00   4.638535e-09   6.581933e-03   2.827830e-12   1249010
  8.781891e+00   4.630865e-09   7.356257e-03   2.816046e-12   1260702
  8.804253e+00   4.616972e-09   5.935123e-03   2.813437e-12   1259490
  8.826638e+00   4.597347e-09   6.182848e-03   2.776044e-12   1275662
  8.849004e+00   4.585403e-09   3.448750e-03   2.776849e-12   1270164
  8.871392e+00   4.574026e-09   5.396361e-03   2.746905e-12   1291226
  8.893774e+00   4.550247e-09   4.385920e-03   2.737392e-12   1282750
  8.916104e+00   4.533468e-09   6.377193e-03   2.714184e-12   1298146
  8.938493e+00   4.512239e-09   5.501775e-03   2.697571e-12   1301646
  8.960864e+00   4.501493e-09   5.941955e-03   2.687171e-12   1309898
  8.983253e+00   4.482889e-09   4.766463e-03   2.665418e-12   1317010
  9.005646e+00   4.469546e-09   6.716190e-03   2.651193e-12   1323814
  9.028017e+00   4.448896e-09   4.948370e-03   2.640047e-12   1326732
  9.050376e+00   4.436529e-09   7.361075e-03   2.621227e-12   1335434
  9.072794e+00   4.431314e-09   8.454463e-03   2.608077e-12   1347902
  9.095185e+00   4.397697e-09   9.006136e-03   2.586855e-12   1344786
  9.117492e+00   4.391327e-09   4.166589e-03   2.581453e-12   1351222
  9.139861e+00   4.378807e-09   5.852681e-03   2.561409e-12   1365322
  9.162264e+00   4.357995e-09   7.480217e-03   2.541839e-12   1369002
  9.184645e+00   4.344180e-09   6.629027e-03   2.526672e-12   1376456
  9.207010e+00   4.331573e-09   5.489623e-03   2.516598e-12   1379362
  9.229387e+00   4.316802e-09   7.067682e-03   2.499624e-12   1392262
  9.251770e+00   4.301833e-09   6.432677e-03   2.491177e-12   1392546
  9.274121e+00   4.288634e-09   7.080772e-03   2.474872e-12   1402754
  9.296491e+00   4.271682e-09   7.907522e-03   2.461757e-12   1408470
  9.318858e+00   4.256950e-09   3.282049e-03   2.447373e-12   1415450
  9.341178e+00   4.243506e-09   6.393235e-03   2.436804e-12   1416504
  9.363608e+00   4.225952e-09   6.605893e-03   2.401835e-12   1442354
  9.386041e+00   4.212600e-09   7.605363e-03   2.407749e-12   1431202
  9.408387e+00   4.196151e-09   6.355801e-03   2.387879e-12   1445038
  9.430740e+00   4.184688e-09   5.588520e-03   2.376693e-12   1445322
  9.453125e+00   4.156961e-09   6.108612e-03   2.345489e-12   1462778
  9.475509e+00   4.155529e-09   7.142984e-03   2.351614e-12   1459590
  9.497849e+00   4.142878e-09   6.900208e-03   2.332699e-12   1471226
  9.520244e+00   4.127175e-09   4.990229e-03   2.317654e-12   1480136
  9.542652e+00   4.113349e-09   6.632033e-03   2.301408e-12   1486530
  9.565023e+00   4.100476e-09   7.404501e-03   2.291109e-12   1488898
  9.587391e+00   4.083923e-09   5.907482e-03   2.281216e-12   1500838
  9.609784e+00   4.063994e-09   4.121271e-03   2.260771e-12   1505906
  9.632115e+00   4.054786e-09   7.598672e-03   2.258201e-12   1507062
  9.654452e+00   4.039186e-09   6.323779e-03   2.238122e-12   1519890
  9.676823e+00   4.028719e-09   7.451519e-03   2.231656e-12   1526516
  9.699240e+00   4.007407e-09   4.767579e-03   2.202135e-12   1540038
  9.721645e+00   4.003657e-09   7.632536e-03   2.204867e-12   1538810
  9.743988e+00   3.982815e-09   5.744895e-03   2.191201e-12   1545574
  9.766381e+00   3.977142e-09   9.997399e-03   2.179343e-12   1560010
  9.788761e+00   3.958384e-09   5.435284e-03   2.166903e-12   1558578
  9.811105e+00   3.945177e-09   6.916536e-03   2.152160e-12   1568990
  9.833441e+00   3.934912e-09   7.404500e-03   2.147937e-12   1571770
  9.855810e+00   3.920478e-09   6.660599e-03   2.126767e-12   1587748
  9.878214e+00   3.909188e-09   5.210975e-03   2.120972e-12   1590966
  9.900618e+00   3.891047e-09   5.415973e-03   2.102627e-12   1602554
  9.922993e+00   3.880552e-09   7.188756e-03   2.098650e-12   1601190
  9.945334e+00   3.868411e-09   7.020966e-03   2.084045e-12   1611722
  9.967674e+00   3.857651e-09   6.360672e-03   2.072631e-12   1616058
  9.990052e+00   3.842367e-09   6.149277e-03   2.055537e-12   1631942
  1.001243e+01   3.831889e-09   5.183289e-03   2.055294e-12   1630980
  1.003478e+01   3.813271e-09   6.755710e-03   2.035422e-12   1641494
  1.005719e+01   3.802247e-09   7.395307e-03   2.019522e-12   1653378
  1.007964e+01   3.789634e-09   7.530711e-03   2.011206e-12   1663730
  1.010201e+01   3.775550e-09   5.044596e-03   2.009367e-12   1656558
  1.012433e+01   3.764351e-09   7.471072e-03   1.991195e-12   1671026
  1.014670e+01   3.750356e-09   7.345419e-03   1.982022e-12   1677818
  1.016906e+01   3.739609e-09   8.042744e-03   1.970893e-12   1685454
  1.019144e+01   3.728321e-09   5.831064e-03   1.960029e-12   1694516
  1.021383e+01   3.710676e-09   5.347819e-03   1.943368e-12   1701342
  1.023621e+01   3.701196e-09   6.241151e-03   1.940841e-12   1709026
  1.025862e+01   3.691787e-09   7.422516e-03   1.925616e-12   1720354
  1.028101e+01   3.678114e-09   6.060127e-03   1.920119e-12   1721470
  1.030340e+01   3.671421e-09   6.563212e-03   1.907642e-12   1735018
  1.032573e+01   3.657688e-09   4.958706e-03   1.903613e-12   1728398
  1.034805e+01   3.635942e-09   7.008926e-03   1.879358e-12   1747116
  1.037043e+01   3.630312e-09   1.972636e-03   1.874655e-12   1753090
  1.039284e+01   3.616508e-09   5.375258e-03   1.861225e-12   1767694
  1.041525e+01   3.608652e-09   7.269972e-03   1.858443e-12   1766490
  1.043764e+01   3.600230e-09   0.000000e+00   1.849651e-12   1780478
  1.046002e+01   3.580489e-09   9.445653e-03   1.832133e-12   1781050
  1.048238e+01   3.572766e-09   5.023303e-03   1.825808e-12   1792018
  1.050472e+01   3.561504e-09   6.682169e-03   1.818806e-12   1794366
  1.052707e+01   3.547091e-09   6.218271e-03   1.803180e-12   1808276
  1.054945e+01   3.537283e-09   6.966119e-03   1.796892e-12   1812522
  1.057184e+01   3.526978e-09   8.062458e-03   1.784255e-12   1827758
  1.059425e+01   3.514329e-09   4.863545e-03   1.778589e-12   1829466
  1.061661e+01   3.501773e-09   7.661153e-03   1.771182e-12   1835534
  1.063894e+01   3.493349e-09   6.451389e-03   1.763330e-12   1840906
  1.066131e+01   3.481993e-09   6.683861e-03   1.749060e-12   1857130
  1.068366e+01   3.470942e-09   5.024418e-03   1.745293e-12   1854264
  1.070601e+01   3.464087e-09   5.504226e-03   1.732698e-12   1871090
  1.072840e+01   3.449192e-09   6.320754e-03   1.722177e-12   1876926
  1.075078e+01   3.442149e-09   6.965963e-03   1.716924e-12   1884530
  1.077315e+01   3.426883e-09   5.738512e-03   1.704277e-12   1891506
  1.079556e+01   3.418609e-09   6.754157e-03   1.694921e-12   1907798
  1.081798e+01   3.410090e-09   8.253892e-03   1.692095e-12   1907378
  1.084033e+01   3.398720e-09   6.619274e-03   1.676757e-12   1912506
  1.086268e+01   3.382868e-09   4.075027e-03   1.665514e-12   1923048
  1.088508e+01   3.377407e-09   7.796332e-03   1.659299e-12   1936730
  1.090746e+01   3.365158e-09   6.214575e-03   1.655883e-12   1936686
  1.092983e+01   3.357354e-09   7.359495e-03   1.646581e-12   1950290
  1.095221e+01   3.343442e-09   2.979201e-03   1.638579e-12   1953002
  1.097460e+01   3.335049e-09   6.442372e-03   1.627317e-12   1969110
  1.099698e+01   3.323391e-09   2.080387e-03   1.623017e-12   1969050
  1.101934e+01   3.317525e-09   6.988840e-03   1.612673e-12   1980392
  1.104171e+01   3.305932e-09   8.399825e-03   1.605354e-12   1984770
  1.106406e+01   3.297482e-09   5.787021e-03   1.598441e-12   1995506
  1.108646e+01   3.280485e-09   7.523497e-03   1.582112e-12   2007806
  1.110884e+01   3.274981e-09   6.574327e-03   1.580330e-12   2010474
  1.113120e+01   3.268722e-09   7.195042e-03   1.573756e-12   2018182
  1.115359e+01   3.254123e-09   6.449668e-03   1.559355e-12   2033554
  1.117593e+01   3.243935e-09   7.574747e-03   1.559557e-12   2026266
  1.119831e+01   3.238094e-09   4.892565e-03   1.543271e-12   2054480
  1.122069e+01   3.225705e-09   5.236993e-03   1.544481e-12   2044770
  1.124303e+01   3.219887e-09   7.600085e-03   1.535223e-12   2062394
  1.126542e+01   3.210826e-09   6.925742e-03   1.525428e-12   2069982
  1.128781e+01   3.202611e-09   8.104215e-03   1.518563e-12   2079434
  1.131018e+01   3.189618e-09   6.872740e-03   1.511239e-12   2083038
  1.133257e+01   3.183882e-09   5.315571e-03   1.503498e-12   2098850
  1.135493e+01   3.172013e-09   6.710848e-03   1.499734e-12   2095436
  1.137730e+01   3.166999e-09   6.945518e-03   1.487717e-12   2117406
  1.139970e+01   3.158579e-09   6.372177e-03   1.484667e-12   2115426
  1.142201e+01   3.148156e-09   6.186547e-03   1.481088e-12   2118878
  1.144437e+01   3.141318e-09   7.053184e-03   1.470637e-12   2140026
  1.146678e+01   3.134152e-09   7.538450e-03   1.465986e-12   2147234
  1.148916e+01   3.124716e-09   6.708483e-03   1.460507e-12   2150662
  1.151153e+01   3.114958e-09   6.158507e-03   1.449438e-12   2159842
  1.153390e+01   3.107464e-09   6.927181e-03   1.443372e-12   2168384
  1.155630e+01   3.100010e-09   8.582346e-03   1.434897e-12   2183178
  1.157869e+01   3.091871e-09   6.455725e-03   1.432106e-12   2184770
  1.160105e+01   3.084038e-09   7.168821e-03   1.428343e-12   2192190
  1.162338e+01   3.071952e-09   7.808793e-03   1.419521e-12   2196242
  1.164577e+01   3.068783e-09   5.518618e-03   1.409376e-12   2220714
  1.166817e+01   3.060231e-09   7.771457e-03   1.405824e-12   2215758
  1.169055e+01   3.052036e-09   7.083424e-03   1.399876e-12   2233988
  1.171293e+01   3.044418e-09   8.664338e-03   1.398380e-12   2231670
  1.173528e+01   3.034772e-09   4.368156e-03   1.387714e-12   2244338
  1.175767e+01   3.026584e-09   5.765335e-03   1.381711e-12   2258610
  1.178006e+01   3.022853e-09   5.605879e-03   1.376233e-12   2260718
  1.180241e+01   3.015161e-09   6.766620e-03   1.372428e-12   2268162
  1.182476e+01   3.005124e-09   6.072202e-03   1.365736e-12   2277494
  1.184712e+01   2.999942e-09   5.533379e-03   1.359973e-12   2288796
  1.186953e+01   2.991718e-09   1.112745e-02   1.351361e-12   2305226
  1.189193e+01   2.984309e-09   5.786550e-03   1.346822e-12   2301630
  1.191431e+01   2.981788e-09   0.000000e+00   1.343119e-12   2319770
  1.193668e+01   2.970592e-09   7.523239e-03   1.338238e-12   2315610
  1.195903e+01   2.968491e-09   6.016399e-03   1.335725e-12   2334662
  1.198139e+01   2.961291e-09   8.891845e-03   1.329072e-12   2335722
  1.200376e+01   2.954995e-09   5.022459e-03   1.319746e-12   2354102
  1.202615e+01   2.945483e-09   7.968771e-03   1.317801e-12   2355236
  1.204854e+01   2.941401e-09   6.896256e-03   1.313979e-12   2374170
  1.207094e+01   2.935300e-09   5.410326e-03   1.308990e-12   2373286
  1.209332e+01   2.928306e-09   8.203816e-03   1.301464e-12   2388010
  1.211567e+01   2.924051e-09   1.210205e-03   1.302316e-12   2383470
  1.213801e+01   2.915845e-09   5.317434e-03   1.291331e-12   2404994
  1.216038e+01   2.908209e-09   4.488550e-03   1.286368e-12   2408642
  1.218273e+01   2.906552e-09   6.703053e-03   1.287965e-12   2417640
  1.220513e+01   2.896562e-09   6.776575e-03   1.276430e-12   2434994
  1.222753e+01   2.889897e-09   7.504534e-03   1.274208e-12   2437998
  1.224992e+01   2.885738e-09   6.455697e-03   1.268963e-12   2448194
  1.227230e+01   2.881578e-09   0.000000e+00   1.265581e-12   2455890
  1.229466e+01   2.877285e-09   3.959834e-03   1.261503e-12   2461526
  1.231702e+01   2.870266e-09   6.994125e-03   1.256442e-12   2474034
  1.233937e+01   2.863719e-09   6.809301e-03   1.253025e-12   2476482
  1.236174e+01   2.861506e-09   5.334701e-03   1.249678e-12   2497256
  1.238415e+01   2.855935e-09   6.874400e-03   1.244698e-12   2502978
  1.240653e+01   2.853358e-09   2.936929e-03   1.242460e-12   2508422
  1.242890e+01   2.847812e-09   7.134903e-03   1.239332e-12   2518482
  1.245129e+01   2.842345e-09   8.925992e-03   1.232305e-12   2532074
  1.247364e+01   2.839003e-09   9.612542e-03   1.235630e-12   2526710
  1.249599e+01   2.830758e-09   7.485766e-03   1.222358e-12   2548986
  1.251836e+01   2.826934e-09   6.449316e-03   1.224030e-12   2551704
  1.254073e+01   2.823078e-09   5.025124e-03   1.218372e-12   2566226
  1.256312e+01   2.818826e-09   5.176729e-03   1.215424e-12   2573898
  1.258552e+01   2.814406e-09   5.547566e-03   1.207822e-12   2589182
  1.260789e+01   2.813013e-09   7.170474e-03   1.211915e-12   2584970
  1.263026e+01   2.806902e-09   5.585714e-03   1.205247e-12   2605110
  1.265264e+01   2.803053e-09   5.110353e-03   1.203407e-12   2606834
  1.267500e+01   2.796822e-09   5.243169e-03   1.197696e-12   2620770
  1.269737e+01   2.796167e-09   7.112870e-03   1.200666e-12   2626560
  1.271973e+01   2.788314e-09   6.877703e-03   1.195567e-12   2636762
  1.274210e+01   2.790111e-09   7.916869e-03   1.193874e-12   2647698
  1.276453e+01   2.784486e-09   6.129063e-03   1.187428e-12   2668166
  1.278693e+01   2.781761e-09   6.236083e-03   1.188914e-12   2660586
  1.280929e+01   2.778881e-09   6.244989e-03   1.182467e-12   2676494
  1.283162e+01   2.775669e-09   7.439815e-03   1.186328e-12   2674306
  1.285397e+01   2.771134e-09   5.248177e-03   1.176340e-12   2696980
  1.287636e+01   2.771282e-09   5.804349e-03   1.178518e-12   2703622
  1.289873e+01   2.767104e-09   8.621022e-03   1.175943e-12   2713186
  1.292110e+01   2.764555e-09   7.973559e-03   1.173018e-12   2718702
  1.294350e+01   2.760743e-09   7.709893e-03   1.166958e-12   2742194
  1.296589e+01   2.757940e-09   0.000000e+00   1.169769e-12   2733162
  1.298826e+01   2.759039e-09   4.608808e-03   1.168162e-12   2757590
  1.301063e+01   2.757129e-09   4.265842e-03   1.166492e-12   2752010
  1.303297e+01   2.751448e-09   8.308346e-03   1.162884e-12   2769036
  1.305536e+01   2.753442e-09   6.442961e-03   1.161890e-12   2783046
  1.307775e+01   2.749291e-09   0.000000e+00   1.159832e-12   2789378
  1.310013e+01   2.748903e-09   9.257901e-03   1.157104e-12   2799582
  1.312253e+01   2.745341e-09   6.659824e-03   1.155916e-12   2811170
  1.314491e+01   2.741936e-09   0.000000e+00   1.155335e-12   2812706
  1.316728e+01   2.745338e-09   6.126403e-03   1.153560e-12   2833254
  1.318964e+01   2.740987e-09   7.777056e-03   1.156352e-12   2827292
  1.321199e+01   2.741210e-09   8.228239e-03   1.154296e-12   2846838
  1.323435e+01   2.736097e-09   6.184919e-03   1.152687e-12   2846535
  1.325671e+01   2.727574e-09   6.917547e-03   1.146650e-12   2848496
  1.327910e+01   2.719651e-09   7.339766e-03   1.143202e-12   2841564
  1.330149e+01   2.711977e-09   8.269126e-03   1.137651e-12   2843000
  1.332387e+01   2.699484e-09   7.865882e-03   1.134360e-12   2826624
  1.334623e+01   2.692025e-09   8.107691e-03   1.130118e-12   2828732
  1.336860e+01   2.684110e-09   4.612442e-03   1.128565e-12   2819560
  1.339098e+01   2.676722e-09   6.061273e-03   1.121994e-12   2819284
  1.341334e+01   2.665617e-09   5.784046e-03   1.118756e-12   2805856
  1.343571e+01   2.658379e-09   7.471872e-03   1.114570e-12   2810440
  1.345809e+01   2.647734e-09   6.612544e-03   1.110330e-12   2800608
  1.348047e+01   2.639466e-09   8.339001e-03   1.106892e-12   2798144
  1.350284e+01   2.631310e-09   7.346272e-03   1.104710e-12   2787376
  1.352522e+01   2.622168e-09   8.218897e-03   1.097077e-12   2790616
  1.354761e+01   2.614132e-09   6.504907e-03   1.095965e-12   2779552
  1.356995e+01   2.604818e-09   7.398508e-03   1.090699e-12   2768452
  1.359230e+01   2.597026e-09   2.309332e-03   1.087412e-12   2771296
  1.361468e+01   2.591009e-09   3.562732e-03   1.084586e-12   2764924
  1.363707e+01   2.581457e-09   3.943531e-03   1.078071e-12   2762264
  1.365948e+01   2.573839e-09   7.918138e-03   1.075344e-12   2760216
  1.368184e+01   2.564997e-09   1.629939e-03   1.075211e-12   2737932
  1.370421e+01   2.558761e-09   8.854789e-03   1.067517e-12   2752280
  1.372659e+01   2.552783e-09   6.886803e-03   1.067326e-12   2728764
  1.374895e+01   2.541699e-09   6.729195e-03   1.061798e-12   2736368
  1.377132e+01   2.533067e-09   5.158587e-03   1.059688e-12   2719920
  1.379370e+01   2.524299e-09   1.003182e-02   1.053529e-12   2727152
  1.381608e+01   2.517463e-09   0.000000e+00   1.053078e-12   2708352
  1.383847e+01   2.509572e-09   0.000000e+00   1.045110e-12   2718584
  1.386084e+01   2.501136e-09   0.000000e+00   1.046500e-12   2694300
  1.388323e+01   2.495430e-09   9.550038e-03   1.039717e-12   2709440
  1.390561e+01   2.487419e-09   2.800465e-03   1.040990e-12   2682108
  1.392794e+01   2.480895e-09   5.008784e-03   1.036413e-12   2684912
  1.395031e+01   2.473885e-09   8.663767e-03   1.033701e-12   2678892
  1.397268e+01   2.467315e-09   6.624439e-03   1.029577e-12   2674748
  1.399506e+01   2.460505e-09   9.746825e-03   1.027181e-12   2670216
  1.401743e+01   2.451844e-09   6.505688e-03   1.023809e-12   2659436
  1.403981e+01   2.443872e-09   5.971116e-03   1.017561e-12   2659752
  1.406222e+01   2.435066e-09   6.640739e-03   1.016032e-12   2654300
  1.408460e+01   2.430715e-09   3.239571e-03   1.016146e-12   2640852
  1.410696e+01   2.418789e-09   5.132901e-03   1.012196e-12   2638124
  1.412931e+01   2.415648e-09   1.032424e-02   1.006547e-12   2628228
  1.415170e+01   2.406955e-09   4.016886e-03   1.003918e-12   2630936
  1.417409e+01   2.401069e-09   9.121244e-03   1.000664e-12   2619032
  1.419645e+01   2.395498e-09   5.542208e-03   1.002089e-12   2610804
  1.421883e+01   2.386040e-09   6.224985e-03   9.949535e-13   2609408
  1.424122e+01   2.381097e-09   8.494587e-03   9.959243e-13   2602764
  1.426357e+01   2.373322e-09   7.059989e-03   9.907086e-13   2588540
  1.428592e+01   2.370142e-09   1.036302e-02   9.900928e-13   2587836
  1.430828e+01   2.362418e-09   8.682011e-03   9.867936e-13   2579100
  1.433064e+01   2.351877e-09   5.092379e-03   9.833606e-13   2574128
  1.435300e+01   2.346584e-09   5.116351e-03   9.791128e-13   2567588
  1.437542e+01   2.338681e-09   8.292454e-03   9.749253e-13   2572956
  1.439781e+01   2.335706e-09   7.367875e-03   9.775028e-13   2550552
  1.442018e+01   2.328776e-09   8.246382e-03   9.751922e-13   2552084
  1.444255e+01   2.317859e-09   5.115537e-03   9.703990e-13   2539404
  1.446493e+01   2.316744e-09   0.000000e+00   9.681852e-13   2541152
  1.448732e+01   2.308718e-09   9.243577e-03   9.652379e-13   2528016
  1.450968e+01   2.301558e-09   6.030608e-03   9.635995e-13   2521496
  1.453206e+01   2.295567e-09   7.302359e-03   9.604477e-13   2518092
  1.455445e+01   2.288899e-09   2.299407e-03   9.579578e-13   2511632
  1.457683e+01   2.283110e-09   0.000000e+00   9.569511e-13   2500140
  1.459919e+01   2.275745e-09   6.452288e-03   9.538204e-13   2496980
  1.462157e+01   2.271867e-09   7.387205e-03   9.541349e-13   2487428
  1.464396e+01   2.265412e-09   7.889858e-03   9.492284e-13   2486496
  1.466632e+01   2.259058e-09   1.185193e-02   9.491001e-13   2469840
  1.468868e+01   2.256524e-09   8.203695e-03   9.480068e-13   2469656
  1.471105e+01   2.247435e-09   2.994284e-03   9.439144e-13   2457036
  1.473344e+01   2.242921e-09   5.503387e-03   9.410015e-13   2462684
  1.475583e+01   2.240101e-09   4.697230e-03   9.424844e-13   2442384
  1.477819e+01   2.231457e-09   5.153097e-03   9.369824e-13   2441696
  1.480056e+01   2.226713e-09   3.046200e-03   9.375446e-13   2431164
  1.482292e+01   2.219885e-09   0.000000e+00   9.355707e-13   2423696
  1.484529e+01   2.212945e-09   9.601895e-03   9.306089e-13   2421336
  1.486769e+01   2.210879e-09   5.941069e-03   9.325577e-13   2412992
  1.489006e+01   2.206101e-09   5.095220e-03   9.315394e-13   2402732
  1.491242e+01   2.200761e-09   8.459688e-03   9.287483e-13   2396124
  1.493479e+01   2.195600e-09   7.191943e-03   9.272783e-13   2388480
  1.495718e+01   2.188660e-09   6.580101e-03   9.234042e-13   2387060
  1.497955e+01   2.183855e-09   6.910757e-03   9.232118e-13   2370268
  1.500189e+01   2.179298e-09   7.805528e-03   9.230573e-13   2363776
  1.502425e+01   2.173318e-09   5.930146e-03   9.204233e-13   2360176
  1.504664e+01   2.169859e-09   6.040598e-03   9.186229e-13   2356360
  1.506902e+01   2.163261e-09   6.268521e-03   9.158839e-13   2343240
  1.509139e+01   2.160309e-09   5.581039e-03   9.154784e-13   2340248
  1.511376e+01   2.157506e-09   6.921742e-03   9.177955e-13   2325000
  1.513614e+01   2.148852e-09   5.432127e-03   9.126293e-13   2328632
  1.515853e+01   2.144613e-09   8.180033e-03   9.115501e-13   2313100
  1.518091e+01   2.139454e-09   7.087877e-03   9.090710e-13   2310892
  1.520328e+01   2.137116e-09   7.940737e-03   9.110985e-13   2295420
  1.522565e+01   2.131122e-09   7.786002e-03   9.094184e-13   2293592
  1.524802e+01   2.128451e-09   6.304724e-03   9.096189e-13   2281400
  1.527043e+01   2.122493e-09   7.728187e-03   9.063631e-13   2285760
  1.529280e+01   2.120601e-09   4.003444e-03   9.086620e-13   2259408
  1.531516e+01   2.111202e-09   0.000000e+00   9.016965e-13   2266808
  1.533755e+01   2.109357e-09   7.695460e-03   9.034101e-13   2249348
  1.535991e+01   2.103164e-09   4.903502e-03   9.014933e-13   2244732
  1.538227e+01   2.100550e-09   9.287732e-03   9.021902e-13   2233908
  1.540464e+01   2.097594e-09   2.993854e-03   8.995331e-13   2231660
  1.542702e+01   2.095425e-09   6.460458e-03   9.014972e-13   2218736
  1.544941e+01   2.087853e-09   4.833923e-03   8.976110e-13   2217984
  1.547180e+01   2.083219e-09   9.426381e-03   8.976068e-13   2203300
  1.549417e+01   2.080169e-09   7.161940e-03   8.972172e-13   2197072
  1.551652e+01   2.075910e-09   0.000000e+00   8.986606e-13   2181992
  1.553888e+01   2.070835e-09   4.995285e-03   8.947301e-13   2183664
  1.556127e+01   2.067517e-09   7.444145e-03   8.938956e-13   2173464
  1.558367e+01   2.062950e-09   0.000000e+00   8.947712e-13   2165396
  1.560603e+01   2.059380e-09   3.494491e-03   8.930372e-13   2152784
  1.562840e+01   2.056533e-09   8.739635e-03   8.934829e-13   2147532
  1.565078e+01   2.052646e-09   2.508573e-03   8.928464e-13   2139588
  1.567318e+01   2.048464e-09   4.532825e-03   8.917241e-13   2135432
  1.569551e+01   2.046722e-09   6.037763e-03   8.934042e-13   2109256
  1.571784e+01   2.042706e-09   6.549690e-03   8.902695e-13   2117296
  1.574024e+01   2.040166e-09   5.001968e-03   8.929657e-13   2106252
  1.576263e+01   2.036020e-09   8.065135e-03   8.908947e-13   2099096
  1.578502e+01   2.030243e-09   8.019719e-03   8.902091e-13   2088384
  1.580739e+01   2.030212e-09   9.053227e-03   8.924138e-13   2078480
  1.582975e+01   2.025129e-09   5.997190e-03   8.926196e-13   2069016
  1.585213e+01   2.019482e-09   4.007260e-03   8.888240e-13   2064836
  1.587452e+01   2.019302e-09   0.000000e+00   8.913932e-13   2055420
  1.589690e+01   2.015595e-09   3.554167e-03   8.909903e-13   2043224
  1.591924e+01   2.012736e-09   8.910095e-03   8.908278e-13   2032260
  1.594163e+01   2.009789e-09   8.505632e-03   8.890594e-13   2034152
  1.596404e+01   2.004379e-09   4.658255e-03   8.890551e-13   2017644
  1.598641e+01   2.004087e-09   1.049194e-02   8.914626e-13   2010284
  1.600876e+01   2.000295e-09   1.200491e-03   8.918227e-13   1996540
  1.603112e+01   1.996555e-09   8.075546e-03   8.902306e-13   1992832
  1.605349e+01   1.991325e-09   9.000398e-03   8.918175e-13   1982400
  1.607585e+01   1.994160e-09   1.708249e-03   8.925165e-13   1972256
  1.609821e+01   1.987707e-09   8.124004e-03   8.907661e-13   1964352
  1.612060e+01   1.983956e-09   6.903577e-03   8.921581e-13   1958576
  1.614298e+01   1.983353e-09   4.669979e-03   8.928637e-13   1946940
  1.616538e+01   1.980717e-09   8.649821e-03   8.934571e-13   1942580
  1.618774e+01   1.977590e-09   1.163970e-02   8.955609e-13   1921740
  1.621010e+01   1.973287e-09   2.648065e-03   8.937255e-13   1923956
  1.623249e+01   1.972204e-09   7.541242e-03   8.958578e-13   1907896
  1.625488e+01   1.967692e-09   9.678605e-03   8.925973e-13   1906888
  1.627725e+01   1.964550e-09   8.661033e-03   8.968937e-13   1886160
  1.629960e+01   1.962864e-09   6.907171e-03   8.962166e-13   1883120
  1.632199e+01   1.961077e-09   2.344460e-03   8.981267e-13   1875140
  1.634438e+01   1.958919e-09   7.319704e-03   8.976996e-13   1865652
  1.636675e+01   1.955258e-09   7.754271e-03   8.984483e-13   1853268
  1.638913e+01   1.954315e-09   6.871555e-03   8.977264e-13   1847180
  1.641148e+01   1.948588e-09   9.448439e-03   8.984734e-13   1829604
  1.643384e+01   1.947545e-09   4.345219e-03   9.000573e-13   1829720
  1.645624e+01   1.947473e-09   8.279799e-03   9.016974e-13   1817184
  1.647861e+01   1.944026e-09   7.219944e-03   9.032625e-13   1806320
  1.650097e+01   1.940484e-09   5.090610e-03   9.034153e-13   1795536
  1.652335e+01   1.939913e-09   7.887565e-03   9.040330e-13   1791548
  1.654575e+01   1.937156e-09   6.481550e-03   9.057326e-13   1777512
  1.656812e+01   1.934492e-09   0.000000e+00   9.074384e-13   1769984
  1.659049e+01   1.934999e-09   8.490951e-03   9.092853e-13   1756248
  1.661285e+01   1.932883e-09   9.426462e-03   9.107604e-13   1749248
  1.663523e+01   1.930373e-09   6.831238e-03   9.117054e-13   1739928
  1.665762e+01   1.927269e-09   7.622048e-03   9.110262e-13   1732148
  1.667999e+01   1.927658e-09   6.641812e-03   9.158553e-13   1716964
  1.670236e+01   1.922738e-09   6.375181e-03   9.134889e-13   1712164
  1.672475e+01   1.922855e-09   9.706203e-03   9.177357e-13   1698332
  1.674713e+01   1.922267e-09   1.006243e-02   9.193308e-13   1694100
  1.676950e+01   1.917070e-09   0.000000e+00   9.213622e-13   1675412
  1.679185e+01   1.916189e-09   8.248551e-03   9.207811e-13   1670436
  1.681420e+01   1.917001e-09   4.711719e-03   9.265194e-13   1655532
  1.683660e+01   1.916208e-09   1.038545e-02   9.256165e-13   1656860
  1.685899e+01   1.915428e-09   3.034979e-03   9.316023e-13   1636484
  1.688137e+01   1.913675e-09   4.069300e-03   9.292838e-13   1633212
  1.690373e+01   1.911403e-09   6.042526e-03   9.334582e-13   1614044
  1.692610e+01   1.909361e-09   4.605527e-03   9.330037e-13   1612980
  1.694848e+01   1.906004e-09   9.091394e-03   9.373109e-13   1597036
  1.697085e+01   1.906413e-09   6.871110e-03   9.379680e-13   1590676
  1.699322e+01   1.903691e-09   4.672438e-03   9.418672e-13   1575812
  1.701557e+01   1.904018e-09   5.125811e-03   9.447005e-13   1566156
  1.703795e+01   1.903903e-09   8.030673e-03   9.466944e-13   1560980
  1.706036e+01   1.899902e-09   8.396437e-03   9.472393e-13   1549404
  1.708272e+01   1.898246e-09   0.000000e+00   9.515049e-13   1532436
  1.710507e+01   1.896987e-09   7.676662e-03   9.533706e-13   1527524
  1.712745e+01   1.898508e-09   8.546084e-03   9.580098e-13   1515204
  1.714982e+01   1.895168e-09   0.000000e+00   9.569014e-13   1506452
  1.717220e+01   1.896251e-09   2.681823e-03   9.624236e-13   1495116
  1.719454e+01   1.892660e-09   7.412616e-03   9.653554e-13   1479152
  1.721690e+01   1.893361e-09   0.000000e+00   9.668058e-13   1475400
  1.723932e+01   1.888405e-09   3.716679e-03   9.666691e-13   1467932
  1.726172e+01   1.890237e-09   7.982567e-03   9.741522e-13   1451256
  1.728410e+01   1.887027e-09   0.000000e+00   9.752634e-13   1443212
  1.730645e+01   1.889156e-09   6.621631e-03   9.798001e-13   1425648
  1.732882e+01   1.885999e-09   9.024174e-03   9.793485e-13   1423004
  1.735120e+01   1.884999e-09   5.786153e-03   9.839848e-13   1408632
  1.737359e+01   1.882846e-09   8.700146e-03   9.865902e-13   1400984
  1.739596e+01   1.886958e-09   8.614059e-03   9.933447e-13   1383180
  1.741831e+01   1.884669e-09   9.546744e-03   9.935388e-13   1378136
  1.744072e+01   1.880522e-09   1.011029e-02   9.965797e-13   1367136
  1.746312e+01   1.882499e-09   5.750973e-03   1.002918e-12   1356716
  1.748546e+01   1.876699e-09   6.265506e-03   1.006578e-12   1336908
  1.750778e+01   1.880841e-09   0.000000e+00   1.010587e-12   1332620
  1.753016e+01   1.879092e-09   7.187293e-03   1.015125e-12   1321748
  1.755256e+01   1.877256e-09   3.448248e-03   1.019070e-12   1312764
  1.757493e+01   1.875295e-09   0.000000e+00   1.019389e-12   1296636
  1.759731e+01   1.876375e-09   7.284827e-03   1.024985e-12   1291472
  1.761969e+01   1.875393e-09   1.206358e-02   1.031234e-12   1272768
  1.764206e+01   1.872436e-09   7.261360e-03   1.029816e-12   1269080
  1.766446e+01   1.873714e-09   8.264436e-03   1.037598e-12   1253696
  1.768682e+01   1.870957e-09   1.030198e-02   1.044635e-12   1241616
  1.770914e+01   1.872491e-09   7.845921e-03   1.050887e-12   1226712
  1.773153e+01   1.871097e-09   9.515027e-03   1.048380e-12   1226228
  1.775395e+01   1.871486e-09   7.145394e-03   1.057697e-12   1207848
  1.777633e+01   1.867340e-09   4.155314e-03   1.056746e-12   1198256
  1.779867e+01   1.867815e-09   7.639768e-03   1.064214e-12   1181516
  1.782105e+01   1.867799e-09   0.000000e+00   1.067622e-12   1177980
  1.784344e+01   1.866894e-09   3.199408e-03   1.072503e-12   1161756
  1.786579e+01   1.863770e-09   6.898466e-03   1.079687e-12   1150148
  1.788816e+01   1.860099e-09   5.504203e-03   1.082396e-12   1138848
  1.791052e+01   1.860848e-09   0.000000e+00   1.089022e-12   1126748
  1.793289e+01   1.865260e-09   2.947894e-03   1.096270e-12   1117652
  1.795531e+01   1.859506e-09   0.000000e+00   1.095836e-12   1107888
  1.797770e+01   1.857942e-09   5.312163e-03   1.104626e-12   1090964
  1.800006e+01   1.855844e-09   5.451422e-03   1.108847e-12   1080684
  1.802240e+01   1.860824e-09   9.786062e-03   1.119787e-12   1065660
  1.804478e+01   1.858141e-09   0.000000e+00   1.119692e-12   1061996
  1.806719e+01   1.855328e-09   5.432705e-03   1.124830e-12   1044320
  1.808956e+01   1.853126e-09   1.058005e-02   1.131070e-12   1034640
  1.811193e+01   1.852230e-09   5.779226e-03   1.140544e-12   1019172
  1.813432e+01   1.852464e-09   5.140935e-03   1.144253e-12   1013948
  1.815672e+01   1.851826e-09   1.174541e-02   1.154199e-12   996376
  1.817908e+01   1.849072e-09   0.000000e+00   1.156752e-12   985288
  1.820141e+01   1.847104e-09   0.000000e+00   1.164431e-12   969596
  1.822379e+01   1.846415e-09   1.055704e-02   1.166909e-12   964980
  1.824616e+01   1.846746e-09   8.507901e-03   1.178026e-12   947252
  1.826853e+01   1.841209e-09   1.025943e-02   1.179959e-12   939060
  1.829090e+01   1.842098e-09   7.110531e-03   1.189264e-12   922328
  1.831326e+01   1.840712e-09   3.120747e-03   1.195211e-12   913788
  1.833567e+01   1.840857e-09   1.165187e-02   1.205814e-12   902812
  1.835808e+01   1.832611e-09   8.263328e-03   1.203769e-12   888544
  1.838042e+01   1.833264e-09   9.866206e-03   1.216075e-12   872948
  1.840276e+01   1.829772e-09   0.000000e+00   1.218624e-12   862440
  1.842512e+01   1.831633e-09   5.636969e-03   1.231171e-12   851760
  1.844754e+01   1.825945e-09   9.869592e-04   1.232414e-12   841940
  1.846992e+01   1.824054e-09   5.746896e-03   1.245093e-12   822984
  1.849228e+01   1.818469e-09   5.167167e-03   1.244372e-12   816092
  1.851467e+01   1.817622e-09   0.000000e+00   1.257029e-12   799284
  1.853704e+01   1.815927e-09   1.085104e-02   1.260755e-12   791312
  1.855941e+01   1.809028e-09   5.698655e-03   1.268622e-12   772524
  1.858173e+01   1.804580e-09   6.453398e-03   1.272811e-12   762896
  1.860410e+01   1.799815e-09   4.437104e-03   1.277815e-12   750876
  1.862649e+01   1.800063e-09   6.257213e-03   1.288122e-12   739280
  1.864886e+01   1.793268e-09   6.961949e-03   1.294784e-12   724840
  1.867127e+01   1.786236e-09   4.733198e-03   1.293824e-12   714484
  1.869360e+01   1.787094e-09   7.635462e-03   1.310370e-12   695868
  1.871597e+01   1.779986e-09   1.005585e-02   1.306488e-12   691013
  1.873838e+01   1.779500e-09   7.055665e-03   1.322023e-12   673486
  1.876074e+01   1.771082e-09   8.644021e-03   1.319154e-12   666244
  1.878310e+01   1.769255e-09   6.404287e-03   1.330830e-12   651008
  1.880545e+01   1.767976e-09   0.000000e+00   1.335213e-12   644820
  1.882785e+01   1.765407e-09   0.000000e+00   1.340661e-12   632636
  1.885024e+01   1.761687e-09   9.414301e-03   1.347745e-12   625002
  1.887260e+01   1.763126e-09   5.907110e-03   1.365252e-12   611208
  1.889500e+01   1.755594e-09   0.000000e+00   1.361819e-12   607328
  1.891738e+01   1.754284e-09   0.000000e+00   1.373711e-12   592272
  1.893975e+01   1.750838e-09   0.000000e+00   1.373353e-12   587504
  1.896213e+01   1.748759e-09   1.083049e-02   1.387179e-12   575466
  1.898449e+01   1.748226e-09   0.000000e+00   1.397212e-12   568274
  1.900688e+01   1.747120e-09   0.000000e+00   1.404959e-12   559518
  1.902927e+01   1.743124e-09   5.799848e-03   1.409982e-12   551618
  1.905167e+01   1.743783e-09   5.417833e-03   1.422413e-12   542364
  1.907404e+01   1.737393e-09   8.479187e-03   1.427803e-12   534146
  1.909639e+01   1.739145e-09   1.046941e-02   1.437663e-12   525076
  1.911879e+01   1.733851e-09   0.000000e+00   1.444110e-12   519868
  1.914113e+01   1.733385e-09   4.645610e-03   1.459952e-12   507108
  1.916349e+01   1.728609e-09   3.693425e-03   1.456559e-12   504992
  1.918587e+01   1.732902e-09   1.104964e-02   1.471536e-12   492636
  1.920826e+01   1.729148e-09   0.000000e+00   1.476915e-12   490052
  1.923065e+01   1.727570e-09   2.686650e-03   1.485581e-12   477708
  1.925300e+01   1.722584e-09   1.499985e-03   1.487363e-12   473852
  1.927538e+01   1.723269e-09   1.321268e-02   1.507064e-12   464174
  1.929774e+01   1.724967e-09   5.617193e-03   1.510827e-12   459096
  1.932010e+01   1.722323e-09   8.177065e-03   1.522521e-12   449582
  1.934247e+01   1.720579e-09   1.420614e-02   1.532984e-12   445812
  1.936482e+01   1.724092e-09   8.226824e-03   1.549880e-12   435134
  1.938722e+01   1.719165e-09   4.314712e-03   1.544287e-12   433590
  1.940960e+01   1.716394e-09   0.000000e+00   1.570983e-12   421070
  1.943195e+01   1.719017e-09   0.000000e+00   1.566248e-12   419940
  1.945437e+01   1.719536e-09   7.081437e-03   1.588467e-12   409714
  1.947670e+01   1.711317e-09   0.000000e+00   1.588808e-12   404182
  1.949907e+01   1.716543e-09   6.077611e-03   1.603684e-12   398518
  1.952147e+01   1.711325e-09   7.830049e-03   1.612792e-12   392302
  1.954384e+01   1.707355e-09   7.729337e-03   1.625233e-12   385486
  1.956627e+01   1.711904e-09   6.677164e-03   1.631738e-12   381550
  1.958862e+01   1.712070e-09   0.000000e+00   1.656821e-12   370826
  1.961098e+01   1.705655e-09   0.000000e+00   1.652270e-12   370014
  1.963338e+01   1.704163e-09   6.676672e-03   1.670412e-12   359910
  1.965573e+01   1.707869e-09   1.105902e-02   1.686557e-12   357416
  1.967809e+01   1.707181e-09   1.109291e-02   1.704098e-12   348174
  1.970045e+01   1.705238e-09   1.090654e-02   1.701938e-12   346010
  1.972281e+01   1.707959e-09   1.030484e-02   1.731522e-12   337094
  1.974523e+01   1.705304e-09   1.156979e-02   1.726316e-12   336360
  1.976761e+01   1.701959e-09   6.834261e-03   1.755074e-12   325206
  1.978997e+01   1.698957e-09   1.285253e-02   1.745869e-12   324614
  1.981233e+01   1.709981e-09   7.178793e-03   1.796032e-12   314760
  1.983471e+01   1.710142e-09   3.517396e-03   1.788568e-12   314114
  1.985706e+01   1.708846e-09   8.581620e-03   1.819500e-12   303918
  1.987943e+01   1.708650e-09   0.000000e+00   1.818489e-12   303872
  1.990184e+01   1.706379e-09   5.935743e-03   1.831992e-12   295062
  1.992422e+01   1.705921e-09   8.874584e-03   1.846921e-12   292784
  1.994661e+01   1.704824e-09   0.000000e+00   1.868328e-12   285198
  1.996896e+01   1.705019e-09   0.000000e+00   1.876847e-12   282068
  1.999133e+01   1.708233e-09   0.000000e+00   1.903216e-12   275958
  2.001369e+01   1.706938e-09   1.089234e-02   1.917638e-12   272072
  2.003605e+01   1.706320e-09   5.672823e-03   1.936911e-12   266352
  2.005843e+01   1.705698e-09   1.817402e-03   1.942553e-12   263198
  2.008079e+01   1.706095e-09   8.382306e-03   1.958318e-12   256524
  2.010318e+01   1.711052e-09   6.324473e-03   1.981714e-12   254774
  2.012555e+01   1.707455e-09   5.496298e-03   2.001407e-12   246888
  2.014793e+01   1.706141e-09   0.000000e+00   2.008412e-12   245984
  2.017030e+01   1.708344e-09   1.042317e-03   2.040757e-12   237822
  2.019267e+01   1.710830e-09   0.000000e+00   2.057438e-12   236948
  2.021503e+01   1.717934e-09   0.000000e+00   2.095537e-12   229296
  2.023743e+01   1.717392e-09   3.700939e-03   2.090699e-12   228968
  2.025982e+01   1.716466e-09   1.200272e-02   2.119999e-12   220894
  2.028221e+01   1.714752e-09   8.614928e-03   2.114213e-12   220408
  2.030460e+01   1.714001e-09   1.098737e-03   2.175211e-12   212400
  2.032698e+01   1.717494e-09   2.910829e-03   2.165263e-12   212228
  2.034937e+01   1.717480e-09   1.051011e-02   2.206020e-12   204502
  2.037174e+01   1.717670e-09   5.093391e-03   2.217420e-12   203944
  2.039409e+01   1.721433e-09   8.572874e-03   2.257296e-12   196272
  2.041646e+01   1.714662e-09   7.788355e-03   2.250243e-12   196280
  2.043882e+01   1.715875e-09   5.849428e-03   2.297011e-12   188604
  2.046116e+01   1.717433e-09   7.307757e-03   2.309605e-12   188408
  2.048353e+01   1.723671e-09   2.161041e-03   2.343045e-12   181566
  2.050590e+01   1.717221e-09   6.321505e-03   2.328318e-12   180920
  2.052827e+01   1.718996e-09   7.873916e-03   2.391070e-12   174304
  2.055063e+01   1.724691e-09   0.000000e+00   2.392599e-12   173620
  2.057301e+01   1.719451e-09   8.356022e-03   2.442540e-12   167432
  2.059542e+01   1.726452e-09   6.131622e-03   2.446208e-12   166944
  2.061776e+01   1.726595e-09   1.062296e-02   2.504255e-12   159704
  2.064015e+01   1.724706e-09   7.291070e-03   2.492135e-12   160464
  2.066251e+01   1.723983e-09   6.030873e-03   2.573756e-12   152756
  2.068489e+01   1.731521e-09   1.011107e-02   2.562005e-12   153912
  2.070726e+01   1.733093e-09   1.089474e-02   2.627756e-12   146024
  2.072961e+01   1.735527e-09   1.711468e-02   2.622416e-12   147168
  2.075199e+01   1.729932e-09   9.974117e-03   2.670124e-12   140000
  2.077436e+01   1.738231e-09   0.000000e+00   2.699881e-12   140580
  2.079675e+01   1.739317e-09   9.131345e-03   2.748471e-12   134112
  2.081913e+01   1.750841e-09   1.475514e-02   2.784884e-12   134264
  2.084151e+01   1.747929e-09   9.400330e-03   2.844151e-12   128000
  2.086389e+01   1.741891e-09   1.201025e-02   2.824648e-12   128124
  2.088630e+01   1.749272e-09   7.973994e-03   2.892777e-12   122472
  2.090866e+01   1.748288e-09   1.204223e-02   2.900948e-12   121808
  2.093102e+01   1.748298e-09   3.378490e-03   2.983224e-12   116592
  2.095337e+01   1.752944e-09   0.000000e+00   2.973413e-12   116072
  2.097574e+01   1.753611e-09   1.267104e-02   3.062752e-12   111156
  2.099814e+01   1.755184e-09   0.000000e+00   3.053095e-12   110864
  2.102052e+01   1.771203e-09   0.000000e+00   3.148950e-12   105464
  2.104292e+01   1.763794e-09   6.650141e-03   3.152722e-12   105738
  2.106529e+01   1.771514e-09   9.394986e-03   3.231277e-12   99824
  2.108767e+01   1.763162e-09   0.000000e+00   3.215537e-12   100452
  2.111000e+01   1.783989e-09   1.184405e-02   3.385048e-12   94608
  2.113238e+01   1.776477e-09   6.371376e-03   3.344012e-12   95456
  2.115473e+01   1.779661e-09   1.232076e-02   3.420004e-12   89688
  2.117713e+01   1.773134e-09   9.855131e-03   3.399998e-12   90632
  2.119947e+01   1.784293e-09   8.796976e-03   3.557442e-12   84558
  2.122186e+01   1.787634e-09   6.144171e-03   3.515896e-12   86096
  2.124420e+01   1.791307e-09   6.973084e-03   3.665154e-12   79632
  2.126653e+01   1.793572e-09   1.228566e-02   3.622403e-12   81416
  2.128891e+01   1.792811e-09   9.801066e-03   3.785149e-12   75348
  2.131124e+01   1.791819e-09   0.000000e+00   3.734246e-12   76712
  2.133364e+01   1.805709e-09   1.211008e-02   3.914221e-12   71322
  2.135602e+01   1.804599e-09   4.401896e-03   3.864894e-12   72248
  2.137841e+01   1.809513e-09   0.000000e+00   4.048413e-12   67152
  2.140078e+01   1.798539e-09   0.000000e+00   4.001205e-12   67844
  2.142311e+01   1.810716e-09   0.000000e+00   4.177925e-12   62976
  2.144550e+01   1.803297e-09   0.000000e+00   4.138801e-12   63914
  2.146781e+01   1.810870e-09   0.000000e+00   4.281601e-12   58824
  2.149020e+01   1.800978e-09   1.284317e-02   4.259989e-12   60116
  2.151250e+01   1.821685e-09   0.000000e+00   4.478216e-12   54888
  2.153501e+01   1.820007e-09   0.000000e+00   4.417926e-12   57002
  2.155736e+01   1.828343e-09   0.000000e+00   4.723511e-12   50760
  2.157976e+01   1.824224e-09   1.061264e-02   4.600396e-12   53312
  2.160210e+01   1.830417e-09   9.440305e-03   4.902731e-12   47124
  2.162449e+01   1.833835e-09   0.000000e+00   4.763466e-12   49850
  2.164685e+01   1.834881e-09   1.254767e-02   5.048756e-12   43680
  2.166918e+01   1.848681e-09   2.773122e-03   4.948458e-12   46328
  2.169160e+01   1.850422e-09   0.000000e+00   5.287116e-12   40686
  2.171396e+01   1.858806e-09   9.245655e-03   5.210275e-12   42992
  2.173641e+01   1.862923e-09   6.492066e-03   5.539847e-12   37656
  2.175871e+01   1.850582e-09   5.815571e-03   5.360454e-12   39578
  2.178117e+01   1.851873e-09   7.790122e-03   5.778360e-12   34928
  2.180348e+01   1.864310e-09   5.520028e-03   5.642021e-12   36300
  2.182586e+01   1.877882e-09   3.654565e-03   6.069365e-12   32136
  2.184820e+01   1.882462e-09   1.300704e-02   5.972982e-12   33362
  2.187050e+01   1.877944e-09   1.077847e-02   6.334376e-12   29336
  2.189294e+01   1.899482e-09   9.762438e-03   6.302715e-12   30804
  2.191516e+01   1.890042e-09   9.334743e-03   6.728428e-12   26490
  2.193764e+01   1.876585e-09   1.149472e-02   6.481400e-12   28376
  2.195980e+01   1.887983e-09   7.622171e-03   7.043825e-12   23792
  2.198235e+01   1.886078e-09   0.000000e+00   6.748315e-12   26142
  2.200447e+01   1.906976e-09   4.957188e-03   7.607507e-12   21192
  2.202708e+01   1.903185e-09   1.159661e-03   7.078409e-12   24050
  2.204922e+01   1.898478e-09   1.074291e-02   8.005087e-12   18768
  2.207189e+01   1.904710e-09   8.161293e-03   7.396357e-12   22052
  2.209399e+01   1.911407e-09   8.339361e-03   8.575871e-12   16346
  2.211662e+01   1.919871e-09   1.275027e-02   7.834689e-12   20136
  2.213874e+01   1.930239e-09   0.000000e+00   9.206777e-12   14168
  2.216130e+01   1.927868e-09   6.858157e-03   8.296430e-12   18210
  2.218342e+01   1.928481e-09   0.000000e+00   1.017313e-11   12204
  2.220589e+01   1.910846e-09   1.134833e-02   8.679749e-12   16346
  2.222814e+01   1.967473e-09   0.000000e+00   1.112281e-11   10536
  2.225051e+01   1.958786e-09   8.193065e-03   9.326632e-12   14456
  2.227273e+01   1.978752e-09   0.000000e+00   1.204484e-11   8982
  2.229510e+01   1.957865e-09   5.136498e-03   1.000511e-11   12752
  2.231726e+01   1.946827e-09   0.000000e+00   1.286064e-11   7506
  2.233965e+01   1.985349e-09   6.679710e-03   1.088164e-11   11192
  2.236176e+01   1.972849e-09   0.000000e+00   1.458685e-11   6156
  2.238413e+01   1.976773e-09   5.279928e-03   1.142723e-11   9722
  2.240631e+01   1.964775e-09   7.769558e-03   1.637247e-11   5000
  2.242862e+01   2.001901e-09   5.809028e-03   1.260123e-11   8298
  2.245087e+01   2.046171e-09   8.313462e-03   1.861279e-11   3996
  2.247305e+01   2.038679e-09   7.001358e-03   1.394835e-11   6938
  2.249543e+01   1.978799e-09   0.000000e+00   2.047506e-11   3168
  2.251741e+01   2.014783e-09   0.000000e+00   1.553392e-11   5624
  2.253987e+01   2.018965e-09   0.000000e+00   2.323709e-11   2502
  2.256175e+01   2.011372e-09   1.378805e-02   1.746211e-11   4424
  2.258427e+01   2.096752e-09   0.000000e+00   2.897031e-11   1938
  2.260612e+01   2.053858e-09   9.433326e-03   2.086349e-11   3368
  2.262871e+01   2.110924e-09   0.000000e+00   3.156981e-11   1446
  2.265053e+01   2.109698e-09   1.267808e-02   2.440564e-11   2456
  2.267320e+01   2.130840e-09   0.000000e+00   3.712452e-11   1026
  2.269495e+01   2.023933e-09   9.015264e-03   2.985088e-11   1688
  2.271774e+01   2.140637e-09   0.000000e+00   5.010752e-11   678
  2.273938e+01   2.087083e-09   0.000000e+00   3.641572e-11   1064
  2.276231e+01   1.995170e-09   0.000000e+00   5.054829e-11   402
  2.278376e+01   1.983027e-09   2.015208e-03   4.869630e-11   584
  2.280694e+01   1.988319e-09   4.408074e-03   8.816135e-11   198
  2.282795e+01   2.146105e-09   0.000000e+00   8.273995e-11   248
  2.285161e+01   1.887977e-09   0.000000e+00   1.314195e-10   66
  2.287130e+01   2.341091e-09   0.000000e+00   1.687776e-10   56
  2.289631e+01   1.668346e-09   3.876694e-03   2.935612e-10   6
