# power spectrum of theta (div v)
# redshift z=1.608200
# k              Pk             sigma(k)       sigma(Pk)      count
  3.296984e-02   2.544337e-10   5.044698e-03   2.637758e-11   18
  5.763401e-02   8.914357e-10   6.101518e-03   4.000530e-11   62
  8.021500e-02   1.840229e-09   4.220981e-03   5.776327e-11   90
  1.015929e-01   2.452204e-09   6.661592e-03   5.989187e-11   170
  1.238408e-01   3.205842e-09   6.924022e-03   7.950752e-11   246
  1.455653e-01   4.421678e-09   6.601001e-03   1.012292e-10   338
  1.670045e-01   5.031511e-09   5.675008e-03   1.173722e-10   432
  1.890860e-01   6.220630e-09   5.814033e-03   1.353307e-10   578
  2.126531e-01   7.080856e-09   6.950299e-03   1.521656e-10   810
  2.364171e-01   7.626795e-09   6.650931e-03   1.684338e-10   950
  2.584110e-01   8.957133e-09   5.937311e-03   1.981896e-10   1002
  2.804014e-01   9.850559e-09   6.790366e-03   1.997263e-10   1334
  3.026544e-01   1.076383e-08   6.359237e-03   2.203910e-10   1410
  3.238383e-01   1.140097e-08   6.353415e-03   2.242549e-10   1652
  3.459805e-01   1.201118e-08   6.270062e-03   2.296402e-10   1974
  3.687015e-01   1.300087e-08   6.145597e-03   2.395024e-10   2234
  3.914852e-01   1.425316e-08   6.465304e-03   2.497407e-10   2554
  4.146404e-01   1.409423e-08   6.766617e-03   2.390085e-10   2950
  4.373171e-01   1.473970e-08   6.333753e-03   2.481873e-10   3042
  4.593379e-01   1.519747e-08   6.459188e-03   2.530831e-10   3422
  4.812041e-01   1.630948e-08   6.233806e-03   2.619050e-10   3618
  5.032209e-01   1.679403e-08   6.489853e-03   2.554248e-10   4172
  5.256126e-01   1.799234e-08   6.278215e-03   2.708503e-10   4470
  5.481222e-01   1.857092e-08   6.415795e-03   2.654378e-10   4970
  5.707131e-01   1.976441e-08   6.445533e-03   2.664945e-10   5334
  5.933173e-01   1.960861e-08   6.620458e-03   2.524748e-10   5810
  6.156523e-01   2.083927e-08   6.578023e-03   2.602748e-10   6114
  6.381341e-01   2.080136e-08   6.702829e-03   2.479314e-10   6782
  6.600508e-01   2.221211e-08   6.114761e-03   2.701063e-10   6684
  6.817733e-01   2.214013e-08   6.320015e-03   2.576045e-10   7574
  7.042989e-01   2.304677e-08   6.383283e-03   2.514656e-10   8154
  7.267523e-01   2.334261e-08   6.350446e-03   2.449769e-10   8618
  7.495802e-01   2.395175e-08   6.655359e-03   2.416009e-10   9494
  7.721958e-01   2.463054e-08   6.420657e-03   2.500561e-10   9618
  7.945082e-01   2.525518e-08   6.522732e-03   2.466679e-10   10306
  8.169314e-01   2.572718e-08   6.582267e-03   2.416302e-10   10942
  8.392838e-01   2.632274e-08   6.426710e-03   2.422358e-10   11452
  8.616156e-01   2.644441e-08   6.314015e-03   2.401856e-10   12046
  8.837539e-01   2.654540e-08   6.203919e-03   2.377682e-10   12522
  9.061496e-01   2.764074e-08   6.484290e-03   2.376514e-10   13562
  9.287321e-01   2.802506e-08   6.598088e-03   2.368299e-10   14182
  9.513437e-01   2.838625e-08   6.662158e-03   2.300447e-10   14986
  9.735647e-01   2.938185e-08   6.336365e-03   2.437088e-10   14982
  9.957420e-01   2.920062e-08   6.586886e-03   2.268652e-10   16388
  1.018091e+00   3.014096e-08   6.328859e-03   2.356442e-10   16626
  1.040289e+00   3.015579e-08   6.420279e-03   0.000000e+00   17678
  1.062665e+00   3.073285e-08   6.320822e-03   0.000000e+00   18354
  1.084952e+00   3.104683e-08   6.374281e-03   0.000000e+00   19034
  1.107316e+00   3.105741e-08   6.533602e-03   0.000000e+00   20142
  1.130052e+00   3.166470e-08   6.683525e-03   0.000000e+00   21386
  1.152535e+00   3.249418e-08   6.399747e-03   0.000000e+00   21318
  1.174826e+00   3.225212e-08   6.466397e-03   0.000000e+00   22676
  1.197287e+00   3.246328e-08   6.400053e-03   0.000000e+00   23322
  1.219569e+00   3.249750e-08   6.320268e-03   0.000000e+00   24134
  1.241897e+00   3.383452e-08   6.431744e-03   0.000000e+00   25146
  1.264263e+00   3.355925e-08   6.401452e-03   0.000000e+00   26030
  1.286511e+00   3.355661e-08   6.436689e-03   0.000000e+00   26674
  1.309005e+00   3.465696e-08   6.617025e-03   0.000000e+00   28570
  1.331328e+00   3.436266e-08   6.394995e-03   0.000000e+00   28224
  1.353730e+00   3.456421e-08   6.612954e-03   0.000000e+00   30626
  1.376139e+00   3.460015e-08   6.188716e-03   0.000000e+00   30158
  1.398198e+00   3.487575e-08   6.341847e-03   0.000000e+00   31674
  1.420633e+00   3.488854e-08   6.552335e-03   0.000000e+00   33306
  1.442956e+00   3.526367e-08   6.347056e-03   0.000000e+00   33422
  1.465264e+00   3.520465e-08   6.513108e-03   0.000000e+00   35298
  1.487916e+00   3.587497e-08   6.516416e-03   0.000000e+00   36650
  1.510372e+00   3.580980e-08   6.454814e-03   0.000000e+00   36992
  1.532811e+00   3.584582e-08   6.513536e-03   0.000000e+00   38730
  1.555258e+00   3.571025e-08   6.353885e-03   0.000000e+00   39246
  1.577568e+00   3.599125e-08   6.455390e-03   0.000000e+00   40466
  1.599767e+00   3.539996e-08   6.293773e-03   0.000000e+00   41170
  1.622137e+00   3.649420e-08   6.567546e-03   0.000000e+00   43534
  1.644564e+00   3.580362e-08   6.325250e-03   0.000000e+00   43650
  1.666806e+00   3.626218e-08   6.402960e-03   0.000000e+00   45272
  1.689341e+00   3.618627e-08   6.516762e-03   0.000000e+00   47098
  1.711828e+00   3.612513e-08   6.404451e-03   0.000000e+00   47746
  1.734150e+00   3.680810e-08   6.444169e-03   0.000000e+00   48870
  1.756360e+00   3.622524e-08   6.286874e-03   0.000000e+00   49682
  1.778525e+00   3.609490e-08   6.326647e-03   0.000000e+00   51222
  1.800935e+00   3.635196e-08   6.557316e-03   0.000000e+00   53378
  1.823276e+00   3.611919e-08   6.301611e-03   0.000000e+00   53634
  1.845811e+00   3.606833e-08   6.634337e-03   0.000000e+00   56888
  1.868406e+00   3.650854e-08   6.395733e-03   0.000000e+00   56650
  1.890835e+00   3.623891e-08   6.537955e-03   0.000000e+00   58786
  1.913211e+00   3.608181e-08   6.361015e-03   0.000000e+00   59214
  1.935520e+00   3.604914e-08   6.586702e-03   0.000000e+00   61250
  1.957781e+00   3.600728e-08   6.392870e-03   0.000000e+00   61686
  1.979969e+00   3.621340e-08   6.414087e-03   0.000000e+00   63626
  2.002425e+00   3.564490e-08   6.533519e-03   0.000000e+00   66204
  2.024979e+00   3.611016e-08   6.549144e-03   0.000000e+00   67094
  2.047324e+00   3.553530e-08   6.403473e-03   0.000000e+00   67890
  2.069704e+00   3.537622e-08   6.363893e-03   0.000000e+00   70334
  2.092058e+00   3.533197e-08   6.261740e-03   0.000000e+00   70626
  2.114244e+00   3.544475e-08   6.521481e-03   0.000000e+00   72554
  2.136583e+00   3.520553e-08   6.543186e-03   0.000000e+00   74550
  2.158931e+00   3.517434e-08   6.418309e-03   0.000000e+00   75674
  2.181263e+00   3.524465e-08   6.374257e-03   0.000000e+00   77564
  2.203870e+00   3.464341e-08   6.555676e-03   0.000000e+00   80766
  2.226373e+00   3.449626e-08   6.321106e-03   0.000000e+00   80202
  2.248753e+00   3.457131e-08   6.417816e-03   0.000000e+00   83102
  2.271187e+00   3.460575e-08   6.446404e-03   0.000000e+00   83890
  2.293506e+00   3.405978e-08   6.479320e-03   0.000000e+00   85522
  2.315740e+00   3.388680e-08   6.286742e-03   0.000000e+00   86670
  2.338062e+00   3.401667e-08   6.387814e-03   0.000000e+00   89588
  2.360532e+00   3.385940e-08   6.556601e-03   0.000000e+00   91038
  2.382934e+00   3.374802e-08   6.400576e-03   0.000000e+00   92522
  2.405285e+00   3.350145e-08   6.335531e-03   0.000000e+00   94242
  2.427820e+00   3.324510e-08   6.570514e-03   0.000000e+00   97550
  2.450162e+00   3.313261e-08   6.600388e-03   0.000000e+00   96250
  2.472297e+00   3.300898e-08   6.503870e-03   0.000000e+00   99166
  2.494559e+00   3.279983e-08   6.296719e-03   0.000000e+00   100932
  2.516987e+00   3.260494e-08   6.590075e-03   0.000000e+00   104306
  2.539456e+00   3.235949e-08   6.528307e-03   0.000000e+00   104990
  2.561902e+00   3.228961e-08   6.304007e-03   0.000000e+00   107874
  2.584334e+00   3.210300e-08   5.965259e-03   0.000000e+00   108322
  2.606698e+00   3.181837e-08   5.813438e-03   0.000000e+00   111454
  2.629068e+00   3.151595e-08   6.335760e-03   0.000000e+00   112002
  2.651317e+00   3.156965e-08   6.410989e-03   0.000000e+00   114158
  2.673611e+00   3.137936e-08   6.286844e-03   0.000000e+00   116148
  2.695991e+00   3.112686e-08   6.537826e-03   0.000000e+00   118754
  2.718416e+00   3.089629e-08   6.575794e-03   0.000000e+00   120942
  2.740900e+00   3.064476e-08   6.342240e-03   0.000000e+00   123170
  2.763262e+00   3.075599e-08   6.650969e-03   0.000000e+00   123638
  2.785600e+00   3.023539e-08   6.153599e-03   0.000000e+00   126858
  2.807914e+00   3.011604e-08   6.469362e-03   0.000000e+00   127698
  2.830202e+00   3.000796e-08   6.499720e-03   0.000000e+00   130640
  2.852586e+00   2.985487e-08   6.438107e-03   0.000000e+00   132642
  2.874952e+00   2.959256e-08   6.352714e-03   0.000000e+00   134534
  2.897404e+00   2.942419e-08   6.450292e-03   0.000000e+00   137954
  2.919986e+00   2.933598e-08   6.404556e-03   0.000000e+00   140610
  2.942360e+00   2.901217e-08   6.521873e-03   0.000000e+00   139590
  2.964634e+00   2.893110e-08   6.591979e-03   0.000000e+00   143546
  2.987021e+00   2.884937e-08   6.217266e-03   0.000000e+00   145338
  3.009339e+00   2.857912e-08   6.480654e-03   0.000000e+00   147272
  3.031731e+00   2.840405e-08   6.564942e-03   0.000000e+00   150434
  3.054162e+00   2.820020e-08   6.277015e-03   0.000000e+00   152214
  3.076475e+00   2.798473e-08   6.504696e-03   0.000000e+00   153186
  3.098915e+00   2.784071e-08   6.609780e-03   0.000000e+00   158642
  3.121323e+00   2.755736e-08   6.021968e-03   0.000000e+00   157350
  3.143640e+00   2.730288e-08   6.436672e-03   0.000000e+00   161906
  3.165888e+00   2.759258e-08   6.311708e-03   0.000000e+00   160824
  3.188240e+00   2.720638e-08   6.985667e-03   0.000000e+00   167906
  3.210725e+00   2.687178e-08   6.372774e-03   0.000000e+00   167578
  3.233024e+00   2.687933e-08   6.370745e-03   0.000000e+00   169798
  3.255417e+00   2.657049e-08   6.490887e-03   0.000000e+00   173586
  3.277853e+00   2.649930e-08   6.621414e-03   0.000000e+00   175274
  3.300233e+00   2.641239e-08   6.588123e-03   0.000000e+00   177654
  3.322649e+00   2.635572e-08   6.519121e-03   0.000000e+00   180698
  3.345071e+00   2.608012e-08   6.410851e-03   0.000000e+00   182680
  3.367431e+00   2.606542e-08   6.797950e-03   0.000000e+00   184138
  3.389748e+00   2.581695e-08   6.423517e-03   0.000000e+00   187138
  3.412184e+00   2.573510e-08   6.414025e-03   0.000000e+00   191134
  3.434561e+00   2.547483e-08   6.470581e-03   0.000000e+00   191010
  3.456874e+00   2.541393e-08   5.539857e-03   0.000000e+00   195134
  3.479180e+00   2.519986e-08   6.600104e-03   0.000000e+00   195810
  3.501526e+00   2.533937e-08   6.608369e-03   0.000000e+00   201140
  3.523888e+00   2.503282e-08   6.711381e-03   0.000000e+00   201054
  3.546202e+00   2.497479e-08   6.462105e-03   0.000000e+00   205250
  3.568580e+00   2.475297e-08   6.100936e-03   0.000000e+00   207366
  3.590958e+00   2.484765e-08   6.985273e-03   0.000000e+00   210578
  3.613360e+00   2.468501e-08   6.324005e-03   0.000000e+00   213066
  3.635836e+00   2.464632e-08   6.641688e-03   0.000000e+00   217382
  3.658206e+00   2.448102e-08   6.395760e-03   0.000000e+00   216306
  3.680475e+00   2.445557e-08   6.372599e-03   0.000000e+00   220652
  3.702896e+00   2.423837e-08   6.668047e-03   0.000000e+00   224622
  3.725362e+00   2.424255e-08   5.779893e-03   0.000000e+00   227066
  3.747752e+00   2.421327e-08   6.261135e-03   0.000000e+00   228574
  3.770100e+00   2.405834e-08   5.554436e-03   0.000000e+00   231466
  3.792430e+00   2.398522e-08   6.260163e-03   0.000000e+00   233946
  3.814844e+00   2.391984e-08   6.875536e-03   0.000000e+00   238694
  3.837178e+00   2.391450e-08   6.618711e-03   0.000000e+00   238068
  3.859525e+00   2.389274e-08   6.500634e-03   0.000000e+00   244190
  3.881972e+00   2.368696e-08   6.313782e-03   0.000000e+00   245634
  3.904316e+00   2.380661e-08   6.828267e-03   0.000000e+00   248090
  3.926693e+00   2.351509e-08   6.285490e-03   0.000000e+00   251958
  3.949081e+00   2.350198e-08   6.697987e-03   0.000000e+00   254042
  3.971388e+00   2.350439e-08   6.287961e-03   0.000000e+00   255714
  3.993796e+00   2.345770e-08   6.839972e-03   0.000000e+00   262358
  4.016214e+00   2.349979e-08   6.117500e-03   0.000000e+00   261900
  4.038662e+00   2.341816e-08   6.584667e-03   0.000000e+00   268646
  4.061015e+00   2.338100e-08   6.290873e-03   0.000000e+00   265578
  4.083321e+00   2.329798e-08   6.291309e-03   0.000000e+00   273290
  4.105698e+00   2.317570e-08   6.399247e-03   0.000000e+00   273678
  4.128093e+00   2.331405e-08   6.692071e-03   0.000000e+00   279698
  4.150495e+00   2.319693e-08   7.452451e-03   0.000000e+00   279630
  4.172783e+00   2.315295e-08   6.028599e-03   0.000000e+00   283004
  4.195181e+00   2.321840e-08   6.070621e-03   0.000000e+00   288330
  4.217593e+00   2.321075e-08   6.485451e-03   0.000000e+00   289718
  4.239927e+00   2.313846e-08   6.458771e-03   0.000000e+00   292290
  4.262196e+00   2.318422e-08   6.225582e-03   0.000000e+00   294134
  4.284546e+00   2.313580e-08   6.323979e-03   0.000000e+00   300642
  4.306999e+00   2.312331e-08   6.747347e-03   0.000000e+00   303386
  4.329363e+00   2.310806e-08   7.145389e-03   0.000000e+00   304662
  4.351748e+00   2.315102e-08   6.204824e-03   0.000000e+00   309812
  4.374152e+00   2.316831e-08   6.421729e-03   0.000000e+00   311570
  4.396623e+00   2.328080e-08   6.235243e-03   0.000000e+00   318270
  4.418991e+00   2.328781e-08   6.911024e-03   0.000000e+00   315090
  4.441281e+00   2.324949e-08   6.032844e-03   0.000000e+00   322646
  4.463622e+00   2.320043e-08   6.225975e-03   0.000000e+00   322722
  4.485989e+00   2.321855e-08   6.838770e-03   0.000000e+00   329930
  4.508427e+00   2.324878e-08   6.833970e-03   0.000000e+00   331824
  4.530867e+00   2.323400e-08   6.224704e-03   0.000000e+00   336266
  4.553237e+00   2.313400e-08   6.484485e-03   0.000000e+00   336094
  4.575555e+00   2.332730e-08   6.174049e-03   0.000000e+00   341386
  4.597916e+00   2.336961e-08   6.518276e-03   0.000000e+00   344338
  4.620261e+00   2.333049e-08   6.653916e-03   0.000000e+00   347638
  4.642628e+00   2.334234e-08   6.222642e-03   0.000000e+00   351618
  4.664976e+00   2.338457e-08   6.469335e-03   0.000000e+00   353792
  4.687393e+00   2.342178e-08   6.329688e-03   0.000000e+00   360538
  4.709883e+00   2.339337e-08   6.182432e-03   0.000000e+00   363250
  4.732222e+00   2.347759e-08   6.744958e-03   0.000000e+00   362334
  4.754613e+00   2.351467e-08   5.545243e-03   0.000000e+00   371642
  4.776982e+00   2.353468e-08   6.382925e-03   0.000000e+00   368794
  4.799278e+00   2.361523e-08   6.387716e-03   0.000000e+00   376510
  4.821650e+00   2.379632e-08   6.175606e-03   0.000000e+00   377994
  4.843996e+00   2.367397e-08   6.315711e-03   0.000000e+00   382760
  4.866396e+00   2.371760e-08   7.117109e-03   0.000000e+00   386674
  4.888807e+00   2.384913e-08   6.409886e-03   0.000000e+00   390298
  4.911191e+00   2.393433e-08   6.813593e-03   0.000000e+00   393142
  4.933591e+00   2.384827e-08   6.501083e-03   0.000000e+00   397762
  4.955871e+00   2.388821e-08   6.245542e-03   0.000000e+00   396270
  4.978166e+00   2.398702e-08   6.496904e-03   0.000000e+00   405194
  5.000562e+00   2.406656e-08   5.919945e-03   0.000000e+00   407580
  5.022943e+00   2.422309e-08   6.908258e-03   0.000000e+00   411782
  5.045306e+00   2.418599e-08   6.216883e-03   0.000000e+00   414114
  5.067735e+00   2.415491e-08   6.713185e-03   0.000000e+00   421562
  5.090174e+00   2.423453e-08   6.517221e-03   0.000000e+00   421910
  5.112574e+00   2.430103e-08   6.197409e-03   0.000000e+00   427818
  5.134974e+00   2.433413e-08   7.260805e-03   0.000000e+00   429430
  5.157303e+00   2.447052e-08   6.809277e-03   0.000000e+00   432322
  5.179645e+00   2.449656e-08   5.417698e-03   0.000000e+00   437428
  5.202002e+00   2.446773e-08   5.452295e-03   0.000000e+00   440590
  5.224403e+00   2.452747e-08   6.462272e-03   0.000000e+00   446770
  5.246845e+00   2.479609e-08   6.090732e-03   0.000000e+00   449782
  5.269175e+00   2.474952e-08   6.553056e-03   0.000000e+00   449706
  5.291511e+00   2.486959e-08   6.515837e-03   0.000000e+00   458042
  5.313861e+00   2.492197e-08   6.119020e-03   0.000000e+00   458158
  5.336202e+00   2.492895e-08   6.106022e-03   0.000000e+00   465124
  5.358552e+00   2.499846e-08   6.468032e-03   0.000000e+00   466230
  5.380943e+00   2.506523e-08   6.829184e-03   0.000000e+00   474386
  5.403347e+00   2.514267e-08   6.130252e-03   0.000000e+00   475178
  5.425784e+00   2.523175e-08   6.824504e-03   0.000000e+00   483558
  5.448229e+00   2.526030e-08   5.492436e-03   0.000000e+00   483354
  5.470572e+00   2.532612e-08   5.327068e-03   0.000000e+00   487178
  5.492930e+00   2.541748e-08   6.647150e-03   0.000000e+00   492006
  5.515271e+00   2.551041e-08   6.317722e-03   0.000000e+00   494852
  5.537618e+00   2.550139e-08   6.304247e-03   0.000000e+00   499502
  5.559996e+00   2.566846e-08   5.824134e-03   0.000000e+00   504618
  5.582394e+00   2.572212e-08   6.996176e-03   0.000000e+00   508506
  5.604824e+00   2.577835e-08   7.043389e-03   0.000000e+00   514406
  5.627193e+00   2.589585e-08   5.909523e-03   0.000000e+00   514026
  5.649494e+00   2.585967e-08   6.739378e-03   0.000000e+00   519230
  5.671805e+00   2.590232e-08   6.102049e-03   0.000000e+00   522620
  5.694158e+00   2.593748e-08   6.333388e-03   0.000000e+00   529458
  5.716574e+00   2.610709e-08   6.621455e-03   0.000000e+00   534078
  5.738967e+00   2.609001e-08   6.761308e-03   0.000000e+00   536666
  5.761303e+00   2.618999e-08   6.553976e-03   0.000000e+00   539270
  5.783741e+00   2.630661e-08   6.336699e-03   0.000000e+00   550530
  5.806191e+00   2.628629e-08   6.982104e-03   0.000000e+00   548474
  5.828530e+00   2.640864e-08   6.529975e-03   0.000000e+00   553518
  5.850854e+00   2.643534e-08   6.732624e-03   0.000000e+00   556116
  5.873250e+00   2.644988e-08   6.074733e-03   0.000000e+00   564890
  5.895607e+00   2.659548e-08   6.326648e-03   0.000000e+00   563718
  5.917987e+00   2.664818e-08   6.433256e-03   0.000000e+00   574298
  5.940398e+00   2.670939e-08   7.641482e-03   0.000000e+00   573966
  5.962766e+00   2.670686e-08   6.068721e-03   0.000000e+00   580586
  5.985126e+00   2.687816e-08   6.563206e-03   0.000000e+00   582666
  6.007511e+00   2.686496e-08   6.606642e-03   0.000000e+00   590648
  6.029891e+00   2.692728e-08   6.303924e-03   0.000000e+00   590578
  6.052199e+00   2.701569e-08   7.078407e-03   0.000000e+00   595990
  6.074561e+00   2.705515e-08   6.201502e-03   0.000000e+00   601778
  6.096961e+00   2.719888e-08   6.997902e-03   0.000000e+00   607578
  6.119373e+00   2.716830e-08   6.722837e-03   0.000000e+00   611294
  6.141771e+00   2.718154e-08   6.697770e-03   0.000000e+00   615498
  6.164114e+00   2.731140e-08   6.454104e-03   0.000000e+00   617274
  6.186486e+00   2.728730e-08   6.012670e-03   0.000000e+00   626360
  6.208872e+00   2.737343e-08   5.771004e-03   0.000000e+00   626658
  6.231231e+00   2.738767e-08   6.191697e-03   0.000000e+00   634022
  6.253568e+00   2.752392e-08   6.161775e-03   0.000000e+00   634554
  6.275945e+00   2.748429e-08   5.209721e-03   0.000000e+00   645026
  6.298332e+00   2.761985e-08   6.634563e-03   0.000000e+00   645182
  6.320704e+00   2.760467e-08   6.580459e-03   0.000000e+00   652938
  6.343072e+00   2.768588e-08   7.401114e-03   0.000000e+00   654336
  6.365469e+00   2.772010e-08   6.726539e-03   0.000000e+00   663242
  6.387867e+00   2.775035e-08   5.460901e-03   0.000000e+00   664002
  6.410200e+00   2.784369e-08   7.437274e-03   0.000000e+00   668990
  6.432560e+00   2.786088e-08   6.038904e-03   0.000000e+00   674554
  6.454898e+00   2.794168e-08   6.625449e-03   0.000000e+00   677158
  6.477291e+00   2.798157e-08   6.644340e-03   0.000000e+00   687306
  6.499736e+00   2.796353e-08   6.401077e-03   0.000000e+00   690290
  6.522108e+00   2.805121e-08   6.017201e-03   0.000000e+00   691992
  6.544509e+00   2.806046e-08   7.332766e-03   0.000000e+00   701402
  6.566900e+00   2.803879e-08   6.915998e-03   0.000000e+00   700826
  6.589250e+00   2.822670e-08   6.173788e-03   0.000000e+00   708726
  6.611621e+00   2.811225e-08   6.696841e-03   0.000000e+00   711690
  6.634006e+00   2.822361e-08   7.581469e-03   0.000000e+00   719606
  6.656343e+00   2.828729e-08   6.518462e-03   0.000000e+00   717810
  6.678695e+00   2.823918e-08   5.824456e-03   0.000000e+00   730412
  6.701111e+00   2.835000e-08   7.024063e-03   0.000000e+00   731782
  6.723530e+00   2.839058e-08   6.873062e-03   0.000000e+00   740458
  6.745892e+00   2.835761e-08   6.707712e-03   0.000000e+00   737494
  6.768211e+00   2.842561e-08   5.711584e-03   0.000000e+00   747298
  6.790586e+00   2.836314e-08   5.797439e-03   0.000000e+00   751762
  6.812938e+00   2.850288e-08   6.587799e-03   0.000000e+00   755470
  6.835285e+00   2.843292e-08   6.782773e-03   0.000000e+00   761442
  6.857716e+00   2.850274e-08   6.588568e-03   0.000000e+00   770816
  6.880117e+00   2.859534e-08   5.652850e-03   0.000000e+00   769242
  6.902527e+00   2.852241e-08   6.239547e-03   0.000000e+00   782162
  6.924881e+00   2.856069e-08   8.782234e-03   0.000000e+00   775230
  6.947207e+00   2.862383e-08   5.594527e-03   0.000000e+00   789866
  6.969568e+00   2.857262e-08   5.557620e-03   0.000000e+00   787938
  6.991917e+00   2.862771e-08   5.338172e-03   0.000000e+00   799574
  7.014332e+00   2.875721e-08   7.386050e-03   0.000000e+00   803028
  7.036695e+00   2.864552e-08   6.437138e-03   0.000000e+00   805574
  7.059047e+00   2.873252e-08   7.058294e-03   0.000000e+00   812034
  7.081459e+00   2.870758e-08   7.423816e-03   0.000000e+00   820970
  7.103857e+00   2.877194e-08   6.493729e-03   0.000000e+00   821174
  7.126168e+00   2.870309e-08   6.534116e-03   0.000000e+00   825186
  7.148507e+00   2.876380e-08   7.343106e-03   0.000000e+00   833142
  7.170833e+00   2.874781e-08   6.426859e-03   0.000000e+00   834788
  7.193212e+00   2.884008e-08   7.975005e-03   0.000000e+00   847858
  7.215716e+00   2.879426e-08   6.069835e-03   0.000000e+00   854278
  7.238117e+00   2.884422e-08   5.404737e-03   0.000000e+00   850914
  7.260454e+00   2.884843e-08   5.188640e-03   0.000000e+00   859250
  7.282849e+00   2.877896e-08   6.549415e-03   0.000000e+00   867126
  7.305227e+00   2.880995e-08   6.975429e-03   0.000000e+00   868274
  7.327553e+00   2.884746e-08   7.289624e-03   0.000000e+00   873606
  7.349886e+00   2.874902e-08   4.807666e-03   0.000000e+00   879284
  7.372265e+00   2.881277e-08   7.139256e-03   0.000000e+00   887666
  7.394722e+00   2.876902e-08   7.443262e-03   0.000000e+00   897030
  7.417135e+00   2.884798e-08   6.073920e-03   0.000000e+00   894378
  7.439489e+00   2.891875e-08   6.502339e-03   0.000000e+00   903254
  7.461834e+00   2.881678e-08   6.956502e-03   0.000000e+00   904562
  7.484170e+00   2.884560e-08   5.977298e-03   0.000000e+00   913362
  7.506501e+00   2.875528e-08   4.866801e-03   0.000000e+00   915592
  7.528884e+00   2.877775e-08   7.254192e-03   0.000000e+00   927946
  7.551264e+00   2.878605e-08   8.112907e-03   0.000000e+00   926094
  7.573690e+00   2.878442e-08   6.289273e-03   0.000000e+00   942890
  7.596112e+00   2.881509e-08   6.795893e-03   0.000000e+00   937266
  7.618472e+00   2.876719e-08   5.921230e-03   0.000000e+00   948854
  7.640841e+00   2.876385e-08   5.198272e-03   0.000000e+00   948714
  7.663162e+00   2.877849e-08   5.786033e-03   0.000000e+00   956186
  7.685531e+00   2.866153e-08   6.497757e-03   0.000000e+00   964272
  7.707929e+00   2.878688e-08   6.522888e-03   0.000000e+00   969458
  7.730305e+00   2.869662e-08   5.304361e-03   0.000000e+00   973358
  7.752696e+00   2.861955e-08   7.161241e-03   0.000000e+00   982098
  7.775064e+00   2.855591e-08   5.938413e-03   0.000000e+00   983178
  7.797465e+00   2.857794e-08   7.862531e-03   0.000000e+00   996350
  7.819856e+00   2.861312e-08   5.853734e-03   0.000000e+00   993530
  7.842135e+00   2.866761e-08   6.935777e-03   0.000000e+00   997848
  7.864479e+00   2.852327e-08   6.788019e-03   0.000000e+00   1010106
  7.886888e+00   2.855257e-08   6.869699e-03   0.000000e+00   1015730
  7.909266e+00   2.853391e-08   6.616231e-03   0.000000e+00   1018710
  7.931688e+00   2.860726e-08   6.684002e-03   0.000000e+00   1031282
  7.954076e+00   2.840452e-08   6.406906e-03   0.000000e+00   1027122
  7.976427e+00   2.837886e-08   6.472928e-03   0.000000e+00   1039838
  7.998792e+00   2.843877e-08   7.163724e-03   0.000000e+00   1039898
  8.021140e+00   2.837051e-08   6.974303e-03   0.000000e+00   1050288
  8.043503e+00   2.830643e-08   6.778861e-03   0.000000e+00   1052226
  8.065877e+00   2.834353e-08   4.581689e-03   0.000000e+00   1062746
  8.088279e+00   2.827117e-08   6.059473e-03   0.000000e+00   1067438
  8.110673e+00   2.823452e-08   5.988334e-03   0.000000e+00   1073730
  8.133054e+00   2.823321e-08   7.537490e-03   0.000000e+00   1078230
  8.155441e+00   2.817410e-08   6.039071e-03   0.000000e+00   1085594
  8.177780e+00   2.806721e-08   5.217243e-03   0.000000e+00   1086124
  8.200161e+00   2.814314e-08   6.643525e-03   0.000000e+00   1101310
  8.222544e+00   2.804264e-08   7.350092e-03   0.000000e+00   1098282
  8.244897e+00   2.800289e-08   4.450530e-03   0.000000e+00   1109918
  8.267297e+00   2.800368e-08   6.211150e-03   0.000000e+00   1114962
  8.289698e+00   2.796576e-08   6.923168e-03   0.000000e+00   1122962
  8.312092e+00   2.784534e-08   0.000000e+00   0.000000e+00   1125822
  8.334456e+00   2.785503e-08   6.813936e-03   0.000000e+00   1132538
  8.356797e+00   2.774918e-08   7.013212e-03   0.000000e+00   1135164
  8.379146e+00   2.781481e-08   7.308057e-03   0.000000e+00   1145654
  8.401546e+00   2.767413e-08   4.870087e-03   0.000000e+00   1152666
  8.423940e+00   2.764121e-08   6.418045e-03   0.000000e+00   1157078
  8.446300e+00   2.757257e-08   7.279072e-03   0.000000e+00   1161522
  8.468697e+00   2.752837e-08   6.828598e-03   0.000000e+00   1173050
  8.491063e+00   2.749722e-08   6.524997e-03   0.000000e+00   1171518
  8.513415e+00   2.745969e-08   7.912040e-03   0.000000e+00   1183772
  8.535748e+00   2.731790e-08   6.876875e-03   0.000000e+00   1181262
  8.558078e+00   2.738070e-08   5.957384e-03   0.000000e+00   1195490
  8.580480e+00   2.717661e-08   5.560428e-03   0.000000e+00   1202010
  8.602872e+00   2.721619e-08   5.818146e-03   0.000000e+00   1207166
  8.625260e+00   2.719209e-08   6.814884e-03   0.000000e+00   1214074
  8.647608e+00   2.712116e-08   6.967278e-03   0.000000e+00   1215334
  8.669982e+00   2.699620e-08   8.354039e-03   0.000000e+00   1229274
  8.692424e+00   2.699334e-08   7.105245e-03   0.000000e+00   1236164
  8.714808e+00   2.693289e-08   5.285896e-03   0.000000e+00   1234942
  8.737151e+00   2.678193e-08   6.288884e-03   0.000000e+00   1244410
  8.759508e+00   2.681029e-08   6.581933e-03   0.000000e+00   1249010
  8.781891e+00   2.671878e-08   7.356257e-03   0.000000e+00   1260702
  8.804253e+00   2.664711e-08   5.935123e-03   0.000000e+00   1259490
  8.826638e+00   2.669396e-08   6.182848e-03   0.000000e+00   1275662
  8.849004e+00   2.648172e-08   3.448750e-03   0.000000e+00   1270164
  8.871392e+00   2.647610e-08   5.396361e-03   0.000000e+00   1291226
  8.893774e+00   2.633499e-08   4.385920e-03   0.000000e+00   1282750
  8.916104e+00   2.626730e-08   6.377193e-03   0.000000e+00   1298146
  8.938493e+00   2.626455e-08   5.501775e-03   0.000000e+00   1301646
  8.960864e+00   2.616375e-08   5.941955e-03   0.000000e+00   1309898
  8.983253e+00   2.611934e-08   4.766463e-03   0.000000e+00   1317010
  9.005646e+00   2.602972e-08   6.716190e-03   0.000000e+00   1323814
  9.028017e+00   2.592679e-08   4.948370e-03   0.000000e+00   1326732
  9.050376e+00   2.594317e-08   7.361075e-03   0.000000e+00   1335434
  9.072794e+00   2.584588e-08   8.454463e-03   0.000000e+00   1347902
  9.095185e+00   2.579345e-08   9.006136e-03   0.000000e+00   1344786
  9.117492e+00   2.566382e-08   4.166589e-03   0.000000e+00   1351222
  9.139861e+00   2.556535e-08   5.852681e-03   0.000000e+00   1365322
  9.162264e+00   2.550428e-08   7.480217e-03   0.000000e+00   1369002
  9.184645e+00   2.548209e-08   6.629027e-03   0.000000e+00   1376456
  9.207010e+00   2.534668e-08   5.489623e-03   0.000000e+00   1379362
  9.229387e+00   2.527383e-08   7.067682e-03   0.000000e+00   1392262
  9.251770e+00   2.523376e-08   6.432677e-03   0.000000e+00   1392546
  9.274121e+00   2.519122e-08   7.080772e-03   0.000000e+00   1402754
  9.296491e+00   2.506758e-08   7.907522e-03   0.000000e+00   1408470
  9.318858e+00   2.497787e-08   3.282049e-03   0.000000e+00   1415450
  9.341178e+00   2.489478e-08   6.393235e-03   0.000000e+00   1416504
  9.363608e+00   2.483239e-08   6.605893e-03   0.000000e+00   1442354
  9.386041e+00   2.469841e-08   7.605363e-03   0.000000e+00   1431202
  9.408387e+00   2.461874e-08   6.355801e-03   0.000000e+00   1445038
  9.430740e+00   2.459819e-08   5.588520e-03   0.000000e+00   1445322
  9.453125e+00   2.447085e-08   6.108612e-03   0.000000e+00   1462778
  9.475509e+00   2.442133e-08   7.142984e-03   0.000000e+00   1459590
  9.497849e+00   2.435219e-08   6.900208e-03   0.000000e+00   1471226
  9.520244e+00   2.421129e-08   4.990229e-03   0.000000e+00   1480136
  9.542652e+00   2.414176e-08   6.632033e-03   0.000000e+00   1486530
  9.565023e+00   2.399258e-08   7.404501e-03   0.000000e+00   1488898
  9.587391e+00   2.396040e-08   5.907482e-03   0.000000e+00   1500838
  9.609784e+00   2.389732e-08   4.121271e-03   0.000000e+00   1505906
  9.632115e+00   2.383490e-08   7.598672e-03   0.000000e+00   1507062
  9.654452e+00   2.365384e-08   6.323779e-03   0.000000e+00   1519890
  9.676823e+00   2.361302e-08   7.451519e-03   0.000000e+00   1526516
  9.699240e+00   2.350249e-08   4.767579e-03   0.000000e+00   1540038
  9.721645e+00   2.343489e-08   7.632536e-03   0.000000e+00   1538810
  9.743988e+00   2.335003e-08   5.744895e-03   0.000000e+00   1545574
  9.766381e+00   2.326678e-08   9.997399e-03   0.000000e+00   1560010
  9.788761e+00   2.316920e-08   5.435284e-03   0.000000e+00   1558578
  9.811105e+00   2.309920e-08   6.916536e-03   0.000000e+00   1568990
  9.833441e+00   2.297810e-08   7.404500e-03   0.000000e+00   1571770
  9.855810e+00   2.284897e-08   6.660599e-03   0.000000e+00   1587748
  9.878214e+00   2.282454e-08   5.210975e-03   0.000000e+00   1590966
  9.900618e+00   2.268779e-08   5.415973e-03   0.000000e+00   1602554
  9.922993e+00   2.261417e-08   7.188756e-03   0.000000e+00   1601190
  9.945334e+00   2.253073e-08   7.020966e-03   0.000000e+00   1611722
  9.967674e+00   2.241616e-08   6.360672e-03   0.000000e+00   1616058
  9.990052e+00   2.235140e-08   6.149277e-03   0.000000e+00   1631942
  1.001243e+01   2.221283e-08   5.183289e-03   0.000000e+00   1630980
  1.003478e+01   2.209576e-08   6.755710e-03   0.000000e+00   1641494
  1.005719e+01   2.202736e-08   7.395307e-03   0.000000e+00   1653378
  1.007964e+01   2.194050e-08   7.530711e-03   0.000000e+00   1663730
  1.010201e+01   2.183965e-08   5.044596e-03   0.000000e+00   1656558
  1.012433e+01   2.176570e-08   7.471072e-03   0.000000e+00   1671026
  1.014670e+01   2.164728e-08   7.345419e-03   0.000000e+00   1677818
  1.016906e+01   2.159058e-08   8.042744e-03   0.000000e+00   1685454
  1.019144e+01   2.140619e-08   5.831064e-03   0.000000e+00   1694516
  1.021383e+01   2.141385e-08   5.347819e-03   0.000000e+00   1701342
  1.023621e+01   2.119768e-08   6.241151e-03   0.000000e+00   1709026
  1.025862e+01   2.121831e-08   7.422516e-03   0.000000e+00   1720354
  1.028101e+01   2.105935e-08   6.060127e-03   0.000000e+00   1721470
  1.030340e+01   2.093175e-08   6.563212e-03   0.000000e+00   1735018
  1.032573e+01   2.086256e-08   4.958706e-03   0.000000e+00   1728398
  1.034805e+01   2.081915e-08   7.008926e-03   0.000000e+00   1747116
  1.037043e+01   2.066292e-08   1.972636e-03   0.000000e+00   1753090
  1.039284e+01   2.055879e-08   5.375258e-03   0.000000e+00   1767694
  1.041525e+01   2.045854e-08   7.269972e-03   0.000000e+00   1766490
  1.043764e+01   2.033782e-08   0.000000e+00   0.000000e+00   1780478
  1.046002e+01   2.025340e-08   9.445653e-03   0.000000e+00   1781050
  1.048238e+01   2.018481e-08   5.023303e-03   0.000000e+00   1792018
  1.050472e+01   2.011719e-08   6.682169e-03   0.000000e+00   1794366
  1.052707e+01   2.000188e-08   6.218271e-03   0.000000e+00   1808276
  1.054945e+01   1.984759e-08   6.966119e-03   0.000000e+00   1812522
  1.057184e+01   1.974274e-08   8.062458e-03   0.000000e+00   1827758
  1.059425e+01   1.966512e-08   4.863545e-03   0.000000e+00   1829466
  1.061661e+01   1.954064e-08   7.661153e-03   0.000000e+00   1835534
  1.063894e+01   1.946985e-08   6.451389e-03   0.000000e+00   1840906
  1.066131e+01   1.939479e-08   6.683861e-03   0.000000e+00   1857130
  1.068366e+01   1.922874e-08   5.024418e-03   0.000000e+00   1854264
  1.070601e+01   1.919173e-08   5.504226e-03   0.000000e+00   1871090
  1.072840e+01   1.903946e-08   6.320754e-03   0.000000e+00   1876926
  1.075078e+01   1.895775e-08   6.965963e-03   0.000000e+00   1884530
  1.077315e+01   1.885900e-08   5.738512e-03   0.000000e+00   1891506
  1.079556e+01   1.877057e-08   6.754157e-03   0.000000e+00   1907798
  1.081798e+01   1.866849e-08   8.253892e-03   0.000000e+00   1907378
  1.084033e+01   1.855991e-08   6.619274e-03   0.000000e+00   1912506
  1.086268e+01   1.846474e-08   4.075027e-03   0.000000e+00   1923048
  1.088508e+01   1.836518e-08   7.796332e-03   0.000000e+00   1936730
  1.090746e+01   1.825975e-08   6.214575e-03   0.000000e+00   1936686
  1.092983e+01   1.816185e-08   7.359495e-03   0.000000e+00   1950290
  1.095221e+01   1.806017e-08   2.979201e-03   0.000000e+00   1953002
  1.097460e+01   1.796283e-08   6.442372e-03   0.000000e+00   1969110
  1.099698e+01   1.782803e-08   2.080387e-03   0.000000e+00   1969050
  1.101934e+01   1.776410e-08   6.988840e-03   0.000000e+00   1980392
  1.104171e+01   1.760458e-08   8.399825e-03   0.000000e+00   1984770
  1.106406e+01   1.753727e-08   5.787021e-03   0.000000e+00   1995506
  1.108646e+01   1.747112e-08   7.523497e-03   0.000000e+00   2007806
  1.110884e+01   1.737091e-08   6.574327e-03   0.000000e+00   2010474
  1.113120e+01   1.725283e-08   7.195042e-03   0.000000e+00   2018182
  1.115359e+01   1.710474e-08   6.449668e-03   0.000000e+00   2033554
  1.117593e+01   1.705596e-08   7.574747e-03   0.000000e+00   2026266
  1.119831e+01   1.696254e-08   4.892565e-03   0.000000e+00   2054480
  1.122069e+01   1.683048e-08   5.236993e-03   0.000000e+00   2044770
  1.124303e+01   1.675135e-08   7.600085e-03   0.000000e+00   2062394
  1.126542e+01   1.661383e-08   6.925742e-03   0.000000e+00   2069982
  1.128781e+01   1.655443e-08   8.104215e-03   0.000000e+00   2079434
  1.131018e+01   1.645163e-08   6.872740e-03   0.000000e+00   2083038
  1.133257e+01   1.635241e-08   5.315571e-03   0.000000e+00   2098850
  1.135493e+01   1.628322e-08   6.710848e-03   0.000000e+00   2095436
  1.137730e+01   1.616026e-08   6.945518e-03   0.000000e+00   2117406
  1.139970e+01   1.604892e-08   6.372177e-03   0.000000e+00   2115426
  1.142201e+01   1.596212e-08   6.186547e-03   0.000000e+00   2118878
  1.144437e+01   1.582540e-08   7.053184e-03   0.000000e+00   2140026
  1.146678e+01   1.576725e-08   7.538450e-03   0.000000e+00   2147234
  1.148916e+01   1.565109e-08   6.708483e-03   0.000000e+00   2150662
  1.151153e+01   1.556745e-08   6.158507e-03   0.000000e+00   2159842
  1.153390e+01   1.545616e-08   6.927181e-03   0.000000e+00   2168384
  1.155630e+01   1.539041e-08   8.582346e-03   0.000000e+00   2183178
  1.157869e+01   1.527175e-08   6.455725e-03   0.000000e+00   2184770
  1.160105e+01   1.521839e-08   7.168821e-03   0.000000e+00   2192190
  1.162338e+01   1.505570e-08   7.808793e-03   0.000000e+00   2196242
  1.164577e+01   1.498469e-08   5.518618e-03   0.000000e+00   2220714
  1.166817e+01   1.488165e-08   7.771457e-03   0.000000e+00   2215758
  1.169055e+01   1.479711e-08   7.083424e-03   0.000000e+00   2233988
  1.171293e+01   1.466884e-08   8.664338e-03   0.000000e+00   2231670
  1.173528e+01   1.461483e-08   4.368156e-03   0.000000e+00   2244338
  1.175767e+01   1.449859e-08   5.765335e-03   0.000000e+00   2258610
  1.178006e+01   1.442015e-08   5.605879e-03   0.000000e+00   2260718
  1.180241e+01   1.431601e-08   6.766620e-03   0.000000e+00   2268162
  1.182476e+01   1.423344e-08   6.072202e-03   0.000000e+00   2277494
  1.184712e+01   1.414251e-08   5.533379e-03   0.000000e+00   2288796
  1.186953e+01   1.404772e-08   1.112745e-02   0.000000e+00   2305226
  1.189193e+01   1.393125e-08   5.786550e-03   0.000000e+00   2301630
  1.191431e+01   1.385322e-08   0.000000e+00   0.000000e+00   2319770
  1.193668e+01   1.375274e-08   7.523239e-03   0.000000e+00   2315610
  1.195903e+01   1.366643e-08   6.016399e-03   0.000000e+00   2334662
  1.198139e+01   1.359126e-08   8.891845e-03   0.000000e+00   2335722
  1.200376e+01   1.350270e-08   5.022459e-03   0.000000e+00   2354102
  1.202615e+01   1.338483e-08   7.968771e-03   0.000000e+00   2355236
  1.204854e+01   1.329645e-08   6.896256e-03   0.000000e+00   2374170
  1.207094e+01   1.320872e-08   5.410326e-03   0.000000e+00   2373286
  1.209332e+01   1.311312e-08   8.203816e-03   0.000000e+00   2388010
  1.211567e+01   1.302458e-08   1.210205e-03   0.000000e+00   2383470
  1.213801e+01   1.295760e-08   5.317434e-03   0.000000e+00   2404994
  1.216038e+01   1.285400e-08   4.488550e-03   0.000000e+00   2408642
  1.218273e+01   1.275961e-08   6.703053e-03   0.000000e+00   2417640
  1.220513e+01   1.266971e-08   6.776575e-03   0.000000e+00   2434994
  1.222753e+01   1.257936e-08   7.504534e-03   0.000000e+00   2437998
  1.224992e+01   1.249715e-08   6.455697e-03   0.000000e+00   2448194
  1.227230e+01   1.244506e-08   0.000000e+00   0.000000e+00   2455890
  1.229466e+01   1.232298e-08   3.959834e-03   0.000000e+00   2461526
  1.231702e+01   1.225098e-08   6.994125e-03   0.000000e+00   2474034
  1.233937e+01   1.214924e-08   6.809301e-03   0.000000e+00   2476482
  1.236174e+01   1.208559e-08   5.334701e-03   0.000000e+00   2497256
  1.238415e+01   1.198029e-08   6.874400e-03   0.000000e+00   2502978
  1.240653e+01   1.190449e-08   2.936929e-03   0.000000e+00   2508422
  1.242890e+01   1.181577e-08   7.134903e-03   0.000000e+00   2518482
  1.245129e+01   1.173847e-08   8.925992e-03   0.000000e+00   2532074
  1.247364e+01   1.165420e-08   9.612542e-03   0.000000e+00   2526710
  1.249599e+01   1.157453e-08   7.485766e-03   0.000000e+00   2548986
  1.251836e+01   1.148752e-08   6.449316e-03   0.000000e+00   2551704
  1.254073e+01   1.139753e-08   5.025124e-03   0.000000e+00   2566226
  1.256312e+01   1.132426e-08   5.176729e-03   0.000000e+00   2573898
  1.258552e+01   1.125439e-08   5.547566e-03   0.000000e+00   2589182
  1.260789e+01   1.116392e-08   7.170474e-03   0.000000e+00   2584970
  1.263026e+01   1.110001e-08   5.585714e-03   0.000000e+00   2605110
  1.265264e+01   1.102092e-08   5.110353e-03   0.000000e+00   2606834
  1.267500e+01   1.093569e-08   5.243169e-03   0.000000e+00   2620770
  1.269737e+01   1.084338e-08   7.112870e-03   0.000000e+00   2626560
  1.271973e+01   1.076871e-08   6.877703e-03   0.000000e+00   2636762
  1.274210e+01   1.068823e-08   7.916869e-03   0.000000e+00   2647698
  1.276453e+01   1.061279e-08   6.129063e-03   0.000000e+00   2668166
  1.278693e+01   1.052232e-08   6.236083e-03   0.000000e+00   2660586
  1.280929e+01   1.047098e-08   6.244989e-03   0.000000e+00   2676494
  1.283162e+01   1.038677e-08   7.439815e-03   0.000000e+00   2674306
  1.285397e+01   1.030774e-08   5.248177e-03   0.000000e+00   2696980
  1.287636e+01   1.021811e-08   5.804349e-03   0.000000e+00   2703622
  1.289873e+01   1.016460e-08   8.621022e-03   0.000000e+00   2713186
  1.292110e+01   1.009145e-08   7.973559e-03   0.000000e+00   2718702
  1.294350e+01   1.003469e-08   7.709893e-03   0.000000e+00   2742194
  1.296589e+01   9.955786e-09   0.000000e+00   0.000000e+00   2733162
  1.298826e+01   9.890210e-09   4.608808e-03   0.000000e+00   2757590
  1.301063e+01   9.795027e-09   4.265842e-03   0.000000e+00   2752010
  1.303297e+01   9.722966e-09   8.308346e-03   0.000000e+00   2769036
  1.305536e+01   9.640037e-09   6.442961e-03   0.000000e+00   2783046
  1.307775e+01   9.593435e-09   0.000000e+00   0.000000e+00   2789378
  1.310013e+01   9.507920e-09   9.257901e-03   0.000000e+00   2799582
  1.312253e+01   9.461191e-09   6.659824e-03   0.000000e+00   2811170
  1.314491e+01   9.395371e-09   0.000000e+00   0.000000e+00   2812706
  1.316728e+01   9.353064e-09   6.126403e-03   0.000000e+00   2833254
  1.318964e+01   9.258783e-09   7.777056e-03   0.000000e+00   2827292
  1.321199e+01   9.189160e-09   8.228239e-03   0.000000e+00   2846838
  1.323435e+01   9.137958e-09   6.184919e-03   0.000000e+00   2846535
  1.325671e+01   9.142870e-09   6.917547e-03   0.000000e+00   2848496
  1.327910e+01   9.080030e-09   7.339766e-03   0.000000e+00   2841564
  1.330149e+01   9.072157e-09   8.269126e-03   0.000000e+00   2843000
  1.332387e+01   9.059701e-09   7.865882e-03   0.000000e+00   2826624
  1.334623e+01   9.033323e-09   8.107691e-03   0.000000e+00   2828732
  1.336860e+01   9.013990e-09   4.612442e-03   0.000000e+00   2819560
  1.339098e+01   9.011293e-09   6.061273e-03   0.000000e+00   2819284
  1.341334e+01   8.977731e-09   5.784046e-03   0.000000e+00   2805856
  1.343571e+01   8.964277e-09   7.471872e-03   0.000000e+00   2810440
  1.345809e+01   8.929738e-09   6.612544e-03   0.000000e+00   2800608
  1.348047e+01   8.909343e-09   8.339001e-03   0.000000e+00   2798144
  1.350284e+01   8.879313e-09   7.346272e-03   0.000000e+00   2787376
  1.352522e+01   8.863752e-09   8.218897e-03   0.000000e+00   2790616
  1.354761e+01   8.846031e-09   6.504907e-03   0.000000e+00   2779552
  1.356995e+01   8.822373e-09   7.398508e-03   0.000000e+00   2768452
  1.359230e+01   8.795589e-09   2.309332e-03   0.000000e+00   2771296
  1.361468e+01   8.787327e-09   3.562732e-03   0.000000e+00   2764924
  1.363707e+01   8.737914e-09   3.943531e-03   0.000000e+00   2762264
  1.365948e+01   8.750840e-09   7.918138e-03   0.000000e+00   2760216
  1.368184e+01   8.709044e-09   1.629939e-03   0.000000e+00   2737932
  1.370421e+01   8.676876e-09   8.854789e-03   0.000000e+00   2752280
  1.372659e+01   8.657473e-09   6.886803e-03   0.000000e+00   2728764
  1.374895e+01   8.628223e-09   6.729195e-03   0.000000e+00   2736368
  1.377132e+01   8.610754e-09   5.158587e-03   0.000000e+00   2719920
  1.379370e+01   8.580159e-09   1.003182e-02   0.000000e+00   2727152
  1.381608e+01   8.548566e-09   0.000000e+00   0.000000e+00   2708352
  1.383847e+01   8.528896e-09   0.000000e+00   0.000000e+00   2718584
  1.386084e+01   8.498802e-09   0.000000e+00   0.000000e+00   2694300
  1.388323e+01   8.484554e-09   9.550038e-03   0.000000e+00   2709440
  1.390561e+01   8.447031e-09   2.800465e-03   0.000000e+00   2682108
  1.392794e+01   8.418819e-09   5.008784e-03   0.000000e+00   2684912
  1.395031e+01   8.393265e-09   8.663767e-03   0.000000e+00   2678892
  1.397268e+01   8.388879e-09   6.624439e-03   0.000000e+00   2674748
  1.399506e+01   8.345325e-09   9.746825e-03   0.000000e+00   2670216
  1.401743e+01   8.326798e-09   6.505688e-03   0.000000e+00   2659436
  1.403981e+01   8.288449e-09   5.971116e-03   0.000000e+00   2659752
  1.406222e+01   8.262878e-09   6.640739e-03   0.000000e+00   2654300
  1.408460e+01   8.230138e-09   3.239571e-03   0.000000e+00   2640852
  1.410696e+01   8.207761e-09   5.132901e-03   0.000000e+00   2638124
  1.412931e+01   8.165970e-09   1.032424e-02   0.000000e+00   2628228
  1.415170e+01   8.158415e-09   4.016886e-03   0.000000e+00   2630936
  1.417409e+01   8.106713e-09   9.121244e-03   0.000000e+00   2619032
  1.419645e+01   8.096570e-09   5.542208e-03   0.000000e+00   2610804
  1.421883e+01   8.054286e-09   6.224985e-03   0.000000e+00   2609408
  1.424122e+01   8.021948e-09   8.494587e-03   0.000000e+00   2602764
  1.426357e+01   8.001159e-09   7.059989e-03   0.000000e+00   2588540
  1.428592e+01   7.967762e-09   1.036302e-02   0.000000e+00   2587836
  1.430828e+01   7.942415e-09   8.682011e-03   0.000000e+00   2579100
  1.433064e+01   7.922251e-09   5.092379e-03   0.000000e+00   2574128
  1.435300e+01   7.869167e-09   5.116351e-03   0.000000e+00   2567588
  1.437542e+01   7.838829e-09   8.292454e-03   0.000000e+00   2572956
  1.439781e+01   7.815783e-09   7.367875e-03   0.000000e+00   2550552
  1.442018e+01   7.763035e-09   8.246382e-03   0.000000e+00   2552084
  1.444255e+01   7.755393e-09   5.115537e-03   0.000000e+00   2539404
  1.446493e+01   7.715740e-09   0.000000e+00   0.000000e+00   2541152
  1.448732e+01   7.681488e-09   9.243577e-03   0.000000e+00   2528016
  1.450968e+01   7.660542e-09   6.030608e-03   0.000000e+00   2521496
  1.453206e+01   7.620494e-09   7.302359e-03   0.000000e+00   2518092
  1.455445e+01   7.579779e-09   2.299407e-03   0.000000e+00   2511632
  1.457683e+01   7.543917e-09   0.000000e+00   0.000000e+00   2500140
  1.459919e+01   7.538143e-09   6.452288e-03   0.000000e+00   2496980
  1.462157e+01   7.498685e-09   7.387205e-03   0.000000e+00   2487428
  1.464396e+01   7.459287e-09   7.889858e-03   0.000000e+00   2486496
  1.466632e+01   7.435673e-09   1.185193e-02   0.000000e+00   2469840
  1.468868e+01   7.393708e-09   8.203695e-03   0.000000e+00   2469656
  1.471105e+01   7.361046e-09   2.994284e-03   0.000000e+00   2457036
  1.473344e+01   7.338159e-09   5.503387e-03   0.000000e+00   2462684
  1.475583e+01   7.281777e-09   4.697230e-03   0.000000e+00   2442384
  1.477819e+01   7.266008e-09   5.153097e-03   0.000000e+00   2441696
  1.480056e+01   7.223538e-09   3.046200e-03   0.000000e+00   2431164
  1.482292e+01   7.203863e-09   0.000000e+00   0.000000e+00   2423696
  1.484529e+01   7.151116e-09   9.601895e-03   0.000000e+00   2421336
  1.486769e+01   7.127230e-09   5.941069e-03   0.000000e+00   2412992
  1.489006e+01   7.091192e-09   5.095220e-03   0.000000e+00   2402732
  1.491242e+01   7.054434e-09   8.459688e-03   0.000000e+00   2396124
  1.493479e+01   7.015551e-09   7.191943e-03   0.000000e+00   2388480
  1.495718e+01   6.977138e-09   6.580101e-03   0.000000e+00   2387060
  1.497955e+01   6.950750e-09   6.910757e-03   0.000000e+00   2370268
  1.500189e+01   6.911952e-09   7.805528e-03   0.000000e+00   2363776
  1.502425e+01   6.880630e-09   5.930146e-03   0.000000e+00   2360176
  1.504664e+01   6.855999e-09   6.040598e-03   0.000000e+00   2356360
  1.506902e+01   6.819812e-09   6.268521e-03   0.000000e+00   2343240
  1.509139e+01   6.769972e-09   5.581039e-03   0.000000e+00   2340248
  1.511376e+01   6.742527e-09   6.921742e-03   0.000000e+00   2325000
  1.513614e+01   6.715448e-09   5.432127e-03   0.000000e+00   2328632
  1.515853e+01   6.681716e-09   8.180033e-03   0.000000e+00   2313100
  1.518091e+01   6.640698e-09   7.087877e-03   0.000000e+00   2310892
  1.520328e+01   6.580945e-09   7.940737e-03   0.000000e+00   2295420
  1.522565e+01   6.572593e-09   7.786002e-03   0.000000e+00   2293592
  1.524802e+01   6.530137e-09   6.304724e-03   0.000000e+00   2281400
  1.527043e+01   6.506294e-09   7.728187e-03   0.000000e+00   2285760
  1.529280e+01   6.449688e-09   4.003444e-03   0.000000e+00   2259408
  1.531516e+01   6.434856e-09   0.000000e+00   0.000000e+00   2266808
  1.533755e+01   6.392478e-09   7.695460e-03   0.000000e+00   2249348
  1.535991e+01   6.360444e-09   4.903502e-03   0.000000e+00   2244732
  1.538227e+01   6.332513e-09   9.287732e-03   0.000000e+00   2233908
  1.540464e+01   6.307106e-09   2.993854e-03   0.000000e+00   2231660
  1.542702e+01   6.245944e-09   6.460458e-03   0.000000e+00   2218736
  1.544941e+01   6.222183e-09   4.833923e-03   0.000000e+00   2217984
  1.547180e+01   6.184806e-09   9.426381e-03   0.000000e+00   2203300
  1.549417e+01   6.156990e-09   7.161940e-03   0.000000e+00   2197072
  1.551652e+01   6.105819e-09   0.000000e+00   0.000000e+00   2181992
  1.553888e+01   6.076158e-09   4.995285e-03   0.000000e+00   2183664
  1.556127e+01   6.032183e-09   7.444145e-03   0.000000e+00   2173464
  1.558367e+01   6.022188e-09   0.000000e+00   0.000000e+00   2165396
  1.560603e+01   5.971739e-09   3.494491e-03   0.000000e+00   2152784
  1.562840e+01   5.930064e-09   8.739635e-03   0.000000e+00   2147532
  1.565078e+01   5.905237e-09   2.508573e-03   0.000000e+00   2139588
  1.567318e+01   5.869767e-09   4.532825e-03   0.000000e+00   2135432
  1.569551e+01   5.826279e-09   6.037763e-03   0.000000e+00   2109256
  1.571784e+01   5.800420e-09   6.549690e-03   0.000000e+00   2117296
  1.574024e+01   5.754969e-09   5.001968e-03   0.000000e+00   2106252
  1.576263e+01   5.726199e-09   8.065135e-03   0.000000e+00   2099096
  1.578502e+01   5.691994e-09   8.019719e-03   0.000000e+00   2088384
  1.580739e+01   5.669177e-09   9.053227e-03   0.000000e+00   2078480
  1.582975e+01   5.612871e-09   5.997190e-03   0.000000e+00   2069016
  1.585213e+01   5.576861e-09   4.007260e-03   0.000000e+00   2064836
  1.587452e+01   5.553910e-09   0.000000e+00   0.000000e+00   2055420
  1.589690e+01   5.525771e-09   3.554167e-03   0.000000e+00   2043224
  1.591924e+01   5.476055e-09   8.910095e-03   0.000000e+00   2032260
  1.594163e+01   5.455851e-09   8.505632e-03   0.000000e+00   2034152
  1.596404e+01   5.405192e-09   4.658255e-03   0.000000e+00   2017644
  1.598641e+01   5.385143e-09   1.049194e-02   0.000000e+00   2010284
  1.600876e+01   5.354986e-09   1.200491e-03   0.000000e+00   1996540
  1.603112e+01   5.313799e-09   8.075546e-03   0.000000e+00   1992832
  1.605349e+01   5.266241e-09   9.000398e-03   0.000000e+00   1982400
  1.607585e+01   5.250673e-09   1.708249e-03   0.000000e+00   1972256
  1.609821e+01   5.221296e-09   8.124004e-03   0.000000e+00   1964352
  1.612060e+01   5.187600e-09   6.903577e-03   0.000000e+00   1958576
  1.614298e+01   5.133949e-09   4.669979e-03   0.000000e+00   1946940
  1.616538e+01   5.107736e-09   8.649821e-03   0.000000e+00   1942580
  1.618774e+01   5.082099e-09   1.163970e-02   0.000000e+00   1921740
  1.621010e+01   5.049949e-09   2.648065e-03   0.000000e+00   1923956
  1.623249e+01   5.005709e-09   7.541242e-03   0.000000e+00   1907896
  1.625488e+01   4.968487e-09   9.678605e-03   0.000000e+00   1906888
  1.627725e+01   4.943670e-09   8.661033e-03   0.000000e+00   1886160
  1.629960e+01   4.917246e-09   6.907171e-03   0.000000e+00   1883120
  1.632199e+01   4.888470e-09   2.344460e-03   0.000000e+00   1875140
  1.634438e+01   4.852081e-09   7.319704e-03   0.000000e+00   1865652
  1.636675e+01   4.809865e-09   7.754271e-03   0.000000e+00   1853268
  1.638913e+01   4.793141e-09   6.871555e-03   0.000000e+00   1847180
  1.641148e+01   4.758155e-09   9.448439e-03   0.000000e+00   1829604
  1.643384e+01   4.725517e-09   4.345219e-03   0.000000e+00   1829720
  1.645624e+01   4.680702e-09   8.279799e-03   0.000000e+00   1817184
  1.647861e+01   4.661223e-09   7.219944e-03   0.000000e+00   1806320
  1.650097e+01   4.627918e-09   5.090610e-03   0.000000e+00   1795536
  1.652335e+01   4.601322e-09   7.887565e-03   0.000000e+00   1791548
  1.654575e+01   4.563583e-09   6.481550e-03   0.000000e+00   1777512
  1.656812e+01   4.539086e-09   0.000000e+00   0.000000e+00   1769984
  1.659049e+01   4.499032e-09   8.490951e-03   0.000000e+00   1756248
  1.661285e+01   4.480456e-09   9.426462e-03   0.000000e+00   1749248
  1.663523e+01   4.445515e-09   6.831238e-03   0.000000e+00   1739928
  1.665762e+01   4.415840e-09   7.622048e-03   0.000000e+00   1732148
  1.667999e+01   4.386193e-09   6.641812e-03   0.000000e+00   1716964
  1.670236e+01   4.356921e-09   6.375181e-03   0.000000e+00   1712164
  1.672475e+01   4.327153e-09   9.706203e-03   0.000000e+00   1698332
  1.674713e+01   4.299223e-09   1.006243e-02   0.000000e+00   1694100
  1.676950e+01   4.265206e-09   0.000000e+00   0.000000e+00   1675412
  1.679185e+01   4.256111e-09   8.248551e-03   0.000000e+00   1670436
  1.681420e+01   4.218339e-09   4.711719e-03   0.000000e+00   1655532
  1.683660e+01   4.172729e-09   1.038545e-02   0.000000e+00   1656860
  1.685899e+01   4.151739e-09   3.034979e-03   0.000000e+00   1636484
  1.688137e+01   4.122096e-09   4.069300e-03   0.000000e+00   1633212
  1.690373e+01   4.101610e-09   6.042526e-03   0.000000e+00   1614044
  1.692610e+01   4.067781e-09   4.605527e-03   0.000000e+00   1612980
  1.694848e+01   4.040305e-09   9.091394e-03   0.000000e+00   1597036
  1.697085e+01   4.018868e-09   6.871110e-03   0.000000e+00   1590676
  1.699322e+01   3.998393e-09   4.672438e-03   0.000000e+00   1575812
  1.701557e+01   3.972231e-09   5.125811e-03   0.000000e+00   1566156
  1.703795e+01   3.937733e-09   8.030673e-03   0.000000e+00   1560980
  1.706036e+01   3.912946e-09   8.396437e-03   0.000000e+00   1549404
  1.708272e+01   3.890638e-09   0.000000e+00   0.000000e+00   1532436
  1.710507e+01   3.864402e-09   7.676662e-03   0.000000e+00   1527524
  1.712745e+01   3.835625e-09   8.546084e-03   0.000000e+00   1515204
  1.714982e+01   3.810899e-09   0.000000e+00   0.000000e+00   1506452
  1.717220e+01   3.790554e-09   2.681823e-03   0.000000e+00   1495116
  1.719454e+01   3.756213e-09   7.412616e-03   0.000000e+00   1479152
  1.721690e+01   3.733569e-09   0.000000e+00   0.000000e+00   1475400
  1.723932e+01   3.701886e-09   3.716679e-03   0.000000e+00   1467932
  1.726172e+01   3.685837e-09   7.982567e-03   0.000000e+00   1451256
  1.728410e+01   3.668461e-09   0.000000e+00   0.000000e+00   1443212
  1.730645e+01   3.639268e-09   6.621631e-03   0.000000e+00   1425648
  1.732882e+01   3.613043e-09   9.024174e-03   0.000000e+00   1423004
  1.735120e+01   3.592149e-09   5.786153e-03   0.000000e+00   1408632
  1.737359e+01   3.574085e-09   8.700146e-03   0.000000e+00   1400984
  1.739596e+01   3.550823e-09   8.614059e-03   0.000000e+00   1383180
  1.741831e+01   3.517891e-09   9.546744e-03   0.000000e+00   1378136
  1.744072e+01   3.499212e-09   1.011029e-02   0.000000e+00   1367136
  1.746312e+01   3.479879e-09   5.750973e-03   0.000000e+00   1356716
  1.748546e+01   3.458668e-09   6.265506e-03   0.000000e+00   1336908
  1.750778e+01   3.449482e-09   0.000000e+00   0.000000e+00   1332620
  1.753016e+01   3.408958e-09   7.187293e-03   0.000000e+00   1321748
  1.755256e+01   3.394267e-09   3.448248e-03   0.000000e+00   1312764
  1.757493e+01   3.379555e-09   0.000000e+00   0.000000e+00   1296636
  1.759731e+01   3.356077e-09   7.284827e-03   0.000000e+00   1291472
  1.761969e+01   3.332140e-09   1.206358e-02   0.000000e+00   1272768
  1.764206e+01   3.317086e-09   7.261360e-03   0.000000e+00   1269080
  1.766446e+01   3.290771e-09   8.264436e-03   0.000000e+00   1253696
  1.768682e+01   3.286294e-09   1.030198e-02   0.000000e+00   1241616
  1.770914e+01   3.261984e-09   7.845921e-03   3.471523e-12   1226712
  1.773153e+01   3.242499e-09   9.515027e-03   3.470642e-12   1226228
  1.775395e+01   3.230401e-09   7.145394e-03   3.479964e-12   1207848
  1.777633e+01   3.208332e-09   4.155314e-03   3.454938e-12   1198256
  1.779867e+01   3.193035e-09   7.639768e-03   3.458604e-12   1181516
  1.782105e+01   3.172420e-09   0.000000e+00   3.442849e-12   1177980
  1.784344e+01   3.153183e-09   3.199408e-03   3.450547e-12   1161756
  1.786579e+01   3.142522e-09   6.898466e-03   3.446983e-12   1150148
  1.788816e+01   3.121619e-09   5.504203e-03   3.450210e-12   1138848
  1.791052e+01   3.105811e-09   0.000000e+00   3.429194e-12   1126748
  1.793289e+01   3.088028e-09   2.947894e-03   3.433926e-12   1117652
  1.795531e+01   3.070318e-09   0.000000e+00   3.412457e-12   1107888
  1.797770e+01   3.059009e-09   5.312163e-03   3.429181e-12   1090964
  1.800006e+01   3.053254e-09   5.451422e-03   3.438595e-12   1080684
  1.802240e+01   3.028920e-09   9.786062e-03   3.420961e-12   1065660
  1.804478e+01   3.010451e-09   0.000000e+00   3.405878e-12   1061996
  1.806719e+01   3.002496e-09   5.432705e-03   3.421601e-12   1044320
  1.808956e+01   2.999344e-09   1.058005e-02   3.422722e-12   1034640
  1.811193e+01   2.982467e-09   5.779226e-03   3.422019e-12   1019172
  1.813432e+01   2.950714e-09   5.140935e-03   3.405542e-12   1013948
  1.815672e+01   2.948664e-09   1.174541e-02   3.403587e-12   996376
  1.817908e+01   2.946875e-09   0.000000e+00   3.420362e-12   985288
  1.820141e+01   2.929729e-09   0.000000e+00   3.412248e-12   969596
  1.822379e+01   2.918448e-09   1.055704e-02   3.407183e-12   964980
  1.824616e+01   2.894478e-09   8.507901e-03   3.413821e-12   947252
  1.826853e+01   2.902556e-09   1.025943e-02   3.402799e-12   939060
  1.829090e+01   2.890119e-09   7.110531e-03   3.420522e-12   922328
  1.831326e+01   2.878906e-09   3.120747e-03   3.407535e-12   913788
  1.833567e+01   2.861655e-09   1.165187e-02   3.409153e-12   902812
  1.835808e+01   2.859757e-09   8.263328e-03   3.414277e-12   888544
  1.838042e+01   2.857453e-09   9.866206e-03   3.440162e-12   872948
  1.840276e+01   2.846446e-09   0.000000e+00   3.417057e-12   862440
  1.842512e+01   2.830481e-09   5.636969e-03   3.426781e-12   851760
  1.844754e+01   2.828126e-09   9.869592e-04   3.434198e-12   841940
  1.846992e+01   2.830708e-09   5.746896e-03   3.449649e-12   822984
  1.849228e+01   2.814420e-09   5.167167e-03   3.430551e-12   816092
  1.851467e+01   2.798686e-09   0.000000e+00   3.435713e-12   799284
  1.853704e+01   2.808878e-09   1.085104e-02   3.452363e-12   791312
  1.855941e+01   2.803112e-09   5.698655e-03   3.460605e-12   772524
  1.858173e+01   2.792377e-09   6.453398e-03   3.452104e-12   762896
  1.860410e+01   2.793879e-09   4.437104e-03   3.468154e-12   750876
  1.862649e+01   2.787067e-09   6.257213e-03   3.485994e-12   739280
  1.864886e+01   2.790347e-09   6.961949e-03   3.474167e-12   724840
  1.867127e+01   2.782067e-09   4.733198e-03   3.492351e-12   714484
  1.869360e+01   2.785608e-09   7.635462e-03   3.526546e-12   695868
  1.871597e+01   2.785801e-09   1.005585e-02   3.506623e-12   691013
  1.873838e+01   2.779934e-09   7.055665e-03   3.537702e-12   673486
  1.876074e+01   2.775145e-09   8.644021e-03   3.541099e-12   666244
  1.878310e+01   2.757721e-09   6.404287e-03   3.542788e-12   651008
  1.880545e+01   2.758616e-09   0.000000e+00   3.559170e-12   644820
  1.882785e+01   2.741434e-09   0.000000e+00   3.558975e-12   632636
  1.885024e+01   2.734301e-09   9.414301e-03   3.558162e-12   625002
  1.887260e+01   2.715173e-09   5.907110e-03   3.565390e-12   611208
  1.889500e+01   2.703635e-09   0.000000e+00   3.540876e-12   607328
  1.891738e+01   2.691718e-09   0.000000e+00   3.581319e-12   592272
  1.893975e+01   2.668750e-09   0.000000e+00   3.555931e-12   587504
  1.896213e+01   2.665556e-09   1.083049e-02   3.576870e-12   575466
  1.898449e+01   2.660244e-09   0.000000e+00   3.599989e-12   568274
  1.900688e+01   2.626914e-09   0.000000e+00   3.580347e-12   559518
  1.902927e+01   2.628660e-09   5.799848e-03   3.605665e-12   551618
  1.905167e+01   2.605286e-09   5.417833e-03   3.594797e-12   542364
  1.907404e+01   2.589999e-09   8.479187e-03   3.596340e-12   534146
  1.909639e+01   2.569853e-09   1.046941e-02   3.596663e-12   525076
  1.911879e+01   2.562437e-09   0.000000e+00   3.620399e-12   519868
  1.914113e+01   2.538882e-09   4.645610e-03   3.609489e-12   507108
  1.916349e+01   2.524304e-09   3.693425e-03   3.602074e-12   504992
  1.918587e+01   2.507884e-09   1.104964e-02   3.616331e-12   492636
  1.920826e+01   2.482500e-09   0.000000e+00   3.593190e-12   490052
  1.923065e+01   2.461034e-09   2.686650e-03   3.600855e-12   477708
  1.925300e+01   2.447367e-09   1.499985e-03   3.593537e-12   473852
  1.927538e+01   2.434100e-09   1.321268e-02   3.613782e-12   464174
  1.929774e+01   2.415955e-09   5.617193e-03   3.605367e-12   459096
  1.932010e+01   2.404007e-09   8.177065e-03   3.632619e-12   449582
  1.934247e+01   2.374910e-09   1.420614e-02   3.595536e-12   445812
  1.936482e+01   2.356775e-09   8.226824e-03   3.600533e-12   435134
  1.938722e+01   2.347106e-09   4.314712e-03   3.604780e-12   433590
  1.940960e+01   2.331144e-09   0.000000e+00   3.637592e-12   421070
  1.943195e+01   2.307628e-09   0.000000e+00   3.611513e-12   419940
  1.945437e+01   2.284735e-09   7.081437e-03   3.614316e-12   409714
  1.947670e+01   2.267511e-09   0.000000e+00   3.616018e-12   404182
  1.949907e+01   2.239886e-09   6.077611e-03   3.583301e-12   398518
  1.952147e+01   2.221661e-09   7.830049e-03   3.599525e-12   392302
  1.954384e+01   2.202061e-09   7.729337e-03   3.583584e-12   385486
  1.956627e+01   2.173823e-09   6.677164e-03   3.581137e-12   381550
  1.958862e+01   2.165780e-09   0.000000e+00   3.605280e-12   370826
  1.961098e+01   2.141066e-09   0.000000e+00   3.573972e-12   370014
  1.963338e+01   2.124185e-09   6.676672e-03   3.598677e-12   359910
  1.965573e+01   2.099847e-09   1.105902e-02   3.577642e-12   357416
  1.967809e+01   2.081984e-09   1.109291e-02   3.588406e-12   348174
  1.970045e+01   2.051488e-09   1.090654e-02   3.561390e-12   346010
  1.972281e+01   2.047943e-09   1.030484e-02   3.583728e-12   337094
  1.974523e+01   2.014194e-09   1.156979e-02   3.531611e-12   336360
  1.976761e+01   2.006276e-09   6.834261e-03   3.578153e-12   325206
  1.978997e+01   1.977318e-09   1.285253e-02   3.527101e-12   324614
  1.981233e+01   1.961036e-09   7.178793e-03   3.562472e-12   314760
  1.983471e+01   1.929475e-09   3.517396e-03   3.510410e-12   314114
  1.985706e+01   1.913014e-09   8.581620e-03   3.551108e-12   303918
  1.987943e+01   1.885132e-09   0.000000e+00   3.496053e-12   303872
  1.990184e+01   1.874610e-09   5.935743e-03   3.545958e-12   295062
  1.992422e+01   1.843572e-09   8.874584e-03   3.485124e-12   292784
  1.994661e+01   1.830849e-09   0.000000e+00   3.498210e-12   285198
  1.996896e+01   1.810957e-09   0.000000e+00   3.470764e-12   282068
  1.999133e+01   1.787912e-09   0.000000e+00   3.477222e-12   275958
  2.001369e+01   1.773003e-09   1.089234e-02   3.477583e-12   272072
  2.003605e+01   1.748630e-09   5.672823e-03   3.477389e-12   266352
  2.005843e+01   1.726285e-09   1.817402e-03   3.459698e-12   263198
  2.008079e+01   1.710908e-09   8.382306e-03   3.478058e-12   256524
  2.010318e+01   1.676994e-09   6.324473e-03   3.422614e-12   254774
  2.012555e+01   1.669036e-09   5.496298e-03   3.468961e-12   246888
  2.014793e+01   1.631204e-09   0.000000e+00   3.394256e-12   245984
  2.017030e+01   1.617794e-09   1.042317e-03   3.421964e-12   237822
  2.019267e+01   1.590848e-09   0.000000e+00   3.373638e-12   236948
  2.021503e+01   1.583213e-09   0.000000e+00   3.432901e-12   229296
  2.023743e+01   1.559154e-09   3.700939e-03   3.359403e-12   228968
  2.025982e+01   1.542746e-09   1.200272e-02   3.401001e-12   220894
  2.028221e+01   1.515450e-09   8.614928e-03   3.349614e-12   220408
  2.030460e+01   1.490704e-09   1.098737e-03   3.332663e-12   212400
  2.032698e+01   1.471478e-09   2.910829e-03   3.306886e-12   212228
  2.034937e+01   1.456027e-09   1.051011e-02   3.342906e-12   204502
  2.037174e+01   1.428454e-09   5.093391e-03   3.299733e-12   203944
  2.039409e+01   1.418971e-09   8.572874e-03   3.334571e-12   196272
  2.041646e+01   1.388949e-09   7.788355e-03   3.273324e-12   196280
  2.043882e+01   1.377620e-09   5.849428e-03   3.302985e-12   188604
  2.046116e+01   1.345971e-09   7.307757e-03   3.219893e-12   188408
  2.048353e+01   1.326919e-09   2.161041e-03   3.259062e-12   181566
  2.050590e+01   1.305709e-09   6.321505e-03   3.193662e-12   180920
  2.052827e+01   1.291401e-09   7.873916e-03   3.236092e-12   174304
  2.055063e+01   1.268243e-09   0.000000e+00   3.175769e-12   173620
  2.057301e+01   1.251527e-09   8.356022e-03   3.174066e-12   167432
  2.059542e+01   1.216307e-09   6.131622e-03   3.124530e-12   166944
  2.061776e+01   1.217007e-09   1.062296e-02   3.161984e-12   159704
  2.064015e+01   1.178735e-09   7.291070e-03   3.084026e-12   160464
  2.066251e+01   1.166355e-09   6.030873e-03   3.133485e-12   152756
  2.068489e+01   1.137668e-09   1.011107e-02   3.056147e-12   153912
  2.070726e+01   1.133773e-09   1.089474e-02   3.134563e-12   146024
  2.072961e+01   1.106988e-09   1.711468e-02   3.043413e-12   147168
  2.075199e+01   1.094154e-09   9.974117e-03   3.046722e-12   140000
  2.077436e+01   1.065175e-09   0.000000e+00   2.979493e-12   140580
  2.079675e+01   1.054564e-09   9.131345e-03   3.014649e-12   134112
  2.081913e+01   1.028592e-09   1.475514e-02   2.973627e-12   134264
  2.084151e+01   1.004458e-09   9.400330e-03   2.937739e-12   128000
  2.086389e+01   9.888237e-10   1.201025e-02   2.919447e-12   128124
  2.088630e+01   9.793218e-10   7.973994e-03   2.931058e-12   122472
  2.090866e+01   9.484311e-10   1.204223e-02   2.851059e-12   121808
  2.093102e+01   9.439535e-10   3.378490e-03   2.913031e-12   116592
  2.095337e+01   9.129594e-10   0.000000e+00   2.810551e-12   116072
  2.097574e+01   8.993010e-10   1.267104e-02   2.851200e-12   111156
  2.099814e+01   8.684742e-10   0.000000e+00   2.742919e-12   110864
  2.102052e+01   8.661760e-10   0.000000e+00   2.809784e-12   105464
  2.104292e+01   8.427286e-10   6.650141e-03   2.755633e-12   105738
  2.106529e+01   8.311833e-10   9.394986e-03   2.766591e-12   99824
  2.108767e+01   8.040228e-10   0.000000e+00   2.690085e-12   100452
  2.111000e+01   7.967223e-10   1.184405e-02   2.748510e-12   94608
  2.113238e+01   7.759504e-10   6.371376e-03   2.701334e-12   95456
  2.115473e+01   7.647117e-10   1.232076e-02   2.686573e-12   89688
  2.117713e+01   7.298688e-10   9.855131e-03   2.560502e-12   90632
  2.119947e+01   7.263061e-10   8.796976e-03   2.633186e-12   84558
  2.122186e+01   6.986153e-10   6.144171e-03   2.516852e-12   86096
  2.124420e+01   6.960346e-10   6.973084e-03   2.637883e-12   79632
  2.126653e+01   6.651895e-10   1.228566e-02   2.488779e-12   81416
  2.128891e+01   6.619397e-10   9.801066e-03   2.551072e-12   75348
  2.131124e+01   6.346373e-10   0.000000e+00   2.448502e-12   76712
  2.133364e+01   6.248179e-10   1.211008e-02   2.471239e-12   71322
  2.135602e+01   6.008662e-10   4.401896e-03   2.372150e-12   72248
  2.137841e+01   5.941775e-10   0.000000e+00   2.443234e-12   67152
  2.140078e+01   5.700994e-10   0.000000e+00   2.325666e-12   67844
  2.142311e+01   5.585840e-10   0.000000e+00   2.331804e-12   62976
  2.144550e+01   5.382885e-10   0.000000e+00   2.301488e-12   63914
  2.146781e+01   5.310753e-10   0.000000e+00   2.301419e-12   58824
  2.149020e+01   5.099391e-10   1.284317e-02   2.218862e-12   60116
  2.151250e+01   5.050754e-10   0.000000e+00   2.284887e-12   54888
  2.153501e+01   4.780220e-10   0.000000e+00   2.114486e-12   57002
  2.155736e+01   4.759450e-10   0.000000e+00   2.242875e-12   50760
  2.157976e+01   4.485771e-10   1.061264e-02   2.063146e-12   53312
  2.160210e+01   4.438140e-10   9.440305e-03   2.192453e-12   47124
  2.162449e+01   4.228372e-10   0.000000e+00   2.017480e-12   49850
  2.164685e+01   4.157067e-10   1.254767e-02   2.089237e-12   43680
  2.166918e+01   3.977367e-10   2.773122e-03   1.988762e-12   46328
  2.169160e+01   3.956109e-10   0.000000e+00   2.100416e-12   40686
  2.171396e+01   3.654702e-10   9.245655e-03   1.887533e-12   42992
  2.173641e+01   3.658753e-10   6.492066e-03   1.985691e-12   37656
  2.175871e+01   3.472015e-10   5.815571e-03   1.873870e-12   39578
  2.178117e+01   3.416666e-10   7.790122e-03   1.965205e-12   34928
  2.180348e+01   3.224821e-10   5.520028e-03   1.825562e-12   36300
  2.182586e+01   3.151396e-10   3.654565e-03   1.867194e-12   32136
  2.184820e+01   2.919866e-10   1.300704e-02   1.728953e-12   33362
  2.187050e+01   2.925572e-10   1.077847e-02   1.816762e-12   29336
  2.189294e+01   2.665352e-10   9.762438e-03   1.604870e-12   30804
  2.191516e+01   2.702441e-10   9.334743e-03   1.758151e-12   26490
  2.193764e+01   2.477048e-10   1.149472e-02   1.592982e-12   28376
  2.195980e+01   2.480131e-10   7.622171e-03   1.709091e-12   23792
  2.198235e+01   2.295255e-10   0.000000e+00   1.531337e-12   26142
  2.200447e+01   2.285338e-10   4.957188e-03   1.657573e-12   21192
  2.202708e+01   2.087070e-10   1.159661e-03   1.474686e-12   24050
  2.204922e+01   2.093284e-10   1.074291e-02   1.630685e-12   18768
  2.207189e+01   1.889620e-10   8.161293e-03   1.367419e-12   22052
  2.209399e+01   1.861557e-10   8.339361e-03   1.565735e-12   16346
  2.211662e+01   1.680912e-10   1.275027e-02   1.277519e-12   20136
  2.213874e+01   1.689598e-10   0.000000e+00   1.500604e-12   14168
  2.216130e+01   1.468870e-10   6.858157e-03   1.177356e-12   18210
  2.218342e+01   1.533253e-10   0.000000e+00   1.464144e-12   12204
  2.220589e+01   1.336796e-10   1.134833e-02   1.126353e-12   16346
  2.222814e+01   1.366720e-10   0.000000e+00   1.433070e-12   10536
  2.225051e+01   1.167734e-10   8.193065e-03   1.059161e-12   14456
  2.227273e+01   1.206105e-10   0.000000e+00   1.357791e-12   8982
  2.229510e+01   9.964728e-11   5.136498e-03   9.378742e-13   12752
  2.231726e+01   1.080110e-10   0.000000e+00   1.359841e-12   7506
  2.233965e+01   8.906948e-11   6.679710e-03   9.029817e-13   11192
  2.236176e+01   8.739767e-11   0.000000e+00   1.209792e-12   6156
  2.238413e+01   7.533751e-11   5.279928e-03   7.923393e-13   9722
  2.240631e+01   7.585425e-11   7.769558e-03   1.157805e-12   5000
  2.242862e+01   6.244658e-11   5.809028e-03   7.250158e-13   8298
  2.245087e+01   5.957168e-11   8.313462e-03   1.101764e-12   3996
  2.247305e+01   5.340997e-11   7.001358e-03   6.819835e-13   6938
  2.249543e+01   4.916938e-11   0.000000e+00   9.398021e-13   3168
  2.251741e+01   4.497017e-11   0.000000e+00   6.301408e-13   5624
  2.253987e+01   3.976574e-11   0.000000e+00   8.920882e-13   2502
  2.256175e+01   3.533517e-11   1.378805e-02   6.170150e-13   4424
  2.258427e+01   3.160657e-11   0.000000e+00   8.284033e-13   1938
  2.260612e+01   2.704722e-11   9.433326e-03   5.060160e-13   3368
  2.262871e+01   2.269580e-11   0.000000e+00   6.026103e-13   1446
  2.265053e+01   1.983294e-11   1.267808e-02   4.299876e-13   2456
  2.267320e+01   1.661918e-11   0.000000e+00   6.417207e-13   1026
  2.269495e+01   1.427310e-11   9.015264e-03   3.654294e-13   1688
  2.271774e+01   1.005212e-11   0.000000e+00   4.049189e-13   678
  2.273938e+01   9.060512e-12   0.000000e+00   2.793161e-13   1064
  2.276231e+01   6.068724e-12   0.000000e+00   3.043688e-13   402
  2.278376e+01   4.781074e-12   2.015208e-03   1.981042e-13   584
  2.280694e+01   3.645317e-12   4.408074e-03   2.780708e-13   198
  2.282795e+01   2.062240e-12   0.000000e+00   1.734890e-13   248
  2.285161e+01   9.780084e-13   0.000000e+00   1.419220e-13   66
  2.287130e+01   6.632474e-13   0.000000e+00   9.885012e-14   56
  2.289631e+01   2.802617e-13   3.876694e-03   6.700390e-14   6
