# power spectrum of omega (curl v)
# redshift z=1.112200
# k              Pk             sigma(k)       sigma(Pk)      count
  3.296984e-02   1.618598e-18   5.044698e-03   3.156016e-19   18
  5.763401e-02   3.338520e-17   6.101518e-03   4.628764e-18   62
  8.021500e-02   1.740163e-16   4.220981e-03   2.169956e-17   90
  1.015929e-01   5.996144e-16   6.661592e-03   3.244280e-17   170
  1.238408e-01   2.023320e-15   6.924022e-03   1.148685e-16   246
  1.455653e-01   4.434592e-15   6.601001e-03   1.647607e-16   338
  1.670045e-01   1.067803e-14   5.675008e-03   3.650803e-16   432
  1.890860e-01   2.088187e-14   5.814033e-03   6.271734e-16   578
  2.126531e-01   4.324828e-14   6.950299e-03   1.141004e-15   810
  2.364171e-01   8.110538e-14   6.650931e-03   2.033316e-15   950
  2.584110e-01   1.489653e-13   5.937311e-03   3.485677e-15   1002
  2.804014e-01   2.362712e-13   6.790366e-03   4.715674e-15   1334
  3.026544e-01   3.600618e-13   6.359237e-03   7.467546e-15   1410
  3.238383e-01   5.319420e-13   6.353415e-03   9.093599e-15   1652
  3.459805e-01   7.590298e-13   6.270062e-03   1.227186e-14   1974
  3.687015e-01   1.018168e-12   6.145597e-03   1.602985e-14   2234
  3.914852e-01   1.403814e-12   6.465304e-03   1.953290e-14   2554
  4.146404e-01   2.043170e-12   6.766617e-03   2.784966e-14   2950
  4.373171e-01   2.751157e-12   6.333753e-03   3.625701e-14   3042
  4.593379e-01   3.537323e-12   6.459188e-03   4.357898e-14   3422
  4.812041e-01   4.641977e-12   6.233806e-03   5.671439e-14   3618
  5.032209e-01   5.880876e-12   6.489853e-03   6.512461e-14   4172
  5.256126e-01   7.449591e-12   6.278215e-03   8.245559e-14   4470
  5.481222e-01   9.356174e-12   6.415795e-03   9.650581e-14   4970
  5.707131e-01   1.179478e-11   6.445533e-03   1.170046e-13   5334
  5.933173e-01   1.422978e-11   6.620458e-03   1.349197e-13   5810
  6.156523e-01   1.676861e-11   6.578023e-03   1.557768e-13   6114
  6.381341e-01   2.111692e-11   6.702829e-03   1.825243e-13   6782
  6.600508e-01   2.422522e-11   6.114761e-03   2.140663e-13   6684
  6.817733e-01   2.864207e-11   6.320015e-03   2.375639e-13   7574
  7.042989e-01   3.458654e-11   6.383283e-03   2.683639e-13   8154
  7.267523e-01   3.977136e-11   6.350446e-03   2.982233e-13   8618
  7.495802e-01   4.673320e-11   6.655359e-03   3.415115e-13   9494
  7.721958e-01   5.455744e-11   6.420657e-03   4.023671e-13   9618
  7.945082e-01   6.414248e-11   6.522732e-03   4.560099e-13   10306
  8.169314e-01   7.205575e-11   6.582267e-03   4.886640e-13   10942
  8.392838e-01   8.099019e-11   6.426710e-03   5.428372e-13   11452
  8.616156e-01   9.217607e-11   6.314015e-03   6.061649e-13   12046
  8.837539e-01   1.047762e-10   6.203919e-03   6.642510e-13   12522
  9.061496e-01   1.178348e-10   6.484290e-03   7.244421e-13   13562
  9.287321e-01   1.338650e-10   6.598088e-03   7.884292e-13   14182
  9.513437e-01   1.488617e-10   6.662158e-03   8.652282e-13   14986
  9.735647e-01   1.641758e-10   6.336365e-03   9.576633e-13   14982
  9.957420e-01   1.805458e-10   6.586886e-03   1.029492e-12   16388
  1.018091e+00   2.040472e-10   6.328859e-03   1.153036e-12   16626
  1.040289e+00   2.219560e-10   6.420279e-03   1.212986e-12   17678
  1.062665e+00   2.459320e-10   6.320822e-03   1.312844e-12   18354
  1.084952e+00   2.719152e-10   6.374281e-03   1.401019e-12   19034
  1.107316e+00   2.966152e-10   6.533602e-03   1.498518e-12   20142
  1.130052e+00   3.249421e-10   6.683525e-03   1.570556e-12   21386
  1.152535e+00   3.512114e-10   6.399747e-03   1.722921e-12   21318
  1.174826e+00   3.830342e-10   6.466397e-03   1.825089e-12   22676
  1.197287e+00   4.193973e-10   6.400053e-03   1.952059e-12   23322
  1.219569e+00   4.494967e-10   6.320268e-03   2.074531e-12   24134
  1.241897e+00   4.909486e-10   6.431744e-03   2.233346e-12   25146
  1.264263e+00   5.266759e-10   6.401452e-03   2.328734e-12   26030
  1.286511e+00   5.666850e-10   6.436689e-03   2.485112e-12   26674
  1.309005e+00   6.113571e-10   6.617025e-03   2.579999e-12   28570
  1.331328e+00   6.581537e-10   6.394995e-03   2.830940e-12   28224
  1.353730e+00   7.017610e-10   6.612954e-03   2.844859e-12   30626
  1.376139e+00   7.510282e-10   6.188716e-03   3.113946e-12   30158
  1.398198e+00   7.968393e-10   6.341847e-03   3.216391e-12   31674
  1.420633e+00   8.601401e-10   6.552335e-03   3.371927e-12   33306
  1.442956e+00   9.127089e-10   6.347056e-03   3.528483e-12   33422
  1.465264e+00   9.672527e-10   6.513108e-03   3.722135e-12   35298
  1.487916e+00   1.022867e-09   6.516416e-03   3.787954e-12   36650
  1.510372e+00   1.088578e-09   6.454814e-03   4.006483e-12   36992
  1.532811e+00   1.154831e-09   6.513536e-03   4.182095e-12   38730
  1.555258e+00   1.212640e-09   6.353885e-03   4.330155e-12   39246
  1.577568e+00   1.284512e-09   6.455390e-03   4.569721e-12   40466
  1.599767e+00   1.362527e-09   6.293773e-03   4.778872e-12   41170
  1.622137e+00   1.441893e-09   6.567546e-03   4.966662e-12   43534
  1.644564e+00   1.496841e-09   6.325250e-03   5.168033e-12   43650
  1.666806e+00   1.584077e-09   6.402960e-03   5.331683e-12   45272
  1.689341e+00   1.677525e-09   6.516762e-03   5.524509e-12   47098
  1.711828e+00   1.752238e-09   6.404451e-03   5.707979e-12   47746
  1.734150e+00   1.849168e-09   6.444169e-03   5.923326e-12   48870
  1.756360e+00   1.924112e-09   6.286874e-03   6.167424e-12   49682
  1.778525e+00   2.015047e-09   6.326647e-03   6.357403e-12   51222
  1.800935e+00   2.125818e-09   6.557316e-03   6.586407e-12   53378
  1.823276e+00   2.192249e-09   6.301611e-03   6.808838e-12   53634
  1.845811e+00   2.292521e-09   6.634337e-03   6.848988e-12   56888
  1.868406e+00   2.419939e-09   6.395733e-03   7.208774e-12   56650
  1.890835e+00   2.520936e-09   6.537955e-03   7.397613e-12   58786
  1.913211e+00   2.601217e-09   6.361015e-03   7.594390e-12   59214
  1.935520e+00   2.709360e-09   6.586702e-03   7.838586e-12   61250
  1.957781e+00   2.818613e-09   6.392870e-03   8.173694e-12   61686
  1.979969e+00   2.932827e-09   6.414087e-03   8.227061e-12   63626
  2.002425e+00   3.068408e-09   6.533519e-03   8.493796e-12   66204
  2.024979e+00   3.155261e-09   6.549144e-03   8.675278e-12   67094
  2.047324e+00   3.283634e-09   6.403473e-03   8.991893e-12   67890
  2.069704e+00   3.399597e-09   6.363893e-03   9.173186e-12   70334
  2.092058e+00   3.534003e-09   6.261740e-03   9.573993e-12   70626
  2.114244e+00   3.650104e-09   6.521481e-03   9.680439e-12   72554
  2.136583e+00   3.764306e-09   6.543186e-03   9.879174e-12   74550
  2.158931e+00   3.887971e-09   6.418309e-03   1.006991e-11   75674
  2.181263e+00   4.025088e-09   6.374257e-03   1.034169e-11   77564
  2.203870e+00   4.144431e-09   6.555676e-03   1.045757e-11   80766
  2.226373e+00   4.279733e-09   6.321106e-03   1.075859e-11   80202
  2.248753e+00   4.435193e-09   6.417816e-03   1.089485e-11   83102
  2.271187e+00   4.543701e-09   6.446404e-03   1.115632e-11   83890
  2.293506e+00   4.721056e-09   6.479320e-03   1.147349e-11   85522
  2.315740e+00   4.834114e-09   6.286742e-03   1.169383e-11   86670
  2.338062e+00   4.980462e-09   6.387814e-03   1.185603e-11   89588
  2.360532e+00   5.142881e-09   6.556601e-03   1.228763e-11   91038
  2.382934e+00   5.281221e-09   6.400576e-03   1.240415e-11   92522
  2.405285e+00   5.426072e-09   6.335531e-03   1.263115e-11   94242
  2.427820e+00   5.530762e-09   6.570514e-03   1.254977e-11   97550
  2.450162e+00   5.692677e-09   6.600388e-03   1.314862e-11   96250
  2.472297e+00   5.833445e-09   6.503870e-03   1.326492e-11   99166
  2.494559e+00   5.997337e-09   6.296719e-03   1.348400e-11   100932
  2.516987e+00   6.152599e-09   6.590075e-03   1.365287e-11   104306
  2.539456e+00   6.320977e-09   6.528307e-03   1.394724e-11   104990
  2.561902e+00   6.438515e-09   6.304007e-03   1.406232e-11   107874
  2.584334e+00   6.619036e-09   5.965259e-03   1.437305e-11   108322
  2.606698e+00   6.766709e-09   5.813438e-03   1.456982e-11   111454
  2.629068e+00   6.914735e-09   6.335760e-03   1.479357e-11   112002
  2.651317e+00   7.061552e-09   6.410989e-03   1.500796e-11   114158
  2.673611e+00   7.259803e-09   6.286844e-03   1.520173e-11   116148
  2.695991e+00   7.442277e-09   6.537826e-03   1.544686e-11   118754
  2.718416e+00   7.560901e-09   6.575794e-03   1.548556e-11   120942
  2.740900e+00   7.743444e-09   6.342240e-03   1.566503e-11   123170
  2.763262e+00   7.901368e-09   6.650969e-03   1.604901e-11   123638
  2.785600e+00   8.068604e-09   6.153599e-03   1.617276e-11   126858
  2.807914e+00   8.204641e-09   6.469362e-03   1.636532e-11   127698
  2.830202e+00   8.366171e-09   6.499720e-03   1.652171e-11   130640
  2.852586e+00   8.538433e-09   6.438107e-03   1.663516e-11   132642
  2.874952e+00   8.663231e-09   6.352714e-03   1.687371e-11   134534
  2.897404e+00   8.864538e-09   6.450292e-03   1.704402e-11   137954
  2.919986e+00   9.046929e-09   6.404556e-03   1.719041e-11   140610
  2.942360e+00   9.217848e-09   6.521873e-03   1.748914e-11   139590
  2.964634e+00   9.404829e-09   6.591979e-03   1.767592e-11   143546
  2.987021e+00   9.531021e-09   6.217266e-03   1.791614e-11   145338
  3.009339e+00   9.682505e-09   6.480654e-03   1.795557e-11   147272
  3.031731e+00   9.864853e-09   6.564942e-03   1.819238e-11   150434
  3.054162e+00   1.004944e-08   6.277015e-03   1.831553e-11   152214
  3.076475e+00   1.017046e-08   6.504696e-03   1.854676e-11   153186
  3.098915e+00   1.037815e-08   6.609780e-03   1.862502e-11   158642
  3.121323e+00   1.050317e-08   6.021968e-03   1.874322e-11   157350
  3.143640e+00   1.071766e-08   6.436672e-03   1.895195e-11   161906
  3.165888e+00   1.087319e-08   6.311708e-03   1.926465e-11   160824
  3.188240e+00   1.101896e-08   6.985667e-03   1.917892e-11   167906
  3.210725e+00   1.119438e-08   6.372774e-03   0.000000e+00   167578
  3.233024e+00   1.136711e-08   6.370745e-03   0.000000e+00   169798
  3.255417e+00   1.149727e-08   6.490887e-03   0.000000e+00   173586
  3.277853e+00   1.162113e-08   6.621414e-03   0.000000e+00   175274
  3.300233e+00   1.183096e-08   6.588123e-03   0.000000e+00   177654
  3.322649e+00   1.202639e-08   6.519121e-03   0.000000e+00   180698
  3.345071e+00   1.221086e-08   6.410851e-03   0.000000e+00   182680
  3.367431e+00   1.237272e-08   6.797950e-03   0.000000e+00   184138
  3.389748e+00   1.253807e-08   6.423517e-03   0.000000e+00   187138
  3.412184e+00   1.264267e-08   6.414025e-03   0.000000e+00   191134
  3.434561e+00   1.276980e-08   6.470581e-03   0.000000e+00   191010
  3.456874e+00   1.302333e-08   5.539857e-03   0.000000e+00   195134
  3.479180e+00   1.314299e-08   6.600104e-03   0.000000e+00   195810
  3.501526e+00   1.333991e-08   6.608369e-03   0.000000e+00   201140
  3.523888e+00   1.341321e-08   6.711381e-03   0.000000e+00   201054
  3.546202e+00   1.363016e-08   6.462105e-03   0.000000e+00   205250
  3.568580e+00   1.384494e-08   6.100936e-03   0.000000e+00   207366
  3.590958e+00   1.399513e-08   6.985273e-03   0.000000e+00   210578
  3.613360e+00   1.415619e-08   6.324005e-03   0.000000e+00   213066
  3.635836e+00   1.432811e-08   6.641688e-03   0.000000e+00   217382
  3.658206e+00   1.442650e-08   6.395760e-03   0.000000e+00   216306
  3.680475e+00   1.461414e-08   6.372599e-03   0.000000e+00   220652
  3.702896e+00   1.481060e-08   6.668047e-03   0.000000e+00   224622
  3.725362e+00   1.488586e-08   5.779893e-03   0.000000e+00   227066
  3.747752e+00   1.505959e-08   6.261135e-03   0.000000e+00   228574
  3.770100e+00   1.526744e-08   5.554436e-03   0.000000e+00   231466
  3.792430e+00   1.540238e-08   6.260163e-03   0.000000e+00   233946
  3.814844e+00   1.559836e-08   6.875536e-03   0.000000e+00   238694
  3.837178e+00   1.572177e-08   6.618711e-03   0.000000e+00   238068
  3.859525e+00   1.587911e-08   6.500634e-03   0.000000e+00   244190
  3.881972e+00   1.598180e-08   6.313782e-03   0.000000e+00   245634
  3.904316e+00   1.619240e-08   6.828267e-03   0.000000e+00   248090
  3.926693e+00   1.625613e-08   6.285490e-03   0.000000e+00   251958
  3.949081e+00   1.644457e-08   6.697987e-03   0.000000e+00   254042
  3.971388e+00   1.663528e-08   6.287961e-03   0.000000e+00   255714
  3.993796e+00   1.668986e-08   6.839972e-03   0.000000e+00   262358
  4.016214e+00   1.687634e-08   6.117500e-03   0.000000e+00   261900
  4.038662e+00   1.698680e-08   6.584667e-03   0.000000e+00   268646
  4.061015e+00   1.718233e-08   6.290873e-03   0.000000e+00   265578
  4.083321e+00   1.725090e-08   6.291309e-03   0.000000e+00   273290
  4.105698e+00   1.735534e-08   6.399247e-03   0.000000e+00   273678
  4.128093e+00   1.757559e-08   6.692071e-03   0.000000e+00   279698
  4.150495e+00   1.771168e-08   7.452451e-03   0.000000e+00   279630
  4.172783e+00   1.789259e-08   6.028599e-03   0.000000e+00   283004
  4.195181e+00   1.795342e-08   6.070621e-03   0.000000e+00   288330
  4.217593e+00   1.804699e-08   6.485451e-03   0.000000e+00   289718
  4.239927e+00   1.824246e-08   6.458771e-03   0.000000e+00   292290
  4.262196e+00   1.839873e-08   6.225582e-03   0.000000e+00   294134
  4.284546e+00   1.849650e-08   6.323979e-03   0.000000e+00   300642
  4.306999e+00   1.862914e-08   6.747347e-03   0.000000e+00   303386
  4.329363e+00   1.874655e-08   7.145389e-03   0.000000e+00   304662
  4.351748e+00   1.885099e-08   6.204824e-03   0.000000e+00   309812
  4.374152e+00   1.893250e-08   6.421729e-03   0.000000e+00   311570
  4.396623e+00   1.910074e-08   6.235243e-03   0.000000e+00   318270
  4.418991e+00   1.923921e-08   6.911024e-03   0.000000e+00   315090
  4.441281e+00   1.930399e-08   6.032844e-03   0.000000e+00   322646
  4.463622e+00   1.942025e-08   6.225975e-03   0.000000e+00   322722
  4.485989e+00   1.961375e-08   6.838770e-03   0.000000e+00   329930
  4.508427e+00   1.969031e-08   6.833970e-03   0.000000e+00   331824
  4.530867e+00   1.977758e-08   6.224704e-03   0.000000e+00   336266
  4.553237e+00   1.994546e-08   6.484485e-03   0.000000e+00   336094
  4.575555e+00   1.999818e-08   6.174049e-03   0.000000e+00   341386
  4.597916e+00   2.012449e-08   6.518276e-03   0.000000e+00   344338
  4.620261e+00   2.030200e-08   6.653916e-03   0.000000e+00   347638
  4.642628e+00   2.035821e-08   6.222642e-03   0.000000e+00   351618
  4.664976e+00   2.047659e-08   6.469335e-03   0.000000e+00   353792
  4.687393e+00   2.055321e-08   6.329688e-03   0.000000e+00   360538
  4.709883e+00   2.067582e-08   6.182432e-03   0.000000e+00   363250
  4.732222e+00   2.079699e-08   6.744958e-03   0.000000e+00   362334
  4.754613e+00   2.092795e-08   5.545243e-03   0.000000e+00   371642
  4.776982e+00   2.103385e-08   6.382925e-03   0.000000e+00   368794
  4.799278e+00   2.113395e-08   6.387716e-03   0.000000e+00   376510
  4.821650e+00   2.129618e-08   6.175606e-03   0.000000e+00   377994
  4.843996e+00   2.133631e-08   6.315711e-03   0.000000e+00   382760
  4.866396e+00   2.138770e-08   7.117109e-03   0.000000e+00   386674
  4.888807e+00   2.160645e-08   6.409886e-03   0.000000e+00   390298
  4.911191e+00   2.160274e-08   6.813593e-03   0.000000e+00   393142
  4.933591e+00   2.173561e-08   6.501083e-03   0.000000e+00   397762
  4.955871e+00   2.177952e-08   6.245542e-03   0.000000e+00   396270
  4.978166e+00   2.189957e-08   6.496904e-03   0.000000e+00   405194
  5.000562e+00   2.196202e-08   5.919945e-03   0.000000e+00   407580
  5.022943e+00   2.203222e-08   6.908258e-03   0.000000e+00   411782
  5.045306e+00   2.213608e-08   6.216883e-03   0.000000e+00   414114
  5.067735e+00   2.224483e-08   6.713185e-03   0.000000e+00   421562
  5.090174e+00   2.227966e-08   6.517221e-03   0.000000e+00   421910
  5.112574e+00   2.236366e-08   6.197409e-03   0.000000e+00   427818
  5.134974e+00   2.253033e-08   7.260805e-03   0.000000e+00   429430
  5.157303e+00   2.255505e-08   6.809277e-03   0.000000e+00   432322
  5.179645e+00   2.260976e-08   5.417698e-03   0.000000e+00   437428
  5.202002e+00   2.270908e-08   5.452295e-03   0.000000e+00   440590
  5.224403e+00   2.283567e-08   6.462272e-03   0.000000e+00   446770
  5.246845e+00   2.289245e-08   6.090732e-03   0.000000e+00   449782
  5.269175e+00   2.292834e-08   6.553056e-03   0.000000e+00   449706
  5.291511e+00   2.300198e-08   6.515837e-03   0.000000e+00   458042
  5.313861e+00   2.312625e-08   6.119020e-03   0.000000e+00   458158
  5.336202e+00   2.318312e-08   6.106022e-03   0.000000e+00   465124
  5.358552e+00   2.320302e-08   6.468032e-03   0.000000e+00   466230
  5.380943e+00   2.328651e-08   6.829184e-03   0.000000e+00   474386
  5.403347e+00   2.338711e-08   6.130252e-03   0.000000e+00   475178
  5.425784e+00   2.350201e-08   6.824504e-03   0.000000e+00   483558
  5.448229e+00   2.352789e-08   5.492436e-03   0.000000e+00   483354
  5.470572e+00   2.356021e-08   5.327068e-03   0.000000e+00   487178
  5.492930e+00   2.367263e-08   6.647150e-03   0.000000e+00   492006
  5.515271e+00   2.370813e-08   6.317722e-03   0.000000e+00   494852
  5.537618e+00   2.367227e-08   6.304247e-03   0.000000e+00   499502
  5.559996e+00   2.382903e-08   5.824134e-03   0.000000e+00   504618
  5.582394e+00   2.384450e-08   6.996176e-03   0.000000e+00   508506
  5.604824e+00   2.391755e-08   7.043389e-03   0.000000e+00   514406
  5.627193e+00   2.402064e-08   5.909523e-03   0.000000e+00   514026
  5.649494e+00   2.401941e-08   6.739378e-03   0.000000e+00   519230
  5.671805e+00   2.416538e-08   6.102049e-03   0.000000e+00   522620
  5.694158e+00   2.418115e-08   6.333388e-03   0.000000e+00   529458
  5.716574e+00   2.420197e-08   6.621455e-03   0.000000e+00   534078
  5.738967e+00   2.425134e-08   6.761308e-03   0.000000e+00   536666
  5.761303e+00   2.430978e-08   6.553976e-03   0.000000e+00   539270
  5.783741e+00   2.440013e-08   6.336699e-03   0.000000e+00   550530
  5.806191e+00   2.443109e-08   6.982104e-03   0.000000e+00   548474
  5.828530e+00   2.446965e-08   6.529975e-03   0.000000e+00   553518
  5.850854e+00   2.451585e-08   6.732624e-03   0.000000e+00   556116
  5.873250e+00   2.456263e-08   6.074733e-03   0.000000e+00   564890
  5.895607e+00   2.452791e-08   6.326648e-03   0.000000e+00   563718
  5.917987e+00   2.462257e-08   6.433256e-03   0.000000e+00   574298
  5.940398e+00   2.469004e-08   7.641482e-03   0.000000e+00   573966
  5.962766e+00   2.473389e-08   6.068721e-03   0.000000e+00   580586
  5.985126e+00   2.471364e-08   6.563206e-03   0.000000e+00   582666
  6.007511e+00   2.480605e-08   6.606642e-03   0.000000e+00   590648
  6.029891e+00   2.481619e-08   6.303924e-03   0.000000e+00   590578
  6.052199e+00   2.482515e-08   7.078407e-03   0.000000e+00   595990
  6.074561e+00   2.483942e-08   6.201502e-03   0.000000e+00   601778
  6.096961e+00   2.486037e-08   6.997902e-03   0.000000e+00   607578
  6.119373e+00   2.497483e-08   6.722837e-03   0.000000e+00   611294
  6.141771e+00   2.493568e-08   6.697770e-03   0.000000e+00   615498
  6.164114e+00   2.500243e-08   6.454104e-03   0.000000e+00   617274
  6.186486e+00   2.502298e-08   6.012670e-03   0.000000e+00   626360
  6.208872e+00   2.503086e-08   5.771004e-03   0.000000e+00   626658
  6.231231e+00   2.499296e-08   6.191697e-03   0.000000e+00   634022
  6.253568e+00   2.505882e-08   6.161775e-03   0.000000e+00   634554
  6.275945e+00   2.508797e-08   5.209721e-03   0.000000e+00   645026
  6.298332e+00   2.513871e-08   6.634563e-03   0.000000e+00   645182
  6.320704e+00   2.513096e-08   6.580459e-03   0.000000e+00   652938
  6.343072e+00   2.513161e-08   7.401114e-03   0.000000e+00   654336
  6.365469e+00   2.517506e-08   6.726539e-03   0.000000e+00   663242
  6.387867e+00   2.516533e-08   5.460901e-03   0.000000e+00   664002
  6.410200e+00   2.519953e-08   7.437274e-03   0.000000e+00   668990
  6.432560e+00   2.523564e-08   6.038904e-03   0.000000e+00   674554
  6.454898e+00   2.519517e-08   6.625449e-03   0.000000e+00   677158
  6.477291e+00   2.527505e-08   6.644340e-03   0.000000e+00   687306
  6.499736e+00   2.527488e-08   6.401077e-03   0.000000e+00   690290
  6.522108e+00   2.519657e-08   6.017201e-03   0.000000e+00   691992
  6.544509e+00   2.533668e-08   7.332766e-03   0.000000e+00   701402
  6.566900e+00   2.525666e-08   6.915998e-03   0.000000e+00   700826
  6.589250e+00   2.531844e-08   6.173788e-03   0.000000e+00   708726
  6.611621e+00   2.528360e-08   6.696841e-03   0.000000e+00   711690
  6.634006e+00   2.527055e-08   7.581469e-03   0.000000e+00   719606
  6.656343e+00   2.535407e-08   6.518462e-03   0.000000e+00   717810
  6.678695e+00   2.539449e-08   5.824456e-03   0.000000e+00   730412
  6.701111e+00   2.533471e-08   7.024063e-03   0.000000e+00   731782
  6.723530e+00   2.535920e-08   6.873062e-03   0.000000e+00   740458
  6.745892e+00   2.531040e-08   6.707712e-03   0.000000e+00   737494
  6.768211e+00   2.531985e-08   5.711584e-03   0.000000e+00   747298
  6.790586e+00   2.532466e-08   5.797439e-03   0.000000e+00   751762
  6.812938e+00   2.533185e-08   6.587799e-03   0.000000e+00   755470
  6.835285e+00   2.529286e-08   6.782773e-03   0.000000e+00   761442
  6.857716e+00   2.534045e-08   6.588568e-03   0.000000e+00   770816
  6.880117e+00   2.529949e-08   5.652850e-03   0.000000e+00   769242
  6.902527e+00   2.531321e-08   6.239547e-03   0.000000e+00   782162
  6.924881e+00   2.536366e-08   8.782234e-03   0.000000e+00   775230
  6.947207e+00   2.534909e-08   5.594527e-03   0.000000e+00   789866
  6.969568e+00   2.525661e-08   5.557620e-03   0.000000e+00   787938
  6.991917e+00   2.529241e-08   5.338172e-03   0.000000e+00   799574
  7.014332e+00   2.522588e-08   7.386050e-03   0.000000e+00   803028
  7.036695e+00   2.530586e-08   6.437138e-03   0.000000e+00   805574
  7.059047e+00   2.524667e-08   7.058294e-03   0.000000e+00   812034
  7.081459e+00   2.528922e-08   7.423816e-03   0.000000e+00   820970
  7.103857e+00   2.522645e-08   6.493729e-03   0.000000e+00   821174
  7.126168e+00   2.525589e-08   6.534116e-03   0.000000e+00   825186
  7.148507e+00   2.523735e-08   7.343106e-03   0.000000e+00   833142
  7.170833e+00   2.520864e-08   6.426859e-03   0.000000e+00   834788
  7.193212e+00   2.519373e-08   7.975005e-03   0.000000e+00   847858
  7.215716e+00   2.519218e-08   6.069835e-03   0.000000e+00   854278
  7.238117e+00   2.512124e-08   5.404737e-03   0.000000e+00   850914
  7.260454e+00   2.511565e-08   5.188640e-03   0.000000e+00   859250
  7.282849e+00   2.507061e-08   6.549415e-03   0.000000e+00   867126
  7.305227e+00   2.513195e-08   6.975429e-03   0.000000e+00   868274
  7.327553e+00   2.507186e-08   7.289624e-03   0.000000e+00   873606
  7.349886e+00   2.503553e-08   4.807666e-03   0.000000e+00   879284
  7.372265e+00   2.503164e-08   7.139256e-03   0.000000e+00   887666
  7.394722e+00   2.501876e-08   7.443262e-03   0.000000e+00   897030
  7.417135e+00   2.495841e-08   6.073920e-03   0.000000e+00   894378
  7.439489e+00   2.493888e-08   6.502339e-03   0.000000e+00   903254
  7.461834e+00   2.487318e-08   6.956502e-03   0.000000e+00   904562
  7.484170e+00   2.490700e-08   5.977298e-03   0.000000e+00   913362
  7.506501e+00   2.489388e-08   4.866801e-03   0.000000e+00   915592
  7.528884e+00   2.482135e-08   7.254192e-03   0.000000e+00   927946
  7.551264e+00   2.480682e-08   8.112907e-03   0.000000e+00   926094
  7.573690e+00   2.481605e-08   6.289273e-03   0.000000e+00   942890
  7.596112e+00   2.478628e-08   6.795893e-03   0.000000e+00   937266
  7.618472e+00   2.475540e-08   5.921230e-03   0.000000e+00   948854
  7.640841e+00   2.462109e-08   5.198272e-03   0.000000e+00   948714
  7.663162e+00   2.468795e-08   5.786033e-03   0.000000e+00   956186
  7.685531e+00   2.460622e-08   6.497757e-03   0.000000e+00   964272
  7.707929e+00   2.453601e-08   6.522888e-03   0.000000e+00   969458
  7.730305e+00   2.453428e-08   5.304361e-03   0.000000e+00   973358
  7.752696e+00   2.447112e-08   7.161241e-03   0.000000e+00   982098
  7.775064e+00   2.445665e-08   5.938413e-03   0.000000e+00   983178
  7.797465e+00   2.447905e-08   7.862531e-03   0.000000e+00   996350
  7.819856e+00   2.436882e-08   5.853734e-03   0.000000e+00   993530
  7.842135e+00   2.439736e-08   6.935777e-03   0.000000e+00   997848
  7.864479e+00   2.435919e-08   6.788019e-03   0.000000e+00   1010106
  7.886888e+00   2.428099e-08   6.869699e-03   0.000000e+00   1015730
  7.909266e+00   2.422672e-08   6.616231e-03   0.000000e+00   1018710
  7.931688e+00   2.422232e-08   6.684002e-03   0.000000e+00   1031282
  7.954076e+00   2.412859e-08   6.406906e-03   0.000000e+00   1027122
  7.976427e+00   2.413707e-08   6.472928e-03   0.000000e+00   1039838
  7.998792e+00   2.403609e-08   7.163724e-03   0.000000e+00   1039898
  8.021140e+00   2.400844e-08   6.974303e-03   0.000000e+00   1050288
  8.043503e+00   2.396563e-08   6.778861e-03   0.000000e+00   1052226
  8.065877e+00   2.394608e-08   4.581689e-03   0.000000e+00   1062746
  8.088279e+00   2.392267e-08   6.059473e-03   0.000000e+00   1067438
  8.110673e+00   2.385118e-08   5.988334e-03   0.000000e+00   1073730
  8.133054e+00   2.380945e-08   7.537490e-03   0.000000e+00   1078230
  8.155441e+00   2.377866e-08   6.039071e-03   0.000000e+00   1085594
  8.177780e+00   2.376302e-08   5.217243e-03   0.000000e+00   1086124
  8.200161e+00   2.367480e-08   6.643525e-03   0.000000e+00   1101310
  8.222544e+00   2.361331e-08   7.350092e-03   0.000000e+00   1098282
  8.244897e+00   2.356963e-08   4.450530e-03   0.000000e+00   1109918
  8.267297e+00   2.352379e-08   6.211150e-03   0.000000e+00   1114962
  8.289698e+00   2.352333e-08   6.923168e-03   0.000000e+00   1122962
  8.312092e+00   2.347425e-08   0.000000e+00   0.000000e+00   1125822
  8.334456e+00   2.343004e-08   6.813936e-03   0.000000e+00   1132538
  8.356797e+00   2.334221e-08   7.013212e-03   0.000000e+00   1135164
  8.379146e+00   2.329301e-08   7.308057e-03   0.000000e+00   1145654
  8.401546e+00   2.322688e-08   4.870087e-03   0.000000e+00   1152666
  8.423940e+00   2.323848e-08   6.418045e-03   0.000000e+00   1157078
  8.446300e+00   2.317859e-08   7.279072e-03   0.000000e+00   1161522
  8.468697e+00   2.310357e-08   6.828598e-03   0.000000e+00   1173050
  8.491063e+00   2.307164e-08   6.524997e-03   0.000000e+00   1171518
  8.513415e+00   2.296666e-08   7.912040e-03   0.000000e+00   1183772
  8.535748e+00   2.295704e-08   6.876875e-03   0.000000e+00   1181262
  8.558078e+00   2.293724e-08   5.957384e-03   0.000000e+00   1195490
  8.580480e+00   2.284530e-08   5.560428e-03   0.000000e+00   1202010
  8.602872e+00   2.275358e-08   5.818146e-03   0.000000e+00   1207166
  8.625260e+00   2.275852e-08   6.814884e-03   0.000000e+00   1214074
  8.647608e+00   2.267066e-08   6.967278e-03   0.000000e+00   1215334
  8.669982e+00   2.267853e-08   8.354039e-03   0.000000e+00   1229274
  8.692424e+00   2.260190e-08   7.105245e-03   0.000000e+00   1236164
  8.714808e+00   2.253845e-08   5.285896e-03   0.000000e+00   1234942
  8.737151e+00   2.249604e-08   6.288884e-03   0.000000e+00   1244410
  8.759508e+00   2.244464e-08   6.581933e-03   0.000000e+00   1249010
  8.781891e+00   2.238416e-08   7.356257e-03   0.000000e+00   1260702
  8.804253e+00   2.233437e-08   5.935123e-03   0.000000e+00   1259490
  8.826638e+00   2.229251e-08   6.182848e-03   0.000000e+00   1275662
  8.849004e+00   2.221303e-08   3.448750e-03   0.000000e+00   1270164
  8.871392e+00   2.218357e-08   5.396361e-03   0.000000e+00   1291226
  8.893774e+00   2.208219e-08   4.385920e-03   0.000000e+00   1282750
  8.916104e+00   2.204717e-08   6.377193e-03   0.000000e+00   1298146
  8.938493e+00   2.197681e-08   5.501775e-03   0.000000e+00   1301646
  8.960864e+00   2.197698e-08   5.941955e-03   0.000000e+00   1309898
  8.983253e+00   2.188948e-08   4.766463e-03   0.000000e+00   1317010
  9.005646e+00   2.185077e-08   6.716190e-03   0.000000e+00   1323814
  9.028017e+00   2.176069e-08   4.948370e-03   0.000000e+00   1326732
  9.050376e+00   2.172994e-08   7.361075e-03   0.000000e+00   1335434
  9.072794e+00   2.167180e-08   8.454463e-03   0.000000e+00   1347902
  9.095185e+00   2.158460e-08   9.006136e-03   0.000000e+00   1344786
  9.117492e+00   2.159465e-08   4.166589e-03   0.000000e+00   1351222
  9.139861e+00   2.155802e-08   5.852681e-03   0.000000e+00   1365322
  9.162264e+00   2.144341e-08   7.480217e-03   0.000000e+00   1369002
  9.184645e+00   2.138719e-08   6.629027e-03   0.000000e+00   1376456
  9.207010e+00   2.134722e-08   5.489623e-03   0.000000e+00   1379362
  9.229387e+00   2.127988e-08   7.067682e-03   0.000000e+00   1392262
  9.251770e+00   2.121350e-08   6.432677e-03   0.000000e+00   1392546
  9.274121e+00   2.115162e-08   7.080772e-03   0.000000e+00   1402754
  9.296491e+00   2.110974e-08   7.907522e-03   0.000000e+00   1408470
  9.318858e+00   2.109266e-08   3.282049e-03   0.000000e+00   1415450
  9.341178e+00   2.101861e-08   6.393235e-03   0.000000e+00   1416504
  9.363608e+00   2.095362e-08   6.605893e-03   0.000000e+00   1442354
  9.386041e+00   2.088474e-08   7.605363e-03   0.000000e+00   1431202
  9.408387e+00   2.086212e-08   6.355801e-03   0.000000e+00   1445038
  9.430740e+00   2.077574e-08   5.588520e-03   0.000000e+00   1445322
  9.453125e+00   2.073130e-08   6.108612e-03   0.000000e+00   1462778
  9.475509e+00   2.067977e-08   7.142984e-03   0.000000e+00   1459590
  9.497849e+00   2.063194e-08   6.900208e-03   0.000000e+00   1471226
  9.520244e+00   2.051873e-08   4.990229e-03   0.000000e+00   1480136
  9.542652e+00   2.048656e-08   6.632033e-03   0.000000e+00   1486530
  9.565023e+00   2.046419e-08   7.404501e-03   0.000000e+00   1488898
  9.587391e+00   2.041264e-08   5.907482e-03   0.000000e+00   1500838
  9.609784e+00   2.035950e-08   4.121271e-03   0.000000e+00   1505906
  9.632115e+00   2.028942e-08   7.598672e-03   0.000000e+00   1507062
  9.654452e+00   2.023410e-08   6.323779e-03   0.000000e+00   1519890
  9.676823e+00   2.014814e-08   7.451519e-03   0.000000e+00   1526516
  9.699240e+00   2.011307e-08   4.767579e-03   0.000000e+00   1540038
  9.721645e+00   2.001414e-08   7.632536e-03   0.000000e+00   1538810
  9.743988e+00   2.002592e-08   5.744895e-03   0.000000e+00   1545574
  9.766381e+00   1.990028e-08   9.997399e-03   0.000000e+00   1560010
  9.788761e+00   1.987724e-08   5.435284e-03   0.000000e+00   1558578
  9.811105e+00   1.982230e-08   6.916536e-03   0.000000e+00   1568990
  9.833441e+00   1.978736e-08   7.404500e-03   0.000000e+00   1571770
  9.855810e+00   1.968476e-08   6.660599e-03   0.000000e+00   1587748
  9.878214e+00   1.966182e-08   5.210975e-03   0.000000e+00   1590966
  9.900618e+00   1.958263e-08   5.415973e-03   0.000000e+00   1602554
  9.922993e+00   1.953169e-08   7.188756e-03   0.000000e+00   1601190
  9.945334e+00   1.948485e-08   7.020966e-03   0.000000e+00   1611722
  9.967674e+00   1.946995e-08   6.360672e-03   0.000000e+00   1616058
  9.990052e+00   1.937551e-08   6.149277e-03   0.000000e+00   1631942
  1.001243e+01   1.931476e-08   5.183289e-03   0.000000e+00   1630980
  1.003478e+01   1.929442e-08   6.755710e-03   0.000000e+00   1641494
  1.005719e+01   1.923788e-08   7.395307e-03   0.000000e+00   1653378
  1.007964e+01   1.914776e-08   7.530711e-03   0.000000e+00   1663730
  1.010201e+01   1.911114e-08   5.044596e-03   0.000000e+00   1656558
  1.012433e+01   1.903689e-08   7.471072e-03   0.000000e+00   1671026
  1.014670e+01   1.899990e-08   7.345419e-03   0.000000e+00   1677818
  1.016906e+01   1.899163e-08   8.042744e-03   0.000000e+00   1685454
  1.019144e+01   1.893008e-08   5.831064e-03   0.000000e+00   1694516
  1.021383e+01   1.882509e-08   5.347819e-03   0.000000e+00   1701342
  1.023621e+01   1.877394e-08   6.241151e-03   0.000000e+00   1709026
  1.025862e+01   1.876215e-08   7.422516e-03   0.000000e+00   1720354
  1.028101e+01   1.867690e-08   6.060127e-03   0.000000e+00   1721470
  1.030340e+01   1.863080e-08   6.563212e-03   0.000000e+00   1735018
  1.032573e+01   1.857490e-08   4.958706e-03   0.000000e+00   1728398
  1.034805e+01   1.853863e-08   7.008926e-03   0.000000e+00   1747116
  1.037043e+01   1.846604e-08   1.972636e-03   0.000000e+00   1753090
  1.039284e+01   1.841392e-08   5.375258e-03   0.000000e+00   1767694
  1.041525e+01   1.836470e-08   7.269972e-03   0.000000e+00   1766490
  1.043764e+01   1.834633e-08   0.000000e+00   0.000000e+00   1780478
  1.046002e+01   1.825526e-08   9.445653e-03   0.000000e+00   1781050
  1.048238e+01   1.819720e-08   5.023303e-03   0.000000e+00   1792018
  1.050472e+01   1.818247e-08   6.682169e-03   0.000000e+00   1794366
  1.052707e+01   1.811952e-08   6.218271e-03   0.000000e+00   1808276
  1.054945e+01   1.805759e-08   6.966119e-03   0.000000e+00   1812522
  1.057184e+01   1.801424e-08   8.062458e-03   0.000000e+00   1827758
  1.059425e+01   1.797458e-08   4.863545e-03   0.000000e+00   1829466
  1.061661e+01   1.792622e-08   7.661153e-03   0.000000e+00   1835534
  1.063894e+01   1.783811e-08   6.451389e-03   0.000000e+00   1840906
  1.066131e+01   1.781823e-08   6.683861e-03   0.000000e+00   1857130
  1.068366e+01   1.776058e-08   5.024418e-03   0.000000e+00   1854264
  1.070601e+01   1.773013e-08   5.504226e-03   0.000000e+00   1871090
  1.072840e+01   1.766680e-08   6.320754e-03   0.000000e+00   1876926
  1.075078e+01   1.763599e-08   6.965963e-03   0.000000e+00   1884530
  1.077315e+01   1.758612e-08   5.738512e-03   0.000000e+00   1891506
  1.079556e+01   1.755402e-08   6.754157e-03   0.000000e+00   1907798
  1.081798e+01   1.749309e-08   8.253892e-03   0.000000e+00   1907378
  1.084033e+01   1.744360e-08   6.619274e-03   0.000000e+00   1912506
  1.086268e+01   1.736573e-08   4.075027e-03   0.000000e+00   1923048
  1.088508e+01   1.732014e-08   7.796332e-03   0.000000e+00   1936730
  1.090746e+01   1.725878e-08   6.214575e-03   0.000000e+00   1936686
  1.092983e+01   1.724111e-08   7.359495e-03   0.000000e+00   1950290
  1.095221e+01   1.720545e-08   2.979201e-03   0.000000e+00   1953002
  1.097460e+01   1.714838e-08   6.442372e-03   0.000000e+00   1969110
  1.099698e+01   1.709918e-08   2.080387e-03   0.000000e+00   1969050
  1.101934e+01   1.705919e-08   6.988840e-03   0.000000e+00   1980392
  1.104171e+01   1.698972e-08   8.399825e-03   0.000000e+00   1984770
  1.106406e+01   1.694411e-08   5.787021e-03   0.000000e+00   1995506
  1.108646e+01   1.692351e-08   7.523497e-03   0.000000e+00   2007806
  1.110884e+01   1.689555e-08   6.574327e-03   0.000000e+00   2010474
  1.113120e+01   1.683575e-08   7.195042e-03   0.000000e+00   2018182
  1.115359e+01   1.681181e-08   6.449668e-03   0.000000e+00   2033554
  1.117593e+01   1.673847e-08   7.574747e-03   0.000000e+00   2026266
  1.119831e+01   1.672990e-08   4.892565e-03   0.000000e+00   2054480
  1.122069e+01   1.667818e-08   5.236993e-03   0.000000e+00   2044770
  1.124303e+01   1.663954e-08   7.600085e-03   0.000000e+00   2062394
  1.126542e+01   1.658661e-08   6.925742e-03   0.000000e+00   2069982
  1.128781e+01   1.655225e-08   8.104215e-03   0.000000e+00   2079434
  1.131018e+01   1.652258e-08   6.872740e-03   0.000000e+00   2083038
  1.133257e+01   1.649054e-08   5.315571e-03   0.000000e+00   2098850
  1.135493e+01   1.645653e-08   6.710848e-03   0.000000e+00   2095436
  1.137730e+01   1.638851e-08   6.945518e-03   0.000000e+00   2117406
  1.139970e+01   1.631763e-08   6.372177e-03   0.000000e+00   2115426
  1.142201e+01   1.630895e-08   6.186547e-03   0.000000e+00   2118878
  1.144437e+01   1.628946e-08   7.053184e-03   0.000000e+00   2140026
  1.146678e+01   1.625388e-08   7.538450e-03   0.000000e+00   2147234
  1.148916e+01   1.621462e-08   6.708483e-03   0.000000e+00   2150662
  1.151153e+01   1.617215e-08   6.158507e-03   0.000000e+00   2159842
  1.153390e+01   1.611209e-08   6.927181e-03   0.000000e+00   2168384
  1.155630e+01   1.608577e-08   8.582346e-03   0.000000e+00   2183178
  1.157869e+01   1.605890e-08   6.455725e-03   0.000000e+00   2184770
  1.160105e+01   1.604840e-08   7.168821e-03   0.000000e+00   2192190
  1.162338e+01   1.599972e-08   7.808793e-03   0.000000e+00   2196242
  1.164577e+01   1.599292e-08   5.518618e-03   0.000000e+00   2220714
  1.166817e+01   1.592222e-08   7.771457e-03   0.000000e+00   2215758
  1.169055e+01   1.592205e-08   7.083424e-03   0.000000e+00   2233988
  1.171293e+01   1.584615e-08   8.664338e-03   0.000000e+00   2231670
  1.173528e+01   1.584105e-08   4.368156e-03   0.000000e+00   2244338
  1.175767e+01   1.580147e-08   5.765335e-03   0.000000e+00   2258610
  1.178006e+01   1.578143e-08   5.605879e-03   0.000000e+00   2260718
  1.180241e+01   1.573893e-08   6.766620e-03   0.000000e+00   2268162
  1.182476e+01   1.573472e-08   6.072202e-03   0.000000e+00   2277494
  1.184712e+01   1.567966e-08   5.533379e-03   0.000000e+00   2288796
  1.186953e+01   1.565546e-08   1.112745e-02   0.000000e+00   2305226
  1.189193e+01   1.562248e-08   5.786550e-03   0.000000e+00   2301630
  1.191431e+01   1.559254e-08   0.000000e+00   0.000000e+00   2319770
  1.193668e+01   1.556923e-08   7.523239e-03   0.000000e+00   2315610
  1.195903e+01   1.553396e-08   6.016399e-03   0.000000e+00   2334662
  1.198139e+01   1.552736e-08   8.891845e-03   0.000000e+00   2335722
  1.200376e+01   1.550259e-08   5.022459e-03   0.000000e+00   2354102
  1.202615e+01   1.545162e-08   7.968771e-03   0.000000e+00   2355236
  1.204854e+01   1.543695e-08   6.896256e-03   0.000000e+00   2374170
  1.207094e+01   1.538708e-08   5.410326e-03   0.000000e+00   2373286
  1.209332e+01   1.538782e-08   8.203816e-03   0.000000e+00   2388010
  1.211567e+01   1.535134e-08   1.210205e-03   0.000000e+00   2383470
  1.213801e+01   1.532828e-08   5.317434e-03   0.000000e+00   2404994
  1.216038e+01   1.530378e-08   4.488550e-03   0.000000e+00   2408642
  1.218273e+01   1.529875e-08   6.703053e-03   0.000000e+00   2417640
  1.220513e+01   1.523769e-08   6.776575e-03   0.000000e+00   2434994
  1.222753e+01   1.523207e-08   7.504534e-03   0.000000e+00   2437998
  1.224992e+01   1.520706e-08   6.455697e-03   0.000000e+00   2448194
  1.227230e+01   1.519472e-08   0.000000e+00   0.000000e+00   2455890
  1.229466e+01   1.515398e-08   3.959834e-03   0.000000e+00   2461526
  1.231702e+01   1.512716e-08   6.994125e-03   0.000000e+00   2474034
  1.233937e+01   1.511672e-08   6.809301e-03   0.000000e+00   2476482
  1.236174e+01   1.507811e-08   5.334701e-03   0.000000e+00   2497256
  1.238415e+01   1.506491e-08   6.874400e-03   0.000000e+00   2502978
  1.240653e+01   1.506168e-08   2.936929e-03   0.000000e+00   2508422
  1.242890e+01   1.503934e-08   7.134903e-03   0.000000e+00   2518482
  1.245129e+01   1.502939e-08   8.925992e-03   0.000000e+00   2532074
  1.247364e+01   1.499305e-08   9.612542e-03   0.000000e+00   2526710
  1.249599e+01   1.497304e-08   7.485766e-03   0.000000e+00   2548986
  1.251836e+01   1.497460e-08   6.449316e-03   0.000000e+00   2551704
  1.254073e+01   1.494977e-08   5.025124e-03   0.000000e+00   2566226
  1.256312e+01   1.491547e-08   5.176729e-03   0.000000e+00   2573898
  1.258552e+01   1.490719e-08   5.547566e-03   0.000000e+00   2589182
  1.260789e+01   1.490330e-08   7.170474e-03   0.000000e+00   2584970
  1.263026e+01   1.487932e-08   5.585714e-03   0.000000e+00   2605110
  1.265264e+01   1.486969e-08   5.110353e-03   0.000000e+00   2606834
  1.267500e+01   1.485410e-08   5.243169e-03   0.000000e+00   2620770
  1.269737e+01   1.483805e-08   7.112870e-03   0.000000e+00   2626560
  1.271973e+01   1.480684e-08   6.877703e-03   0.000000e+00   2636762
  1.274210e+01   1.480590e-08   7.916869e-03   0.000000e+00   2647698
  1.276453e+01   1.477730e-08   6.129063e-03   0.000000e+00   2668166
  1.278693e+01   1.479358e-08   6.236083e-03   0.000000e+00   2660586
  1.280929e+01   1.479076e-08   6.244989e-03   0.000000e+00   2676494
  1.283162e+01   1.478344e-08   7.439815e-03   0.000000e+00   2674306
  1.285397e+01   1.474321e-08   5.248177e-03   0.000000e+00   2696980
  1.287636e+01   1.473732e-08   5.804349e-03   0.000000e+00   2703622
  1.289873e+01   1.472437e-08   8.621022e-03   0.000000e+00   2713186
  1.292110e+01   1.471878e-08   7.973559e-03   0.000000e+00   2718702
  1.294350e+01   1.472893e-08   7.709893e-03   0.000000e+00   2742194
  1.296589e+01   1.469412e-08   0.000000e+00   0.000000e+00   2733162
  1.298826e+01   1.471224e-08   4.608808e-03   0.000000e+00   2757590
  1.301063e+01   1.467018e-08   4.265842e-03   0.000000e+00   2752010
  1.303297e+01   1.469396e-08   8.308346e-03   0.000000e+00   2769036
  1.305536e+01   1.466369e-08   6.442961e-03   0.000000e+00   2783046
  1.307775e+01   1.466777e-08   0.000000e+00   0.000000e+00   2789378
  1.310013e+01   1.466188e-08   9.257901e-03   0.000000e+00   2799582
  1.312253e+01   1.465092e-08   6.659824e-03   0.000000e+00   2811170
  1.314491e+01   1.465187e-08   0.000000e+00   0.000000e+00   2812706
  1.316728e+01   1.464609e-08   6.126403e-03   0.000000e+00   2833254
  1.318964e+01   1.465667e-08   7.777056e-03   0.000000e+00   2827292
  1.321199e+01   1.464062e-08   8.228239e-03   0.000000e+00   2846838
  1.323435e+01   1.465578e-08   6.184919e-03   0.000000e+00   2846535
  1.325671e+01   1.472159e-08   6.917547e-03   0.000000e+00   2848496
  1.327910e+01   1.477742e-08   7.339766e-03   0.000000e+00   2841564
  1.330149e+01   1.486135e-08   8.269126e-03   0.000000e+00   2843000
  1.332387e+01   1.490131e-08   7.865882e-03   0.000000e+00   2826624
  1.334623e+01   1.496238e-08   8.107691e-03   0.000000e+00   2828732
  1.336860e+01   1.500308e-08   4.612442e-03   0.000000e+00   2819560
  1.339098e+01   1.507673e-08   6.061273e-03   0.000000e+00   2819284
  1.341334e+01   1.511718e-08   5.784046e-03   0.000000e+00   2805856
  1.343571e+01   1.516628e-08   7.471872e-03   0.000000e+00   2810440
  1.345809e+01   1.519361e-08   6.612544e-03   0.000000e+00   2800608
  1.348047e+01   1.524262e-08   8.339001e-03   0.000000e+00   2798144
  1.350284e+01   1.528122e-08   7.346272e-03   0.000000e+00   2787376
  1.352522e+01   1.530834e-08   8.218897e-03   0.000000e+00   2790616
  1.354761e+01   1.533595e-08   6.504907e-03   0.000000e+00   2779552
  1.356995e+01   1.536011e-08   7.398508e-03   0.000000e+00   2768452
  1.359230e+01   1.539844e-08   2.309332e-03   0.000000e+00   2771296
  1.361468e+01   1.542058e-08   3.562732e-03   0.000000e+00   2764924
  1.363707e+01   1.541216e-08   3.943531e-03   0.000000e+00   2762264
  1.365948e+01   1.545136e-08   7.918138e-03   0.000000e+00   2760216
  1.368184e+01   1.548116e-08   1.629939e-03   0.000000e+00   2737932
  1.370421e+01   1.549592e-08   8.854789e-03   0.000000e+00   2752280
  1.372659e+01   1.550140e-08   6.886803e-03   0.000000e+00   2728764
  1.374895e+01   1.549659e-08   6.729195e-03   0.000000e+00   2736368
  1.377132e+01   1.550914e-08   5.158587e-03   0.000000e+00   2719920
  1.379370e+01   1.554477e-08   1.003182e-02   0.000000e+00   2727152
  1.381608e+01   1.553351e-08   0.000000e+00   0.000000e+00   2708352
  1.383847e+01   1.552490e-08   0.000000e+00   0.000000e+00   2718584
  1.386084e+01   1.553954e-08   0.000000e+00   0.000000e+00   2694300
  1.388323e+01   1.552261e-08   9.550038e-03   0.000000e+00   2709440
  1.390561e+01   1.554138e-08   2.800465e-03   0.000000e+00   2682108
  1.392794e+01   1.552369e-08   5.008784e-03   0.000000e+00   2684912
  1.395031e+01   1.550623e-08   8.663767e-03   0.000000e+00   2678892
  1.397268e+01   1.550132e-08   6.624439e-03   0.000000e+00   2674748
  1.399506e+01   1.551626e-08   9.746825e-03   0.000000e+00   2670216
  1.401743e+01   1.551321e-08   6.505688e-03   0.000000e+00   2659436
  1.403981e+01   1.549227e-08   5.971116e-03   0.000000e+00   2659752
  1.406222e+01   1.546719e-08   6.640739e-03   0.000000e+00   2654300
  1.408460e+01   1.545127e-08   3.239571e-03   0.000000e+00   2640852
  1.410696e+01   1.545926e-08   5.132901e-03   0.000000e+00   2638124
  1.412931e+01   1.543344e-08   1.032424e-02   0.000000e+00   2628228
  1.415170e+01   1.539821e-08   4.016886e-03   0.000000e+00   2630936
  1.417409e+01   1.540166e-08   9.121244e-03   0.000000e+00   2619032
  1.419645e+01   1.536567e-08   5.542208e-03   0.000000e+00   2610804
  1.421883e+01   1.535593e-08   6.224985e-03   0.000000e+00   2609408
  1.424122e+01   1.533328e-08   8.494587e-03   0.000000e+00   2602764
  1.426357e+01   1.529306e-08   7.059989e-03   0.000000e+00   2588540
  1.428592e+01   1.525492e-08   1.036302e-02   0.000000e+00   2587836
  1.430828e+01   1.524808e-08   8.682011e-03   0.000000e+00   2579100
  1.433064e+01   1.520934e-08   5.092379e-03   0.000000e+00   2574128
  1.435300e+01   1.519541e-08   5.116351e-03   0.000000e+00   2567588
  1.437542e+01   1.515224e-08   8.292454e-03   0.000000e+00   2572956
  1.439781e+01   1.512829e-08   7.367875e-03   0.000000e+00   2550552
  1.442018e+01   1.509927e-08   8.246382e-03   0.000000e+00   2552084
  1.444255e+01   1.505583e-08   5.115537e-03   0.000000e+00   2539404
  1.446493e+01   1.502841e-08   0.000000e+00   0.000000e+00   2541152
  1.448732e+01   1.499436e-08   9.243577e-03   0.000000e+00   2528016
  1.450968e+01   1.494042e-08   6.030608e-03   0.000000e+00   2521496
  1.453206e+01   1.491973e-08   7.302359e-03   0.000000e+00   2518092
  1.455445e+01   1.488889e-08   2.299407e-03   0.000000e+00   2511632
  1.457683e+01   1.485160e-08   0.000000e+00   0.000000e+00   2500140
  1.459919e+01   1.479665e-08   6.452288e-03   0.000000e+00   2496980
  1.462157e+01   1.477261e-08   7.387205e-03   0.000000e+00   2487428
  1.464396e+01   1.470823e-08   7.889858e-03   0.000000e+00   2486496
  1.466632e+01   1.467815e-08   1.185193e-02   0.000000e+00   2469840
  1.468868e+01   1.463969e-08   8.203695e-03   0.000000e+00   2469656
  1.471105e+01   1.459990e-08   2.994284e-03   0.000000e+00   2457036
  1.473344e+01   1.457342e-08   5.503387e-03   0.000000e+00   2462684
  1.475583e+01   1.450081e-08   4.697230e-03   0.000000e+00   2442384
  1.477819e+01   1.446431e-08   5.153097e-03   0.000000e+00   2441696
  1.480056e+01   1.444849e-08   3.046200e-03   0.000000e+00   2431164
  1.482292e+01   1.438922e-08   0.000000e+00   0.000000e+00   2423696
  1.484529e+01   1.435189e-08   9.601895e-03   0.000000e+00   2421336
  1.486769e+01   1.429773e-08   5.941069e-03   0.000000e+00   2412992
  1.489006e+01   1.427345e-08   5.095220e-03   0.000000e+00   2402732
  1.491242e+01   1.421219e-08   8.459688e-03   0.000000e+00   2396124
  1.493479e+01   1.415716e-08   7.191943e-03   0.000000e+00   2388480
  1.495718e+01   1.409260e-08   6.580101e-03   0.000000e+00   2387060
  1.497955e+01   1.405399e-08   6.910757e-03   0.000000e+00   2370268
  1.500189e+01   1.401756e-08   7.805528e-03   0.000000e+00   2363776
  1.502425e+01   1.397956e-08   5.930146e-03   0.000000e+00   2360176
  1.504664e+01   1.390472e-08   6.040598e-03   0.000000e+00   2356360
  1.506902e+01   1.387170e-08   6.268521e-03   0.000000e+00   2343240
  1.509139e+01   1.382784e-08   5.581039e-03   0.000000e+00   2340248
  1.511376e+01   1.376330e-08   6.921742e-03   0.000000e+00   2325000
  1.513614e+01   1.373262e-08   5.432127e-03   0.000000e+00   2328632
  1.515853e+01   1.365612e-08   8.180033e-03   0.000000e+00   2313100
  1.518091e+01   1.363262e-08   7.087877e-03   0.000000e+00   2310892
  1.520328e+01   1.359138e-08   7.940737e-03   0.000000e+00   2295420
  1.522565e+01   1.354794e-08   7.786002e-03   0.000000e+00   2293592
  1.524802e+01   1.346105e-08   6.304724e-03   0.000000e+00   2281400
  1.527043e+01   1.342825e-08   7.728187e-03   0.000000e+00   2285760
  1.529280e+01   1.336759e-08   4.003444e-03   0.000000e+00   2259408
  1.531516e+01   1.331650e-08   0.000000e+00   0.000000e+00   2266808
  1.533755e+01   1.326102e-08   7.695460e-03   0.000000e+00   2249348
  1.535991e+01   1.322121e-08   4.903502e-03   0.000000e+00   2244732
  1.538227e+01   1.317309e-08   9.287732e-03   0.000000e+00   2233908
  1.540464e+01   1.312118e-08   2.993854e-03   0.000000e+00   2231660
  1.542702e+01   1.306033e-08   6.460458e-03   0.000000e+00   2218736
  1.544941e+01   1.300212e-08   4.833923e-03   0.000000e+00   2217984
  1.547180e+01   1.294574e-08   9.426381e-03   0.000000e+00   2203300
  1.549417e+01   1.292598e-08   7.161940e-03   0.000000e+00   2197072
  1.551652e+01   1.288449e-08   0.000000e+00   0.000000e+00   2181992
  1.553888e+01   1.279770e-08   4.995285e-03   0.000000e+00   2183664
  1.556127e+01   1.275114e-08   7.444145e-03   0.000000e+00   2173464
  1.558367e+01   1.269797e-08   0.000000e+00   0.000000e+00   2165396
  1.560603e+01   1.265547e-08   3.494491e-03   0.000000e+00   2152784
  1.562840e+01   1.258881e-08   8.739635e-03   0.000000e+00   2147532
  1.565078e+01   1.253221e-08   2.508573e-03   0.000000e+00   2139588
  1.567318e+01   1.249760e-08   4.532825e-03   0.000000e+00   2135432
  1.569551e+01   1.246512e-08   6.037763e-03   0.000000e+00   2109256
  1.571784e+01   1.238858e-08   6.549690e-03   0.000000e+00   2117296
  1.574024e+01   1.234399e-08   5.001968e-03   0.000000e+00   2106252
  1.576263e+01   1.228364e-08   8.065135e-03   0.000000e+00   2099096
  1.578502e+01   1.223662e-08   8.019719e-03   0.000000e+00   2088384
  1.580739e+01   1.220619e-08   9.053227e-03   0.000000e+00   2078480
  1.582975e+01   1.214173e-08   5.997190e-03   0.000000e+00   2069016
  1.585213e+01   1.209064e-08   4.007260e-03   0.000000e+00   2064836
  1.587452e+01   1.204961e-08   0.000000e+00   0.000000e+00   2055420
  1.589690e+01   1.198786e-08   3.554167e-03   0.000000e+00   2043224
  1.591924e+01   1.195669e-08   8.910095e-03   0.000000e+00   2032260
  1.594163e+01   1.186636e-08   8.505632e-03   0.000000e+00   2034152
  1.596404e+01   1.184332e-08   4.658255e-03   0.000000e+00   2017644
  1.598641e+01   1.177110e-08   1.049194e-02   0.000000e+00   2010284
  1.600876e+01   1.175692e-08   1.200491e-03   0.000000e+00   1996540
  1.603112e+01   1.169233e-08   8.075546e-03   0.000000e+00   1992832
  1.605349e+01   1.164826e-08   9.000398e-03   0.000000e+00   1982400
  1.607585e+01   1.161140e-08   1.708249e-03   0.000000e+00   1972256
  1.609821e+01   1.156277e-08   8.124004e-03   0.000000e+00   1964352
  1.612060e+01   1.152315e-08   6.903577e-03   0.000000e+00   1958576
  1.614298e+01   1.145117e-08   4.669979e-03   0.000000e+00   1946940
  1.616538e+01   1.139648e-08   8.649821e-03   0.000000e+00   1942580
  1.618774e+01   1.136697e-08   1.163970e-02   0.000000e+00   1921740
  1.621010e+01   1.131501e-08   2.648065e-03   0.000000e+00   1923956
  1.623249e+01   1.128629e-08   7.541242e-03   0.000000e+00   1907896
  1.625488e+01   1.122607e-08   9.678605e-03   0.000000e+00   1906888
  1.627725e+01   1.119819e-08   8.661033e-03   0.000000e+00   1886160
  1.629960e+01   1.114377e-08   6.907171e-03   0.000000e+00   1883120
  1.632199e+01   1.111292e-08   2.344460e-03   0.000000e+00   1875140
  1.634438e+01   1.103592e-08   7.319704e-03   0.000000e+00   1865652
  1.636675e+01   1.101349e-08   7.754271e-03   0.000000e+00   1853268
  1.638913e+01   1.098602e-08   6.871555e-03   0.000000e+00   1847180
  1.641148e+01   1.094279e-08   9.448439e-03   0.000000e+00   1829604
  1.643384e+01   1.087905e-08   4.345219e-03   0.000000e+00   1829720
  1.645624e+01   1.084655e-08   8.279799e-03   0.000000e+00   1817184
  1.647861e+01   1.077372e-08   7.219944e-03   0.000000e+00   1806320
  1.650097e+01   1.076226e-08   5.090610e-03   0.000000e+00   1795536
  1.652335e+01   1.071775e-08   7.887565e-03   0.000000e+00   1791548
  1.654575e+01   1.067257e-08   6.481550e-03   0.000000e+00   1777512
  1.656812e+01   1.063301e-08   0.000000e+00   0.000000e+00   1769984
  1.659049e+01   1.060502e-08   8.490951e-03   0.000000e+00   1756248
  1.661285e+01   1.054115e-08   9.426462e-03   0.000000e+00   1749248
  1.663523e+01   1.048128e-08   6.831238e-03   0.000000e+00   1739928
  1.665762e+01   1.046901e-08   7.622048e-03   0.000000e+00   1732148
  1.667999e+01   1.042649e-08   6.641812e-03   0.000000e+00   1716964
  1.670236e+01   1.037356e-08   6.375181e-03   0.000000e+00   1712164
  1.672475e+01   1.034619e-08   9.706203e-03   0.000000e+00   1698332
  1.674713e+01   1.027306e-08   1.006243e-02   0.000000e+00   1694100
  1.676950e+01   1.025598e-08   0.000000e+00   0.000000e+00   1675412
  1.679185e+01   1.022140e-08   8.248551e-03   0.000000e+00   1670436
  1.681420e+01   1.018731e-08   4.711719e-03   0.000000e+00   1655532
  1.683660e+01   1.012523e-08   1.038545e-02   0.000000e+00   1656860
  1.685899e+01   1.009767e-08   3.034979e-03   0.000000e+00   1636484
  1.688137e+01   1.005506e-08   4.069300e-03   0.000000e+00   1633212
  1.690373e+01   1.005307e-08   6.042526e-03   0.000000e+00   1614044
  1.692610e+01   1.000135e-08   4.605527e-03   0.000000e+00   1612980
  1.694848e+01   9.958202e-09   9.091394e-03   0.000000e+00   1597036
  1.697085e+01   9.894721e-09   6.871110e-03   0.000000e+00   1590676
  1.699322e+01   9.905158e-09   4.672438e-03   0.000000e+00   1575812
  1.701557e+01   9.870294e-09   5.125811e-03   0.000000e+00   1566156
  1.703795e+01   9.815019e-09   8.030673e-03   0.000000e+00   1560980
  1.706036e+01   9.796728e-09   8.396437e-03   0.000000e+00   1549404
  1.708272e+01   9.744185e-09   0.000000e+00   0.000000e+00   1532436
  1.710507e+01   9.735350e-09   7.676662e-03   0.000000e+00   1527524
  1.712745e+01   9.698516e-09   8.546084e-03   0.000000e+00   1515204
  1.714982e+01   9.644861e-09   0.000000e+00   0.000000e+00   1506452
  1.717220e+01   9.644125e-09   2.681823e-03   0.000000e+00   1495116
  1.719454e+01   9.605169e-09   7.412616e-03   0.000000e+00   1479152
  1.721690e+01   9.580915e-09   0.000000e+00   0.000000e+00   1475400
  1.723932e+01   9.513275e-09   3.716679e-03   0.000000e+00   1467932
  1.726172e+01   9.512870e-09   7.982567e-03   0.000000e+00   1451256
  1.728410e+01   9.492906e-09   0.000000e+00   0.000000e+00   1443212
  1.730645e+01   9.448924e-09   6.621631e-03   0.000000e+00   1425648
  1.732882e+01   9.412941e-09   9.024174e-03   0.000000e+00   1423004
  1.735120e+01   9.393140e-09   5.786153e-03   0.000000e+00   1408632
  1.737359e+01   9.376047e-09   8.700146e-03   0.000000e+00   1400984
  1.739596e+01   9.355627e-09   8.614059e-03   0.000000e+00   1383180
  1.741831e+01   9.314642e-09   9.546744e-03   0.000000e+00   1378136
  1.744072e+01   9.268255e-09   1.011029e-02   0.000000e+00   1367136
  1.746312e+01   9.243459e-09   5.750973e-03   0.000000e+00   1356716
  1.748546e+01   9.222754e-09   6.265506e-03   0.000000e+00   1336908
  1.750778e+01   9.217721e-09   0.000000e+00   0.000000e+00   1332620
  1.753016e+01   9.163727e-09   7.187293e-03   0.000000e+00   1321748
  1.755256e+01   9.152853e-09   3.448248e-03   0.000000e+00   1312764
  1.757493e+01   9.130839e-09   0.000000e+00   0.000000e+00   1296636
  1.759731e+01   9.112681e-09   7.284827e-03   0.000000e+00   1291472
  1.761969e+01   9.081324e-09   1.206358e-02   0.000000e+00   1272768
  1.764206e+01   9.042362e-09   7.261360e-03   0.000000e+00   1269080
  1.766446e+01   9.032897e-09   8.264436e-03   0.000000e+00   1253696
  1.768682e+01   9.007515e-09   1.030198e-02   0.000000e+00   1241616
  1.770914e+01   9.018752e-09   7.845921e-03   0.000000e+00   1226712
  1.773153e+01   8.949419e-09   9.515027e-03   0.000000e+00   1226228
  1.775395e+01   8.957368e-09   7.145394e-03   0.000000e+00   1207848
  1.777633e+01   8.944944e-09   4.155314e-03   0.000000e+00   1198256
  1.779867e+01   8.931920e-09   7.639768e-03   0.000000e+00   1181516
  1.782105e+01   8.880480e-09   0.000000e+00   0.000000e+00   1177980
  1.784344e+01   8.865674e-09   3.199408e-03   0.000000e+00   1161756
  1.786579e+01   8.853263e-09   6.898466e-03   0.000000e+00   1150148
  1.788816e+01   8.865971e-09   5.504203e-03   0.000000e+00   1138848
  1.791052e+01   8.839070e-09   0.000000e+00   0.000000e+00   1126748
  1.793289e+01   8.806719e-09   2.947894e-03   0.000000e+00   1117652
  1.795531e+01   8.786357e-09   0.000000e+00   0.000000e+00   1107888
  1.797770e+01   8.799825e-09   5.312163e-03   0.000000e+00   1090964
  1.800006e+01   8.778374e-09   5.451422e-03   0.000000e+00   1080684
  1.802240e+01   8.740852e-09   9.786062e-03   0.000000e+00   1065660
  1.804478e+01   8.708960e-09   0.000000e+00   0.000000e+00   1061996
  1.806719e+01   8.719542e-09   5.432705e-03   0.000000e+00   1044320
  1.808956e+01   8.724192e-09   1.058005e-02   0.000000e+00   1034640
  1.811193e+01   8.716747e-09   5.779226e-03   0.000000e+00   1019172
  1.813432e+01   8.665377e-09   5.140935e-03   0.000000e+00   1013948
  1.815672e+01   8.680422e-09   1.174541e-02   0.000000e+00   996376
  1.817908e+01   8.682846e-09   0.000000e+00   0.000000e+00   985288
  1.820141e+01   8.669276e-09   0.000000e+00   0.000000e+00   969596
  1.822379e+01   8.621117e-09   1.055704e-02   0.000000e+00   964980
  1.824616e+01   8.625459e-09   8.507901e-03   0.000000e+00   947252
  1.826853e+01   8.643777e-09   1.025943e-02   0.000000e+00   939060
  1.829090e+01   8.642030e-09   7.110531e-03   0.000000e+00   922328
  1.831326e+01   8.618302e-09   3.120747e-03   0.000000e+00   913788
  1.833567e+01   8.591639e-09   1.165187e-02   0.000000e+00   902812
  1.835808e+01   8.592081e-09   8.263328e-03   0.000000e+00   888544
  1.838042e+01   8.611649e-09   9.866206e-03   0.000000e+00   872948
  1.840276e+01   8.601358e-09   0.000000e+00   0.000000e+00   862440
  1.842512e+01   8.552998e-09   5.636969e-03   0.000000e+00   851760
  1.844754e+01   8.580216e-09   9.869592e-04   0.000000e+00   841940
  1.846992e+01   8.584361e-09   5.746896e-03   0.000000e+00   822984
  1.849228e+01   8.588537e-09   5.167167e-03   0.000000e+00   816092
  1.851467e+01   8.574769e-09   0.000000e+00   0.000000e+00   799284
  1.853704e+01   8.552210e-09   1.085104e-02   0.000000e+00   791312
  1.855941e+01   8.554292e-09   5.698655e-03   0.000000e+00   772524
  1.858173e+01   8.570220e-09   6.453398e-03   0.000000e+00   762896
  1.860410e+01   8.588613e-09   4.437104e-03   0.000000e+00   750876
  1.862649e+01   8.536955e-09   6.257213e-03   0.000000e+00   739280
  1.864886e+01   8.572083e-09   6.961949e-03   0.000000e+00   724840
  1.867127e+01   8.550341e-09   4.733198e-03   0.000000e+00   714484
  1.869360e+01   8.561412e-09   7.635462e-03   0.000000e+00   695868
  1.871597e+01   8.535413e-09   1.005585e-02   0.000000e+00   691013
  1.873838e+01   8.543023e-09   7.055665e-03   0.000000e+00   673486
  1.876074e+01   8.495134e-09   8.644021e-03   0.000000e+00   666244
  1.878310e+01   8.494498e-09   6.404287e-03   0.000000e+00   651008
  1.880545e+01   8.434717e-09   0.000000e+00   0.000000e+00   644820
  1.882785e+01   8.418810e-09   0.000000e+00   0.000000e+00   632636
  1.885024e+01   8.391583e-09   9.414301e-03   0.000000e+00   625002
  1.887260e+01   8.355125e-09   5.907110e-03   0.000000e+00   611208
  1.889500e+01   8.304323e-09   0.000000e+00   0.000000e+00   607328
  1.891738e+01   8.270555e-09   0.000000e+00   0.000000e+00   592272
  1.893975e+01   8.214453e-09   0.000000e+00   0.000000e+00   587504
  1.896213e+01   8.176791e-09   1.083049e-02   0.000000e+00   575466
  1.898449e+01   8.115541e-09   0.000000e+00   0.000000e+00   568274
  1.900688e+01   8.086968e-09   0.000000e+00   0.000000e+00   559518
  1.902927e+01   8.026289e-09   5.799848e-03   0.000000e+00   551618
  1.905167e+01   7.988246e-09   5.417833e-03   0.000000e+00   542364
  1.907404e+01   7.922325e-09   8.479187e-03   0.000000e+00   534146
  1.909639e+01   7.910265e-09   1.046941e-02   0.000000e+00   525076
  1.911879e+01   7.814722e-09   0.000000e+00   0.000000e+00   519868
  1.914113e+01   7.758859e-09   4.645610e-03   0.000000e+00   507108
  1.916349e+01   7.701528e-09   3.693425e-03   0.000000e+00   504992
  1.918587e+01   7.669144e-09   1.104964e-02   0.000000e+00   492636
  1.920826e+01   7.580526e-09   0.000000e+00   0.000000e+00   490052
  1.923065e+01   7.533941e-09   2.686650e-03   0.000000e+00   477708
  1.925300e+01   7.473007e-09   1.499985e-03   0.000000e+00   473852
  1.927538e+01   7.437123e-09   1.321268e-02   0.000000e+00   464174
  1.929774e+01   7.343412e-09   5.617193e-03   0.000000e+00   459096
  1.932010e+01   7.292280e-09   8.177065e-03   0.000000e+00   449582
  1.934247e+01   7.219222e-09   1.420614e-02   0.000000e+00   445812
  1.936482e+01   7.164659e-09   8.226824e-03   0.000000e+00   435134
  1.938722e+01   7.111037e-09   4.314712e-03   0.000000e+00   433590
  1.940960e+01   7.034459e-09   0.000000e+00   0.000000e+00   421070
  1.943195e+01   6.968377e-09   0.000000e+00   0.000000e+00   419940
  1.945437e+01   6.934215e-09   7.081437e-03   0.000000e+00   409714
  1.947670e+01   6.828310e-09   0.000000e+00   8.494618e-12   404182
  1.949907e+01   6.810092e-09   6.077611e-03   8.528244e-12   398518
  1.952147e+01   6.711554e-09   7.830049e-03   8.487852e-12   392302
  1.954384e+01   6.640538e-09   7.729337e-03   8.446585e-12   385486
  1.956627e+01   6.578015e-09   6.677164e-03   8.491397e-12   381550
  1.958862e+01   6.520539e-09   0.000000e+00   8.475450e-12   370826
  1.961098e+01   6.427330e-09   0.000000e+00   8.394435e-12   370014
  1.963338e+01   6.403830e-09   6.676672e-03   8.495188e-12   359910
  1.965573e+01   6.289757e-09   1.105902e-02   8.356366e-12   357416
  1.967809e+01   6.269652e-09   1.109291e-02   8.475772e-12   348174
  1.970045e+01   6.171825e-09   1.090654e-02   8.398225e-12   346010
  1.972281e+01   6.135210e-09   1.030484e-02   8.421648e-12   337094
  1.974523e+01   6.022137e-09   1.156979e-02   8.283919e-12   336360
  1.976761e+01   5.980149e-09   6.834261e-03   8.409915e-12   325206
  1.978997e+01   5.889229e-09   1.285253e-02   8.308857e-12   324614
  1.981233e+01   5.854686e-09   7.178793e-03   8.386761e-12   314760
  1.983471e+01   5.752574e-09   3.517396e-03   8.244627e-12   314114
  1.985706e+01   5.711649e-09   8.581620e-03   8.330343e-12   303918
  1.987943e+01   5.634940e-09   0.000000e+00   8.221740e-12   303872
  1.990184e+01   5.579097e-09   5.935743e-03   8.283612e-12   295062
  1.992422e+01   5.477061e-09   8.874584e-03   8.132520e-12   292784
  1.994661e+01   5.435578e-09   0.000000e+00   8.168505e-12   285198
  1.996896e+01   5.353027e-09   0.000000e+00   8.115308e-12   282068
  1.999133e+01   5.293291e-09   0.000000e+00   8.066653e-12   275958
  2.001369e+01   5.226443e-09   1.089234e-02   8.104705e-12   272072
  2.003605e+01   5.172187e-09   5.672823e-03   8.038734e-12   266352
  2.005843e+01   5.078454e-09   1.817402e-03   8.049224e-12   263198
  2.008079e+01   5.036426e-09   8.382306e-03   8.064289e-12   256524
  2.010318e+01   4.953819e-09   6.324473e-03   7.893808e-12   254774
  2.012555e+01   4.903550e-09   5.496298e-03   7.926058e-12   246888
  2.014793e+01   4.822724e-09   0.000000e+00   7.847419e-12   245984
  2.017030e+01   4.764741e-09   1.042317e-03   7.890887e-12   237822
  2.019267e+01   4.674720e-09   0.000000e+00   7.730666e-12   236948
  2.021503e+01   4.647285e-09   0.000000e+00   7.827518e-12   229296
  2.023743e+01   4.542566e-09   3.700939e-03   7.649633e-12   228968
  2.025982e+01   4.500496e-09   1.200272e-02   7.740078e-12   220894
  2.028221e+01   4.408416e-09   8.614928e-03   7.612249e-12   220408
  2.030460e+01   4.381300e-09   1.098737e-03   7.651124e-12   212400
  2.032698e+01   4.288755e-09   2.910829e-03   7.553183e-12   212228
  2.034937e+01   4.252353e-09   1.051011e-02   7.547614e-12   204502
  2.037174e+01   4.177918e-09   5.093391e-03   7.484522e-12   203944
  2.039409e+01   4.130696e-09   8.572874e-03   7.549784e-12   196272
  2.041646e+01   4.042219e-09   7.788355e-03   7.371346e-12   196280
  2.043882e+01   4.017174e-09   5.849428e-03   7.470965e-12   188604
  2.046116e+01   3.905700e-09   7.307757e-03   7.256110e-12   188408
  2.048353e+01   3.884490e-09   2.161041e-03   7.334036e-12   181566
  2.050590e+01   3.798633e-09   6.321505e-03   7.235487e-12   180920
  2.052827e+01   3.742036e-09   7.873916e-03   7.184016e-12   174304
  2.055063e+01   3.664384e-09   0.000000e+00   7.041571e-12   173620
  2.057301e+01   3.642556e-09   8.356022e-03   7.180059e-12   167432
  2.059542e+01   3.544081e-09   6.131622e-03   6.990691e-12   166944
  2.061776e+01   3.510250e-09   1.062296e-02   7.091809e-12   159704
  2.064015e+01   3.424923e-09   7.291070e-03   6.958372e-12   160464
  2.066251e+01   3.393688e-09   6.030873e-03   6.948528e-12   152756
  2.068489e+01   3.295619e-09   1.011107e-02   6.777078e-12   153912
  2.070726e+01   3.268553e-09   1.089474e-02   6.931008e-12   146024
  2.072961e+01   3.186484e-09   1.711468e-02   6.722092e-12   147168
  2.075199e+01   3.168108e-09   9.974117e-03   6.841100e-12   140000
  2.077436e+01   3.075537e-09   0.000000e+00   6.641789e-12   140580
  2.079675e+01   3.044456e-09   9.131345e-03   6.714705e-12   134112
  2.081913e+01   2.958401e-09   1.475514e-02   6.482702e-12   134264
  2.084151e+01   2.928329e-09   9.400330e-03   6.635416e-12   128000
  2.086389e+01   2.842752e-09   1.201025e-02   6.361569e-12   128124
  2.088630e+01   2.810511e-09   7.973994e-03   6.477948e-12   122472
  2.090866e+01   2.728475e-09   1.204223e-02   6.284203e-12   121808
  2.093102e+01   2.724532e-09   3.378490e-03   6.436838e-12   116592
  2.095337e+01   2.614398e-09   0.000000e+00   6.192938e-12   116072
  2.097574e+01   2.591631e-09   1.267104e-02   6.273259e-12   111156
  2.099814e+01   2.485545e-09   0.000000e+00   6.036346e-12   110864
  2.102052e+01   2.491988e-09   0.000000e+00   6.190506e-12   105464
  2.104292e+01   2.399723e-09   6.650141e-03   5.945807e-12   105738
  2.106529e+01   2.373959e-09   9.394986e-03   6.109137e-12   99824
  2.108767e+01   2.309650e-09   0.000000e+00   5.889137e-12   100452
  2.111000e+01   2.287965e-09   1.184405e-02   5.946525e-12   94608
  2.113238e+01   2.193911e-09   6.371376e-03   5.743385e-12   95456
  2.115473e+01   2.156581e-09   1.232076e-02   5.739345e-12   89688
  2.117713e+01   2.080903e-09   9.855131e-03   5.503590e-12   90632
  2.119947e+01   2.074697e-09   8.796976e-03   5.698716e-12   84558
  2.122186e+01   1.994559e-09   6.144171e-03   5.483338e-12   86096
  2.124420e+01   1.984723e-09   6.973084e-03   5.660168e-12   79632
  2.126653e+01   1.895004e-09   1.228566e-02   5.302492e-12   81416
  2.128891e+01   1.871646e-09   9.801066e-03   5.460862e-12   75348
  2.131124e+01   1.809860e-09   0.000000e+00   5.203172e-12   76712
  2.133364e+01   1.797395e-09   1.211008e-02   5.417652e-12   71322
  2.135602e+01   1.716173e-09   4.401896e-03   5.151633e-12   72248
  2.137841e+01   1.696832e-09   0.000000e+00   5.245837e-12   67152
  2.140078e+01   1.627700e-09   0.000000e+00   4.996998e-12   67844
  2.142311e+01   1.610584e-09   0.000000e+00   5.064494e-12   62976
  2.144550e+01   1.542720e-09   0.000000e+00   4.943304e-12   63914
  2.146781e+01   1.512299e-09   0.000000e+00   4.960355e-12   58824
  2.149020e+01   1.448238e-09   1.284317e-02   4.752085e-12   60116
  2.151250e+01   1.424459e-09   0.000000e+00   4.826141e-12   54888
  2.153501e+01   1.352925e-09   0.000000e+00   4.566360e-12   57002
  2.155736e+01   1.343464e-09   0.000000e+00   4.810819e-12   50760
  2.157976e+01   1.256963e-09   1.061264e-02   4.289067e-12   53312
  2.160210e+01   1.262092e-09   9.440305e-03   4.588245e-12   47124
  2.162449e+01   1.193999e-09   0.000000e+00   4.301229e-12   49850
  2.164685e+01   1.184061e-09   1.254767e-02   4.508762e-12   43680
  2.166918e+01   1.118458e-09   2.773122e-03   4.197106e-12   46328
  2.169160e+01   1.110982e-09   0.000000e+00   4.378872e-12   40686
  2.171396e+01   1.030015e-09   9.245655e-03   4.020673e-12   42992
  2.173641e+01   1.033085e-09   6.492066e-03   4.183548e-12   37656
  2.175871e+01   9.648221e-10   5.815571e-03   3.843521e-12   39578
  2.178117e+01   9.655781e-10   7.790122e-03   4.090909e-12   34928
  2.180348e+01   8.866886e-10   5.520028e-03   3.695365e-12   36300
  2.182586e+01   8.912753e-10   3.654565e-03   3.903132e-12   32136
  2.184820e+01   8.295867e-10   1.300704e-02   3.672968e-12   33362
  2.187050e+01   8.296146e-10   1.077847e-02   3.821536e-12   29336
  2.189294e+01   7.590062e-10   9.762438e-03   3.416398e-12   30804
  2.191516e+01   7.566389e-10   9.334743e-03   3.653581e-12   26490
  2.193764e+01   6.859556e-10   1.149472e-02   3.254708e-12   28376
  2.195980e+01   6.961325e-10   7.622171e-03   3.488520e-12   23792
  2.198235e+01   6.460237e-10   0.000000e+00   3.236985e-12   26142
  2.200447e+01   6.457638e-10   4.957188e-03   3.523215e-12   21192
  2.202708e+01   5.742832e-10   1.159661e-03   2.947543e-12   24050
  2.204922e+01   5.832391e-10   1.074291e-02   3.333184e-12   18768
  2.207189e+01   5.157804e-10   8.161293e-03   2.778674e-12   22052
  2.209399e+01   5.242442e-10   8.339361e-03   3.184160e-12   16346
  2.211662e+01   4.625099e-10   1.275027e-02   2.598283e-12   20136
  2.213874e+01   4.837530e-10   0.000000e+00   3.235855e-12   14168
  2.216130e+01   4.167952e-10   6.858157e-03   2.445649e-12   18210
  2.218342e+01   4.269883e-10   0.000000e+00   3.100653e-12   12204
  2.220589e+01   3.775634e-10   1.134833e-02   2.373768e-12   16346
  2.222814e+01   3.826184e-10   0.000000e+00   2.974483e-12   10536
  2.225051e+01   3.212347e-10   8.193065e-03   2.117723e-12   14456
  2.227273e+01   3.379737e-10   0.000000e+00   2.811934e-12   8982
  2.229510e+01   2.790521e-10   5.136498e-03   1.910830e-12   12752
  2.231726e+01   2.991577e-10   0.000000e+00   2.712318e-12   7506
  2.233965e+01   2.466446e-10   6.679710e-03   1.800756e-12   11192
  2.236176e+01   2.524352e-10   0.000000e+00   2.447745e-12   6156
  2.238413e+01   2.107648e-10   5.279928e-03   1.638079e-12   9722
  2.240631e+01   2.134641e-10   7.769558e-03   2.399850e-12   5000
  2.242862e+01   1.804862e-10   5.809028e-03   1.491765e-12   8298
  2.245087e+01   1.768942e-10   8.313462e-03   2.206898e-12   3996
  2.247305e+01   1.501820e-10   7.001358e-03   1.408435e-12   6938
  2.249543e+01   1.321843e-10   0.000000e+00   1.870298e-12   3168
  2.251741e+01   1.220542e-10   0.000000e+00   1.236697e-12   5624
  2.253987e+01   1.089312e-10   0.000000e+00   1.631168e-12   2502
  2.256175e+01   9.833327e-11   1.378805e-02   1.173378e-12   4424
  2.258427e+01   8.402853e-11   0.000000e+00   1.444073e-12   1938
  2.260612e+01   7.501876e-11   9.433326e-03   1.001748e-12   3368
  2.262871e+01   6.520418e-11   0.000000e+00   1.346444e-12   1446
  2.265053e+01   5.480049e-11   1.267808e-02   8.431425e-13   2456
  2.267320e+01   4.861474e-11   0.000000e+00   1.195363e-12   1026
  2.269495e+01   3.951366e-11   9.015264e-03   7.568650e-13   1688
  2.271774e+01   3.026512e-11   0.000000e+00   9.455010e-13   678
  2.273938e+01   2.523664e-11   0.000000e+00   5.802928e-13   1064
  2.276231e+01   1.817548e-11   0.000000e+00   7.459051e-13   402
  2.278376e+01   1.423539e-11   2.015208e-03   4.559905e-13   584
  2.280694e+01   9.510243e-12   4.408074e-03   4.486791e-13   198
  2.282795e+01   5.911405e-12   0.000000e+00   3.118136e-13   248
  2.285161e+01   2.529029e-12   0.000000e+00   2.372595e-13   66
  2.287130e+01   1.227802e-12   0.000000e+00   1.281612e-13   56
  2.289631e+01   2.720601e-13   3.876694e-03   3.387394e-14   6
