# power spectrum of delta
# redshift z=0.232200
# k              Pk             sigma(k)       sigma(Pk)      count
  3.296984e-02   2.160107e-02   5.044698e-03   2.224571e-03   18
  5.763401e-02   8.058567e-02   6.101518e-03   4.139357e-03   62
  8.021500e-02   1.684364e-01   4.220981e-03   7.122605e-03   90
  1.015929e-01   2.155490e-01   6.661592e-03   8.148070e-03   170
  1.238408e-01   2.850327e-01   6.924022e-03   1.229261e-02   246
  1.455653e-01   4.104295e-01   6.601001e-03   0.000000e+00   338
  1.670045e-01   5.052741e-01   5.675008e-03   0.000000e+00   432
  1.890860e-01   6.276546e-01   5.814033e-03   0.000000e+00   578
  2.126531e-01   7.284307e-01   6.950299e-03   0.000000e+00   810
  2.364171e-01   8.370998e-01   6.650931e-03   0.000000e+00   950
  2.584110e-01   1.052164e+00   5.937311e-03   0.000000e+00   1002
  2.804014e-01   1.191198e+00   6.790366e-03   0.000000e+00   1334
  3.026544e-01   1.442461e+00   6.359237e-03   0.000000e+00   1410
  3.238383e-01   1.560045e+00   6.353415e-03   0.000000e+00   1652
  3.459805e-01   1.761802e+00   6.270062e-03   0.000000e+00   1974
  3.687015e-01   1.874739e+00   6.145597e-03   0.000000e+00   2234
  3.914852e-01   2.173776e+00   6.465304e-03   0.000000e+00   2554
  4.146404e-01   2.255950e+00   6.766617e-03   0.000000e+00   2950
  4.373171e-01   2.592974e+00   6.333753e-03   0.000000e+00   3042
  4.593379e-01   2.758408e+00   6.459188e-03   0.000000e+00   3422
  4.812041e-01   2.905359e+00   6.233806e-03   0.000000e+00   3618
  5.032209e-01   3.348588e+00   6.489853e-03   0.000000e+00   4172
  5.256126e-01   3.662090e+00   6.278215e-03   0.000000e+00   4470
  5.481222e-01   4.070777e+00   6.415795e-03   0.000000e+00   4970
  5.707131e-01   4.414792e+00   6.445533e-03   0.000000e+00   5334
  5.933173e-01   4.736175e+00   6.620458e-03   0.000000e+00   5810
  6.156523e-01   5.105312e+00   6.578023e-03   0.000000e+00   6114
  6.381341e-01   5.417496e+00   6.702829e-03   0.000000e+00   6782
  6.600508e-01   5.766351e+00   6.114761e-03   0.000000e+00   6684
  6.817733e-01   6.173786e+00   6.320015e-03   0.000000e+00   7574
  7.042989e-01   6.731835e+00   6.383283e-03   0.000000e+00   8154
  7.267523e-01   7.060239e+00   6.350446e-03   0.000000e+00   8618
  7.495802e-01   7.358498e+00   6.655359e-03   0.000000e+00   9494
  7.721958e-01   7.795744e+00   6.420657e-03   0.000000e+00   9618
  7.945082e-01   8.369700e+00   6.522732e-03   0.000000e+00   10306
  8.169314e-01   8.798227e+00   6.582267e-03   0.000000e+00   10942
  8.392838e-01   9.328891e+00   6.426710e-03   0.000000e+00   11452
  8.616156e-01   1.002164e+01   6.314015e-03   0.000000e+00   12046
  8.837539e-01   1.024582e+01   6.203919e-03   0.000000e+00   12522
  9.061496e-01   1.080326e+01   6.484290e-03   0.000000e+00   13562
  9.287321e-01   1.127862e+01   6.598088e-03   0.000000e+00   14182
  9.513437e-01   1.191155e+01   6.662158e-03   0.000000e+00   14986
  9.735647e-01   1.215104e+01   6.336365e-03   0.000000e+00   14982
  9.957420e-01   1.288512e+01   6.586886e-03   0.000000e+00   16388
  1.018091e+00   1.361049e+01   6.328859e-03   0.000000e+00   16626
  1.040289e+00   1.424011e+01   6.420279e-03   0.000000e+00   17678
  1.062665e+00   1.512732e+01   6.320822e-03   0.000000e+00   18354
  1.084952e+00   1.536564e+01   6.374281e-03   0.000000e+00   19034
  1.107316e+00   1.627219e+01   6.533602e-03   0.000000e+00   20142
  1.130052e+00   1.664712e+01   6.683525e-03   0.000000e+00   21386
  1.152535e+00   1.735274e+01   6.399747e-03   0.000000e+00   21318
  1.174826e+00   1.818184e+01   6.466397e-03   0.000000e+00   22676
  1.197287e+00   1.818697e+01   6.400053e-03   0.000000e+00   23322
  1.219569e+00   1.895642e+01   6.320268e-03   0.000000e+00   24134
  1.241897e+00   1.975978e+01   6.431744e-03   0.000000e+00   25146
  1.264263e+00   2.046953e+01   6.401452e-03   0.000000e+00   26030
  1.286511e+00   2.149707e+01   6.436689e-03   0.000000e+00   26674
  1.309005e+00   2.208434e+01   6.617025e-03   0.000000e+00   28570
  1.331328e+00   2.276284e+01   6.394995e-03   0.000000e+00   28224
  1.353730e+00   2.325489e+01   6.612954e-03   0.000000e+00   30626
  1.376139e+00   2.414904e+01   6.188716e-03   0.000000e+00   30158
  1.398198e+00   2.475180e+01   6.341847e-03   0.000000e+00   31674
  1.420633e+00   2.540307e+01   6.552335e-03   0.000000e+00   33306
  1.442956e+00   2.587684e+01   6.347056e-03   0.000000e+00   33422
  1.465264e+00   2.706051e+01   6.513108e-03   0.000000e+00   35298
  1.487916e+00   2.742089e+01   6.516416e-03   0.000000e+00   36650
  1.510372e+00   2.863624e+01   6.454814e-03   0.000000e+00   36992
  1.532811e+00   2.877483e+01   6.513536e-03   0.000000e+00   38730
  1.555258e+00   2.984782e+01   6.353885e-03   0.000000e+00   39246
  1.577568e+00   3.040075e+01   6.455390e-03   0.000000e+00   40466
  1.599767e+00   3.119894e+01   6.293773e-03   0.000000e+00   41170
  1.622137e+00   3.185589e+01   6.567546e-03   0.000000e+00   43534
  1.644564e+00   3.236563e+01   6.325250e-03   0.000000e+00   43650
  1.666806e+00   3.337949e+01   6.402960e-03   0.000000e+00   45272
  1.689341e+00   3.375631e+01   6.516762e-03   0.000000e+00   47098
  1.711828e+00   3.449219e+01   6.404451e-03   0.000000e+00   47746
  1.734150e+00   3.493559e+01   6.444169e-03   0.000000e+00   48870
  1.756360e+00   3.629300e+01   6.286874e-03   0.000000e+00   49682
  1.778525e+00   3.704292e+01   6.326647e-03   0.000000e+00   51222
  1.800935e+00   3.782950e+01   6.557316e-03   0.000000e+00   53378
  1.823276e+00   3.826653e+01   6.301611e-03   0.000000e+00   53634
  1.845811e+00   3.930719e+01   6.634337e-03   0.000000e+00   56888
  1.868406e+00   3.981801e+01   6.395733e-03   0.000000e+00   56650
  1.890835e+00   4.073217e+01   6.537955e-03   0.000000e+00   58786
  1.913211e+00   4.101289e+01   6.361015e-03   0.000000e+00   59214
  1.935520e+00   4.196584e+01   6.586702e-03   0.000000e+00   61250
  1.957781e+00   4.255406e+01   6.392870e-03   0.000000e+00   61686
  1.979969e+00   4.333672e+01   6.414087e-03   0.000000e+00   63626
  2.002425e+00   4.376427e+01   6.533519e-03   0.000000e+00   66204
  2.024979e+00   4.450274e+01   6.549144e-03   0.000000e+00   67094
  2.047324e+00   4.571725e+01   6.403473e-03   0.000000e+00   67890
  2.069704e+00   4.613410e+01   6.363893e-03   0.000000e+00   70334
  2.092058e+00   4.705268e+01   6.261740e-03   0.000000e+00   70626
  2.114244e+00   4.771502e+01   6.521481e-03   0.000000e+00   72554
  2.136583e+00   4.822213e+01   6.543186e-03   0.000000e+00   74550
  2.158931e+00   4.863760e+01   6.418309e-03   0.000000e+00   75674
  2.181263e+00   4.938658e+01   6.374257e-03   0.000000e+00   77564
  2.203870e+00   4.974775e+01   6.555676e-03   0.000000e+00   80766
  2.226373e+00   5.059023e+01   6.321106e-03   0.000000e+00   80202
  2.248753e+00   5.119438e+01   6.417816e-03   0.000000e+00   83102
  2.271187e+00   5.205875e+01   6.446404e-03   0.000000e+00   83890
  2.293506e+00   5.309931e+01   6.479320e-03   0.000000e+00   85522
  2.315740e+00   5.331097e+01   6.286742e-03   0.000000e+00   86670
  2.338062e+00   5.412189e+01   6.387814e-03   0.000000e+00   89588
  2.360532e+00   5.469913e+01   6.556601e-03   0.000000e+00   91038
  2.382934e+00   5.517211e+01   6.400576e-03   0.000000e+00   92522
  2.405285e+00   5.608050e+01   6.335531e-03   0.000000e+00   94242
  2.427820e+00   5.660600e+01   6.570514e-03   0.000000e+00   97550
  2.450162e+00   5.737383e+01   6.600388e-03   0.000000e+00   96250
  2.472297e+00   5.759091e+01   6.503870e-03   0.000000e+00   99166
  2.494559e+00   5.880492e+01   6.296719e-03   0.000000e+00   100932
  2.516987e+00   5.903764e+01   6.590075e-03   0.000000e+00   104306
  2.539456e+00   5.935325e+01   6.528307e-03   0.000000e+00   104990
  2.561902e+00   6.027387e+01   6.304007e-03   0.000000e+00   107874
  2.584334e+00   6.109604e+01   5.965259e-03   0.000000e+00   108322
  2.606698e+00   6.144237e+01   5.813438e-03   0.000000e+00   111454
  2.629068e+00   6.186294e+01   6.335760e-03   0.000000e+00   112002
  2.651317e+00   6.242817e+01   6.410989e-03   0.000000e+00   114158
  2.673611e+00   6.266805e+01   6.286844e-03   0.000000e+00   116148
  2.695991e+00   6.377262e+01   6.537826e-03   0.000000e+00   118754
  2.718416e+00   6.420190e+01   6.575794e-03   0.000000e+00   120942
  2.740900e+00   6.468937e+01   6.342240e-03   0.000000e+00   123170
  2.763262e+00   6.536902e+01   6.650969e-03   0.000000e+00   123638
  2.785600e+00   6.579401e+01   6.153599e-03   0.000000e+00   126858
  2.807914e+00   6.606521e+01   6.469362e-03   0.000000e+00   127698
  2.830202e+00   6.692792e+01   6.499720e-03   0.000000e+00   130640
  2.852586e+00   6.765331e+01   6.438107e-03   0.000000e+00   132642
  2.874952e+00   6.777128e+01   6.352714e-03   0.000000e+00   134534
  2.897404e+00   6.879434e+01   6.450292e-03   0.000000e+00   137954
  2.919986e+00   6.882832e+01   6.404556e-03   0.000000e+00   140610
  2.942360e+00   6.974358e+01   6.521873e-03   0.000000e+00   139590
  2.964634e+00   7.035319e+01   6.591979e-03   0.000000e+00   143546
  2.987021e+00   7.062717e+01   6.217266e-03   0.000000e+00   145338
  3.009339e+00   7.060360e+01   6.480654e-03   0.000000e+00   147272
  3.031731e+00   7.128912e+01   6.564942e-03   0.000000e+00   150434
  3.054162e+00   7.121539e+01   6.277015e-03   0.000000e+00   152214
  3.076475e+00   7.225034e+01   6.504696e-03   0.000000e+00   153186
  3.098915e+00   7.272744e+01   6.609780e-03   0.000000e+00   158642
  3.121323e+00   7.331640e+01   6.021968e-03   0.000000e+00   157350
  3.143640e+00   7.382033e+01   6.436672e-03   0.000000e+00   161906
  3.165888e+00   7.457695e+01   6.311708e-03   0.000000e+00   160824
  3.188240e+00   7.500318e+01   6.985667e-03   0.000000e+00   167906
  3.210725e+00   7.501252e+01   6.372774e-03   0.000000e+00   167578
  3.233024e+00   7.612498e+01   6.370745e-03   0.000000e+00   169798
  3.255417e+00   7.666782e+01   6.490887e-03   0.000000e+00   173586
  3.277853e+00   7.652736e+01   6.621414e-03   0.000000e+00   175274
  3.300233e+00   7.668499e+01   6.588123e-03   0.000000e+00   177654
  3.322649e+00   7.746644e+01   6.519121e-03   0.000000e+00   180698
  3.345071e+00   7.773741e+01   6.410851e-03   0.000000e+00   182680
  3.367431e+00   7.807654e+01   6.797950e-03   0.000000e+00   184138
  3.389748e+00   7.872353e+01   6.423517e-03   0.000000e+00   187138
  3.412184e+00   7.914469e+01   6.414025e-03   0.000000e+00   191134
  3.434561e+00   7.916995e+01   6.470581e-03   0.000000e+00   191010
  3.456874e+00   7.977193e+01   5.539857e-03   0.000000e+00   195134
  3.479180e+00   8.023023e+01   6.600104e-03   0.000000e+00   195810
  3.501526e+00   8.044846e+01   6.608369e-03   0.000000e+00   201140
  3.523888e+00   8.076078e+01   6.711381e-03   0.000000e+00   201054
  3.546202e+00   8.125024e+01   6.462105e-03   0.000000e+00   205250
  3.568580e+00   8.182580e+01   6.100936e-03   0.000000e+00   207366
  3.590958e+00   8.183368e+01   6.985273e-03   0.000000e+00   210578
  3.613360e+00   8.204881e+01   6.324005e-03   0.000000e+00   213066
  3.635836e+00   8.289187e+01   6.641688e-03   0.000000e+00   217382
  3.658206e+00   8.266317e+01   6.395760e-03   0.000000e+00   216306
  3.680475e+00   8.357755e+01   6.372599e-03   0.000000e+00   220652
  3.702896e+00   8.341589e+01   6.668047e-03   0.000000e+00   224622
  3.725362e+00   8.428390e+01   5.779893e-03   0.000000e+00   227066
  3.747752e+00   8.404738e+01   6.261135e-03   0.000000e+00   228574
  3.770100e+00   8.476923e+01   5.554436e-03   0.000000e+00   231466
  3.792430e+00   8.487963e+01   6.260163e-03   0.000000e+00   233946
  3.814844e+00   8.575905e+01   6.875536e-03   0.000000e+00   238694
  3.837178e+00   8.556219e+01   6.618711e-03   0.000000e+00   238068
  3.859525e+00   8.616092e+01   6.500634e-03   0.000000e+00   244190
  3.881972e+00   8.615369e+01   6.313782e-03   0.000000e+00   245634
  3.904316e+00   8.697763e+01   6.828267e-03   0.000000e+00   248090
  3.926693e+00   8.683925e+01   6.285490e-03   0.000000e+00   251958
  3.949081e+00   8.690698e+01   6.697987e-03   0.000000e+00   254042
  3.971388e+00   8.744808e+01   6.287961e-03   0.000000e+00   255714
  3.993796e+00   8.806597e+01   6.839972e-03   0.000000e+00   262358
  4.016214e+00   8.797749e+01   6.117500e-03   0.000000e+00   261900
  4.038662e+00   8.807758e+01   6.584667e-03   0.000000e+00   268646
  4.061015e+00   8.848347e+01   6.290873e-03   0.000000e+00   265578
  4.083321e+00   8.856579e+01   6.291309e-03   0.000000e+00   273290
  4.105698e+00   8.924179e+01   6.399247e-03   0.000000e+00   273678
  4.128093e+00   8.944091e+01   6.692071e-03   0.000000e+00   279698
  4.150495e+00   8.971480e+01   7.452451e-03   0.000000e+00   279630
  4.172783e+00   9.005876e+01   6.028599e-03   0.000000e+00   283004
  4.195181e+00   9.015493e+01   6.070621e-03   0.000000e+00   288330
  4.217593e+00   9.067459e+01   6.485451e-03   0.000000e+00   289718
  4.239927e+00   9.088377e+01   6.458771e-03   0.000000e+00   292290
  4.262196e+00   9.060231e+01   6.225582e-03   0.000000e+00   294134
  4.284546e+00   9.128998e+01   6.323979e-03   0.000000e+00   300642
  4.306999e+00   9.112579e+01   6.747347e-03   0.000000e+00   303386
  4.329363e+00   9.177504e+01   7.145389e-03   0.000000e+00   304662
  4.351748e+00   9.163948e+01   6.204824e-03   0.000000e+00   309812
  4.374152e+00   9.216667e+01   6.421729e-03   0.000000e+00   311570
  4.396623e+00   9.257842e+01   6.235243e-03   0.000000e+00   318270
  4.418991e+00   9.202027e+01   6.911024e-03   0.000000e+00   315090
  4.441281e+00   9.278629e+01   6.032844e-03   0.000000e+00   322646
  4.463622e+00   9.293239e+01   6.225975e-03   0.000000e+00   322722
  4.485989e+00   9.305653e+01   6.838770e-03   0.000000e+00   329930
  4.508427e+00   9.312056e+01   6.833970e-03   0.000000e+00   331824
  4.530867e+00   9.331111e+01   6.224704e-03   0.000000e+00   336266
  4.553237e+00   9.395953e+01   6.484485e-03   0.000000e+00   336094
  4.575555e+00   9.407895e+01   6.174049e-03   0.000000e+00   341386
  4.597916e+00   9.400952e+01   6.518276e-03   0.000000e+00   344338
  4.620261e+00   9.405508e+01   6.653916e-03   0.000000e+00   347638
  4.642628e+00   9.424595e+01   6.222642e-03   0.000000e+00   351618
  4.664976e+00   9.411456e+01   6.469335e-03   0.000000e+00   353792
  4.687393e+00   9.459998e+01   6.329688e-03   0.000000e+00   360538
  4.709883e+00   9.505713e+01   6.182432e-03   0.000000e+00   363250
  4.732222e+00   9.530588e+01   6.744958e-03   0.000000e+00   362334
  4.754613e+00   9.512827e+01   5.545243e-03   0.000000e+00   371642
  4.776982e+00   9.538839e+01   6.382925e-03   0.000000e+00   368794
  4.799278e+00   9.527818e+01   6.387716e-03   0.000000e+00   376510
  4.821650e+00   9.574983e+01   6.175606e-03   0.000000e+00   377994
  4.843996e+00   9.561497e+01   6.315711e-03   0.000000e+00   382760
  4.866396e+00   9.579471e+01   7.117109e-03   0.000000e+00   386674
  4.888807e+00   9.587714e+01   6.409886e-03   0.000000e+00   390298
  4.911191e+00   9.621491e+01   6.813593e-03   0.000000e+00   393142
  4.933591e+00   9.628693e+01   6.501083e-03   0.000000e+00   397762
  4.955871e+00   9.646677e+01   6.245542e-03   0.000000e+00   396270
  4.978166e+00   9.670047e+01   6.496904e-03   0.000000e+00   405194
  5.000562e+00   9.640258e+01   5.919945e-03   0.000000e+00   407580
  5.022943e+00   9.651784e+01   6.908258e-03   0.000000e+00   411782
  5.045306e+00   9.698430e+01   6.216883e-03   0.000000e+00   414114
  5.067735e+00   9.667191e+01   6.713185e-03   0.000000e+00   421562
  5.090174e+00   9.669141e+01   6.517221e-03   0.000000e+00   421910
  5.112574e+00   9.745634e+01   6.197409e-03   0.000000e+00   427818
  5.134974e+00   9.745033e+01   7.260805e-03   0.000000e+00   429430
  5.157303e+00   9.739082e+01   6.809277e-03   0.000000e+00   432322
  5.179645e+00   9.716397e+01   5.417698e-03   0.000000e+00   437428
  5.202002e+00   9.698888e+01   5.452295e-03   0.000000e+00   440590
  5.224403e+00   9.714009e+01   6.462272e-03   0.000000e+00   446770
  5.246845e+00   9.735014e+01   6.090732e-03   0.000000e+00   449782
  5.269175e+00   9.757545e+01   6.553056e-03   0.000000e+00   449706
  5.291511e+00   9.802319e+01   6.515837e-03   0.000000e+00   458042
  5.313861e+00   9.789781e+01   6.119020e-03   0.000000e+00   458158
  5.336202e+00   9.799017e+01   6.106022e-03   0.000000e+00   465124
  5.358552e+00   9.753933e+01   6.468032e-03   0.000000e+00   466230
  5.380943e+00   9.772815e+01   6.829184e-03   0.000000e+00   474386
  5.403347e+00   9.835672e+01   6.130252e-03   0.000000e+00   475178
  5.425784e+00   9.803367e+01   6.824504e-03   0.000000e+00   483558
  5.448229e+00   9.868066e+01   5.492436e-03   0.000000e+00   483354
  5.470572e+00   9.802493e+01   5.327068e-03   0.000000e+00   487178
  5.492930e+00   9.820224e+01   6.647150e-03   0.000000e+00   492006
  5.515271e+00   9.832776e+01   6.317722e-03   0.000000e+00   494852
  5.537618e+00   9.824644e+01   6.304247e-03   0.000000e+00   499502
  5.559996e+00   9.832800e+01   5.824134e-03   0.000000e+00   504618
  5.582394e+00   9.852642e+01   6.996176e-03   0.000000e+00   508506
  5.604824e+00   9.838179e+01   7.043389e-03   0.000000e+00   514406
  5.627193e+00   9.836153e+01   5.909523e-03   0.000000e+00   514026
  5.649494e+00   9.853924e+01   6.739378e-03   0.000000e+00   519230
  5.671805e+00   9.829205e+01   6.102049e-03   0.000000e+00   522620
  5.694158e+00   9.833886e+01   6.333388e-03   0.000000e+00   529458
  5.716574e+00   9.849234e+01   6.621455e-03   0.000000e+00   534078
  5.738967e+00   9.832619e+01   6.761308e-03   0.000000e+00   536666
  5.761303e+00   9.827346e+01   6.553976e-03   0.000000e+00   539270
  5.783741e+00   9.866132e+01   6.336699e-03   0.000000e+00   550530
  5.806191e+00   9.885724e+01   6.982104e-03   0.000000e+00   548474
  5.828530e+00   9.835206e+01   6.529975e-03   0.000000e+00   553518
  5.850854e+00   9.858672e+01   6.732624e-03   0.000000e+00   556116
  5.873250e+00   9.828500e+01   6.074733e-03   0.000000e+00   564890
  5.895607e+00   9.835391e+01   6.326648e-03   0.000000e+00   563718
  5.917987e+00   9.853410e+01   6.433256e-03   0.000000e+00   574298
  5.940398e+00   9.824945e+01   7.641482e-03   0.000000e+00   573966
  5.962766e+00   9.825661e+01   6.068721e-03   0.000000e+00   580586
  5.985126e+00   9.843039e+01   6.563206e-03   0.000000e+00   582666
  6.007511e+00   9.848190e+01   6.606642e-03   0.000000e+00   590648
  6.029891e+00   9.828654e+01   6.303924e-03   0.000000e+00   590578
  6.052199e+00   9.857568e+01   7.078407e-03   0.000000e+00   595990
  6.074561e+00   9.845332e+01   6.201502e-03   0.000000e+00   601778
  6.096961e+00   9.838564e+01   6.997902e-03   0.000000e+00   607578
  6.119373e+00   9.799829e+01   6.722837e-03   0.000000e+00   611294
  6.141771e+00   9.821214e+01   6.697770e-03   0.000000e+00   615498
  6.164114e+00   9.823613e+01   6.454104e-03   0.000000e+00   617274
  6.186486e+00   9.795568e+01   6.012670e-03   0.000000e+00   626360
  6.208872e+00   9.814569e+01   5.771004e-03   0.000000e+00   626658
  6.231231e+00   9.807694e+01   6.191697e-03   0.000000e+00   634022
  6.253568e+00   9.792312e+01   6.161775e-03   0.000000e+00   634554
  6.275945e+00   9.777989e+01   5.209721e-03   0.000000e+00   645026
  6.298332e+00   9.806973e+01   6.634563e-03   0.000000e+00   645182
  6.320704e+00   9.809974e+01   6.580459e-03   0.000000e+00   652938
  6.343072e+00   9.795815e+01   7.401114e-03   0.000000e+00   654336
  6.365469e+00   9.792487e+01   6.726539e-03   0.000000e+00   663242
  6.387867e+00   9.770718e+01   5.460901e-03   0.000000e+00   664002
  6.410200e+00   9.754408e+01   7.437274e-03   0.000000e+00   668990
  6.432560e+00   9.761342e+01   6.038904e-03   0.000000e+00   674554
  6.454898e+00   9.755317e+01   6.625449e-03   0.000000e+00   677158
  6.477291e+00   9.766541e+01   6.644340e-03   0.000000e+00   687306
  6.499736e+00   9.744835e+01   6.401077e-03   0.000000e+00   690290
  6.522108e+00   9.737003e+01   6.017201e-03   0.000000e+00   691992
  6.544509e+00   9.734094e+01   7.332766e-03   0.000000e+00   701402
  6.566900e+00   9.725783e+01   6.915998e-03   0.000000e+00   700826
  6.589250e+00   9.707740e+01   6.173788e-03   0.000000e+00   708726
  6.611621e+00   9.711075e+01   6.696841e-03   0.000000e+00   711690
  6.634006e+00   9.734711e+01   7.581469e-03   0.000000e+00   719606
  6.656343e+00   9.678124e+01   6.518462e-03   0.000000e+00   717810
  6.678695e+00   9.679823e+01   5.824456e-03   0.000000e+00   730412
  6.701111e+00   9.687018e+01   7.024063e-03   0.000000e+00   731782
  6.723530e+00   9.672761e+01   6.873062e-03   0.000000e+00   740458
  6.745892e+00   9.675356e+01   6.707712e-03   0.000000e+00   737494
  6.768211e+00   9.649693e+01   5.711584e-03   0.000000e+00   747298
  6.790586e+00   9.647710e+01   5.797439e-03   0.000000e+00   751762
  6.812938e+00   9.634393e+01   6.587799e-03   0.000000e+00   755470
  6.835285e+00   9.665520e+01   6.782773e-03   0.000000e+00   761442
  6.857716e+00   9.634915e+01   6.588568e-03   0.000000e+00   770816
  6.880117e+00   9.614994e+01   5.652850e-03   0.000000e+00   769242
  6.902527e+00   9.613612e+01   6.239547e-03   0.000000e+00   782162
  6.924881e+00   9.588501e+01   8.782234e-03   0.000000e+00   775230
  6.947207e+00   9.611735e+01   5.594527e-03   0.000000e+00   789866
  6.969568e+00   9.590466e+01   5.557620e-03   0.000000e+00   787938
  6.991917e+00   9.589063e+01   5.338172e-03   0.000000e+00   799574
  7.014332e+00   9.543832e+01   7.386050e-03   0.000000e+00   803028
  7.036695e+00   9.562163e+01   6.437138e-03   0.000000e+00   805574
  7.059047e+00   9.523410e+01   7.058294e-03   0.000000e+00   812034
  7.081459e+00   9.548491e+01   7.423816e-03   0.000000e+00   820970
  7.103857e+00   9.505216e+01   6.493729e-03   0.000000e+00   821174
  7.126168e+00   9.504658e+01   6.534116e-03   0.000000e+00   825186
  7.148507e+00   9.502625e+01   7.343106e-03   0.000000e+00   833142
  7.170833e+00   9.486047e+01   6.426859e-03   0.000000e+00   834788
  7.193212e+00   9.457248e+01   7.975005e-03   0.000000e+00   847858
  7.215716e+00   9.458385e+01   6.069835e-03   0.000000e+00   854278
  7.238117e+00   9.435831e+01   5.404737e-03   0.000000e+00   850914
  7.260454e+00   9.434695e+01   5.188640e-03   0.000000e+00   859250
  7.282849e+00   9.412733e+01   6.549415e-03   0.000000e+00   867126
  7.305227e+00   9.394465e+01   6.975429e-03   0.000000e+00   868274
  7.327553e+00   9.408264e+01   7.289624e-03   0.000000e+00   873606
  7.349886e+00   9.380234e+01   4.807666e-03   0.000000e+00   879284
  7.372265e+00   9.378834e+01   7.139256e-03   0.000000e+00   887666
  7.394722e+00   9.358154e+01   7.443262e-03   0.000000e+00   897030
  7.417135e+00   9.336974e+01   6.073920e-03   0.000000e+00   894378
  7.439489e+00   9.320303e+01   6.502339e-03   0.000000e+00   903254
  7.461834e+00   9.316840e+01   6.956502e-03   0.000000e+00   904562
  7.484170e+00   9.312920e+01   5.977298e-03   0.000000e+00   913362
  7.506501e+00   9.279880e+01   4.866801e-03   0.000000e+00   915592
  7.528884e+00   9.284459e+01   7.254192e-03   0.000000e+00   927946
  7.551264e+00   9.259927e+01   8.112907e-03   0.000000e+00   926094
  7.573690e+00   9.240269e+01   6.289273e-03   0.000000e+00   942890
  7.596112e+00   9.248042e+01   6.795893e-03   0.000000e+00   937266
  7.618472e+00   9.235957e+01   5.921230e-03   0.000000e+00   948854
  7.640841e+00   9.213581e+01   5.198272e-03   0.000000e+00   948714
  7.663162e+00   9.218655e+01   5.786033e-03   0.000000e+00   956186
  7.685531e+00   9.174392e+01   6.497757e-03   0.000000e+00   964272
  7.707929e+00   9.173702e+01   6.522888e-03   0.000000e+00   969458
  7.730305e+00   9.153488e+01   5.304361e-03   0.000000e+00   973358
  7.752696e+00   9.157166e+01   7.161241e-03   0.000000e+00   982098
  7.775064e+00   9.106757e+01   5.938413e-03   0.000000e+00   983178
  7.797465e+00   9.119797e+01   7.862531e-03   0.000000e+00   996350
  7.819856e+00   9.071078e+01   5.853734e-03   0.000000e+00   993530
  7.842135e+00   9.068018e+01   6.935777e-03   0.000000e+00   997848
  7.864479e+00   9.070347e+01   6.788019e-03   0.000000e+00   1010106
  7.886888e+00   9.063987e+01   6.869699e-03   0.000000e+00   1015730
  7.909266e+00   9.042521e+01   6.616231e-03   0.000000e+00   1018710
  7.931688e+00   9.028819e+01   6.684002e-03   0.000000e+00   1031282
  7.954076e+00   9.023334e+01   6.406906e-03   0.000000e+00   1027122
  7.976427e+00   8.963625e+01   6.472928e-03   0.000000e+00   1039838
  7.998792e+00   8.958614e+01   7.163724e-03   0.000000e+00   1039898
  8.021140e+00   8.950037e+01   6.974303e-03   0.000000e+00   1050288
  8.043503e+00   8.911626e+01   6.778861e-03   0.000000e+00   1052226
  8.065877e+00   8.931269e+01   4.581689e-03   0.000000e+00   1062746
  8.088279e+00   8.894277e+01   6.059473e-03   0.000000e+00   1067438
  8.110673e+00   8.884555e+01   5.988334e-03   0.000000e+00   1073730
  8.133054e+00   8.894278e+01   7.537490e-03   0.000000e+00   1078230
  8.155441e+00   8.836231e+01   6.039071e-03   0.000000e+00   1085594
  8.177780e+00   8.849475e+01   5.217243e-03   0.000000e+00   1086124
  8.200161e+00   8.805913e+01   6.643525e-03   0.000000e+00   1101310
  8.222544e+00   8.785536e+01   7.350092e-03   0.000000e+00   1098282
  8.244897e+00   8.798313e+01   4.450530e-03   0.000000e+00   1109918
  8.267297e+00   8.801748e+01   6.211150e-03   0.000000e+00   1114962
  8.289698e+00   8.757123e+01   6.923168e-03   0.000000e+00   1122962
  8.312092e+00   8.755118e+01   0.000000e+00   0.000000e+00   1125822
  8.334456e+00   8.725396e+01   6.813936e-03   0.000000e+00   1132538
  8.356797e+00   8.711668e+01   7.013212e-03   0.000000e+00   1135164
  8.379146e+00   8.704079e+01   7.308057e-03   0.000000e+00   1145654
  8.401546e+00   8.690322e+01   4.870087e-03   0.000000e+00   1152666
  8.423940e+00   8.655466e+01   6.418045e-03   0.000000e+00   1157078
  8.446300e+00   8.653245e+01   7.279072e-03   0.000000e+00   1161522
  8.468697e+00   8.634428e+01   6.828598e-03   0.000000e+00   1173050
  8.491063e+00   8.588950e+01   6.524997e-03   0.000000e+00   1171518
  8.513415e+00   8.613855e+01   7.912040e-03   0.000000e+00   1183772
  8.535748e+00   8.579259e+01   6.876875e-03   0.000000e+00   1181262
  8.558078e+00   8.581044e+01   5.957384e-03   0.000000e+00   1195490
  8.580480e+00   8.523046e+01   5.560428e-03   0.000000e+00   1202010
  8.602872e+00   8.503842e+01   5.818146e-03   0.000000e+00   1207166
  8.625260e+00   8.497816e+01   6.814884e-03   0.000000e+00   1214074
  8.647608e+00   8.466695e+01   6.967278e-03   0.000000e+00   1215334
  8.669982e+00   8.462683e+01   8.354039e-03   0.000000e+00   1229274
  8.692424e+00   8.457934e+01   7.105245e-03   0.000000e+00   1236164
  8.714808e+00   8.433215e+01   5.285896e-03   0.000000e+00   1234942
  8.737151e+00   8.413414e+01   6.288884e-03   0.000000e+00   1244410
  8.759508e+00   8.391994e+01   6.581933e-03   0.000000e+00   1249010
  8.781891e+00   8.364328e+01   7.356257e-03   0.000000e+00   1260702
  8.804253e+00   8.360006e+01   5.935123e-03   0.000000e+00   1259490
  8.826638e+00   8.348632e+01   6.182848e-03   0.000000e+00   1275662
  8.849004e+00   8.328252e+01   3.448750e-03   0.000000e+00   1270164
  8.871392e+00   8.312428e+01   5.396361e-03   0.000000e+00   1291226
  8.893774e+00   8.303611e+01   4.385920e-03   0.000000e+00   1282750
  8.916104e+00   8.271669e+01   6.377193e-03   0.000000e+00   1298146
  8.938493e+00   8.235485e+01   5.501775e-03   0.000000e+00   1301646
  8.960864e+00   8.235853e+01   5.941955e-03   0.000000e+00   1309898
  8.983253e+00   8.226404e+01   4.766463e-03   0.000000e+00   1317010
  9.005646e+00   8.207430e+01   6.716190e-03   0.000000e+00   1323814
  9.028017e+00   8.200333e+01   4.948370e-03   0.000000e+00   1326732
  9.050376e+00   8.175522e+01   7.361075e-03   0.000000e+00   1335434
  9.072794e+00   8.155650e+01   8.454463e-03   0.000000e+00   1347902
  9.095185e+00   8.117607e+01   9.006136e-03   0.000000e+00   1344786
  9.117492e+00   8.117396e+01   4.166589e-03   0.000000e+00   1351222
  9.139861e+00   8.098257e+01   5.852681e-03   0.000000e+00   1365322
  9.162264e+00   8.068423e+01   7.480217e-03   0.000000e+00   1369002
  9.184645e+00   8.058074e+01   6.629027e-03   0.000000e+00   1376456
  9.207010e+00   8.031281e+01   5.489623e-03   0.000000e+00   1379362
  9.229387e+00   8.024664e+01   7.067682e-03   0.000000e+00   1392262
  9.251770e+00   7.997519e+01   6.432677e-03   0.000000e+00   1392546
  9.274121e+00   7.992649e+01   7.080772e-03   0.000000e+00   1402754
  9.296491e+00   7.952881e+01   7.907522e-03   0.000000e+00   1408470
  9.318858e+00   7.936729e+01   3.282049e-03   0.000000e+00   1415450
  9.341178e+00   7.931706e+01   6.393235e-03   0.000000e+00   1416504
  9.363608e+00   7.904157e+01   6.605893e-03   0.000000e+00   1442354
  9.386041e+00   7.897556e+01   7.605363e-03   0.000000e+00   1431202
  9.408387e+00   7.876318e+01   6.355801e-03   0.000000e+00   1445038
  9.430740e+00   7.850010e+01   5.588520e-03   0.000000e+00   1445322
  9.453125e+00   7.825574e+01   6.108612e-03   0.000000e+00   1462778
  9.475509e+00   7.805341e+01   7.142984e-03   0.000000e+00   1459590
  9.497849e+00   7.790624e+01   6.900208e-03   0.000000e+00   1471226
  9.520244e+00   7.763120e+01   4.990229e-03   0.000000e+00   1480136
  9.542652e+00   7.743790e+01   6.632033e-03   0.000000e+00   1486530
  9.565023e+00   7.729328e+01   7.404501e-03   0.000000e+00   1488898
  9.587391e+00   7.726208e+01   5.907482e-03   0.000000e+00   1500838
  9.609784e+00   7.687057e+01   4.121271e-03   0.000000e+00   1505906
  9.632115e+00   7.679948e+01   7.598672e-03   0.000000e+00   1507062
  9.654452e+00   7.671958e+01   6.323779e-03   0.000000e+00   1519890
  9.676823e+00   7.635944e+01   7.451519e-03   0.000000e+00   1526516
  9.699240e+00   7.623478e+01   4.767579e-03   0.000000e+00   1540038
  9.721645e+00   7.593940e+01   7.632536e-03   0.000000e+00   1538810
  9.743988e+00   7.572584e+01   5.744895e-03   0.000000e+00   1545574
  9.766381e+00   7.544661e+01   9.997399e-03   0.000000e+00   1560010
  9.788761e+00   7.540099e+01   5.435284e-03   0.000000e+00   1558578
  9.811105e+00   7.524120e+01   6.916536e-03   0.000000e+00   1568990
  9.833441e+00   7.498193e+01   7.404500e-03   0.000000e+00   1571770
  9.855810e+00   7.489693e+01   6.660599e-03   0.000000e+00   1587748
  9.878214e+00   7.466225e+01   5.210975e-03   0.000000e+00   1590966
  9.900618e+00   7.433273e+01   5.415973e-03   0.000000e+00   1602554
  9.922993e+00   7.431974e+01   7.188756e-03   0.000000e+00   1601190
  9.945334e+00   7.422186e+01   7.020966e-03   0.000000e+00   1611722
  9.967674e+00   7.397198e+01   6.360672e-03   0.000000e+00   1616058
  9.990052e+00   7.374113e+01   6.149277e-03   0.000000e+00   1631942
  1.001243e+01   7.338933e+01   5.183289e-03   0.000000e+00   1630980
  1.003478e+01   7.337300e+01   6.755710e-03   0.000000e+00   1641494
  1.005719e+01   7.308196e+01   7.395307e-03   0.000000e+00   1653378
  1.007964e+01   7.287830e+01   7.530711e-03   0.000000e+00   1663730
  1.010201e+01   7.261353e+01   5.044596e-03   0.000000e+00   1656558
  1.012433e+01   7.256590e+01   7.471072e-03   0.000000e+00   1671026
  1.014670e+01   7.238744e+01   7.345419e-03   0.000000e+00   1677818
  1.016906e+01   7.214175e+01   8.042744e-03   0.000000e+00   1685454
  1.019144e+01   7.185874e+01   5.831064e-03   0.000000e+00   1694516
  1.021383e+01   7.172222e+01   5.347819e-03   0.000000e+00   1701342
  1.023621e+01   7.151971e+01   6.241151e-03   0.000000e+00   1709026
  1.025862e+01   7.137942e+01   7.422516e-03   0.000000e+00   1720354
  1.028101e+01   7.115392e+01   6.060127e-03   0.000000e+00   1721470
  1.030340e+01   7.084774e+01   6.563212e-03   0.000000e+00   1735018
  1.032573e+01   7.087011e+01   4.958706e-03   0.000000e+00   1728398
  1.034805e+01   7.055997e+01   7.008926e-03   0.000000e+00   1747116
  1.037043e+01   7.023180e+01   1.972636e-03   0.000000e+00   1753090
  1.039284e+01   7.012511e+01   5.375258e-03   0.000000e+00   1767694
  1.041525e+01   7.005317e+01   7.269972e-03   0.000000e+00   1766490
  1.043764e+01   6.984344e+01   0.000000e+00   0.000000e+00   1780478
  1.046002e+01   6.967966e+01   9.445653e-03   0.000000e+00   1781050
  1.048238e+01   6.936459e+01   5.023303e-03   0.000000e+00   1792018
  1.050472e+01   6.916764e+01   6.682169e-03   0.000000e+00   1794366
  1.052707e+01   6.906221e+01   6.218271e-03   0.000000e+00   1808276
  1.054945e+01   6.889993e+01   6.966119e-03   0.000000e+00   1812522
  1.057184e+01   6.860478e+01   8.062458e-03   0.000000e+00   1827758
  1.059425e+01   6.849071e+01   4.863545e-03   0.000000e+00   1829466
  1.061661e+01   6.827592e+01   7.661153e-03   0.000000e+00   1835534
  1.063894e+01   6.819780e+01   6.451389e-03   0.000000e+00   1840906
  1.066131e+01   6.806284e+01   6.683861e-03   0.000000e+00   1857130
  1.068366e+01   6.765067e+01   5.024418e-03   0.000000e+00   1854264
  1.070601e+01   6.747935e+01   5.504226e-03   0.000000e+00   1871090
  1.072840e+01   6.722335e+01   6.320754e-03   0.000000e+00   1876926
  1.075078e+01   6.722687e+01   6.965963e-03   0.000000e+00   1884530
  1.077315e+01   6.695069e+01   5.738512e-03   0.000000e+00   1891506
  1.079556e+01   6.677776e+01   6.754157e-03   0.000000e+00   1907798
  1.081798e+01   6.663699e+01   8.253892e-03   0.000000e+00   1907378
  1.084033e+01   6.632771e+01   6.619274e-03   0.000000e+00   1912506
  1.086268e+01   6.617076e+01   4.075027e-03   0.000000e+00   1923048
  1.088508e+01   6.607697e+01   7.796332e-03   0.000000e+00   1936730
  1.090746e+01   6.598659e+01   6.214575e-03   0.000000e+00   1936686
  1.092983e+01   6.581113e+01   7.359495e-03   0.000000e+00   1950290
  1.095221e+01   6.547357e+01   2.979201e-03   0.000000e+00   1953002
  1.097460e+01   6.544568e+01   6.442372e-03   0.000000e+00   1969110
  1.099698e+01   6.523011e+01   2.080387e-03   0.000000e+00   1969050
  1.101934e+01   6.499868e+01   6.988840e-03   0.000000e+00   1980392
  1.104171e+01   6.499705e+01   8.399825e-03   0.000000e+00   1984770
  1.106406e+01   6.465824e+01   5.787021e-03   0.000000e+00   1995506
  1.108646e+01   6.456424e+01   7.523497e-03   0.000000e+00   2007806
  1.110884e+01   6.426041e+01   6.574327e-03   0.000000e+00   2010474
  1.113120e+01   6.430955e+01   7.195042e-03   0.000000e+00   2018182
  1.115359e+01   6.403028e+01   6.449668e-03   0.000000e+00   2033554
  1.117593e+01   6.375198e+01   7.574747e-03   0.000000e+00   2026266
  1.119831e+01   6.354773e+01   4.892565e-03   0.000000e+00   2054480
  1.122069e+01   6.348077e+01   5.236993e-03   0.000000e+00   2044770
  1.124303e+01   6.336009e+01   7.600085e-03   0.000000e+00   2062394
  1.126542e+01   6.312829e+01   6.925742e-03   0.000000e+00   2069982
  1.128781e+01   6.301453e+01   8.104215e-03   0.000000e+00   2079434
  1.131018e+01   6.273218e+01   6.872740e-03   0.000000e+00   2083038
  1.133257e+01   6.263417e+01   5.315571e-03   0.000000e+00   2098850
  1.135493e+01   6.247817e+01   6.710848e-03   0.000000e+00   2095436
  1.137730e+01   6.225644e+01   6.945518e-03   0.000000e+00   2117406
  1.139970e+01   6.200698e+01   6.372177e-03   0.000000e+00   2115426
  1.142201e+01   6.195922e+01   6.186547e-03   0.000000e+00   2118878
  1.144437e+01   6.178421e+01   7.053184e-03   0.000000e+00   2140026
  1.146678e+01   6.167745e+01   7.538450e-03   0.000000e+00   2147234
  1.148916e+01   6.147302e+01   6.708483e-03   0.000000e+00   2150662
  1.151153e+01   6.137607e+01   6.158507e-03   0.000000e+00   2159842
  1.153390e+01   6.112724e+01   6.927181e-03   0.000000e+00   2168384
  1.155630e+01   6.098080e+01   8.582346e-03   0.000000e+00   2183178
  1.157869e+01   6.086929e+01   6.455725e-03   0.000000e+00   2184770
  1.160105e+01   6.075555e+01   7.168821e-03   0.000000e+00   2192190
  1.162338e+01   6.046293e+01   7.808793e-03   0.000000e+00   2196242
  1.164577e+01   6.038254e+01   5.518618e-03   0.000000e+00   2220714
  1.166817e+01   6.021515e+01   7.771457e-03   0.000000e+00   2215758
  1.169055e+01   6.019427e+01   7.083424e-03   0.000000e+00   2233988
  1.171293e+01   5.986301e+01   8.664338e-03   0.000000e+00   2231670
  1.173528e+01   5.975570e+01   4.368156e-03   0.000000e+00   2244338
  1.175767e+01   5.953034e+01   5.765335e-03   0.000000e+00   2258610
  1.178006e+01   5.945747e+01   5.605879e-03   0.000000e+00   2260718
  1.180241e+01   5.946624e+01   6.766620e-03   0.000000e+00   2268162
  1.182476e+01   5.908442e+01   6.072202e-03   0.000000e+00   2277494
  1.184712e+01   5.903793e+01   5.533379e-03   0.000000e+00   2288796
  1.186953e+01   5.891621e+01   1.112745e-02   0.000000e+00   2305226
  1.189193e+01   5.863938e+01   5.786550e-03   0.000000e+00   2301630
  1.191431e+01   5.857289e+01   0.000000e+00   0.000000e+00   2319770
  1.193668e+01   5.842436e+01   7.523239e-03   0.000000e+00   2315610
  1.195903e+01   5.831965e+01   6.016399e-03   0.000000e+00   2334662
  1.198139e+01   5.811544e+01   8.891845e-03   0.000000e+00   2335722
  1.200376e+01   5.808843e+01   5.022459e-03   0.000000e+00   2354102
  1.202615e+01   5.794532e+01   7.968771e-03   0.000000e+00   2355236
  1.204854e+01   5.772890e+01   6.896256e-03   0.000000e+00   2374170
  1.207094e+01   5.770929e+01   5.410326e-03   0.000000e+00   2373286
  1.209332e+01   5.746843e+01   8.203816e-03   0.000000e+00   2388010
  1.211567e+01   5.739602e+01   1.210205e-03   0.000000e+00   2383470
  1.213801e+01   5.729476e+01   5.317434e-03   0.000000e+00   2404994
  1.216038e+01   5.705588e+01   4.488550e-03   0.000000e+00   2408642
  1.218273e+01   5.702896e+01   6.703053e-03   0.000000e+00   2417640
  1.220513e+01   5.685046e+01   6.776575e-03   0.000000e+00   2434994
  1.222753e+01   5.671140e+01   7.504534e-03   0.000000e+00   2437998
  1.224992e+01   5.672324e+01   6.455697e-03   0.000000e+00   2448194
  1.227230e+01   5.654424e+01   0.000000e+00   0.000000e+00   2455890
  1.229466e+01   5.637659e+01   3.959834e-03   0.000000e+00   2461526
  1.231702e+01   5.635266e+01   6.994125e-03   0.000000e+00   2474034
  1.233937e+01   5.622184e+01   6.809301e-03   0.000000e+00   2476482
  1.236174e+01   5.617580e+01   5.334701e-03   0.000000e+00   2497256
  1.238415e+01   5.591933e+01   6.874400e-03   0.000000e+00   2502978
  1.240653e+01   5.593103e+01   2.936929e-03   0.000000e+00   2508422
  1.242890e+01   5.573243e+01   7.134903e-03   0.000000e+00   2518482
  1.245129e+01   5.577391e+01   8.925992e-03   0.000000e+00   2532074
  1.247364e+01   5.557546e+01   9.612542e-03   0.000000e+00   2526710
  1.249599e+01   5.546918e+01   7.485766e-03   0.000000e+00   2548986
  1.251836e+01   5.545910e+01   6.449316e-03   0.000000e+00   2551704
  1.254073e+01   5.527108e+01   5.025124e-03   0.000000e+00   2566226
  1.256312e+01   5.527036e+01   5.176729e-03   0.000000e+00   2573898
  1.258552e+01   5.516375e+01   5.547566e-03   0.000000e+00   2589182
  1.260789e+01   5.497378e+01   7.170474e-03   0.000000e+00   2584970
  1.263026e+01   5.501756e+01   5.585714e-03   0.000000e+00   2605110
  1.265264e+01   5.497107e+01   5.110353e-03   0.000000e+00   2606834
  1.267500e+01   5.483539e+01   5.243169e-03   0.000000e+00   2620770
  1.269737e+01   5.468159e+01   7.112870e-03   0.000000e+00   2626560
  1.271973e+01   5.473953e+01   6.877703e-03   0.000000e+00   2636762
  1.274210e+01   5.450443e+01   7.916869e-03   0.000000e+00   2647698
  1.276453e+01   5.463525e+01   6.129063e-03   0.000000e+00   2668166
  1.278693e+01   5.443586e+01   6.236083e-03   0.000000e+00   2660586
  1.280929e+01   5.450937e+01   6.244989e-03   0.000000e+00   2676494
  1.283162e+01   5.426351e+01   7.439815e-03   0.000000e+00   2674306
  1.285397e+01   5.427829e+01   5.248177e-03   0.000000e+00   2696980
  1.287636e+01   5.426638e+01   5.804349e-03   0.000000e+00   2703622
  1.289873e+01   5.419722e+01   8.621022e-03   0.000000e+00   2713186
  1.292110e+01   5.423865e+01   7.973559e-03   0.000000e+00   2718702
  1.294350e+01   5.409695e+01   7.709893e-03   0.000000e+00   2742194
  1.296589e+01   5.407372e+01   0.000000e+00   0.000000e+00   2733162
  1.298826e+01   5.396295e+01   4.608808e-03   0.000000e+00   2757590
  1.301063e+01   5.393659e+01   4.265842e-03   0.000000e+00   2752010
  1.303297e+01   5.395710e+01   8.308346e-03   0.000000e+00   2769036
  1.305536e+01   5.399136e+01   6.442961e-03   0.000000e+00   2783046
  1.307775e+01   5.389480e+01   0.000000e+00   0.000000e+00   2789378
  1.310013e+01   5.392572e+01   9.257901e-03   0.000000e+00   2799582
  1.312253e+01   5.386330e+01   6.659824e-03   0.000000e+00   2811170
  1.314491e+01   5.381493e+01   0.000000e+00   0.000000e+00   2812706
  1.316728e+01   5.389304e+01   6.126403e-03   0.000000e+00   2833254
  1.318964e+01   5.377723e+01   7.777056e-03   0.000000e+00   2827292
  1.321199e+01   5.388422e+01   8.228239e-03   0.000000e+00   2846838
  1.323435e+01   5.375130e+01   6.184919e-03   0.000000e+00   2846535
  1.325671e+01   5.370621e+01   6.917547e-03   0.000000e+00   2848496
  1.327910e+01   5.354211e+01   7.339766e-03   0.000000e+00   2841564
  1.330149e+01   5.338034e+01   8.269126e-03   0.000000e+00   2843000
  1.332387e+01   5.322460e+01   7.865882e-03   0.000000e+00   2826624
  1.334623e+01   5.310197e+01   8.107691e-03   0.000000e+00   2828732
  1.336860e+01   5.292411e+01   4.612442e-03   0.000000e+00   2819560
  1.339098e+01   5.283120e+01   6.061273e-03   0.000000e+00   2819284
  1.341334e+01   5.265831e+01   5.784046e-03   0.000000e+00   2805856
  1.343571e+01   5.249114e+01   7.471872e-03   0.000000e+00   2810440
  1.345809e+01   5.232178e+01   6.612544e-03   0.000000e+00   2800608
  1.348047e+01   5.224152e+01   8.339001e-03   0.000000e+00   2798144
  1.350284e+01   5.204773e+01   7.346272e-03   0.000000e+00   2787376
  1.352522e+01   5.191711e+01   8.218897e-03   0.000000e+00   2790616
  1.354761e+01   5.175268e+01   6.504907e-03   0.000000e+00   2779552
  1.356995e+01   5.167797e+01   7.398508e-03   0.000000e+00   2768452
  1.359230e+01   5.149582e+01   2.309332e-03   0.000000e+00   2771296
  1.361468e+01   5.138077e+01   3.562732e-03   0.000000e+00   2764924
  1.363707e+01   5.124058e+01   3.943531e-03   0.000000e+00   2762264
  1.365948e+01   5.107487e+01   7.918138e-03   0.000000e+00   2760216
  1.368184e+01   5.100719e+01   1.629939e-03   0.000000e+00   2737932
  1.370421e+01   5.081495e+01   8.854789e-03   0.000000e+00   2752280
  1.372659e+01   5.080329e+01   6.886803e-03   0.000000e+00   2728764
  1.374895e+01   5.059315e+01   6.729195e-03   0.000000e+00   2736368
  1.377132e+01   5.047797e+01   5.158587e-03   0.000000e+00   2719920
  1.379370e+01   5.032465e+01   1.003182e-02   0.000000e+00   2727152
  1.381608e+01   5.026751e+01   0.000000e+00   0.000000e+00   2708352
  1.383847e+01   4.999818e+01   0.000000e+00   0.000000e+00   2718584
  1.386084e+01   4.991956e+01   0.000000e+00   0.000000e+00   2694300
  1.388323e+01   4.977815e+01   9.550038e-03   0.000000e+00   2709440
  1.390561e+01   4.965392e+01   2.800465e-03   0.000000e+00   2682108
  1.392794e+01   4.944283e+01   5.008784e-03   0.000000e+00   2684912
  1.395031e+01   4.937397e+01   8.663767e-03   0.000000e+00   2678892
  1.397268e+01   4.926274e+01   6.624439e-03   0.000000e+00   2674748
  1.399506e+01   4.904573e+01   9.746825e-03   0.000000e+00   2670216
  1.401743e+01   4.887676e+01   6.505688e-03   0.000000e+00   2659436
  1.403981e+01   4.882557e+01   5.971116e-03   0.000000e+00   2659752
  1.406222e+01   4.872189e+01   6.640739e-03   0.000000e+00   2654300
  1.408460e+01   4.869230e+01   3.239571e-03   0.000000e+00   2640852
  1.410696e+01   4.845240e+01   5.132901e-03   0.000000e+00   2638124
  1.412931e+01   4.827438e+01   1.032424e-02   0.000000e+00   2628228
  1.415170e+01   4.813786e+01   4.016886e-03   0.000000e+00   2630936
  1.417409e+01   4.807647e+01   9.121244e-03   0.000000e+00   2619032
  1.419645e+01   4.795874e+01   5.542208e-03   0.000000e+00   2610804
  1.421883e+01   4.779538e+01   6.224985e-03   0.000000e+00   2609408
  1.424122e+01   4.768763e+01   8.494587e-03   0.000000e+00   2602764
  1.426357e+01   4.757031e+01   7.059989e-03   0.000000e+00   2588540
  1.428592e+01   4.745116e+01   1.036302e-02   0.000000e+00   2587836
  1.430828e+01   4.727735e+01   8.682011e-03   0.000000e+00   2579100
  1.433064e+01   4.713674e+01   5.092379e-03   0.000000e+00   2574128
  1.435300e+01   4.706609e+01   5.116351e-03   0.000000e+00   2567588
  1.437542e+01   4.688223e+01   8.292454e-03   0.000000e+00   2572956
  1.439781e+01   4.680301e+01   7.367875e-03   0.000000e+00   2550552
  1.442018e+01   4.670073e+01   8.246382e-03   0.000000e+00   2552084
  1.444255e+01   4.651916e+01   5.115537e-03   0.000000e+00   2539404
  1.446493e+01   4.641952e+01   0.000000e+00   0.000000e+00   2541152
  1.448732e+01   4.635223e+01   9.243577e-03   0.000000e+00   2528016
  1.450968e+01   4.612602e+01   6.030608e-03   0.000000e+00   2521496
  1.453206e+01   4.607642e+01   7.302359e-03   0.000000e+00   2518092
  1.455445e+01   4.598100e+01   2.299407e-03   0.000000e+00   2511632
  1.457683e+01   4.581392e+01   0.000000e+00   0.000000e+00   2500140
  1.459919e+01   4.567346e+01   6.452288e-03   0.000000e+00   2496980
  1.462157e+01   4.557019e+01   7.387205e-03   0.000000e+00   2487428
  1.464396e+01   4.543521e+01   7.889858e-03   0.000000e+00   2486496
  1.466632e+01   4.523448e+01   1.185193e-02   0.000000e+00   2469840
  1.468868e+01   4.522383e+01   8.203695e-03   0.000000e+00   2469656
  1.471105e+01   4.510712e+01   2.994284e-03   0.000000e+00   2457036
  1.473344e+01   4.500215e+01   5.503387e-03   0.000000e+00   2462684
  1.475583e+01   4.491578e+01   4.697230e-03   0.000000e+00   2442384
  1.477819e+01   4.473994e+01   5.153097e-03   0.000000e+00   2441696
  1.480056e+01   4.462415e+01   3.046200e-03   0.000000e+00   2431164
  1.482292e+01   4.449883e+01   0.000000e+00   0.000000e+00   2423696
  1.484529e+01   4.438765e+01   9.601895e-03   0.000000e+00   2421336
  1.486769e+01   4.426027e+01   5.941069e-03   0.000000e+00   2412992
  1.489006e+01   4.419431e+01   5.095220e-03   0.000000e+00   2402732
  1.491242e+01   4.405143e+01   8.459688e-03   0.000000e+00   2396124
  1.493479e+01   4.390504e+01   7.191943e-03   0.000000e+00   2388480
  1.495718e+01   4.382206e+01   6.580101e-03   0.000000e+00   2387060
  1.497955e+01   4.359945e+01   6.910757e-03   0.000000e+00   2370268
  1.500189e+01   4.359093e+01   7.805528e-03   0.000000e+00   2363776
  1.502425e+01   4.355133e+01   5.930146e-03   0.000000e+00   2360176
  1.504664e+01   4.329208e+01   6.040598e-03   0.000000e+00   2356360
  1.506902e+01   4.323486e+01   6.268521e-03   0.000000e+00   2343240
  1.509139e+01   4.315735e+01   5.581039e-03   0.000000e+00   2340248
  1.511376e+01   4.294415e+01   6.921742e-03   0.000000e+00   2325000
  1.513614e+01   4.291861e+01   5.432127e-03   0.000000e+00   2328632
  1.515853e+01   4.285078e+01   8.180033e-03   0.000000e+00   2313100
  1.518091e+01   4.268998e+01   7.087877e-03   0.000000e+00   2310892
  1.520328e+01   4.260221e+01   7.940737e-03   0.000000e+00   2295420
  1.522565e+01   4.256285e+01   7.786002e-03   0.000000e+00   2293592
  1.524802e+01   4.239798e+01   6.304724e-03   0.000000e+00   2281400
  1.527043e+01   4.222974e+01   7.728187e-03   0.000000e+00   2285760
  1.529280e+01   4.220196e+01   4.003444e-03   0.000000e+00   2259408
  1.531516e+01   4.210837e+01   0.000000e+00   0.000000e+00   2266808
  1.533755e+01   4.197330e+01   7.695460e-03   0.000000e+00   2249348
  1.535991e+01   4.182340e+01   4.903502e-03   0.000000e+00   2244732
  1.538227e+01   4.177752e+01   9.287732e-03   0.000000e+00   2233908
  1.540464e+01   4.168994e+01   2.993854e-03   0.000000e+00   2231660
  1.542702e+01   4.158246e+01   6.460458e-03   0.000000e+00   2218736
  1.544941e+01   4.140207e+01   4.833923e-03   0.000000e+00   2217984
  1.547180e+01   4.133201e+01   9.426381e-03   0.000000e+00   2203300
  1.549417e+01   4.121618e+01   7.161940e-03   0.000000e+00   2197072
  1.551652e+01   4.113106e+01   0.000000e+00   0.000000e+00   2181992
  1.553888e+01   4.096184e+01   4.995285e-03   0.000000e+00   2183664
  1.556127e+01   4.091688e+01   7.444145e-03   0.000000e+00   2173464
  1.558367e+01   4.082639e+01   0.000000e+00   0.000000e+00   2165396
  1.560603e+01   4.074648e+01   3.494491e-03   0.000000e+00   2152784
  1.562840e+01   4.061283e+01   8.739635e-03   0.000000e+00   2147532
  1.565078e+01   4.052032e+01   2.508573e-03   0.000000e+00   2139588
  1.567318e+01   4.042509e+01   4.532825e-03   0.000000e+00   2135432
  1.569551e+01   4.034141e+01   6.037763e-03   0.000000e+00   2109256
  1.571784e+01   4.024027e+01   6.549690e-03   0.000000e+00   2117296
  1.574024e+01   4.010802e+01   5.001968e-03   0.000000e+00   2106252
  1.576263e+01   4.004751e+01   8.065135e-03   0.000000e+00   2099096
  1.578502e+01   3.995904e+01   8.019719e-03   0.000000e+00   2088384
  1.580739e+01   3.996066e+01   9.053227e-03   0.000000e+00   2078480
  1.582975e+01   3.985009e+01   5.997190e-03   0.000000e+00   2069016
  1.585213e+01   3.975835e+01   4.007260e-03   0.000000e+00   2064836
  1.587452e+01   3.967463e+01   0.000000e+00   0.000000e+00   2055420
  1.589690e+01   3.951739e+01   3.554167e-03   0.000000e+00   2043224
  1.591924e+01   3.948084e+01   8.910095e-03   0.000000e+00   2032260
  1.594163e+01   3.937971e+01   8.505632e-03   0.000000e+00   2034152
  1.596404e+01   3.925104e+01   4.658255e-03   0.000000e+00   2017644
  1.598641e+01   3.910241e+01   1.049194e-02   0.000000e+00   2010284
  1.600876e+01   3.908207e+01   1.200491e-03   0.000000e+00   1996540
  1.603112e+01   3.902680e+01   8.075546e-03   0.000000e+00   1992832
  1.605349e+01   3.889446e+01   9.000398e-03   0.000000e+00   1982400
  1.607585e+01   3.887175e+01   1.708249e-03   0.000000e+00   1972256
  1.609821e+01   3.878233e+01   8.124004e-03   0.000000e+00   1964352
  1.612060e+01   3.869493e+01   6.903577e-03   0.000000e+00   1958576
  1.614298e+01   3.855477e+01   4.669979e-03   0.000000e+00   1946940
  1.616538e+01   3.847502e+01   8.649821e-03   0.000000e+00   1942580
  1.618774e+01   3.844716e+01   1.163970e-02   0.000000e+00   1921740
  1.621010e+01   3.834544e+01   2.648065e-03   0.000000e+00   1923956
  1.623249e+01   3.833479e+01   7.541242e-03   0.000000e+00   1907896
  1.625488e+01   3.829630e+01   9.678605e-03   0.000000e+00   1906888
  1.627725e+01   3.808553e+01   8.661033e-03   0.000000e+00   1886160
  1.629960e+01   3.797655e+01   6.907171e-03   0.000000e+00   1883120
  1.632199e+01   3.798358e+01   2.344460e-03   0.000000e+00   1875140
  1.634438e+01   3.785840e+01   7.319704e-03   0.000000e+00   1865652
  1.636675e+01   3.783009e+01   7.754271e-03   0.000000e+00   1853268
  1.638913e+01   3.777917e+01   6.871555e-03   0.000000e+00   1847180
  1.641148e+01   3.778168e+01   9.448439e-03   0.000000e+00   1829604
  1.643384e+01   3.759033e+01   4.345219e-03   0.000000e+00   1829720
  1.645624e+01   3.754958e+01   8.279799e-03   0.000000e+00   1817184
  1.647861e+01   3.743937e+01   7.219944e-03   0.000000e+00   1806320
  1.650097e+01   3.730871e+01   5.090610e-03   0.000000e+00   1795536
  1.652335e+01   3.732092e+01   7.887565e-03   0.000000e+00   1791548
  1.654575e+01   3.720136e+01   6.481550e-03   0.000000e+00   1777512
  1.656812e+01   3.710919e+01   0.000000e+00   0.000000e+00   1769984
  1.659049e+01   3.711282e+01   8.490951e-03   0.000000e+00   1756248
  1.661285e+01   3.702262e+01   9.426462e-03   0.000000e+00   1749248
  1.663523e+01   3.698077e+01   6.831238e-03   0.000000e+00   1739928
  1.665762e+01   3.691723e+01   7.622048e-03   0.000000e+00   1732148
  1.667999e+01   3.688098e+01   6.641812e-03   0.000000e+00   1716964
  1.670236e+01   3.683358e+01   6.375181e-03   0.000000e+00   1712164
  1.672475e+01   3.680099e+01   9.706203e-03   0.000000e+00   1698332
  1.674713e+01   3.673632e+01   1.006243e-02   0.000000e+00   1694100
  1.676950e+01   3.662089e+01   0.000000e+00   0.000000e+00   1675412
  1.679185e+01   3.649500e+01   8.248551e-03   0.000000e+00   1670436
  1.681420e+01   3.648773e+01   4.711719e-03   0.000000e+00   1655532
  1.683660e+01   3.644651e+01   1.038545e-02   0.000000e+00   1656860
  1.685899e+01   3.650656e+01   3.034979e-03   0.000000e+00   1636484
  1.688137e+01   3.637014e+01   4.069300e-03   0.000000e+00   1633212
  1.690373e+01   3.628281e+01   6.042526e-03   0.000000e+00   1614044
  1.692610e+01   3.616754e+01   4.605527e-03   0.000000e+00   1612980
  1.694848e+01   3.617964e+01   9.091394e-03   0.000000e+00   1597036
  1.697085e+01   3.621377e+01   6.871110e-03   0.000000e+00   1590676
  1.699322e+01   3.611606e+01   4.672438e-03   0.000000e+00   1575812
  1.701557e+01   3.604519e+01   5.125811e-03   0.000000e+00   1566156
  1.703795e+01   3.603038e+01   8.030673e-03   0.000000e+00   1560980
  1.706036e+01   3.598109e+01   8.396437e-03   0.000000e+00   1549404
  1.708272e+01   3.588971e+01   0.000000e+00   0.000000e+00   1532436
  1.710507e+01   3.585368e+01   7.676662e-03   0.000000e+00   1527524
  1.712745e+01   3.589528e+01   8.546084e-03   0.000000e+00   1515204
  1.714982e+01   3.576516e+01   0.000000e+00   0.000000e+00   1506452
  1.717220e+01   3.572070e+01   2.681823e-03   0.000000e+00   1495116
  1.719454e+01   3.562611e+01   7.412616e-03   0.000000e+00   1479152
  1.721690e+01   3.562703e+01   0.000000e+00   0.000000e+00   1475400
  1.723932e+01   3.562198e+01   3.716679e-03   0.000000e+00   1467932
  1.726172e+01   3.555863e+01   7.982567e-03   0.000000e+00   1451256
  1.728410e+01   3.554486e+01   0.000000e+00   0.000000e+00   1443212
  1.730645e+01   3.548405e+01   6.621631e-03   0.000000e+00   1425648
  1.732882e+01   3.541834e+01   9.024174e-03   0.000000e+00   1423004
  1.735120e+01   3.535516e+01   5.786153e-03   0.000000e+00   1408632
  1.737359e+01   3.535722e+01   8.700146e-03   0.000000e+00   1400984
  1.739596e+01   3.534162e+01   8.614059e-03   0.000000e+00   1383180
  1.741831e+01   3.531569e+01   9.546744e-03   0.000000e+00   1378136
  1.744072e+01   3.526659e+01   1.011029e-02   0.000000e+00   1367136
  1.746312e+01   3.523172e+01   5.750973e-03   0.000000e+00   1356716
  1.748546e+01   3.515245e+01   6.265506e-03   0.000000e+00   1336908
  1.750778e+01   3.513705e+01   0.000000e+00   0.000000e+00   1332620
  1.753016e+01   3.507906e+01   7.187293e-03   0.000000e+00   1321748
  1.755256e+01   3.501054e+01   3.448248e-03   0.000000e+00   1312764
  1.757493e+01   3.509203e+01   0.000000e+00   0.000000e+00   1296636
  1.759731e+01   3.501731e+01   7.284827e-03   0.000000e+00   1291472
  1.761969e+01   3.500677e+01   1.206358e-02   0.000000e+00   1272768
  1.764206e+01   3.496432e+01   7.261360e-03   0.000000e+00   1269080
  1.766446e+01   3.489175e+01   8.264436e-03   0.000000e+00   1253696
  1.768682e+01   3.489444e+01   1.030198e-02   0.000000e+00   1241616
  1.770914e+01   3.486329e+01   7.845921e-03   0.000000e+00   1226712
  1.773153e+01   3.489699e+01   9.515027e-03   0.000000e+00   1226228
  1.775395e+01   3.483390e+01   7.145394e-03   0.000000e+00   1207848
  1.777633e+01   3.478725e+01   4.155314e-03   0.000000e+00   1198256
  1.779867e+01   3.478754e+01   7.639768e-03   0.000000e+00   1181516
  1.782105e+01   3.472039e+01   0.000000e+00   0.000000e+00   1177980
  1.784344e+01   3.474691e+01   3.199408e-03   0.000000e+00   1161756
  1.786579e+01   3.465993e+01   6.898466e-03   0.000000e+00   1150148
  1.788816e+01   3.476223e+01   5.504203e-03   0.000000e+00   1138848
  1.791052e+01   3.466410e+01   0.000000e+00   0.000000e+00   1126748
  1.793289e+01   3.464265e+01   2.947894e-03   0.000000e+00   1117652
  1.795531e+01   3.472499e+01   0.000000e+00   0.000000e+00   1107888
  1.797770e+01   3.458804e+01   5.312163e-03   0.000000e+00   1090964
  1.800006e+01   3.450215e+01   5.451422e-03   0.000000e+00   1080684
  1.802240e+01   3.449156e+01   9.786062e-03   0.000000e+00   1065660
  1.804478e+01   3.450505e+01   0.000000e+00   0.000000e+00   1061996
  1.806719e+01   3.446605e+01   5.432705e-03   0.000000e+00   1044320
  1.808956e+01   3.444638e+01   1.058005e-02   0.000000e+00   1034640
  1.811193e+01   3.442965e+01   5.779226e-03   0.000000e+00   1019172
  1.813432e+01   3.446586e+01   5.140935e-03   0.000000e+00   1013948
  1.815672e+01   3.433947e+01   1.174541e-02   0.000000e+00   996376
  1.817908e+01   3.434321e+01   0.000000e+00   0.000000e+00   985288
  1.820141e+01   3.421675e+01   0.000000e+00   0.000000e+00   969596
  1.822379e+01   3.432181e+01   1.055704e-02   0.000000e+00   964980
  1.824616e+01   3.426704e+01   8.507901e-03   0.000000e+00   947252
  1.826853e+01   3.428226e+01   1.025943e-02   0.000000e+00   939060
  1.829090e+01   3.408508e+01   7.110531e-03   0.000000e+00   922328
  1.831326e+01   3.410801e+01   3.120747e-03   0.000000e+00   913788
  1.833567e+01   3.421178e+01   1.165187e-02   0.000000e+00   902812
  1.835808e+01   3.407747e+01   8.263328e-03   0.000000e+00   888544
  1.838042e+01   3.404689e+01   9.866206e-03   0.000000e+00   872948
  1.840276e+01   3.383932e+01   0.000000e+00   0.000000e+00   862440
  1.842512e+01   3.382891e+01   5.636969e-03   0.000000e+00   851760
  1.844754e+01   3.373375e+01   9.869592e-04   0.000000e+00   841940
  1.846992e+01   3.387072e+01   5.746896e-03   0.000000e+00   822984
  1.849228e+01   3.360792e+01   5.167167e-03   0.000000e+00   816092
  1.851467e+01   3.357976e+01   0.000000e+00   0.000000e+00   799284
  1.853704e+01   3.349902e+01   1.085104e-02   0.000000e+00   791312
  1.855941e+01   3.331179e+01   5.698655e-03   0.000000e+00   772524
  1.858173e+01   3.334252e+01   6.453398e-03   0.000000e+00   762896
  1.860410e+01   3.319123e+01   4.437104e-03   0.000000e+00   750876
  1.862649e+01   3.311924e+01   6.257213e-03   0.000000e+00   739280
  1.864886e+01   3.287899e+01   6.961949e-03   0.000000e+00   724840
  1.867127e+01   3.269743e+01   4.733198e-03   0.000000e+00   714484
  1.869360e+01   3.260316e+01   7.635462e-03   0.000000e+00   695868
  1.871597e+01   3.243124e+01   1.005585e-02   0.000000e+00   691013
  1.873838e+01   3.233408e+01   7.055665e-03   0.000000e+00   673486
  1.876074e+01   3.218785e+01   8.644021e-03   0.000000e+00   666244
  1.878310e+01   3.226096e+01   6.404287e-03   0.000000e+00   651008
  1.880545e+01   3.205051e+01   0.000000e+00   0.000000e+00   644820
  1.882785e+01   3.197722e+01   0.000000e+00   0.000000e+00   632636
  1.885024e+01   3.170744e+01   9.414301e-03   0.000000e+00   625002
  1.887260e+01   3.176810e+01   5.907110e-03   0.000000e+00   611208
  1.889500e+01   3.164049e+01   0.000000e+00   0.000000e+00   607328
  1.891738e+01   3.172770e+01   0.000000e+00   0.000000e+00   592272
  1.893975e+01   3.143863e+01   0.000000e+00   0.000000e+00   587504
  1.896213e+01   3.138338e+01   1.083049e-02   0.000000e+00   575466
  1.898449e+01   3.134134e+01   0.000000e+00   0.000000e+00   568274
  1.900688e+01   3.131496e+01   0.000000e+00   0.000000e+00   559518
  1.902927e+01   3.113382e+01   5.799848e-03   0.000000e+00   551618
  1.905167e+01   3.111826e+01   5.417833e-03   0.000000e+00   542364
  1.907404e+01   3.097807e+01   8.479187e-03   0.000000e+00   534146
  1.909639e+01   3.107989e+01   1.046941e-02   0.000000e+00   525076
  1.911879e+01   3.092677e+01   0.000000e+00   0.000000e+00   519868
  1.914113e+01   3.078219e+01   4.645610e-03   0.000000e+00   507108
  1.916349e+01   3.077572e+01   3.693425e-03   0.000000e+00   504992
  1.918587e+01   3.071505e+01   1.104964e-02   0.000000e+00   492636
  1.920826e+01   3.056861e+01   0.000000e+00   0.000000e+00   490052
  1.923065e+01   3.064857e+01   2.686650e-03   0.000000e+00   477708
  1.925300e+01   3.041501e+01   1.499985e-03   0.000000e+00   473852
  1.927538e+01   3.044560e+01   1.321268e-02   0.000000e+00   464174
  1.929774e+01   3.035966e+01   5.617193e-03   0.000000e+00   459096
  1.932010e+01   3.040305e+01   8.177065e-03   0.000000e+00   449582
  1.934247e+01   3.023256e+01   1.420614e-02   0.000000e+00   445812
  1.936482e+01   3.031464e+01   8.226824e-03   0.000000e+00   435134
  1.938722e+01   3.017928e+01   4.314712e-03   0.000000e+00   433590
  1.940960e+01   3.007337e+01   0.000000e+00   0.000000e+00   421070
  1.943195e+01   2.994665e+01   0.000000e+00   0.000000e+00   419940
  1.945437e+01   2.996222e+01   7.081437e-03   0.000000e+00   409714
  1.947670e+01   2.995464e+01   0.000000e+00   0.000000e+00   404182
  1.949907e+01   2.990449e+01   6.077611e-03   0.000000e+00   398518
  1.952147e+01   2.977966e+01   7.830049e-03   0.000000e+00   392302
  1.954384e+01   2.991260e+01   7.729337e-03   0.000000e+00   385486
  1.956627e+01   2.976970e+01   6.677164e-03   0.000000e+00   381550
  1.958862e+01   2.972267e+01   0.000000e+00   0.000000e+00   370826
  1.961098e+01   2.962800e+01   0.000000e+00   0.000000e+00   370014
  1.963338e+01   2.956411e+01   6.676672e-03   0.000000e+00   359910
  1.965573e+01   2.944980e+01   1.105902e-02   0.000000e+00   357416
  1.967809e+01   2.966677e+01   1.109291e-02   0.000000e+00   348174
  1.970045e+01   2.950619e+01   1.090654e-02   0.000000e+00   346010
  1.972281e+01   2.958448e+01   1.030484e-02   0.000000e+00   337094
  1.974523e+01   2.928607e+01   1.156979e-02   0.000000e+00   336360
  1.976761e+01   2.937015e+01   6.834261e-03   0.000000e+00   325206
  1.978997e+01   2.918499e+01   1.285253e-02   0.000000e+00   324614
  1.981233e+01   2.933505e+01   7.178793e-03   0.000000e+00   314760
  1.983471e+01   2.920552e+01   3.517396e-03   0.000000e+00   314114
  1.985706e+01   2.917280e+01   8.581620e-03   0.000000e+00   303918
  1.987943e+01   2.923112e+01   0.000000e+00   0.000000e+00   303872
  1.990184e+01   2.915637e+01   5.935743e-03   0.000000e+00   295062
  1.992422e+01   2.888334e+01   8.874584e-03   0.000000e+00   292784
  1.994661e+01   2.916673e+01   0.000000e+00   0.000000e+00   285198
  1.996896e+01   2.910145e+01   0.000000e+00   0.000000e+00   282068
  1.999133e+01   2.909221e+01   0.000000e+00   0.000000e+00   275958
  2.001369e+01   2.893898e+01   1.089234e-02   0.000000e+00   272072
  2.003605e+01   2.901322e+01   5.672823e-03   0.000000e+00   266352
  2.005843e+01   2.898411e+01   1.817402e-03   0.000000e+00   263198
  2.008079e+01   2.894618e+01   8.382306e-03   0.000000e+00   256524
  2.010318e+01   2.913294e+01   6.324473e-03   0.000000e+00   254774
  2.012555e+01   2.895283e+01   5.496298e-03   0.000000e+00   246888
  2.014793e+01   2.875106e+01   0.000000e+00   0.000000e+00   245984
  2.017030e+01   2.903408e+01   1.042317e-03   0.000000e+00   237822
  2.019267e+01   2.889972e+01   0.000000e+00   0.000000e+00   236948
  2.021503e+01   2.900471e+01   0.000000e+00   0.000000e+00   229296
  2.023743e+01   2.881693e+01   3.700939e-03   0.000000e+00   228968
  2.025982e+01   2.898145e+01   1.200272e-02   0.000000e+00   220894
  2.028221e+01   2.886651e+01   8.614928e-03   0.000000e+00   220408
  2.030460e+01   2.883640e+01   1.098737e-03   0.000000e+00   212400
  2.032698e+01   2.889754e+01   2.910829e-03   0.000000e+00   212228
  2.034937e+01   2.894099e+01   1.051011e-02   0.000000e+00   204502
  2.037174e+01   2.878920e+01   5.093391e-03   0.000000e+00   203944
  2.039409e+01   2.879752e+01   8.572874e-03   0.000000e+00   196272
  2.041646e+01   2.884120e+01   7.788355e-03   0.000000e+00   196280
  2.043882e+01   2.897393e+01   5.849428e-03   0.000000e+00   188604
  2.046116e+01   2.867337e+01   7.307757e-03   0.000000e+00   188408
  2.048353e+01   2.877573e+01   2.161041e-03   0.000000e+00   181566
  2.050590e+01   2.870072e+01   6.321505e-03   0.000000e+00   180920
  2.052827e+01   2.894529e+01   7.873916e-03   0.000000e+00   174304
  2.055063e+01   2.875270e+01   0.000000e+00   0.000000e+00   173620
  2.057301e+01   2.892840e+01   8.356022e-03   0.000000e+00   167432
  2.059542e+01   2.883233e+01   6.131622e-03   0.000000e+00   166944
  2.061776e+01   2.874809e+01   1.062296e-02   0.000000e+00   159704
  2.064015e+01   2.873439e+01   7.291070e-03   0.000000e+00   160464
  2.066251e+01   2.892692e+01   6.030873e-03   0.000000e+00   152756
  2.068489e+01   2.880201e+01   1.011107e-02   0.000000e+00   153912
  2.070726e+01   2.878967e+01   1.089474e-02   0.000000e+00   146024
  2.072961e+01   2.879103e+01   1.711468e-02   0.000000e+00   147168
  2.075199e+01   2.895953e+01   9.974117e-03   0.000000e+00   140000
  2.077436e+01   2.868431e+01   0.000000e+00   0.000000e+00   140580
  2.079675e+01   2.897461e+01   9.131345e-03   0.000000e+00   134112
  2.081913e+01   2.883413e+01   1.475514e-02   0.000000e+00   134264
  2.084151e+01   2.905355e+01   9.400330e-03   0.000000e+00   128000
  2.086389e+01   2.903857e+01   1.201025e-02   0.000000e+00   128124
  2.088630e+01   2.935325e+01   7.973994e-03   0.000000e+00   122472
  2.090866e+01   2.913847e+01   1.204223e-02   0.000000e+00   121808
  2.093102e+01   2.951010e+01   3.378490e-03   0.000000e+00   116592
  2.095337e+01   2.915793e+01   0.000000e+00   0.000000e+00   116072
  2.097574e+01   2.917169e+01   1.267104e-02   0.000000e+00   111156
  2.099814e+01   2.921899e+01   0.000000e+00   0.000000e+00   110864
  2.102052e+01   2.907192e+01   0.000000e+00   0.000000e+00   105464
  2.104292e+01   2.942143e+01   6.650141e-03   0.000000e+00   105738
  2.106529e+01   2.942728e+01   9.394986e-03   0.000000e+00   99824
  2.108767e+01   2.945997e+01   0.000000e+00   0.000000e+00   100452
  2.111000e+01   2.970855e+01   1.184405e-02   0.000000e+00   94608
  2.113238e+01   2.970442e+01   6.371376e-03   0.000000e+00   95456
  2.115473e+01   2.965528e+01   1.232076e-02   0.000000e+00   89688
  2.117713e+01   2.975339e+01   9.855131e-03   0.000000e+00   90632
  2.119947e+01   3.005448e+01   8.796976e-03   0.000000e+00   84558
  2.122186e+01   2.972780e+01   6.144171e-03   0.000000e+00   86096
  2.124420e+01   2.998903e+01   6.973084e-03   0.000000e+00   79632
  2.126653e+01   3.030516e+01   1.228566e-02   0.000000e+00   81416
  2.128891e+01   3.009529e+01   9.801066e-03   0.000000e+00   75348
  2.131124e+01   3.021096e+01   0.000000e+00   0.000000e+00   76712
  2.133364e+01   3.056005e+01   1.211008e-02   0.000000e+00   71322
  2.135602e+01   3.033352e+01   4.401896e-03   0.000000e+00   72248
  2.137841e+01   3.052991e+01   0.000000e+00   0.000000e+00   67152
  2.140078e+01   3.066253e+01   0.000000e+00   0.000000e+00   67844
  2.142311e+01   3.049674e+01   0.000000e+00   0.000000e+00   62976
  2.144550e+01   3.075970e+01   0.000000e+00   0.000000e+00   63914
  2.146781e+01   3.059080e+01   0.000000e+00   0.000000e+00   58824
  2.149020e+01   3.050703e+01   1.284317e-02   0.000000e+00   60116
  2.151250e+01   3.095876e+01   0.000000e+00   0.000000e+00   54888
  2.153501e+01   3.096782e+01   0.000000e+00   0.000000e+00   57002
  2.155736e+01   3.141526e+01   0.000000e+00   0.000000e+00   50760
  2.157976e+01   3.137461e+01   1.061264e-02   0.000000e+00   53312
  2.160210e+01   3.163901e+01   9.440305e-03   0.000000e+00   47124
  2.162449e+01   3.154884e+01   0.000000e+00   0.000000e+00   49850
  2.164685e+01   3.173555e+01   1.254767e-02   0.000000e+00   43680
  2.166918e+01   3.183730e+01   2.773122e-03   0.000000e+00   46328
  2.169160e+01   3.195153e+01   0.000000e+00   0.000000e+00   40686
  2.171396e+01   3.181576e+01   9.245655e-03   0.000000e+00   42992
  2.173641e+01   3.217095e+01   6.492066e-03   0.000000e+00   37656
  2.175871e+01   3.269812e+01   5.815571e-03   0.000000e+00   39578
  2.178117e+01   3.251873e+01   7.790122e-03   0.000000e+00   34928
  2.180348e+01   3.264017e+01   5.520028e-03   0.000000e+00   36300
  2.182586e+01   3.310433e+01   3.654565e-03   0.000000e+00   32136
  2.184820e+01   3.266474e+01   1.300704e-02   0.000000e+00   33362
  2.187050e+01   3.310352e+01   1.077847e-02   0.000000e+00   29336
  2.189294e+01   3.334422e+01   9.762438e-03   0.000000e+00   30804
  2.191516e+01   3.370636e+01   9.334743e-03   0.000000e+00   26490
  2.193764e+01   3.299907e+01   1.149472e-02   0.000000e+00   28376
  2.195980e+01   3.386935e+01   7.622171e-03   0.000000e+00   23792
  2.198235e+01   3.414479e+01   0.000000e+00   0.000000e+00   26142
  2.200447e+01   3.456488e+01   4.957188e-03   0.000000e+00   21192
  2.202708e+01   3.401831e+01   1.159661e-03   0.000000e+00   24050
  2.204922e+01   3.423005e+01   1.074291e-02   0.000000e+00   18768
  2.207189e+01   3.440707e+01   8.161293e-03   0.000000e+00   22052
  2.209399e+01   3.484490e+01   8.339361e-03   0.000000e+00   16346
  2.211662e+01   3.512548e+01   1.275027e-02   0.000000e+00   20136
  2.213874e+01   3.456664e+01   0.000000e+00   0.000000e+00   14168
  2.216130e+01   3.512593e+01   6.858157e-03   0.000000e+00   18210
  2.218342e+01   3.554120e+01   0.000000e+00   0.000000e+00   12204
  2.220589e+01   3.604065e+01   1.134833e-02   0.000000e+00   16346
  2.222814e+01   3.712617e+01   0.000000e+00   0.000000e+00   10536
  2.225051e+01   3.682558e+01   8.193065e-03   0.000000e+00   14456
  2.227273e+01   3.785082e+01   0.000000e+00   0.000000e+00   8982
  2.229510e+01   3.718010e+01   5.136498e-03   0.000000e+00   12752
  2.231726e+01   3.816723e+01   0.000000e+00   0.000000e+00   7506
  2.233965e+01   3.702029e+01   6.679710e-03   0.000000e+00   11192
  2.236176e+01   3.815710e+01   0.000000e+00   0.000000e+00   6156
  2.238413e+01   3.862713e+01   5.279928e-03   0.000000e+00   9722
  2.240631e+01   3.837272e+01   7.769558e-03   0.000000e+00   5000
  2.242862e+01   3.786534e+01   5.809028e-03   0.000000e+00   8298
  2.245087e+01   3.936229e+01   8.313462e-03   0.000000e+00   3996
  2.247305e+01   3.749800e+01   7.001358e-03   0.000000e+00   6938
  2.249543e+01   3.914038e+01   0.000000e+00   0.000000e+00   3168
  2.251741e+01   3.962976e+01   0.000000e+00   0.000000e+00   5624
  2.253987e+01   3.874423e+01   0.000000e+00   0.000000e+00   2502
  2.256175e+01   3.876769e+01   1.378805e-02   0.000000e+00   4424
  2.258427e+01   4.053565e+01   0.000000e+00   0.000000e+00   1938
  2.260612e+01   4.009189e+01   9.433326e-03   0.000000e+00   3368
  2.262871e+01   3.979485e+01   0.000000e+00   0.000000e+00   1446
  2.265053e+01   4.131862e+01   1.267808e-02   0.000000e+00   2456
  2.267320e+01   4.087736e+01   0.000000e+00   0.000000e+00   1026
  2.269495e+01   4.502802e+01   9.015264e-03   0.000000e+00   1688
  2.271774e+01   4.001892e+01   0.000000e+00   0.000000e+00   678
  2.273938e+01   4.118292e+01   0.000000e+00   0.000000e+00   1064
  2.276231e+01   4.384172e+01   0.000000e+00   0.000000e+00   402
  2.278376e+01   4.311329e+01   2.015208e-03   0.000000e+00   584
  2.280694e+01   4.391460e+01   4.408074e-03   0.000000e+00   198
  2.282795e+01   4.133144e+01   0.000000e+00   0.000000e+00   248
  2.285161e+01   4.116748e+01   0.000000e+00   0.000000e+00   66
  2.287130e+01   4.309292e+01   0.000000e+00   0.000000e+00   56
  2.289631e+01   3.953854e+01   3.876694e-03   0.000000e+00   6
