# power spectrum of delta
# redshift z=0.300000
# k              Pk             sigma(k)       sigma(Pk)      count
  3.132125e-02   1.949289e-02   4.792449e-03   2.006994e-03   18
  5.475214e-02   7.253610e-02   5.796424e-03   3.679357e-03   62
  7.620402e-02   1.515716e-01   4.009919e-03   6.225448e-03   90
  9.651299e-02   1.945465e-01   6.328493e-03   7.094883e-03   170
  1.176484e-01   2.564950e-01   6.577801e-03   1.067253e-02   246
  1.382866e-01   3.693281e-01   6.270931e-03   1.313558e-02   338
  1.586538e-01   4.528280e-01   5.391241e-03   0.000000e+00   432
  1.796311e-01   5.618399e-01   5.523314e-03   0.000000e+00   578
  2.020199e-01   6.506237e-01   6.602764e-03   0.000000e+00   810
  2.245955e-01   7.457765e-01   6.318365e-03   0.000000e+00   950
  2.454897e-01   9.336697e-01   5.640429e-03   0.000000e+00   1002
  2.663805e-01   1.057053e+00   6.450828e-03   0.000000e+00   1334
  2.875208e-01   1.274219e+00   6.041257e-03   0.000000e+00   1410
  3.076455e-01   1.376264e+00   6.035725e-03   0.000000e+00   1652
  3.286805e-01   1.540115e+00   5.956541e-03   0.000000e+00   1974
  3.502653e-01   1.643564e+00   5.838300e-03   0.000000e+00   2234
  3.719097e-01   1.907319e+00   6.142020e-03   0.000000e+00   2554
  3.939072e-01   1.965885e+00   6.428266e-03   0.000000e+00   2950
  4.154499e-01   2.245692e+00   6.017047e-03   0.000000e+00   3042
  4.363697e-01   2.400146e+00   6.136210e-03   0.000000e+00   3422
  4.571424e-01   2.539191e+00   5.922097e-03   0.000000e+00   3618
  4.780583e-01   2.918222e+00   6.165341e-03   0.000000e+00   4172
  4.993304e-01   3.176645e+00   5.964286e-03   0.000000e+00   4470
  5.207145e-01   3.548240e+00   6.094986e-03   0.000000e+00   4970
  5.421758e-01   3.803756e+00   6.123238e-03   0.000000e+00   5334
  5.636497e-01   4.088517e+00   6.289416e-03   0.000000e+00   5810
  5.848679e-01   4.403917e+00   6.249102e-03   0.000000e+00   6114
  6.062256e-01   4.681629e+00   6.367668e-03   0.000000e+00   6782
  6.270463e-01   4.980869e+00   5.809005e-03   0.000000e+00   6684
  6.476827e-01   5.316441e+00   6.003995e-03   0.000000e+00   7574
  6.690819e-01   5.765386e+00   6.064100e-03   0.000000e+00   8154
  6.904126e-01   6.025535e+00   6.032905e-03   0.000000e+00   8618
  7.120990e-01   6.284400e+00   6.322572e-03   0.000000e+00   9494
  7.335837e-01   6.666955e+00   6.099605e-03   0.000000e+00   9618
  7.547804e-01   7.163998e+00   6.196577e-03   0.000000e+00   10306
  7.760825e-01   7.487047e+00   6.253134e-03   0.000000e+00   10942
  7.973171e-01   7.925498e+00   6.105356e-03   0.000000e+00   11452
  8.185323e-01   8.531859e+00   5.998296e-03   0.000000e+00   12046
  8.395636e-01   8.719326e+00   5.893705e-03   0.000000e+00   12522
  8.608395e-01   9.193090e+00   6.160057e-03   0.000000e+00   13562
  8.822927e-01   9.589563e+00   6.268164e-03   0.000000e+00   14182
  9.037737e-01   1.009058e+01   6.329031e-03   0.000000e+00   14986
  9.248837e-01   1.031755e+01   6.019528e-03   0.000000e+00   14982
  9.459520e-01   1.109597e+01   6.257522e-03   0.000000e+00   16388
  9.671835e-01   1.167533e+01   6.012397e-03   0.000000e+00   16626
  9.882712e-01   1.218602e+01   6.099246e-03   0.000000e+00   17678
  1.009529e+00   1.291929e+01   6.004762e-03   0.000000e+00   18354
  1.030701e+00   1.319462e+01   6.055548e-03   0.000000e+00   19034
  1.051947e+00   1.394344e+01   6.206903e-03   0.000000e+00   20142
  1.073546e+00   1.411622e+01   6.349329e-03   0.000000e+00   21386
  1.094905e+00   1.478065e+01   6.079741e-03   0.000000e+00   21318
  1.116082e+00   1.556480e+01   6.143058e-03   0.000000e+00   22676
  1.137419e+00   1.573182e+01   6.080031e-03   0.000000e+00   23322
  1.158587e+00   1.606473e+01   6.004237e-03   0.000000e+00   24134
  1.179798e+00   1.705113e+01   6.110138e-03   0.000000e+00   25146
  1.201046e+00   1.762728e+01   6.081360e-03   0.000000e+00   26030
  1.222182e+00   1.845092e+01   6.114836e-03   0.000000e+00   26674
  1.243551e+00   1.889502e+01   6.286155e-03   0.000000e+00   28570
  1.264758e+00   1.939507e+01   6.075227e-03   0.000000e+00   28224
  1.286040e+00   1.990899e+01   6.282287e-03   0.000000e+00   30626
  1.307328e+00   2.064728e+01   5.879262e-03   0.000000e+00   30158
  1.328284e+00   2.120428e+01   6.024736e-03   0.000000e+00   31674
  1.349598e+00   2.177442e+01   6.224699e-03   0.000000e+00   33306
  1.370804e+00   2.229357e+01   6.029685e-03   0.000000e+00   33422
  1.391996e+00   2.319337e+01   6.187433e-03   0.000000e+00   35298
  1.413516e+00   2.365716e+01   6.190576e-03   0.000000e+00   36650
  1.434849e+00   2.459744e+01   6.132054e-03   0.000000e+00   36992
  1.456166e+00   2.474998e+01   6.187840e-03   0.000000e+00   38730
  1.477491e+00   2.554286e+01   6.036172e-03   0.000000e+00   39246
  1.498685e+00   2.615174e+01   6.132601e-03   0.000000e+00   40466
  1.519774e+00   2.675326e+01   5.979066e-03   0.000000e+00   41170
  1.541026e+00   2.731253e+01   6.239150e-03   0.000000e+00   43534
  1.562331e+00   2.785537e+01   6.008969e-03   0.000000e+00   43650
  1.583461e+00   2.878737e+01   6.082793e-03   0.000000e+00   45272
  1.604869e+00   2.933939e+01   6.190904e-03   0.000000e+00   47098
  1.626231e+00   2.986788e+01   6.084210e-03   0.000000e+00   47746
  1.647437e+00   3.045145e+01   6.121942e-03   0.000000e+00   48870
  1.668537e+00   3.158208e+01   5.972512e-03   0.000000e+00   49682
  1.689593e+00   3.231186e+01   6.010296e-03   0.000000e+00   51222
  1.710883e+00   3.290118e+01   6.229430e-03   0.000000e+00   53378
  1.732107e+00   3.336938e+01   5.986512e-03   0.000000e+00   53634
  1.753515e+00   3.403238e+01   6.302601e-03   0.000000e+00   56888
  1.774980e+00   3.466992e+01   6.075928e-03   0.000000e+00   56650
  1.796288e+00   3.553875e+01   6.211038e-03   0.000000e+00   58786
  1.817545e+00   3.587783e+01   6.042946e-03   0.000000e+00   59214
  1.838738e+00   3.644728e+01   6.257348e-03   0.000000e+00   61250
  1.859886e+00   3.692694e+01   6.073208e-03   0.000000e+00   61686
  1.880964e+00   3.750753e+01   6.093363e-03   0.000000e+00   63626
  1.902298e+00   3.808134e+01   6.206824e-03   0.000000e+00   66204
  1.923724e+00   3.883741e+01   6.221667e-03   0.000000e+00   67094
  1.944952e+00   3.999342e+01   6.083280e-03   0.000000e+00   67890
  1.966213e+00   4.014714e+01   6.045680e-03   0.000000e+00   70334
  1.987449e+00   4.072905e+01   5.948634e-03   0.000000e+00   70626
  2.008526e+00   4.143569e+01   6.195388e-03   0.000000e+00   72554
  2.029747e+00   4.222915e+01   6.216008e-03   0.000000e+00   74550
  2.050978e+00   4.254552e+01   6.097374e-03   0.000000e+00   75674
  2.072194e+00   4.295591e+01   6.055525e-03   0.000000e+00   77564
  2.093670e+00   4.372696e+01   6.227873e-03   0.000000e+00   80766
  2.115047e+00   4.443237e+01   6.005032e-03   0.000000e+00   80202
  2.136309e+00   4.486627e+01   6.096906e-03   0.000000e+00   83102
  2.157621e+00   4.577151e+01   6.124065e-03   0.000000e+00   83890
  2.178824e+00   4.645232e+01   6.155335e-03   0.000000e+00   85522
  2.199946e+00   4.708352e+01   5.972387e-03   0.000000e+00   86670
  2.221152e+00   4.737125e+01   6.068405e-03   0.000000e+00   89588
  2.242498e+00   4.810955e+01   6.228752e-03   0.000000e+00   91038
  2.263781e+00   4.846931e+01   6.080528e-03   0.000000e+00   92522
  2.285014e+00   4.939059e+01   6.018736e-03   0.000000e+00   94242
  2.306422e+00   4.987551e+01   6.241969e-03   0.000000e+00   97550
  2.327646e+00   5.039114e+01   6.270349e-03   0.000000e+00   96250
  2.348675e+00   5.078040e+01   6.178657e-03   0.000000e+00   99166
  2.369823e+00   5.174308e+01   5.981864e-03   0.000000e+00   100932
  2.391130e+00   5.169910e+01   6.260552e-03   0.000000e+00   104306
  2.412476e+00   5.215520e+01   6.201873e-03   0.000000e+00   104990
  2.433799e+00   5.289147e+01   5.988789e-03   0.000000e+00   107874
  2.455110e+00   5.350269e+01   5.666979e-03   0.000000e+00   108322
  2.476356e+00   5.407348e+01   5.522748e-03   0.000000e+00   111454
  2.497607e+00   5.445329e+01   6.018953e-03   0.000000e+00   112002
  2.518744e+00   5.533016e+01   6.090421e-03   0.000000e+00   114158
  2.539922e+00   5.545561e+01   5.972483e-03   0.000000e+00   116148
  2.561183e+00   5.620229e+01   6.210916e-03   0.000000e+00   118754
  2.582487e+00   5.654693e+01   6.246985e-03   0.000000e+00   120942
  2.603847e+00   5.658926e+01   6.025109e-03   0.000000e+00   123170
  2.625091e+00   5.755996e+01   6.318401e-03   0.000000e+00   123638
  2.646312e+00   5.821751e+01   5.845902e-03   0.000000e+00   126858
  2.667510e+00   5.862281e+01   6.145875e-03   0.000000e+00   127698
  2.688684e+00   5.925463e+01   6.174715e-03   0.000000e+00   130640
  2.709948e+00   5.954203e+01   6.116183e-03   0.000000e+00   132642
  2.731196e+00   6.002820e+01   6.035060e-03   0.000000e+00   134534
  2.752525e+00   6.081853e+01   6.127758e-03   0.000000e+00   137954
  2.773978e+00   6.083805e+01   6.084309e-03   0.000000e+00   140610
  2.795233e+00   6.175188e+01   6.195760e-03   0.000000e+00   139590
  2.816393e+00   6.221906e+01   6.262361e-03   0.000000e+00   143546
  2.837661e+00   6.200489e+01   5.906384e-03   0.000000e+00   145338
  2.858863e+00   6.243877e+01   6.156602e-03   0.000000e+00   147272
  2.880136e+00   6.317635e+01   6.236675e-03   0.000000e+00   150434
  2.901444e+00   6.346282e+01   5.963146e-03   0.000000e+00   152214
  2.922642e+00   6.392951e+01   6.179443e-03   0.000000e+00   153186
  2.943960e+00   6.476701e+01   6.279272e-03   0.000000e+00   158642
  2.965248e+00   6.495705e+01   5.720852e-03   0.000000e+00   157350
  2.986449e+00   6.547679e+01   6.114820e-03   0.000000e+00   161906
  3.007584e+00   6.632119e+01   5.996104e-03   0.000000e+00   160824
  3.028819e+00   6.665700e+01   6.636363e-03   0.000000e+00   167906
  3.050179e+00   6.662270e+01   6.054116e-03   0.000000e+00   167578
  3.071363e+00   6.711250e+01   6.052189e-03   0.000000e+00   169798
  3.092636e+00   6.740718e+01   6.166323e-03   0.000000e+00   173586
  3.113951e+00   6.726535e+01   6.290324e-03   0.000000e+00   175274
  3.135211e+00   6.778236e+01   6.258697e-03   0.000000e+00   177654
  3.156506e+00   6.819994e+01   6.193146e-03   0.000000e+00   180698
  3.177808e+00   6.910080e+01   6.090289e-03   0.000000e+00   182680
  3.199050e+00   6.925230e+01   6.458032e-03   0.000000e+00   184138
  3.220251e+00   6.966005e+01   6.102322e-03   0.000000e+00   187138
  3.241565e+00   7.000888e+01   6.093305e-03   0.000000e+00   191134
  3.262823e+00   7.008324e+01   6.147033e-03   0.000000e+00   191010
  3.284020e+00   7.061263e+01   5.262848e-03   0.000000e+00   195134
  3.305211e+00   7.088649e+01   6.270079e-03   0.000000e+00   195810
  3.326439e+00   7.126824e+01   6.277931e-03   0.000000e+00   201140
  3.347684e+00   7.176007e+01   6.375793e-03   0.000000e+00   201054
  3.368881e+00   7.229513e+01   6.138980e-03   0.000000e+00   205250
  3.390141e+00   7.242171e+01   5.795871e-03   0.000000e+00   207366
  3.411400e+00   7.262032e+01   6.635989e-03   0.000000e+00   210578
  3.432681e+00   7.273877e+01   6.007786e-03   0.000000e+00   213066
  3.454033e+00   7.338582e+01   6.309584e-03   0.000000e+00   217382
  3.475285e+00   7.352565e+01   6.075953e-03   0.000000e+00   216306
  3.496440e+00   7.399854e+01   6.053951e-03   0.000000e+00   220652
  3.517740e+00   7.448735e+01   6.334625e-03   0.000000e+00   224622
  3.539083e+00   7.462516e+01   5.490881e-03   0.000000e+00   227066
  3.560353e+00   7.460043e+01   5.948059e-03   0.000000e+00   228574
  3.581584e+00   7.529552e+01   5.276698e-03   0.000000e+00   231466
  3.602797e+00   7.551010e+01   5.947136e-03   0.000000e+00   233946
  3.624090e+00   7.572266e+01   6.531739e-03   0.000000e+00   238694
  3.645308e+00   7.592410e+01   6.287756e-03   0.000000e+00   238068
  3.666537e+00   7.677935e+01   6.175583e-03   0.000000e+00   244190
  3.687862e+00   7.673496e+01   5.998074e-03   0.000000e+00   245634
  3.709089e+00   7.675248e+01   6.486834e-03   0.000000e+00   248090
  3.730347e+00   7.709347e+01   5.971198e-03   0.000000e+00   251958
  3.751616e+00   7.730261e+01   6.363068e-03   0.000000e+00   254042
  3.772807e+00   7.740465e+01   5.973545e-03   0.000000e+00   255714
  3.794095e+00   7.792342e+01   6.497953e-03   0.000000e+00   262358
  3.815392e+00   7.795634e+01   5.811607e-03   0.000000e+00   261900
  3.836718e+00   7.845361e+01   6.255414e-03   0.000000e+00   268646
  3.857952e+00   7.863087e+01   5.976310e-03   0.000000e+00   265578
  3.879143e+00   7.855388e+01   5.976725e-03   0.000000e+00   273290
  3.900401e+00   7.890254e+01   6.079266e-03   0.000000e+00   273678
  3.921677e+00   7.926394e+01   6.357448e-03   0.000000e+00   279698
  3.942958e+00   7.983913e+01   7.079806e-03   0.000000e+00   279630
  3.964132e+00   7.973672e+01   5.727151e-03   0.000000e+00   283004
  3.985410e+00   7.988091e+01   5.767072e-03   0.000000e+00   288330
  4.006701e+00   7.977503e+01   6.161159e-03   0.000000e+00   289718
  4.027918e+00   8.049030e+01   6.135813e-03   0.000000e+00   292290
  4.049073e+00   8.052721e+01   5.914284e-03   0.000000e+00   294134
  4.070306e+00   8.051845e+01   6.007762e-03   0.000000e+00   300642
  4.091637e+00   8.081142e+01   6.409960e-03   0.000000e+00   303386
  4.112882e+00   8.128733e+01   6.788099e-03   0.000000e+00   304662
  4.134148e+00   8.100880e+01   5.894565e-03   0.000000e+00   309812
  4.155432e+00   8.120200e+01   6.100624e-03   0.000000e+00   311570
  4.176779e+00   8.199635e+01   5.923463e-03   0.000000e+00   318270
  4.198029e+00   8.203252e+01   6.565452e-03   0.000000e+00   315090
  4.219204e+00   8.188038e+01   5.731184e-03   0.000000e+00   322646
  4.240427e+00   8.227760e+01   5.914658e-03   0.000000e+00   322722
  4.261676e+00   8.249705e+01   6.496812e-03   0.000000e+00   329930
  4.282992e+00   8.260351e+01   6.492252e-03   0.000000e+00   331824
  4.304310e+00   8.286776e+01   5.913450e-03   0.000000e+00   336266
  4.325562e+00   8.315591e+01   6.160242e-03   0.000000e+00   336094
  4.346764e+00   8.337280e+01   5.865329e-03   0.000000e+00   341386
  4.368007e+00   8.359561e+01   6.192343e-03   0.000000e+00   344338
  4.389235e+00   8.380082e+01   6.321201e-03   0.000000e+00   347638
  4.410483e+00   8.381186e+01   5.911492e-03   0.000000e+00   351618
  4.431714e+00   8.381030e+01   6.145849e-03   0.000000e+00   353792
  4.453010e+00   8.421907e+01   6.013185e-03   0.000000e+00   360538
  4.474375e+00   8.362637e+01   5.873292e-03   0.000000e+00   363250
  4.495597e+00   8.424230e+01   6.407690e-03   0.000000e+00   362334
  4.516868e+00   8.425055e+01   5.267965e-03   0.000000e+00   371642
  4.538119e+00   8.450638e+01   6.063760e-03   0.000000e+00   368794
  4.559300e+00   8.466664e+01   6.068311e-03   0.000000e+00   376510
  4.580553e+00   8.501160e+01   5.866807e-03   0.000000e+00   377994
  4.601781e+00   8.504488e+01   5.999907e-03   0.000000e+00   382760
  4.623062e+00   8.540130e+01   6.761232e-03   0.000000e+00   386674
  4.644352e+00   8.537819e+01   6.089373e-03   0.000000e+00   390298
  4.665617e+00   8.542561e+01   6.472893e-03   0.000000e+00   393142
  4.686897e+00   8.584844e+01   6.176010e-03   0.000000e+00   397762
  4.708063e+00   8.555619e+01   5.933247e-03   0.000000e+00   396270
  4.729243e+00   8.592388e+01   6.172040e-03   0.000000e+00   405194
  4.750519e+00   8.574728e+01   5.623931e-03   0.000000e+00   407580
  4.771780e+00   8.600985e+01   6.562825e-03   0.000000e+00   411782
  4.793025e+00   8.604487e+01   5.906020e-03   0.000000e+00   414114
  4.814333e+00   8.638798e+01   6.377507e-03   0.000000e+00   421562
  4.835650e+00   8.626664e+01   6.191341e-03   0.000000e+00   421910
  4.856930e+00   8.658409e+01   5.887520e-03   0.000000e+00   427818
  4.878210e+00   8.642828e+01   6.897744e-03   0.000000e+00   429430
  4.899423e+00   8.681006e+01   6.468793e-03   0.000000e+00   432322
  4.920648e+00   8.653635e+01   5.146797e-03   0.000000e+00   437428
  4.941886e+00   8.680452e+01   5.179664e-03   0.000000e+00   440590
  4.963168e+00   8.663723e+01   6.139139e-03   0.000000e+00   446770
  4.984488e+00   8.713485e+01   5.786177e-03   0.000000e+00   449782
  5.005701e+00   8.732445e+01   6.225384e-03   0.000000e+00   449706
  5.026920e+00   8.700350e+01   6.190026e-03   0.000000e+00   458042
  5.048152e+00   8.679552e+01   5.813051e-03   0.000000e+00   458158
  5.069376e+00   8.759700e+01   5.800703e-03   0.000000e+00   465124
  5.090609e+00   8.726427e+01   6.144611e-03   0.000000e+00   466230
  5.111880e+00   8.718307e+01   6.487705e-03   0.000000e+00   474386
  5.133163e+00   8.730262e+01   5.823722e-03   0.000000e+00   475178
  5.154479e+00   8.750220e+01   6.483259e-03   0.000000e+00   483558
  5.175801e+00   8.752666e+01   5.217799e-03   0.000000e+00   483354
  5.197028e+00   8.769674e+01   5.060699e-03   0.000000e+00   487178
  5.218267e+00   8.756354e+01   6.314773e-03   0.000000e+00   492006
  5.239491e+00   8.766251e+01   6.001818e-03   0.000000e+00   494852
  5.260721e+00   8.766701e+01   5.989016e-03   0.000000e+00   499502
  5.281980e+00   8.758231e+01   5.532910e-03   0.000000e+00   504618
  5.303258e+00   8.757069e+01   6.646346e-03   0.000000e+00   508506
  5.324566e+00   8.774056e+01   6.691199e-03   0.000000e+00   514406
  5.345817e+00   8.761623e+01   5.614030e-03   0.000000e+00   514026
  5.367003e+00   8.752719e+01   6.402389e-03   0.000000e+00   519230
  5.388198e+00   8.763411e+01   5.796928e-03   0.000000e+00   522620
  5.409433e+00   8.787635e+01   6.016700e-03   0.000000e+00   529458
  5.430728e+00   8.785863e+01   6.290363e-03   0.000000e+00   534078
  5.452002e+00   8.763281e+01   6.423223e-03   0.000000e+00   536666
  5.473221e+00   8.775280e+01   6.226258e-03   0.000000e+00   539270
  5.494536e+00   8.799162e+01   6.019846e-03   0.000000e+00   550530
  5.515865e+00   8.804063e+01   6.632978e-03   0.000000e+00   548474
  5.537086e+00   8.792654e+01   6.203457e-03   0.000000e+00   553518
  5.558294e+00   8.798600e+01   6.395973e-03   0.000000e+00   556116
  5.579570e+00   8.801923e+01   5.770979e-03   0.000000e+00   564890
  5.600810e+00   8.810482e+01   6.010297e-03   0.000000e+00   563718
  5.622071e+00   8.819160e+01   6.111574e-03   0.000000e+00   574298
  5.643361e+00   8.799406e+01   7.259386e-03   0.000000e+00   573966
  5.664610e+00   8.772266e+01   5.765267e-03   0.000000e+00   580586
  5.685852e+00   8.793367e+01   6.235026e-03   0.000000e+00   582666
  5.707118e+00   8.828917e+01   6.276291e-03   0.000000e+00   590648
  5.728378e+00   8.804925e+01   5.988709e-03   0.000000e+00   590578
  5.749571e+00   8.815373e+01   6.724466e-03   0.000000e+00   595990
  5.770815e+00   8.784083e+01   5.891409e-03   0.000000e+00   601778
  5.792095e+00   8.773363e+01   6.647986e-03   0.000000e+00   607578
  5.813386e+00   8.794753e+01   6.386675e-03   0.000000e+00   611294
  5.834665e+00   8.785815e+01   6.362862e-03   0.000000e+00   615498
  5.855891e+00   8.794593e+01   6.131380e-03   0.000000e+00   617274
  5.877144e+00   8.769543e+01   5.712019e-03   0.000000e+00   626360
  5.898410e+00   8.772499e+01   5.482437e-03   0.000000e+00   626658
  5.919652e+00   8.767025e+01   5.882094e-03   0.000000e+00   634022
  5.940871e+00   8.750014e+01   5.853668e-03   0.000000e+00   634554
  5.962130e+00   8.758488e+01   4.949220e-03   0.000000e+00   645026
  5.983397e+00   8.781818e+01   6.302815e-03   0.000000e+00   645182
  6.004651e+00   8.786188e+01   6.251417e-03   0.000000e+00   652938
  6.025900e+00   8.711056e+01   7.031037e-03   0.000000e+00   654336
  6.047177e+00   8.731926e+01   6.390193e-03   0.000000e+00   663242
  6.068455e+00   8.726069e+01   5.187840e-03   0.000000e+00   664002
  6.089671e+00   8.747318e+01   7.065388e-03   0.000000e+00   668990
  6.110913e+00   8.719104e+01   5.736941e-03   0.000000e+00   674554
  6.132134e+00   8.725159e+01   6.294157e-03   0.000000e+00   677158
  6.153408e+00   8.748228e+01   6.312103e-03   0.000000e+00   687306
  6.174730e+00   8.711355e+01   6.081005e-03   0.000000e+00   690290
  6.195983e+00   8.719637e+01   5.716323e-03   0.000000e+00   691992
  6.217264e+00   8.707411e+01   6.966107e-03   0.000000e+00   701402
  6.238536e+00   8.695303e+01   6.570178e-03   0.000000e+00   700826
  6.259768e+00   8.703078e+01   5.865081e-03   0.000000e+00   708726
  6.281021e+00   8.724421e+01   6.361979e-03   0.000000e+00   711690
  6.302286e+00   8.715347e+01   7.202373e-03   0.000000e+00   719606
  6.323507e+00   8.689843e+01   6.192520e-03   0.000000e+00   717810
  6.344740e+00   8.689670e+01   5.533216e-03   0.000000e+00   730412
  6.366035e+00   8.673272e+01   6.672839e-03   0.000000e+00   731782
  6.387334e+00   8.674870e+01   6.529388e-03   0.000000e+00   740458
  6.408577e+00   8.642556e+01   6.372307e-03   0.000000e+00   737494
  6.429780e+00   8.648966e+01   5.425988e-03   0.000000e+00   747298
  6.451036e+00   8.650869e+01   5.507550e-03   0.000000e+00   751762
  6.472271e+00   8.644926e+01   6.258389e-03   0.000000e+00   755470
  6.493501e+00   8.607313e+01   6.443615e-03   0.000000e+00   761442
  6.514810e+00   8.622382e+01   6.259121e-03   0.000000e+00   770816
  6.536091e+00   8.623647e+01   5.370190e-03   0.000000e+00   769242
  6.557381e+00   8.594112e+01   5.927552e-03   0.000000e+00   782162
  6.578616e+00   8.560577e+01   8.343097e-03   0.000000e+00   775230
  6.599826e+00   8.619441e+01   5.314784e-03   0.000000e+00   789866
  6.621069e+00   8.592461e+01   5.279723e-03   0.000000e+00   787938
  6.642301e+00   8.574911e+01   5.071248e-03   0.000000e+00   799574
  6.663595e+00   8.576005e+01   7.016726e-03   0.000000e+00   803028
  6.684840e+00   8.563458e+01   6.115262e-03   0.000000e+00   805574
  6.706074e+00   8.542280e+01   6.705359e-03   0.000000e+00   812034
  6.727365e+00   8.522400e+01   7.052603e-03   0.000000e+00   820970
  6.748643e+00   8.525008e+01   6.169023e-03   0.000000e+00   821174
  6.769838e+00   8.526191e+01   6.207391e-03   0.000000e+00   825186
  6.791060e+00   8.505655e+01   6.975930e-03   0.000000e+00   833142
  6.812270e+00   8.498527e+01   6.105497e-03   0.000000e+00   834788
  6.833530e+00   8.479636e+01   7.576231e-03   0.000000e+00   847858
  6.854909e+00   8.473450e+01   5.766325e-03   0.000000e+00   854278
  6.876190e+00   8.457381e+01   5.134484e-03   0.000000e+00   850914
  6.897410e+00   8.464997e+01   4.929192e-03   0.000000e+00   859250
  6.918685e+00   8.459807e+01   6.221925e-03   0.000000e+00   867126
  6.939944e+00   8.472766e+01   6.626637e-03   0.000000e+00   868274
  6.961154e+00   8.442559e+01   6.925121e-03   0.000000e+00   873606
  6.982370e+00   8.437492e+01   4.567269e-03   0.000000e+00   879284
  7.003630e+00   8.425849e+01   6.782272e-03   0.000000e+00   887666
  7.024965e+00   8.407539e+01   7.071077e-03   0.000000e+00   897030
  7.046256e+00   8.356009e+01   5.770206e-03   0.000000e+00   894378
  7.067493e+00   8.358437e+01   6.177203e-03   0.000000e+00   903254
  7.088721e+00   8.381313e+01   6.608657e-03   0.000000e+00   904562
  7.109940e+00   8.350463e+01   5.678415e-03   0.000000e+00   913362
  7.131154e+00   8.331684e+01   4.623447e-03   0.000000e+00   915592
  7.152418e+00   8.315820e+01   6.891461e-03   0.000000e+00   927946
  7.173679e+00   8.336402e+01   7.707239e-03   0.000000e+00   926094
  7.194983e+00   8.308102e+01   5.974791e-03   0.000000e+00   942890
  7.216284e+00   8.312324e+01   6.456079e-03   0.000000e+00   937266
  7.237526e+00   8.275440e+01   5.625151e-03   0.000000e+00   948854
  7.258777e+00   8.280730e+01   4.938344e-03   0.000000e+00   948714
  7.279982e+00   8.270347e+01   5.496715e-03   0.000000e+00   956186
  7.301232e+00   8.246457e+01   6.172850e-03   0.000000e+00   964272
  7.322510e+00   8.243468e+01   6.196724e-03   0.000000e+00   969458
  7.343767e+00   8.235426e+01   5.039127e-03   0.000000e+00   973358
  7.365038e+00   8.221461e+01   6.803158e-03   0.000000e+00   982098
  7.386288e+00   8.202098e+01   5.641474e-03   0.000000e+00   983178
  7.407569e+00   8.189034e+01   7.469381e-03   0.000000e+00   996350
  7.428841e+00   8.185361e+01   5.561030e-03   0.000000e+00   993530
  7.450005e+00   8.151426e+01   6.588968e-03   0.000000e+00   997848
  7.471231e+00   8.159871e+01   6.448598e-03   0.000000e+00   1010106
  7.492520e+00   8.149667e+01   6.526194e-03   0.000000e+00   1015730
  7.513779e+00   8.115501e+01   6.285400e-03   0.000000e+00   1018710
  7.535080e+00   8.122361e+01   6.349782e-03   0.000000e+00   1031282
  7.556349e+00   8.085850e+01   6.086541e-03   0.000000e+00   1027122
  7.577582e+00   8.080684e+01   6.149262e-03   0.000000e+00   1039838
  7.598829e+00   8.073513e+01   6.805517e-03   0.000000e+00   1039898
  7.620059e+00   8.067107e+01   6.625568e-03   0.000000e+00   1050288
  7.641304e+00   8.040739e+01   6.439899e-03   0.000000e+00   1052226
  7.662560e+00   8.026947e+01   4.352591e-03   0.000000e+00   1062746
  7.683841e+00   8.017004e+01   5.756482e-03   0.000000e+00   1067438
  7.705115e+00   8.014701e+01   5.688900e-03   0.000000e+00   1073730
  7.726377e+00   7.995898e+01   7.160594e-03   0.000000e+00   1078230
  7.747645e+00   7.976862e+01   5.737100e-03   0.000000e+00   1085594
  7.768867e+00   7.964229e+01   4.956365e-03   0.000000e+00   1086124
  7.790129e+00   7.953294e+01   6.311330e-03   0.000000e+00   1101310
  7.811393e+00   7.931307e+01   6.982566e-03   0.000000e+00   1098282
  7.832628e+00   7.918728e+01   4.227990e-03   0.000000e+00   1109918
  7.853908e+00   7.890968e+01   5.900574e-03   0.000000e+00   1114962
  7.875189e+00   7.890295e+01   6.576989e-03   0.000000e+00   1122962
  7.896462e+00   7.882416e+01   0.000000e+00   0.000000e+00   1125822
  7.917709e+00   7.854170e+01   6.473219e-03   0.000000e+00   1132538
  7.938933e+00   7.849232e+01   6.662531e-03   0.000000e+00   1135164
  7.960164e+00   7.832291e+01   6.942633e-03   0.000000e+00   1145654
  7.981445e+00   7.808961e+01   4.626568e-03   0.000000e+00   1152666
  8.002718e+00   7.807517e+01   6.097124e-03   0.000000e+00   1157078
  8.023960e+00   7.786470e+01   6.915098e-03   0.000000e+00   1161522
  8.045237e+00   7.775971e+01   6.487148e-03   0.000000e+00   1173050
  8.066485e+00   7.757043e+01   6.198728e-03   0.000000e+00   1171518
  8.087720e+00   7.747668e+01   7.516414e-03   0.000000e+00   1183772
  8.108936e+00   7.716084e+01   6.533011e-03   0.000000e+00   1181262
  8.130149e+00   7.718629e+01   5.659497e-03   0.000000e+00   1195490
  8.151430e+00   7.706020e+01   5.282390e-03   0.000000e+00   1202010
  8.172703e+00   7.691287e+01   5.527222e-03   0.000000e+00   1207166
  8.193972e+00   7.673945e+01   6.474120e-03   0.000000e+00   1214074
  8.215202e+00   7.652431e+01   6.618893e-03   0.000000e+00   1215334
  8.236458e+00   7.636410e+01   7.936313e-03   0.000000e+00   1229274
  8.257777e+00   7.613988e+01   6.749962e-03   0.000000e+00   1236164
  8.279041e+00   7.606751e+01   5.021586e-03   0.000000e+00   1234942
  8.300268e+00   7.594463e+01   5.974422e-03   0.000000e+00   1244410
  8.321507e+00   7.560915e+01   6.252817e-03   0.000000e+00   1249010
  8.342771e+00   7.569843e+01   6.988422e-03   0.000000e+00   1260702
  8.364015e+00   7.542571e+01   5.638350e-03   0.000000e+00   1259490
  8.385281e+00   7.533560e+01   5.873688e-03   0.000000e+00   1275662
  8.406528e+00   7.507840e+01   3.276303e-03   0.000000e+00   1270164
  8.427796e+00   7.497797e+01   5.126527e-03   0.000000e+00   1291226
  8.449059e+00   7.474533e+01   4.166611e-03   0.000000e+00   1282750
  8.470273e+00   7.472466e+01   6.058314e-03   0.000000e+00   1298146
  8.491542e+00   7.452814e+01   5.226670e-03   0.000000e+00   1301646
  8.512794e+00   7.432445e+01   5.644840e-03   0.000000e+00   1309898
  8.534063e+00   7.409970e+01   4.528126e-03   0.000000e+00   1317010
  8.555337e+00   7.401921e+01   6.380361e-03   0.000000e+00   1323814
  8.576590e+00   7.389281e+01   4.700937e-03   0.000000e+00   1326732
  8.597831e+00   7.366060e+01   6.992999e-03   0.000000e+00   1335434
  8.619127e+00   7.347030e+01   8.031715e-03   0.000000e+00   1347902
  8.640399e+00   7.334180e+01   8.555803e-03   0.000000e+00   1344786
  8.661591e+00   7.302222e+01   3.958248e-03   0.000000e+00   1351222
  8.682841e+00   7.302589e+01   5.560030e-03   0.000000e+00   1365322
  8.704123e+00   7.291634e+01   7.106184e-03   0.000000e+00   1369002
  8.725386e+00   7.267160e+01   6.297557e-03   0.000000e+00   1376456
  8.746633e+00   7.241521e+01   5.215126e-03   0.000000e+00   1379362
  8.767891e+00   7.236107e+01   6.714277e-03   0.000000e+00   1392262
  8.789154e+00   7.196745e+01   6.111024e-03   0.000000e+00   1392546
  8.810388e+00   7.191051e+01   6.726712e-03   0.000000e+00   1402754
  8.831639e+00   7.173053e+01   7.512123e-03   0.000000e+00   1408470
  8.852888e+00   7.174825e+01   3.117937e-03   0.000000e+00   1415450
  8.874092e+00   7.149369e+01   6.073554e-03   0.000000e+00   1416504
  8.895400e+00   7.121993e+01   6.275579e-03   0.000000e+00   1442354
  8.916711e+00   7.116547e+01   7.225072e-03   0.000000e+00   1431202
  8.937941e+00   7.068297e+01   6.037992e-03   0.000000e+00   1445038
  8.959176e+00   7.079366e+01   5.309078e-03   0.000000e+00   1445322
  8.980441e+00   7.062647e+01   5.803164e-03   0.000000e+00   1462778
  9.001705e+00   7.031717e+01   6.785814e-03   0.000000e+00   1459590
  9.022928e+00   7.022175e+01   6.555177e-03   0.000000e+00   1471226
  9.044204e+00   6.999454e+01   4.740703e-03   0.000000e+00   1480136
  9.065492e+00   6.985165e+01   6.300412e-03   0.000000e+00   1486530
  9.086744e+00   6.963910e+01   7.034254e-03   0.000000e+00   1488898
  9.107993e+00   6.961744e+01   5.612091e-03   0.000000e+00   1500838
  9.129267e+00   6.944591e+01   3.915195e-03   0.000000e+00   1505906
  9.150481e+00   6.921725e+01   7.218716e-03   0.000000e+00   1507062
  9.171701e+00   6.908479e+01   6.007571e-03   0.000000e+00   1519890
  9.192953e+00   6.896174e+01   7.078921e-03   0.000000e+00   1526516
  9.214250e+00   6.862549e+01   4.529186e-03   0.000000e+00   1540038
  9.235535e+00   6.857153e+01   7.250887e-03   0.000000e+00   1538810
  9.256760e+00   6.822503e+01   5.457633e-03   0.000000e+00   1545574
  9.278033e+00   6.823215e+01   9.497499e-03   0.000000e+00   1560010
  9.299294e+00   6.796442e+01   5.163504e-03   0.000000e+00   1558578
  9.320520e+00   6.787080e+01   6.570688e-03   0.000000e+00   1568990
  9.341740e+00   6.760238e+01   7.034253e-03   0.000000e+00   1571770
  9.362990e+00   6.753901e+01   6.327549e-03   0.000000e+00   1587748
  9.384274e+00   6.717488e+01   4.950411e-03   0.000000e+00   1590966
  9.405558e+00   6.716934e+01   5.145159e-03   0.000000e+00   1602554
  9.426814e+00   6.693565e+01   6.829297e-03   0.000000e+00   1601190
  9.448038e+00   6.675124e+01   6.669897e-03   0.000000e+00   1611722
  9.469261e+00   6.658472e+01   6.042620e-03   0.000000e+00   1616058
  9.490520e+00   6.636095e+01   5.841795e-03   0.000000e+00   1631942
  9.511781e+00   6.645060e+01   4.924109e-03   0.000000e+00   1630980
  9.533013e+00   6.619221e+01   6.417905e-03   0.000000e+00   1641494
  9.554298e+00   6.595107e+01   7.025520e-03   0.000000e+00   1653378
  9.575624e+00   6.582880e+01   7.154153e-03   0.000000e+00   1663730
  9.596880e+00   6.562297e+01   4.792351e-03   0.000000e+00   1656558
  9.618086e+00   6.540163e+01   7.097497e-03   0.000000e+00   1671026
  9.639339e+00   6.524912e+01   6.978127e-03   0.000000e+00   1677818
  9.660582e+00   6.520860e+01   7.640583e-03   0.000000e+00   1685454
  9.681838e+00   6.492159e+01   5.539494e-03   0.000000e+00   1694516
  9.703105e+00   6.475882e+01   5.080413e-03   0.000000e+00   1701342
  9.724369e+00   6.466293e+01   5.929075e-03   0.000000e+00   1709026
  9.745658e+00   6.445765e+01   7.051369e-03   0.000000e+00   1720354
  9.766929e+00   6.421777e+01   5.757103e-03   0.000000e+00   1721470
  9.788196e+00   6.410461e+01   6.235032e-03   0.000000e+00   1735018
  9.809417e+00   6.397939e+01   4.710757e-03   0.000000e+00   1728398
  9.830618e+00   6.381119e+01   6.658459e-03   0.000000e+00   1747116
  9.851879e+00   6.355344e+01   1.873999e-03   0.000000e+00   1753090
  9.873172e+00   6.350746e+01   5.106479e-03   0.000000e+00   1767694
  9.894453e+00   6.332058e+01   6.906452e-03   0.000000e+00   1766490
  9.915726e+00   6.303867e+01   0.000000e+00   0.000000e+00   1780478
  9.936985e+00   6.300428e+01   8.973343e-03   0.000000e+00   1781050
  9.958227e+00   6.268763e+01   4.772123e-03   0.000000e+00   1792018
  9.979456e+00   6.253683e+01   6.348041e-03   0.000000e+00   1794366
  1.000069e+01   6.231913e+01   5.907340e-03   0.000000e+00   1808276
  1.002195e+01   6.224228e+01   6.617792e-03   0.000000e+00   1812522
  1.004322e+01   6.202967e+01   7.659311e-03   0.000000e+00   1827758
  1.006451e+01   6.191576e+01   4.620353e-03   0.000000e+00   1829466
  1.008574e+01   6.166048e+01   7.278073e-03   0.000000e+00   1835534
  1.010696e+01   6.154835e+01   6.128801e-03   0.000000e+00   1840906
  1.012821e+01   6.135303e+01   6.349649e-03   0.000000e+00   1857130
  1.014945e+01   6.116672e+01   4.773183e-03   0.000000e+00   1854264
  1.017068e+01   6.093021e+01   5.228999e-03   0.000000e+00   1871090
  1.019195e+01   6.078450e+01   6.004698e-03   0.000000e+00   1876926
  1.021321e+01   6.072249e+01   6.617645e-03   0.000000e+00   1884530
  1.023446e+01   6.050425e+01   5.451569e-03   0.000000e+00   1891506
  1.025575e+01   6.031216e+01   6.416429e-03   0.000000e+00   1907798
  1.027705e+01   6.023049e+01   7.841174e-03   0.000000e+00   1907378
  1.029828e+01   5.993037e+01   6.288291e-03   0.000000e+00   1912506
  1.031951e+01   5.992885e+01   3.871264e-03   0.000000e+00   1923048
  1.034079e+01   5.970304e+01   7.406493e-03   0.000000e+00   1936730
  1.036206e+01   5.953437e+01   5.903828e-03   0.000000e+00   1936686
  1.038331e+01   5.931957e+01   6.991499e-03   0.000000e+00   1950290
  1.040457e+01   5.916671e+01   2.830233e-03   0.000000e+00   1953002
  1.042583e+01   5.921791e+01   6.120234e-03   0.000000e+00   1969110
  1.044710e+01   5.884483e+01   1.976361e-03   0.000000e+00   1969050
  1.046834e+01   5.862868e+01   6.639377e-03   0.000000e+00   1980392
  1.048959e+01   5.859116e+01   7.979808e-03   0.000000e+00   1984770
  1.051083e+01   5.827973e+01   5.497653e-03   0.000000e+00   1995506
  1.053210e+01   5.822640e+01   7.147300e-03   0.000000e+00   2007806
  1.055337e+01   5.799818e+01   6.245591e-03   0.000000e+00   2010474
  1.057460e+01   5.786325e+01   6.835269e-03   0.000000e+00   2018182
  1.059588e+01   5.768477e+01   6.127166e-03   0.000000e+00   2033554
  1.061711e+01   5.764708e+01   7.195988e-03   0.000000e+00   2026266
  1.063836e+01   5.733748e+01   4.647923e-03   0.000000e+00   2054480
  1.065963e+01   5.731441e+01   4.975128e-03   0.000000e+00   2044770
  1.068085e+01   5.709180e+01   7.220058e-03   0.000000e+00   2062394
  1.070212e+01   5.694426e+01   6.579434e-03   0.000000e+00   2069982
  1.072338e+01   5.676388e+01   7.698981e-03   0.000000e+00   2079434
  1.074463e+01   5.676601e+01   6.529083e-03   0.000000e+00   2083038
  1.076590e+01   5.646956e+01   5.049776e-03   0.000000e+00   2098850
  1.078715e+01   5.631992e+01   6.375286e-03   0.000000e+00   2095436
  1.080840e+01   5.623526e+01   6.598222e-03   0.000000e+00   2117406
  1.082968e+01   5.607431e+01   6.053549e-03   0.000000e+00   2115426
  1.085088e+01   5.598414e+01   5.877201e-03   0.000000e+00   2118878
  1.087212e+01   5.575600e+01   6.700505e-03   0.000000e+00   2140026
  1.089341e+01   5.570230e+01   7.161506e-03   0.000000e+00   2147234
  1.091467e+01   5.545969e+01   6.373039e-03   0.000000e+00   2150662
  1.093592e+01   5.533877e+01   5.850564e-03   0.000000e+00   2159842
  1.095717e+01   5.517927e+01   6.580801e-03   0.000000e+00   2168384
  1.097845e+01   5.509448e+01   8.153204e-03   0.000000e+00   2183178
  1.099972e+01   5.492907e+01   6.132920e-03   0.000000e+00   2184770
  1.102097e+01   5.475019e+01   6.810359e-03   0.000000e+00   2192190
  1.104218e+01   5.457775e+01   7.418331e-03   0.000000e+00   2196242
  1.106345e+01   5.457865e+01   5.242670e-03   0.000000e+00   2220714
  1.108473e+01   5.434146e+01   7.382861e-03   0.000000e+00   2215758
  1.110599e+01   5.420082e+01   6.729232e-03   0.000000e+00   2233988
  1.112725e+01   5.418769e+01   8.231096e-03   0.000000e+00   2231670
  1.114848e+01   5.398857e+01   4.149735e-03   0.000000e+00   2244338
  1.116975e+01   5.378967e+01   5.477051e-03   0.000000e+00   2258610
  1.119102e+01   5.374958e+01   5.325569e-03   0.000000e+00   2260718
  1.121225e+01   5.363717e+01   6.428269e-03   0.000000e+00   2268162
  1.123348e+01   5.345719e+01   5.768574e-03   0.000000e+00   2277494
  1.125473e+01   5.336734e+01   5.256694e-03   0.000000e+00   2288796
  1.127602e+01   5.315379e+01   1.057104e-02   0.000000e+00   2305226
  1.129730e+01   5.302687e+01   5.497206e-03   0.000000e+00   2301630
  1.131856e+01   5.296165e+01   0.000000e+00   0.000000e+00   2319770
  1.133981e+01   5.278195e+01   7.147055e-03   0.000000e+00   2315610
  1.136104e+01   5.277552e+01   5.715562e-03   0.000000e+00   2334662
  1.138228e+01   5.256581e+01   8.447227e-03   0.000000e+00   2335722
  1.140354e+01   5.245535e+01   4.771321e-03   0.000000e+00   2354102
  1.142480e+01   5.236076e+01   7.570310e-03   0.000000e+00   2355236
  1.144608e+01   5.226753e+01   6.551424e-03   0.000000e+00   2374170
  1.146736e+01   5.211500e+01   5.139794e-03   0.000000e+00   2373286
  1.148862e+01   5.204413e+01   7.793601e-03   0.000000e+00   2388010
  1.150985e+01   5.190061e+01   1.149691e-03   0.000000e+00   2383470
  1.153107e+01   5.175404e+01   5.051547e-03   0.000000e+00   2404994
  1.155233e+01   5.170169e+01   4.264109e-03   0.000000e+00   2408642
  1.157356e+01   5.150006e+01   6.367881e-03   0.000000e+00   2417640
  1.159483e+01   5.141468e+01   6.437726e-03   0.000000e+00   2434994
  1.161612e+01   5.139397e+01   7.129285e-03   0.000000e+00   2437998
  1.163738e+01   5.120378e+01   6.132893e-03   0.000000e+00   2448194
  1.165865e+01   5.109947e+01   0.000000e+00   0.000000e+00   2455890
  1.167989e+01   5.104103e+01   3.761831e-03   0.000000e+00   2461526
  1.170113e+01   5.084677e+01   6.644398e-03   0.000000e+00   2474034
  1.172237e+01   5.082475e+01   6.468816e-03   0.000000e+00   2476482
  1.174362e+01   5.077874e+01   5.067951e-03   0.000000e+00   2497256
  1.176491e+01   5.068913e+01   6.530660e-03   0.000000e+00   2502978
  1.178617e+01   5.054471e+01   2.790074e-03   0.000000e+00   2508422
  1.180742e+01   5.042080e+01   6.778137e-03   0.000000e+00   2518482
  1.182869e+01   5.028593e+01   8.479666e-03   0.000000e+00   2532074
  1.184993e+01   5.018425e+01   9.131886e-03   0.000000e+00   2526710
  1.187115e+01   5.009909e+01   7.111456e-03   0.000000e+00   2548986
  1.189240e+01   5.012114e+01   6.126831e-03   0.000000e+00   2551704
  1.191366e+01   5.003068e+01   4.773853e-03   0.000000e+00   2566226
  1.193492e+01   4.989215e+01   4.917877e-03   0.000000e+00   2573898
  1.195621e+01   4.989476e+01   5.270172e-03   0.000000e+00   2589182
  1.197746e+01   4.976915e+01   6.811929e-03   0.000000e+00   2584970
  1.199871e+01   4.967043e+01   5.306412e-03   0.000000e+00   2605110
  1.201997e+01   4.968438e+01   4.854821e-03   0.000000e+00   2606834
  1.204121e+01   4.957844e+01   4.980995e-03   0.000000e+00   2620770
  1.206246e+01   4.951349e+01   6.757205e-03   0.000000e+00   2626560
  1.208371e+01   4.943971e+01   6.533797e-03   0.000000e+00   2636762
  1.210496e+01   4.942525e+01   7.521002e-03   0.000000e+00   2647698
  1.212627e+01   4.935904e+01   5.822592e-03   0.000000e+00   2668166
  1.214754e+01   4.927324e+01   5.924260e-03   0.000000e+00   2660586
  1.216878e+01   4.916023e+01   5.932721e-03   0.000000e+00   2676494
  1.219000e+01   4.915964e+01   7.067802e-03   0.000000e+00   2674306
  1.221123e+01   4.905906e+01   4.985753e-03   0.000000e+00   2696980
  1.223250e+01   4.903337e+01   5.514115e-03   0.000000e+00   2703622
  1.225376e+01   4.908008e+01   8.189945e-03   0.000000e+00   2713186
  1.227500e+01   4.893648e+01   7.574858e-03   0.000000e+00   2718702
  1.229629e+01   4.894371e+01   7.324376e-03   0.000000e+00   2742194
  1.231756e+01   4.887203e+01   0.000000e+00   0.000000e+00   2733162
  1.233881e+01   4.892316e+01   4.378354e-03   0.000000e+00   2757590
  1.236006e+01   4.878518e+01   4.052537e-03   0.000000e+00   2752010
  1.238128e+01   4.885184e+01   7.892905e-03   0.000000e+00   2769036
  1.240255e+01   4.871445e+01   6.120794e-03   0.000000e+00   2783046
  1.242383e+01   4.860616e+01   0.000000e+00   0.000000e+00   2789378
  1.244509e+01   4.871093e+01   8.794978e-03   0.000000e+00   2799582
  1.246637e+01   4.867525e+01   6.326813e-03   0.000000e+00   2811170
  1.248762e+01   4.857902e+01   0.000000e+00   0.000000e+00   2812706
  1.250888e+01   4.855344e+01   5.820065e-03   0.000000e+00   2833254
  1.253012e+01   4.859953e+01   7.388180e-03   0.000000e+00   2827292
  1.255135e+01   4.861382e+01   7.816803e-03   0.000000e+00   2846838
  1.257259e+01   4.853292e+01   5.875655e-03   0.000000e+00   2846535
  1.259384e+01   4.849873e+01   6.571649e-03   0.000000e+00   2848496
  1.261510e+01   4.839261e+01   6.972756e-03   0.000000e+00   2841564
  1.263638e+01   4.833374e+01   7.855645e-03   0.000000e+00   2843000
  1.265764e+01   4.808561e+01   7.472565e-03   0.000000e+00   2826624
  1.267888e+01   4.799755e+01   7.702283e-03   0.000000e+00   2828732
  1.270014e+01   4.797335e+01   4.381807e-03   0.000000e+00   2819560
  1.272139e+01   4.770924e+01   5.758191e-03   0.000000e+00   2819284
  1.274263e+01   4.759633e+01   5.494826e-03   0.000000e+00   2805856
  1.276388e+01   4.745321e+01   7.098256e-03   0.000000e+00   2810440
  1.278515e+01   4.737168e+01   6.281897e-03   0.000000e+00   2800608
  1.280641e+01   4.720123e+01   7.922026e-03   0.000000e+00   2798144
  1.282766e+01   4.699064e+01   6.978936e-03   0.000000e+00   2787376
  1.284892e+01   4.693225e+01   7.807928e-03   0.000000e+00   2790616
  1.287019e+01   4.681602e+01   6.179643e-03   0.000000e+00   2779552
  1.289141e+01   4.672856e+01   7.028561e-03   0.000000e+00   2768452
  1.291265e+01   4.650210e+01   2.193859e-03   0.000000e+00   2771296
  1.293391e+01   4.652600e+01   3.384585e-03   0.000000e+00   2764924
  1.295518e+01   4.632259e+01   3.746343e-03   0.000000e+00   2762264
  1.297647e+01   4.615580e+01   7.522208e-03   0.000000e+00   2760216
  1.299771e+01   4.605293e+01   1.548438e-03   0.000000e+00   2737932
  1.301896e+01   4.597966e+01   8.412023e-03   0.000000e+00   2752280
  1.304023e+01   4.584532e+01   6.542442e-03   0.000000e+00   2728764
  1.306147e+01   4.567419e+01   6.392715e-03   0.000000e+00   2736368
  1.308272e+01   4.559261e+01   4.900642e-03   0.000000e+00   2719920
  1.310397e+01   4.542494e+01   9.530201e-03   0.000000e+00   2727152
  1.312523e+01   4.531588e+01   0.000000e+00   0.000000e+00   2708352
  1.314650e+01   4.525188e+01   0.000000e+00   0.000000e+00   2718584
  1.316776e+01   4.513588e+01   0.000000e+00   0.000000e+00   2694300
  1.318902e+01   4.492805e+01   9.072508e-03   0.000000e+00   2709440
  1.321029e+01   4.489228e+01   2.660433e-03   0.000000e+00   2682108
  1.323150e+01   4.471279e+01   4.758330e-03   0.000000e+00   2684912
  1.325275e+01   4.465278e+01   8.230553e-03   0.000000e+00   2678892
  1.327400e+01   4.445354e+01   6.293198e-03   0.000000e+00   2674748
  1.329527e+01   4.442547e+01   9.259456e-03   0.000000e+00   2670216
  1.331652e+01   4.423616e+01   6.180385e-03   0.000000e+00   2659436
  1.333778e+01   4.408030e+01   5.672543e-03   0.000000e+00   2659752
  1.335907e+01   4.396479e+01   6.308683e-03   0.000000e+00   2654300
  1.338032e+01   4.391915e+01   3.077583e-03   0.000000e+00   2640852
  1.340157e+01   4.374377e+01   4.876241e-03   0.000000e+00   2638124
  1.342281e+01   4.368819e+01   9.807996e-03   0.000000e+00   2628228
  1.344407e+01   4.348704e+01   3.816030e-03   0.000000e+00   2630936
  1.346534e+01   4.343019e+01   8.665155e-03   0.000000e+00   2619032
  1.348659e+01   4.326619e+01   5.265081e-03   0.000000e+00   2610804
  1.350784e+01   4.328527e+01   5.913717e-03   0.000000e+00   2609408
  1.352912e+01   4.308314e+01   8.069833e-03   0.000000e+00   2602764
  1.355035e+01   4.299468e+01   6.706969e-03   0.000000e+00   2588540
  1.357158e+01   4.288561e+01   9.844834e-03   0.000000e+00   2587836
  1.359282e+01   4.276894e+01   8.247885e-03   0.000000e+00   2579100
  1.361407e+01   4.265754e+01   4.837745e-03   0.000000e+00   2574128
  1.363531e+01   4.254806e+01   4.860519e-03   0.000000e+00   2567588
  1.365660e+01   4.243767e+01   7.877807e-03   0.000000e+00   2572956
  1.367788e+01   4.229627e+01   6.999460e-03   0.000000e+00   2550552
  1.369913e+01   4.218053e+01   7.834039e-03   0.000000e+00   2552084
  1.372038e+01   4.209438e+01   4.859745e-03   0.000000e+00   2539404
  1.374164e+01   4.198076e+01   0.000000e+00   0.000000e+00   2541152
  1.376291e+01   4.185899e+01   8.781371e-03   0.000000e+00   2528016
  1.378416e+01   4.173540e+01   5.729060e-03   0.000000e+00   2521496
  1.380542e+01   4.162018e+01   6.937219e-03   0.000000e+00   2518092
  1.382669e+01   4.158073e+01   2.184430e-03   0.000000e+00   2511632
  1.384794e+01   4.151662e+01   0.000000e+00   0.000000e+00   2500140
  1.386919e+01   4.126560e+01   6.129655e-03   0.000000e+00   2496980
  1.389045e+01   4.121595e+01   7.017823e-03   0.000000e+00   2487428
  1.391172e+01   4.111431e+01   7.495341e-03   0.000000e+00   2486496
  1.393296e+01   4.096783e+01   1.125930e-02   0.000000e+00   2469840
  1.395420e+01   4.090643e+01   7.793486e-03   0.000000e+00   2469656
  1.397545e+01   4.075599e+01   2.844561e-03   0.000000e+00   2457036
  1.399673e+01   4.062195e+01   5.228201e-03   0.000000e+00   2462684
  1.401800e+01   4.055468e+01   4.462355e-03   0.000000e+00   2442384
  1.403924e+01   4.037001e+01   4.895427e-03   0.000000e+00   2441696
  1.406049e+01   4.035811e+01   2.893881e-03   0.000000e+00   2431164
  1.408173e+01   4.021718e+01   0.000000e+00   0.000000e+00   2423696
  1.410299e+01   4.010086e+01   9.121772e-03   0.000000e+00   2421336
  1.412426e+01   4.000816e+01   5.643998e-03   0.000000e+00   2412992
  1.414552e+01   3.988526e+01   4.840444e-03   0.000000e+00   2402732
  1.416676e+01   3.982476e+01   8.036679e-03   0.000000e+00   2396124
  1.418801e+01   3.964291e+01   6.832324e-03   0.000000e+00   2388480
  1.420928e+01   3.966576e+01   6.251077e-03   0.000000e+00   2387060
  1.423053e+01   3.951042e+01   6.565199e-03   0.000000e+00   2370268
  1.425175e+01   3.938093e+01   7.415229e-03   0.000000e+00   2363776
  1.427299e+01   3.930177e+01   5.633621e-03   0.000000e+00   2360176
  1.429426e+01   3.923043e+01   5.738551e-03   0.000000e+00   2356360
  1.431552e+01   3.917665e+01   5.955077e-03   0.000000e+00   2343240
  1.433678e+01   3.896497e+01   5.301970e-03   0.000000e+00   2340248
  1.435803e+01   3.896073e+01   6.575634e-03   0.000000e+00   2325000
  1.437929e+01   3.888025e+01   5.160504e-03   0.000000e+00   2328632
  1.440056e+01   3.876462e+01   7.771008e-03   0.000000e+00   2313100
  1.442182e+01   3.865249e+01   6.733462e-03   0.000000e+00   2310892
  1.444308e+01   3.856247e+01   7.543677e-03   0.000000e+00   2295420
  1.446432e+01   3.836519e+01   7.396679e-03   0.000000e+00   2293592
  1.448557e+01   3.838074e+01   5.989469e-03   0.000000e+00   2281400
  1.450686e+01   3.821500e+01   7.341755e-03   0.000000e+00   2285760
  1.452812e+01   3.818581e+01   3.803260e-03   0.000000e+00   2259408
  1.454936e+01   3.807193e+01   0.000000e+00   0.000000e+00   2266808
  1.457063e+01   3.793571e+01   7.310664e-03   0.000000e+00   2249348
  1.459187e+01   3.785985e+01   4.658313e-03   0.000000e+00   2244732
  1.461311e+01   3.777138e+01   8.823317e-03   0.000000e+00   2233908
  1.463436e+01   3.770638e+01   2.844153e-03   0.000000e+00   2231660
  1.465562e+01   3.763363e+01   6.137416e-03   0.000000e+00   2218736
  1.467690e+01   3.747386e+01   4.592213e-03   0.000000e+00   2217984
  1.469817e+01   3.739953e+01   8.955034e-03   0.000000e+00   2203300
  1.471942e+01   3.728909e+01   6.803822e-03   0.000000e+00   2197072
  1.474065e+01   3.729008e+01   0.000000e+00   0.000000e+00   2181992
  1.476189e+01   3.723668e+01   4.745506e-03   0.000000e+00   2183664
  1.478316e+01   3.709939e+01   7.071916e-03   0.000000e+00   2173464
  1.480444e+01   3.700348e+01   0.000000e+00   0.000000e+00   2165396
  1.482569e+01   3.693500e+01   3.319756e-03   0.000000e+00   2152784
  1.484693e+01   3.676205e+01   8.302628e-03   0.000000e+00   2147532
  1.486819e+01   3.672027e+01   2.383137e-03   0.000000e+00   2139588
  1.488947e+01   3.665323e+01   4.306170e-03   0.000000e+00   2135432
  1.491069e+01   3.654126e+01   5.735857e-03   0.000000e+00   2109256
  1.493190e+01   3.641394e+01   6.222186e-03   0.000000e+00   2117296
  1.495318e+01   3.641246e+01   4.751855e-03   0.000000e+00   2106252
  1.497445e+01   3.628669e+01   7.661855e-03   0.000000e+00   2099096
  1.499572e+01   3.624209e+01   7.618709e-03   0.000000e+00   2088384
  1.501697e+01   3.618312e+01   8.600539e-03   0.000000e+00   2078480
  1.503822e+01   3.607692e+01   5.697313e-03   0.000000e+00   2069016
  1.505947e+01   3.601147e+01   3.806885e-03   0.000000e+00   2064836
  1.508075e+01   3.598885e+01   0.000000e+00   0.000000e+00   2055420
  1.510201e+01   3.586151e+01   3.376448e-03   0.000000e+00   2043224
  1.512323e+01   3.576357e+01   8.464565e-03   0.000000e+00   2032260
  1.514450e+01   3.569688e+01   8.080326e-03   0.000000e+00   2034152
  1.516579e+01   3.563739e+01   4.425329e-03   0.000000e+00   2017644
  1.518704e+01   3.556419e+01   9.967308e-03   0.000000e+00   2010284
  1.520828e+01   3.549166e+01   1.140463e-03   0.000000e+00   1996540
  1.522952e+01   3.538124e+01   7.671745e-03   0.000000e+00   1992832
  1.525077e+01   3.535736e+01   8.550351e-03   0.000000e+00   1982400
  1.527201e+01   3.532526e+01   1.622832e-03   0.000000e+00   1972256
  1.529325e+01   3.518997e+01   7.717780e-03   0.000000e+00   1964352
  1.531452e+01   3.507465e+01   6.558378e-03   0.000000e+00   1958576
  1.533579e+01   3.506992e+01   4.436466e-03   0.000000e+00   1946940
  1.535706e+01   3.499001e+01   8.217305e-03   0.000000e+00   1942580
  1.537831e+01   3.493243e+01   1.105768e-02   0.000000e+00   1921740
  1.539955e+01   3.483712e+01   2.515654e-03   0.000000e+00   1923956
  1.542082e+01   3.478181e+01   7.164157e-03   0.000000e+00   1907896
  1.544209e+01   3.470062e+01   9.194646e-03   0.000000e+00   1906888
  1.546334e+01   3.462739e+01   8.227956e-03   0.000000e+00   1886160
  1.548457e+01   3.455206e+01   6.561792e-03   0.000000e+00   1883120
  1.550584e+01   3.455729e+01   2.227230e-03   0.000000e+00   1875140
  1.552711e+01   3.446632e+01   6.953697e-03   0.000000e+00   1865652
  1.554837e+01   3.440455e+01   7.366535e-03   0.000000e+00   1853268
  1.556963e+01   3.432774e+01   6.527957e-03   0.000000e+00   1847180
  1.559086e+01   3.427002e+01   8.975989e-03   0.000000e+00   1829604
  1.561210e+01   3.420406e+01   4.127945e-03   0.000000e+00   1829720
  1.563338e+01   3.414020e+01   7.865786e-03   0.000000e+00   1817184
  1.565463e+01   3.411318e+01   6.858926e-03   0.000000e+00   1806320
  1.567587e+01   3.399648e+01   4.836065e-03   0.000000e+00   1795536
  1.569714e+01   3.400925e+01   7.493163e-03   0.000000e+00   1791548
  1.571841e+01   3.391382e+01   6.157453e-03   0.000000e+00   1777512
  1.573967e+01   3.385411e+01   0.000000e+00   0.000000e+00   1769984
  1.576091e+01   3.384337e+01   8.066379e-03   0.000000e+00   1756248
  1.578216e+01   3.375948e+01   8.955112e-03   0.000000e+00   1749248
  1.580342e+01   3.372514e+01   6.489656e-03   0.000000e+00   1739928
  1.582469e+01   3.365662e+01   7.240924e-03   0.000000e+00   1732148
  1.584594e+01   3.363181e+01   6.309702e-03   0.000000e+00   1716964
  1.586720e+01   3.350810e+01   6.056403e-03   0.000000e+00   1712164
  1.588846e+01   3.345765e+01   9.220865e-03   0.000000e+00   1698332
  1.590973e+01   3.340267e+01   9.559281e-03   0.000000e+00   1694100
  1.593098e+01   3.337906e+01   0.000000e+00   0.000000e+00   1675412
  1.595221e+01   3.333366e+01   7.836099e-03   0.000000e+00   1670436
  1.597344e+01   3.328230e+01   4.476119e-03   0.000000e+00   1655532
  1.599472e+01   3.318409e+01   9.866147e-03   0.000000e+00   1656860
  1.601599e+01   3.318857e+01   2.883221e-03   0.000000e+00   1636484
  1.603725e+01   3.318574e+01   3.865823e-03   0.000000e+00   1633212
  1.605849e+01   3.312204e+01   5.740382e-03   0.000000e+00   1614044
  1.607974e+01   3.302519e+01   4.375237e-03   0.000000e+00   1612980
  1.610101e+01   3.302100e+01   8.636798e-03   0.000000e+00   1597036
  1.612226e+01   3.292459e+01   6.527534e-03   0.000000e+00   1590676
  1.614351e+01   3.293106e+01   4.438802e-03   0.000000e+00   1575812
  1.616474e+01   3.290858e+01   4.869505e-03   0.000000e+00   1566156
  1.618600e+01   3.279783e+01   7.629115e-03   0.000000e+00   1560980
  1.620729e+01   3.274602e+01   7.976591e-03   0.000000e+00   1549404
  1.622853e+01   3.279710e+01   0.000000e+00   0.000000e+00   1532436
  1.624976e+01   3.270183e+01   7.292806e-03   0.000000e+00   1527524
  1.627103e+01   3.269119e+01   8.118755e-03   0.000000e+00   1515204
  1.629228e+01   3.267537e+01   0.000000e+00   0.000000e+00   1506452
  1.631355e+01   3.260127e+01   2.547724e-03   0.000000e+00   1495116
  1.633476e+01   3.256021e+01   7.041964e-03   0.000000e+00   1479152
  1.635600e+01   3.258509e+01   0.000000e+00   0.000000e+00   1475400
  1.637731e+01   3.253112e+01   3.530834e-03   0.000000e+00   1467932
  1.639859e+01   3.251869e+01   7.583415e-03   0.000000e+00   1451256
  1.641985e+01   3.243274e+01   0.000000e+00   0.000000e+00   1443212
  1.644108e+01   3.244554e+01   6.290530e-03   0.000000e+00   1425648
  1.646232e+01   3.245257e+01   8.572939e-03   0.000000e+00   1423004
  1.648359e+01   3.232523e+01   5.496828e-03   0.000000e+00   1408632
  1.650486e+01   3.239156e+01   8.265113e-03   0.000000e+00   1400984
  1.652611e+01   3.234718e+01   8.183330e-03   0.000000e+00   1383180
  1.654735e+01   3.229665e+01   9.069378e-03   0.000000e+00   1378136
  1.656863e+01   3.232576e+01   9.604750e-03   0.000000e+00   1367136
  1.658991e+01   3.229993e+01   5.463407e-03   0.000000e+00   1356716
  1.661113e+01   3.222253e+01   5.952212e-03   0.000000e+00   1336908
  1.663234e+01   3.214681e+01   0.000000e+00   0.000000e+00   1332620
  1.665360e+01   3.213026e+01   6.827908e-03   0.000000e+00   1321748
  1.667488e+01   3.217979e+01   3.275825e-03   0.000000e+00   1312764
  1.669613e+01   3.208864e+01   0.000000e+00   0.000000e+00   1296636
  1.671740e+01   3.207395e+01   6.920564e-03   0.000000e+00   1291472
  1.673865e+01   3.208405e+01   1.146036e-02   0.000000e+00   1272768
  1.675990e+01   3.202319e+01   6.898270e-03   0.000000e+00   1269080
  1.678119e+01   3.201238e+01   7.851190e-03   0.000000e+00   1253696
  1.680243e+01   3.203903e+01   9.786853e-03   0.000000e+00   1241616
  1.682364e+01   3.198517e+01   7.453602e-03   0.000000e+00   1226712
  1.684490e+01   3.197841e+01   9.039247e-03   0.000000e+00   1226228
  1.686620e+01   3.197091e+01   6.788103e-03   0.000000e+00   1207848
  1.688746e+01   3.196231e+01   3.947536e-03   0.000000e+00   1198256
  1.690869e+01   3.193515e+01   7.257757e-03   0.000000e+00   1181516
  1.692994e+01   3.185166e+01   0.000000e+00   0.000000e+00   1177980
  1.695122e+01   3.185392e+01   3.039428e-03   0.000000e+00   1161756
  1.697245e+01   3.187180e+01   6.553522e-03   0.000000e+00   1150148
  1.699370e+01   3.189509e+01   5.228977e-03   0.000000e+00   1138848
  1.701494e+01   3.181670e+01   0.000000e+00   0.000000e+00   1126748
  1.703619e+01   3.178948e+01   2.800490e-03   0.000000e+00   1117652
  1.705750e+01   3.182059e+01   0.000000e+00   0.000000e+00   1107888
  1.707876e+01   3.179846e+01   5.046539e-03   0.000000e+00   1090964
  1.710000e+01   3.173357e+01   5.178835e-03   0.000000e+00   1080684
  1.712122e+01   3.175217e+01   9.296730e-03   0.000000e+00   1065660
  1.714249e+01   3.174265e+01   0.000000e+00   0.000000e+00   1061996
  1.716378e+01   3.171688e+01   5.161054e-03   0.000000e+00   1044320
  1.718502e+01   3.164827e+01   1.005102e-02   0.000000e+00   1034640
  1.720628e+01   3.155035e+01   5.490248e-03   0.000000e+00   1019172
  1.722755e+01   3.163588e+01   4.883873e-03   0.000000e+00   1013948
  1.724883e+01   3.161344e+01   1.115810e-02   0.000000e+00   996376
  1.727008e+01   3.149849e+01   0.000000e+00   0.000000e+00   985288
  1.729128e+01   3.150468e+01   0.000000e+00   0.000000e+00   969596
  1.731254e+01   3.150898e+01   1.002916e-02   0.000000e+00   964980
  1.733380e+01   3.156795e+01   8.082481e-03   0.000000e+00   947252
  1.735505e+01   3.140880e+01   9.746430e-03   0.000000e+00   939060
  1.737631e+01   3.136940e+01   6.754984e-03   0.000000e+00   922328
  1.739755e+01   3.122396e+01   2.964700e-03   0.000000e+00   913788
  1.741884e+01   3.126872e+01   1.106924e-02   0.000000e+00   902812
  1.744012e+01   3.134662e+01   7.850138e-03   0.000000e+00   888544
  1.746135e+01   3.119522e+01   9.372867e-03   0.000000e+00   872948
  1.748256e+01   3.113942e+01   0.000000e+00   0.000000e+00   862440
  1.750381e+01   3.106488e+01   5.355104e-03   0.000000e+00   851760
  1.752511e+01   3.095236e+01   9.376083e-04   0.000000e+00   841940
  1.754637e+01   3.095172e+01   5.459534e-03   0.000000e+00   822984
  1.756762e+01   3.080267e+01   4.908794e-03   0.000000e+00   816092
  1.758888e+01   3.084867e+01   0.000000e+00   0.000000e+00   799284
  1.761014e+01   3.067508e+01   1.030846e-02   0.000000e+00   791312
  1.763139e+01   3.056680e+01   5.413706e-03   0.000000e+00   772524
  1.765259e+01   3.051525e+01   6.130709e-03   0.000000e+00   762896
  1.767384e+01   3.035239e+01   4.215236e-03   0.000000e+00   750876
  1.769511e+01   3.037940e+01   5.944334e-03   0.000000e+00   739280
  1.771637e+01   3.009335e+01   6.613832e-03   0.000000e+00   724840
  1.773765e+01   3.005165e+01   4.496525e-03   0.000000e+00   714484
  1.775887e+01   2.995249e+01   7.253666e-03   0.000000e+00   695868
  1.778012e+01   2.976913e+01   9.553026e-03   0.000000e+00   691013
  1.780140e+01   2.969205e+01   6.702861e-03   0.000000e+00   673486
  1.782265e+01   2.952819e+01   8.211794e-03   0.000000e+00   666244
  1.784389e+01   2.955385e+01   6.084054e-03   0.000000e+00   651008
  1.786513e+01   2.943078e+01   0.000000e+00   0.000000e+00   644820
  1.788640e+01   2.933683e+01   0.000000e+00   0.000000e+00   632636
  1.790767e+01   2.922499e+01   8.943559e-03   0.000000e+00   625002
  1.792892e+01   2.909794e+01   5.611737e-03   0.000000e+00   611208
  1.795019e+01   2.894781e+01   0.000000e+00   0.000000e+00   607328
  1.797146e+01   2.892478e+01   0.000000e+00   0.000000e+00   592272
  1.799270e+01   2.883338e+01   0.000000e+00   0.000000e+00   587504
  1.801397e+01   2.874864e+01   1.028894e-02   0.000000e+00   575466
  1.803521e+01   2.876477e+01   0.000000e+00   0.000000e+00   568274
  1.805648e+01   2.860649e+01   0.000000e+00   0.000000e+00   559518
  1.807775e+01   2.850496e+01   5.509838e-03   0.000000e+00   551618
  1.809903e+01   2.847782e+01   5.146925e-03   0.000000e+00   542364
  1.812028e+01   2.843279e+01   8.055203e-03   0.000000e+00   534146
  1.814151e+01   2.834862e+01   9.945909e-03   0.000000e+00   525076
  1.816280e+01   2.834981e+01   0.000000e+00   0.000000e+00   519868
  1.818402e+01   2.826327e+01   4.413316e-03   0.000000e+00   507108
  1.820526e+01   2.812262e+01   3.508743e-03   0.000000e+00   504992
  1.822652e+01   2.805968e+01   1.049713e-02   0.000000e+00   492636
  1.824779e+01   2.794059e+01   0.000000e+00   0.000000e+00   490052
  1.826906e+01   2.804284e+01   2.552310e-03   0.000000e+00   477708
  1.829029e+01   2.793137e+01   1.424982e-03   0.000000e+00   473852
  1.831155e+01   2.791523e+01   1.255201e-02   0.000000e+00   464174
  1.833280e+01   2.771582e+01   5.336317e-03   0.000000e+00   459096
  1.835404e+01   2.777856e+01   7.768188e-03   0.000000e+00   449582
  1.837529e+01   2.778265e+01   1.349579e-02   0.000000e+00   445812
  1.839653e+01   2.780011e+01   7.815459e-03   0.000000e+00   435134
  1.841780e+01   2.768139e+01   4.098964e-03   0.000000e+00   433590
  1.843906e+01   2.757575e+01   0.000000e+00   0.000000e+00   421070
  1.846030e+01   2.747619e+01   0.000000e+00   0.000000e+00   419940
  1.848159e+01   2.755403e+01   6.727345e-03   0.000000e+00   409714
  1.850280e+01   2.737868e+01   0.000000e+00   0.000000e+00   404182
  1.852406e+01   2.752232e+01   5.773713e-03   0.000000e+00   398518
  1.854534e+01   2.738615e+01   7.438523e-03   0.000000e+00   392302
  1.856659e+01   2.748394e+01   7.342847e-03   0.000000e+00   385486
  1.858790e+01   2.736306e+01   6.343286e-03   0.000000e+00   381550
  1.860913e+01   2.741769e+01   0.000000e+00   0.000000e+00   370826
  1.863038e+01   2.717280e+01   0.000000e+00   0.000000e+00   370014
  1.865165e+01   2.728141e+01   6.342818e-03   0.000000e+00   359910
  1.867289e+01   2.721219e+01   1.050604e-02   0.000000e+00   357416
  1.869413e+01   2.722520e+01   1.053823e-02   0.000000e+00   348174
  1.871537e+01   2.704311e+01   1.036118e-02   0.000000e+00   346010
  1.873661e+01   2.719937e+01   9.789568e-03   0.000000e+00   337094
  1.875791e+01   2.705269e+01   1.099126e-02   0.000000e+00   336360
  1.877917e+01   2.712745e+01   6.492528e-03   0.000000e+00   325206
  1.880041e+01   2.712662e+01   1.220987e-02   0.000000e+00   324614
  1.882166e+01   2.712467e+01   6.819832e-03   0.000000e+00   314760
  1.884291e+01   2.709470e+01   3.341516e-03   0.000000e+00   314114
  1.886415e+01   2.709207e+01   8.152514e-03   0.000000e+00   303918
  1.888540e+01   2.700056e+01   0.000000e+00   0.000000e+00   303872
  1.890669e+01   2.697048e+01   5.638939e-03   0.000000e+00   295062
  1.892795e+01   2.688254e+01   8.430828e-03   0.000000e+00   292784
  1.894922e+01   2.709829e+01   0.000000e+00   0.000000e+00   285198
  1.897045e+01   2.683797e+01   0.000000e+00   0.000000e+00   282068
  1.899170e+01   2.697109e+01   0.000000e+00   0.000000e+00   275958
  1.901295e+01   2.687690e+01   1.034770e-02   0.000000e+00   272072
  1.903418e+01   2.689064e+01   5.389165e-03   0.000000e+00   266352
  1.905545e+01   2.695322e+01   1.726526e-03   0.000000e+00   263198
  1.907669e+01   2.678386e+01   7.963167e-03   0.000000e+00   256524
  1.909796e+01   2.663910e+01   6.008231e-03   0.000000e+00   254774
  1.911921e+01   2.688312e+01   5.221467e-03   0.000000e+00   246888
  1.914048e+01   2.672000e+01   0.000000e+00   0.000000e+00   245984
  1.916173e+01   2.693154e+01   9.901985e-04   0.000000e+00   237822
  1.918297e+01   2.670630e+01   0.000000e+00   0.000000e+00   236948
  1.920422e+01   2.696303e+01   0.000000e+00   0.000000e+00   229296
  1.922550e+01   2.662735e+01   3.515881e-03   0.000000e+00   228968
  1.924677e+01   2.678753e+01   1.140255e-02   0.000000e+00   220894
  1.926804e+01   2.670770e+01   8.184156e-03   0.000000e+00   220408
  1.928931e+01   2.667535e+01   1.043797e-03   0.000000e+00   212400
  1.931057e+01   2.670375e+01   2.765279e-03   0.000000e+00   212228
  1.933184e+01   2.681087e+01   9.984576e-03   0.000000e+00   204502
  1.935310e+01   2.676560e+01   4.838706e-03   0.000000e+00   203944
  1.937433e+01   2.676033e+01   8.144205e-03   0.000000e+00   196272
  1.939557e+01   2.670739e+01   7.398915e-03   0.000000e+00   196280
  1.941682e+01   2.679208e+01   5.556940e-03   0.000000e+00   188604
  1.943804e+01   2.656473e+01   6.942348e-03   0.000000e+00   188408
  1.945930e+01   2.694288e+01   2.052983e-03   0.000000e+00   181566
  1.948054e+01   2.681871e+01   6.005412e-03   0.000000e+00   180920
  1.950179e+01   2.683232e+01   7.480197e-03   0.000000e+00   174304
  1.952304e+01   2.662436e+01   0.000000e+00   0.000000e+00   173620
  1.954430e+01   2.687913e+01   7.938196e-03   0.000000e+00   167432
  1.956559e+01   2.668549e+01   5.825023e-03   0.000000e+00   166944
  1.958681e+01   2.685287e+01   1.009178e-02   0.000000e+00   159704
  1.960808e+01   2.672190e+01   6.926495e-03   0.000000e+00   160464
  1.962933e+01   2.691521e+01   5.729312e-03   0.000000e+00   152756
  1.965059e+01   2.688590e+01   9.605483e-03   0.000000e+00   153912
  1.967184e+01   2.702549e+01   1.034997e-02   0.000000e+00   146024
  1.969307e+01   2.712878e+01   1.625890e-02   0.000000e+00   147168
  1.971433e+01   2.709294e+01   9.475382e-03   0.000000e+00   140000
  1.973558e+01   2.708785e+01   0.000000e+00   0.000000e+00   140580
  1.975685e+01   2.705408e+01   8.674751e-03   0.000000e+00   134112
  1.977811e+01   2.685935e+01   1.401734e-02   0.000000e+00   134264
  1.979938e+01   2.719346e+01   8.930285e-03   0.000000e+00   128000
  1.982063e+01   2.709756e+01   1.140970e-02   0.000000e+00   128124
  1.984192e+01   2.731509e+01   7.575271e-03   0.000000e+00   122472
  1.986316e+01   2.715409e+01   1.144008e-02   0.000000e+00   121808
  1.988441e+01   2.732846e+01   3.209556e-03   0.000000e+00   116592
  1.990564e+01   2.733659e+01   0.000000e+00   0.000000e+00   116072
  1.992689e+01   2.751225e+01   1.203745e-02   0.000000e+00   111156
  1.994817e+01   2.730092e+01   0.000000e+00   0.000000e+00   110864
  1.996943e+01   2.731013e+01   0.000000e+00   0.000000e+00   105464
  1.999072e+01   2.744638e+01   6.317615e-03   0.000000e+00   105738
  2.001196e+01   2.759366e+01   8.925209e-03   0.000000e+00   99824
  2.003322e+01   2.743406e+01   0.000000e+00   0.000000e+00   100452
  2.005444e+01   2.784074e+01   1.125181e-02   0.000000e+00   94608
  2.007570e+01   2.773408e+01   6.052789e-03   0.000000e+00   95456
  2.009694e+01   2.784227e+01   1.170468e-02   0.000000e+00   89688
  2.011822e+01   2.769365e+01   9.362346e-03   0.000000e+00   90632
  2.013943e+01   2.820253e+01   8.357101e-03   0.000000e+00   84558
  2.016070e+01   2.778759e+01   5.836945e-03   0.000000e+00   86096
  2.018193e+01   2.814386e+01   6.624409e-03   0.000000e+00   79632
  2.020314e+01   2.776642e+01   1.167134e-02   0.000000e+00   81416
  2.022440e+01   2.805539e+01   9.310983e-03   0.000000e+00   75348
  2.024562e+01   2.828097e+01   0.000000e+00   0.000000e+00   76712
  2.026690e+01   2.856048e+01   1.150454e-02   0.000000e+00   71322
  2.028816e+01   2.834348e+01   4.181788e-03   0.000000e+00   72248
  2.030943e+01   2.839430e+01   0.000000e+00   0.000000e+00   67152
  2.033068e+01   2.845550e+01   0.000000e+00   0.000000e+00   67844
  2.035189e+01   2.865298e+01   0.000000e+00   0.000000e+00   62976
  2.037317e+01   2.885525e+01   0.000000e+00   0.000000e+00   63914
  2.039435e+01   2.865033e+01   0.000000e+00   0.000000e+00   58824
  2.041563e+01   2.907894e+01   1.220098e-02   0.000000e+00   60116
  2.043681e+01   2.875438e+01   0.000000e+00   0.000000e+00   54888
  2.045819e+01   2.883308e+01   0.000000e+00   0.000000e+00   57002
  2.047943e+01   2.885191e+01   0.000000e+00   0.000000e+00   50760
  2.050071e+01   2.868598e+01   1.008198e-02   0.000000e+00   53312
  2.052194e+01   2.920479e+01   8.968262e-03   0.000000e+00   47124
  2.054320e+01   2.940509e+01   0.000000e+00   0.000000e+00   49850
  2.056444e+01   2.940529e+01   1.192025e-02   0.000000e+00   43680
  2.058565e+01   2.962283e+01   2.634458e-03   0.000000e+00   46328
  2.060696e+01   3.000565e+01   0.000000e+00   0.000000e+00   40686
  2.062819e+01   2.959431e+01   8.783345e-03   0.000000e+00   42992
  2.064952e+01   2.965726e+01   6.167443e-03   0.000000e+00   37656
  2.067071e+01   2.957412e+01   5.524775e-03   0.000000e+00   39578
  2.069205e+01   3.027392e+01   7.400593e-03   0.000000e+00   34928
  2.071324e+01   3.014616e+01   5.244010e-03   0.000000e+00   36300
  2.073450e+01   3.009821e+01   3.471826e-03   0.000000e+00   32136
  2.075573e+01   3.002959e+01   1.235665e-02   0.000000e+00   33362
  2.077691e+01   3.069401e+01   1.023952e-02   0.000000e+00   29336
  2.079823e+01   3.032238e+01   9.274287e-03   0.000000e+00   30804
  2.081934e+01   3.051631e+01   8.867978e-03   0.000000e+00   26490
  2.084069e+01   3.117800e+01   1.091995e-02   0.000000e+00   28376
  2.086175e+01   3.102433e+01   7.241040e-03   0.000000e+00   23792
  2.088317e+01   3.077057e+01   0.000000e+00   0.000000e+00   26142
  2.090418e+01   3.073108e+01   4.709315e-03   0.000000e+00   21192
  2.092566e+01   3.145825e+01   1.101675e-03   0.000000e+00   24050
  2.094669e+01   3.118977e+01   1.020573e-02   0.000000e+00   18768
  2.096823e+01   3.168356e+01   7.753205e-03   0.000000e+00   22052
  2.098922e+01   3.169631e+01   7.922369e-03   0.000000e+00   16346
  2.101073e+01   3.287346e+01   1.211272e-02   0.000000e+00   20136
  2.103174e+01   3.222766e+01   0.000000e+00   0.000000e+00   14168
  2.105317e+01   3.291524e+01   6.515229e-03   0.000000e+00   18210
  2.107419e+01   3.268053e+01   0.000000e+00   0.000000e+00   12204
  2.109554e+01   3.286641e+01   1.078088e-02   0.000000e+00   16346
  2.111667e+01   3.397593e+01   0.000000e+00   0.000000e+00   10536
  2.113792e+01   3.332583e+01   7.783388e-03   0.000000e+00   14456
  2.115903e+01   3.424583e+01   0.000000e+00   0.000000e+00   8982
  2.118028e+01   3.463045e+01   4.879658e-03   0.000000e+00   12752
  2.120133e+01   3.428265e+01   0.000000e+00   0.000000e+00   7506
  2.122260e+01   3.523490e+01   6.345705e-03   0.000000e+00   11192
  2.124361e+01   3.431526e+01   0.000000e+00   0.000000e+00   6156
  2.126486e+01   3.474187e+01   5.015917e-03   0.000000e+00   9722
  2.128593e+01   3.616251e+01   7.381057e-03   0.000000e+00   5000
  2.130712e+01   3.596450e+01   5.518560e-03   0.000000e+00   8298
  2.132826e+01   3.626751e+01   7.897764e-03   0.000000e+00   3996
  2.134933e+01   3.618828e+01   6.651269e-03   0.000000e+00   6938
  2.137060e+01   3.565771e+01   0.000000e+00   0.000000e+00   3168
  2.139148e+01   3.578850e+01   0.000000e+00   0.000000e+00   5624
  2.141281e+01   3.472224e+01   0.000000e+00   0.000000e+00   2502
  2.143359e+01   3.756766e+01   1.309861e-02   0.000000e+00   4424
  2.145499e+01   3.607124e+01   0.000000e+00   0.000000e+00   1938
  2.147575e+01   3.639122e+01   8.961632e-03   0.000000e+00   3368
  2.149721e+01   3.928961e+01   0.000000e+00   0.000000e+00   1446
  2.151793e+01   3.882896e+01   1.204414e-02   0.000000e+00   2456
  2.153947e+01   3.939743e+01   0.000000e+00   0.000000e+00   1026
  2.156014e+01   4.053034e+01   8.564474e-03   0.000000e+00   1688
  2.158178e+01   3.948457e+01   0.000000e+00   0.000000e+00   678
  2.160234e+01   3.843977e+01   0.000000e+00   0.000000e+00   1064
  2.162413e+01   3.895766e+01   0.000000e+00   0.000000e+00   402
  2.164450e+01   3.773773e+01   1.914442e-03   0.000000e+00   584
  2.166652e+01   4.234626e+01   4.187657e-03   0.000000e+00   198
  2.168648e+01   3.440389e+01   0.000000e+00   0.000000e+00   248
  2.170896e+01   2.958768e+01   0.000000e+00   0.000000e+00   66
  2.172766e+01   5.088281e+01   0.000000e+00   0.000000e+00   56
  2.175143e+01   1.160373e+02   3.682848e-03   0.000000e+00   6
