# power spectrum of velocity
# redshift z=1.106200
# k              Pk             sigma(k)       sigma(Pk)      count
  3.212440e-02   6.314247e-07   4.915339e-03   4.815044e-08   18
  5.615613e-02   7.479441e-07   5.945059e-03   2.543400e-08   62
  7.815808e-02   8.107456e-07   4.112744e-03   2.509729e-08   90
  9.898783e-02   6.727290e-07   6.490772e-03   1.830524e-08   170
  1.206652e-01   5.777390e-07   6.746473e-03   1.555388e-08   246
  1.418326e-01   5.819303e-07   6.431734e-03   1.499639e-08   338
  1.627221e-01   5.032831e-07   5.529486e-03   1.361555e-08   432
  1.842373e-01   4.886653e-07   5.664946e-03   1.257056e-08   578
  2.072002e-01   4.304474e-07   6.772075e-03   1.067612e-08   810
  2.303547e-01   3.753381e-07   6.480384e-03   9.542924e-09   950
  2.517847e-01   3.718598e-07   5.785063e-03   9.180501e-09   1002
  2.732112e-01   3.450707e-07   6.616244e-03   7.688019e-09   1334
  2.948935e-01   3.256419e-07   6.196170e-03   7.255110e-09   1410
  3.155343e-01   3.015849e-07   6.190496e-03   6.538099e-09   1652
  3.371087e-01   2.771311e-07   6.109282e-03   5.696075e-09   1974
  3.592470e-01   2.612837e-07   5.988009e-03   5.153213e-09   2234
  3.814465e-01   2.542617e-07   6.299517e-03   4.739393e-09   2554
  4.040079e-01   2.225671e-07   6.593104e-03   3.953810e-09   2950
  4.261031e-01   2.103149e-07   6.171339e-03   3.661073e-09   3042
  4.475593e-01   1.982794e-07   6.293558e-03   3.397054e-09   3422
  4.688647e-01   1.911061e-07   6.073955e-03   3.284805e-09   3618
  4.903170e-01   1.813892e-07   6.323437e-03   2.806518e-09   4172
  5.121345e-01   1.760086e-07   6.117225e-03   2.654014e-09   4470
  5.340670e-01   1.671746e-07   6.251277e-03   2.415225e-09   4970
  5.560786e-01   1.635666e-07   6.280253e-03   2.185733e-09   5334
  5.781031e-01   1.518823e-07   6.450693e-03   1.975630e-09   5810
  5.998654e-01   1.468671e-07   6.409345e-03   1.830742e-09   6114
  6.217707e-01   1.375988e-07   6.530951e-03   1.649896e-09   6782
  6.431254e-01   1.376352e-07   5.957963e-03   1.720484e-09   6684
  6.642909e-01   1.283250e-07   6.157953e-03   1.511719e-09   7574
  6.862389e-01   1.243070e-07   6.219599e-03   1.350764e-09   8154
  7.081165e-01   1.193794e-07   6.187604e-03   1.231392e-09   8618
  7.303591e-01   1.133602e-07   6.484699e-03   1.131101e-09   9494
  7.523947e-01   1.093676e-07   6.256015e-03   1.124088e-09   9618
  7.741349e-01   1.068739e-07   6.355473e-03   1.030965e-09   10306
  7.959832e-01   1.033212e-07   6.413480e-03   9.617184e-10   10942
  8.177624e-01   9.822632e-08   6.261913e-03   9.120544e-10   11452
  8.395216e-01   9.394638e-08   6.152107e-03   8.567499e-10   12046
  8.610922e-01   9.030688e-08   6.044835e-03   8.112509e-10   12522
  8.829136e-01   8.876037e-08   6.318016e-03   7.485999e-10   13562
  9.049170e-01   8.462828e-08   6.428896e-03   7.114912e-10   14182
  9.269487e-01   8.221762e-08   6.491323e-03   6.720924e-10   14986
  9.486001e-01   8.068926e-08   6.173884e-03   6.498240e-10   14982
  9.702086e-01   7.679549e-08   6.417981e-03   5.937797e-10   16388
  9.919845e-01   7.577811e-08   6.166571e-03   5.888208e-10   16626
  1.013613e+00   7.173438e-08   6.255647e-03   5.426212e-10   17678
  1.035416e+00   7.075835e-08   6.158740e-03   5.227177e-10   18354
  1.057131e+00   6.799622e-08   6.210828e-03   4.867414e-10   19034
  1.078922e+00   6.486356e-08   6.366064e-03   4.499856e-10   20142
  1.101075e+00   6.339498e-08   6.512142e-03   4.303810e-10   21386
  1.122981e+00   6.207789e-08   6.235641e-03   4.187152e-10   21318
  1.144701e+00   6.043712e-08   6.300582e-03   3.992520e-10   22676
  1.166585e+00   5.716772e-08   6.235939e-03   3.610771e-10   23322
  1.188296e+00   5.597296e-08   6.158201e-03   3.619681e-10   24134
  1.210051e+00   5.509338e-08   6.266818e-03   3.420635e-10   25146
  1.231844e+00   5.304024e-08   6.237302e-03   3.189389e-10   26030
  1.253522e+00   5.144673e-08   6.271636e-03   3.100396e-10   26674
  1.275438e+00   5.074878e-08   6.447348e-03   2.879336e-10   28570
  1.297190e+00   4.864823e-08   6.231011e-03   2.813982e-10   28224
  1.319017e+00   4.700249e-08   6.443381e-03   2.646999e-10   30626
  1.340851e+00   4.643548e-08   6.030021e-03   2.635525e-10   30158
  1.362345e+00   4.384999e-08   6.179225e-03   2.406970e-10   31674
  1.384205e+00   4.345907e-08   6.384316e-03   2.316265e-10   33306
  1.405955e+00   4.246846e-08   6.184302e-03   2.274308e-10   33422
  1.427691e+00   4.089636e-08   6.346094e-03   2.148667e-10   35298
  1.449762e+00   3.985481e-08   6.349318e-03   2.032150e-10   36650
  1.471642e+00   3.920611e-08   6.289296e-03   1.963161e-10   36992
  1.493506e+00   3.779375e-08   6.346513e-03   1.873989e-10   38730
  1.515377e+00   3.640275e-08   6.190955e-03   1.759911e-10   39246
  1.537115e+00   3.526200e-08   6.289857e-03   1.695923e-10   40466
  1.558745e+00   3.422519e-08   6.132384e-03   1.637721e-10   41170
  1.580541e+00   3.388048e-08   6.399137e-03   1.553898e-10   43534
  1.602393e+00   3.258598e-08   6.163055e-03   1.494547e-10   43650
  1.624065e+00   3.188077e-08   6.238771e-03   1.426750e-10   45272
  1.646022e+00   3.097801e-08   6.349655e-03   1.362810e-10   47098
  1.667932e+00   3.014701e-08   6.240224e-03   1.320951e-10   47746
  1.689682e+00   2.970459e-08   6.278924e-03   1.292111e-10   48870
  1.711323e+00   2.861109e-08   6.125662e-03   1.222240e-10   49682
  1.732919e+00   2.803660e-08   6.164416e-03   1.171387e-10   51222
  1.754755e+00   2.745900e-08   6.389169e-03   1.117887e-10   53378
  1.776523e+00   2.668076e-08   6.140022e-03   1.069402e-10   53634
  1.798480e+00   2.576292e-08   6.464215e-03   1.003403e-10   56888
  1.820495e+00   2.569459e-08   6.231730e-03   1.010061e-10   56650
  1.842349e+00   2.465132e-08   6.370305e-03   9.481292e-11   58786
  1.864151e+00   2.406586e-08   6.197902e-03   9.216829e-11   59214
  1.885888e+00   2.348621e-08   6.417802e-03   8.796852e-11   61250
  1.907579e+00   2.305488e-08   6.228940e-03   8.538421e-11   61686
  1.929197e+00   2.258838e-08   6.249613e-03   8.229282e-11   63626
  1.951078e+00   2.196754e-08   6.365983e-03   7.849539e-11   66204
  1.973054e+00   2.154439e-08   6.381207e-03   7.530111e-11   67094
  1.994825e+00   2.072451e-08   6.239271e-03   7.167166e-11   67890
  2.016632e+00   2.054876e-08   6.200707e-03   6.975903e-11   70334
  2.038412e+00   2.023911e-08   6.101172e-03   6.839006e-11   70626
  2.060030e+00   1.956635e-08   6.354253e-03   6.483572e-11   72554
  2.081795e+00   1.925853e-08   6.375402e-03   6.261087e-11   74550
  2.103570e+00   1.874894e-08   6.253727e-03   6.039305e-11   75674
  2.125330e+00   1.858332e-08   6.210804e-03   5.894311e-11   77564
  2.147357e+00   1.790473e-08   6.387572e-03   5.564026e-11   80766
  2.169283e+00   1.771213e-08   6.159017e-03   5.460173e-11   80202
  2.191089e+00   1.724685e-08   6.253246e-03   5.213691e-11   83102
  2.212948e+00   1.699459e-08   6.281102e-03   5.129847e-11   83890
  2.234695e+00   1.672579e-08   6.313174e-03   4.933159e-11   85522
  2.256358e+00   1.630487e-08   6.125534e-03   4.749253e-11   86670
  2.278108e+00   1.610781e-08   6.224014e-03   4.644423e-11   89588
  2.300002e+00   1.574358e-08   6.388473e-03   4.445137e-11   91038
  2.321830e+00   1.554314e-08   6.236448e-03   4.328721e-11   92522
  2.343607e+00   1.522330e-08   6.173072e-03   4.222267e-11   94242
  2.365564e+00   1.488582e-08   6.402029e-03   4.023392e-11   97550
  2.387333e+00   1.469774e-08   6.431137e-03   3.975591e-11   96250
  2.408901e+00   1.449391e-08   6.337094e-03   3.855693e-11   99166
  2.430592e+00   1.419926e-08   6.135255e-03   3.729667e-11   100932
  2.452445e+00   1.394324e-08   6.421089e-03   3.566537e-11   104306
  2.474338e+00   1.374290e-08   6.360904e-03   3.523271e-11   104990
  2.496208e+00   1.358466e-08   6.142357e-03   3.407010e-11   107874
  2.518065e+00   1.329297e-08   5.812295e-03   3.305438e-11   108322
  2.539856e+00   1.313922e-08   5.664366e-03   3.195656e-11   111454
  2.561651e+00   1.298269e-08   6.173295e-03   3.138881e-11   112002
  2.583331e+00   1.279324e-08   6.246595e-03   3.071631e-11   114158
  2.605052e+00   1.258107e-08   6.125633e-03   2.966106e-11   116148
  2.626859e+00   1.250532e-08   6.370179e-03   2.906800e-11   118754
  2.648709e+00   1.220702e-08   6.407174e-03   2.790349e-11   120942
  2.670617e+00   1.208570e-08   6.179608e-03   2.728811e-11   123170
  2.692405e+00   1.190348e-08   6.480421e-03   2.673793e-11   123638
  2.714170e+00   1.176635e-08   5.995805e-03   2.591763e-11   126858
  2.735911e+00   1.164014e-08   6.303472e-03   2.557978e-11   127698
  2.757628e+00   1.154925e-08   6.333050e-03   2.498866e-11   130640
  2.779438e+00   1.140776e-08   6.273018e-03   2.432587e-11   132642
  2.801231e+00   1.124171e-08   6.189814e-03   2.361930e-11   134534
  2.823107e+00   1.119444e-08   6.284890e-03   2.309678e-11   137954
  2.845110e+00   1.104366e-08   6.240327e-03   2.258515e-11   140610
  2.866910e+00   1.090330e-08   6.354635e-03   2.216030e-11   139590
  2.888613e+00   1.085125e-08   6.422944e-03   2.194705e-11   143546
  2.910426e+00   1.071781e-08   6.057839e-03   2.138670e-11   145338
  2.932171e+00   1.059072e-08   6.314473e-03   2.093807e-11   147272
  2.953990e+00   1.046178e-08   6.396600e-03   2.019066e-11   150434
  2.975845e+00   1.039515e-08   6.116056e-03   2.001766e-11   152214
  2.997586e+00   1.030557e-08   6.337899e-03   1.962288e-11   153186
  3.019451e+00   1.016249e-08   6.440289e-03   1.899392e-11   158642
  3.041284e+00   1.010380e-08   5.867549e-03   1.890840e-11   157350
  3.063029e+00   1.008814e-08   6.271619e-03   1.845947e-11   161906
  3.084707e+00   9.950337e-09   6.149859e-03   1.825430e-11   160824
  3.106486e+00   9.887089e-09   6.806537e-03   1.771851e-11   167906
  3.128394e+00   9.806121e-09   6.209360e-03   1.762507e-11   167578
  3.150121e+00   9.771475e-09   6.207382e-03   1.733683e-11   169798
  3.171939e+00   9.662213e-09   6.324444e-03   1.685127e-11   173586
  3.193801e+00   9.601620e-09   6.451624e-03   1.668247e-11   175274
  3.215606e+00   9.587745e-09   6.419186e-03   1.656914e-11   177654
  3.237447e+00   9.509757e-09   6.351954e-03   1.617229e-11   180698
  3.259295e+00   9.415241e-09   6.246460e-03   1.586561e-11   182680
  3.281082e+00   9.364268e-09   6.623633e-03   1.570990e-11   184138
  3.302826e+00   9.306195e-09   6.258802e-03   1.544282e-11   187138
  3.324687e+00   9.267363e-09   6.249553e-03   1.521175e-11   191134
  3.346490e+00   9.169872e-09   6.304658e-03   1.499272e-11   191010
  3.368231e+00   9.159874e-09   5.397801e-03   1.475282e-11   195134
  3.389965e+00   9.094860e-09   6.430860e-03   1.459615e-11   195810
  3.411738e+00   9.072360e-09   6.438913e-03   1.438075e-11   201140
  3.433527e+00   9.022938e-09   6.539285e-03   1.429636e-11   201054
  3.455268e+00   8.941488e-09   6.296400e-03   1.394990e-11   205250
  3.477072e+00   8.941286e-09   5.944492e-03   1.387958e-11   207366
  3.498877e+00   8.862663e-09   6.806153e-03   1.361201e-11   210578
  3.520704e+00   8.817717e-09   6.161842e-03   1.335938e-11   213066
  3.542604e+00   8.788716e-09   6.471378e-03   1.319853e-11   217382
  3.564400e+00   8.748403e-09   6.231756e-03   1.315135e-11   216306
  3.586098e+00   8.716559e-09   6.209190e-03   1.298873e-11   220652
  3.607944e+00   8.662094e-09   6.497061e-03   1.275240e-11   224622
  3.629834e+00   8.619874e-09   5.631682e-03   1.263436e-11   227066
  3.651650e+00   8.590598e-09   6.100583e-03   1.252099e-11   228574
  3.673425e+00   8.540374e-09   5.412006e-03   1.227935e-11   231466
  3.695182e+00   8.561668e-09   6.099636e-03   1.228738e-11   233946
  3.717021e+00   8.499013e-09   6.699230e-03   1.205620e-11   238694
  3.738783e+00   8.457194e-09   6.448990e-03   1.199169e-11   238068
  3.760557e+00   8.440009e-09   6.333941e-03   1.181625e-11   244190
  3.782429e+00   8.392052e-09   6.151880e-03   1.168050e-11   245634
  3.804200e+00   8.383487e-09   6.653172e-03   1.159034e-11   248090
  3.826003e+00   8.360051e-09   6.124314e-03   1.151432e-11   251958
  3.847817e+00   8.301265e-09   6.526233e-03   1.135045e-11   254042
  3.869552e+00   8.282379e-09   6.126722e-03   1.125799e-11   255714
  3.891385e+00   8.237511e-09   6.664577e-03   1.100157e-11   262358
  3.913228e+00   8.230038e-09   5.960632e-03   1.103941e-11   261900
  3.935101e+00   8.197724e-09   6.415819e-03   1.082717e-11   268646
  3.956880e+00   8.190830e-09   6.129558e-03   1.087462e-11   265578
  3.978614e+00   8.143184e-09   6.129983e-03   1.065555e-11   273290
  4.000417e+00   8.103134e-09   6.235154e-03   1.060270e-11   273678
  4.022239e+00   8.082052e-09   6.520469e-03   1.041981e-11   279698
  4.044065e+00   8.036345e-09   7.261351e-03   1.035295e-11   279630
  4.065782e+00   8.041741e-09   5.874010e-03   1.030370e-11   283004
  4.087606e+00   7.994102e-09   5.914954e-03   1.017642e-11   288330
  4.109443e+00   7.983208e-09   6.319147e-03   1.009845e-11   289718
  4.131204e+00   7.972850e-09   6.293152e-03   1.008306e-11   292290
  4.152902e+00   7.953712e-09   6.065942e-03   9.985256e-12   294134
  4.174679e+00   7.923788e-09   6.161816e-03   9.839795e-12   300642
  4.196557e+00   7.882943e-09   6.574328e-03   9.740175e-12   303386
  4.218347e+00   7.886618e-09   6.962163e-03   9.717664e-12   304662
  4.240158e+00   7.840581e-09   6.045717e-03   9.586823e-12   309812
  4.261988e+00   7.823128e-09   6.257060e-03   9.493347e-12   311570
  4.283882e+00   7.799424e-09   6.075355e-03   9.387475e-12   318270
  4.305677e+00   7.800626e-09   6.733807e-03   9.444326e-12   315090
  4.327395e+00   7.745935e-09   5.878146e-03   9.216423e-12   322646
  4.349163e+00   7.726879e-09   6.066325e-03   9.219733e-12   322722
  4.370956e+00   7.733489e-09   6.663407e-03   9.124921e-12   329930
  4.392819e+00   7.689589e-09   6.658730e-03   9.040623e-12   331824
  4.414683e+00   7.665838e-09   6.065086e-03   8.958947e-12   336266
  4.436481e+00   7.663857e-09   6.318206e-03   8.977357e-12   336094
  4.458226e+00   7.651780e-09   6.015731e-03   8.873868e-12   341386
  4.480014e+00   7.600887e-09   6.351131e-03   8.780300e-12   344338
  4.501786e+00   7.608445e-09   6.483293e-03   8.753643e-12   347638
  4.523580e+00   7.572405e-09   6.063078e-03   8.657393e-12   351618
  4.545354e+00   7.547147e-09   6.303445e-03   8.579117e-12   353792
  4.567196e+00   7.533102e-09   6.167378e-03   8.445197e-12   360538
  4.589110e+00   7.519460e-09   6.023899e-03   8.421794e-12   363250
  4.610876e+00   7.516632e-09   6.571999e-03   8.463447e-12   362334
  4.632692e+00   7.491473e-09   5.403049e-03   8.298410e-12   371642
  4.654489e+00   7.458638e-09   6.219251e-03   8.309711e-12   368794
  4.676213e+00   7.433708e-09   6.223918e-03   8.178020e-12   376510
  4.698010e+00   7.429694e-09   6.017247e-03   8.160634e-12   377994
  4.719783e+00   7.407643e-09   6.153760e-03   8.078605e-12   382760
  4.741609e+00   7.380279e-09   6.934608e-03   7.989380e-12   386674
  4.763445e+00   7.379142e-09   6.245520e-03   7.976821e-12   390298
  4.785256e+00   7.343425e-09   6.638875e-03   7.911872e-12   393142
  4.807081e+00   7.329129e-09   6.334379e-03   7.839961e-12   397762
  4.828789e+00   7.295680e-09   6.085391e-03   7.816017e-12   396270
  4.850513e+00   7.296125e-09   6.330307e-03   7.733313e-12   405194
  4.872334e+00   7.276281e-09   5.768143e-03   7.667857e-12   407580
  4.894141e+00   7.236304e-09   6.731113e-03   7.613711e-12   411782
  4.915931e+00   7.236730e-09   6.057466e-03   7.585388e-12   414114
  4.937785e+00   7.201733e-09   6.541042e-03   7.484512e-12   421562
  4.959649e+00   7.190854e-09   6.350103e-03   7.461707e-12   421910
  4.981474e+00   7.180050e-09   6.038491e-03   7.416025e-12   427818
  5.003299e+00   7.183553e-09   7.074620e-03   7.413923e-12   429430
  5.025057e+00   7.164048e-09   6.634669e-03   7.337734e-12   432322
  5.046826e+00   7.124723e-09   5.278775e-03   7.259964e-12   437428
  5.068609e+00   7.100826e-09   5.312484e-03   7.240749e-12   440590
  5.090436e+00   7.103858e-09   6.296562e-03   7.182222e-12   446770
  5.112303e+00   7.064336e-09   5.934549e-03   7.095664e-12   449782
  5.134060e+00   7.044292e-09   6.385019e-03   7.085775e-12   449706
  5.155823e+00   7.029382e-09   6.348754e-03   7.000007e-12   458042
  5.177600e+00   7.021867e-09   5.962113e-03   6.999938e-12   458158
  5.199368e+00   7.008472e-09   5.949447e-03   6.931052e-12   465124
  5.221145e+00   6.975829e-09   6.302175e-03   6.899745e-12   466230
  5.242961e+00   6.967618e-09   6.654066e-03   6.866100e-12   474386
  5.264791e+00   6.932329e-09   5.973057e-03   6.764224e-12   475178
  5.286653e+00   6.938023e-09   6.649506e-03   6.740951e-12   483558
  5.308522e+00   6.914592e-09   5.351596e-03   6.712226e-12   483354
  5.330293e+00   6.896462e-09   5.190469e-03   6.658629e-12   487178
  5.352077e+00   6.886800e-09   6.476700e-03   6.610369e-12   492006
  5.373845e+00   6.857332e-09   6.155720e-03   6.595015e-12   494852
  5.395619e+00   6.845233e-09   6.142590e-03   6.540141e-12   499502
  5.417423e+00   6.827158e-09   5.674788e-03   6.507678e-12   504618
  5.439247e+00   6.805605e-09   6.816776e-03   6.447583e-12   508506
  5.461102e+00   6.773421e-09   6.862778e-03   6.357818e-12   514406
  5.482897e+00   6.776882e-09   5.757988e-03   6.407894e-12   514026
  5.504627e+00   6.731512e-09   6.566563e-03   6.302666e-12   519230
  5.526365e+00   6.728227e-09   5.945576e-03   6.271878e-12   522620
  5.548145e+00   6.729290e-09   6.170984e-03   6.239782e-12   529458
  5.569986e+00   6.693038e-09   6.451664e-03   6.210988e-12   534078
  5.591805e+00   6.678742e-09   6.587931e-03   6.153381e-12   536666
  5.613568e+00   6.665037e-09   6.385915e-03   6.135111e-12   539270
  5.635430e+00   6.645532e-09   6.174210e-03   6.054877e-12   550530
  5.657306e+00   6.641196e-09   6.803065e-03   6.055195e-12   548474
  5.679071e+00   6.624457e-09   6.362529e-03   6.014495e-12   553518
  5.700823e+00   6.595824e-09   6.559982e-03   5.967476e-12   556116
  5.722645e+00   6.583726e-09   5.918961e-03   5.931324e-12   564890
  5.744429e+00   6.549350e-09   6.164417e-03   5.894474e-12   563718
  5.766235e+00   6.545156e-09   6.268291e-03   5.833088e-12   574298
  5.788071e+00   6.529492e-09   7.445535e-03   5.827456e-12   573966
  5.809865e+00   6.508201e-09   5.913103e-03   5.778119e-12   580586
  5.831652e+00   6.491006e-09   6.394908e-03   5.755447e-12   582666
  5.853463e+00   6.461307e-09   6.437231e-03   5.680930e-12   590648
  5.875268e+00   6.463325e-09   6.142275e-03   5.705320e-12   590578
  5.897005e+00   6.447929e-09   6.896899e-03   5.641825e-12   595990
  5.918793e+00   6.407406e-09   6.042480e-03   5.590419e-12   601778
  5.940619e+00   6.397704e-09   6.818458e-03   5.556531e-12   607578
  5.962457e+00   6.387811e-09   6.550446e-03   5.517992e-12   611294
  5.984281e+00   6.357114e-09   6.526022e-03   5.497379e-12   615498
  6.006051e+00   6.336225e-09   6.288604e-03   5.465524e-12   617274
  6.027849e+00   6.321204e-09   5.858490e-03   5.404903e-12   626360
  6.049661e+00   6.314334e-09   5.623020e-03   5.401977e-12   626658
  6.071446e+00   6.289496e-09   6.032926e-03   5.345602e-12   634022
  6.093210e+00   6.290874e-09   6.003771e-03   5.365497e-12   634554
  6.115014e+00   6.255518e-09   5.076130e-03   5.272975e-12   645026
  6.136827e+00   6.253011e-09   6.464435e-03   5.284738e-12   645182
  6.158625e+00   6.218834e-09   6.411719e-03   5.213729e-12   652938
  6.180420e+00   6.212774e-09   7.211331e-03   5.209480e-12   654336
  6.202242e+00   6.204002e-09   6.554054e-03   5.169874e-12   663242
  6.224066e+00   6.170322e-09   5.320870e-03   5.131517e-12   664002
  6.245826e+00   6.149985e-09   7.246563e-03   5.101101e-12   668990
  6.267613e+00   6.151704e-09   5.884051e-03   5.090693e-12   674554
  6.289378e+00   6.113493e-09   6.455556e-03   5.040036e-12   677158
  6.311197e+00   6.101317e-09   6.473962e-03   4.989570e-12   687306
  6.333066e+00   6.088720e-09   6.236937e-03   4.982972e-12   690290
  6.354864e+00   6.062784e-09   5.862905e-03   4.941407e-12   691992
  6.376691e+00   6.056732e-09   7.144736e-03   4.909522e-12   701402
  6.398508e+00   6.031905e-09   6.738654e-03   4.901276e-12   700826
  6.420285e+00   6.011287e-09   6.015476e-03   4.847961e-12   708726
  6.442082e+00   5.990825e-09   6.525117e-03   4.812918e-12   711690
  6.463893e+00   5.968723e-09   7.387061e-03   4.784032e-12   719606
  6.485658e+00   5.965596e-09   6.351312e-03   4.780964e-12   717810
  6.507436e+00   5.950584e-09   5.675102e-03   4.725240e-12   730412
  6.529277e+00   5.922194e-09   6.843948e-03   4.700064e-12   731782
  6.551122e+00   5.912765e-09   6.696819e-03   4.663611e-12   740458
  6.572910e+00   5.886918e-09   6.535709e-03   4.640605e-12   737494
  6.594656e+00   5.866653e-09   5.565125e-03   4.613792e-12   747298
  6.616457e+00   5.842437e-09   5.648777e-03   4.579643e-12   751762
  6.638237e+00   5.838863e-09   6.418871e-03   4.575991e-12   755470
  6.660011e+00   5.810775e-09   6.608845e-03   4.524194e-12   761442
  6.681866e+00   5.790401e-09   6.419620e-03   4.476562e-12   770816
  6.703693e+00   5.785477e-09   5.507896e-03   4.479302e-12   769242
  6.725529e+00   5.758261e-09   6.079549e-03   4.416345e-12   782162
  6.747309e+00   5.760890e-09   8.557036e-03   4.458685e-12   775230
  6.769063e+00   5.723029e-09   5.451069e-03   4.357604e-12   789866
  6.790850e+00   5.712049e-09   5.415108e-03   4.371711e-12   787938
  6.812626e+00   5.692594e-09   5.201288e-03   4.324328e-12   799574
  6.834466e+00   5.668056e-09   7.196653e-03   4.305883e-12   803028
  6.856256e+00   5.659338e-09   6.272073e-03   4.285542e-12   805574
  6.878035e+00   5.644849e-09   6.877302e-03   4.272515e-12   812034
  6.899872e+00   5.618281e-09   7.233450e-03   4.206988e-12   820970
  6.921695e+00   5.602548e-09   6.327213e-03   4.198636e-12   821174
  6.943434e+00   5.587777e-09   6.366564e-03   4.187824e-12   825186
  6.965201e+00   5.579572e-09   7.154810e-03   4.162085e-12   833142
  6.986954e+00   5.544535e-09   6.262058e-03   4.118976e-12   834788
  7.008759e+00   5.528094e-09   7.770505e-03   4.085505e-12   847858
  7.030687e+00   5.519643e-09   5.914188e-03   4.057467e-12   854278
  7.052513e+00   5.499589e-09   5.266146e-03   4.056438e-12   850914
  7.074277e+00   5.469191e-09   5.055590e-03   4.012407e-12   859250
  7.096098e+00   5.459675e-09   6.381472e-03   4.004273e-12   867126
  7.117902e+00   5.444394e-09   6.796561e-03   3.976399e-12   868274
  7.139656e+00   5.421694e-09   7.102699e-03   3.941375e-12   873606
  7.161416e+00   5.410913e-09   4.684385e-03   3.925660e-12   879284
  7.183221e+00   5.392966e-09   6.956187e-03   3.893660e-12   887666
  7.205103e+00   5.381691e-09   7.252397e-03   3.867951e-12   897030
  7.226940e+00   5.347812e-09   5.918169e-03   3.850903e-12   894378
  7.248722e+00   5.335433e-09   6.335603e-03   3.826015e-12   903254
  7.270494e+00   5.319432e-09   6.778120e-03   3.811989e-12   904562
  7.292257e+00   5.302365e-09   5.824024e-03   3.779372e-12   913362
  7.314015e+00   5.285957e-09   4.742004e-03   3.767287e-12   915592
  7.335824e+00   5.274548e-09   7.068176e-03   3.740113e-12   927946
  7.357630e+00   5.248909e-09   7.904872e-03   3.715186e-12   926094
  7.379481e+00   5.236759e-09   6.128000e-03   3.678996e-12   942890
  7.401329e+00   5.222240e-09   6.621629e-03   3.679378e-12   937266
  7.423115e+00   5.197906e-09   5.769394e-03   3.632976e-12   948854
  7.444911e+00   5.173202e-09   5.064975e-03   3.624397e-12   948714
  7.466659e+00   5.172726e-09   5.637665e-03   3.608119e-12   956186
  7.488454e+00   5.142588e-09   6.331138e-03   3.569176e-12   964272
  7.510278e+00   5.121911e-09   6.355624e-03   3.535757e-12   969458
  7.532080e+00   5.117312e-09   5.168343e-03   3.539664e-12   973358
  7.553896e+00   5.101094e-09   6.977608e-03   3.518337e-12   982098
  7.575692e+00   5.085956e-09   5.786136e-03   3.499310e-12   983178
  7.597518e+00   5.070164e-09   7.660915e-03   3.469510e-12   996350
  7.619335e+00   5.050386e-09   5.703629e-03   3.458270e-12   993530
  7.641042e+00   5.035291e-09   6.757926e-03   3.437838e-12   997848
  7.662813e+00   5.016745e-09   6.613957e-03   3.403151e-12   1010106
  7.684647e+00   4.996761e-09   6.693542e-03   3.376595e-12   1015730
  7.706452e+00   4.986893e-09   6.446574e-03   3.373260e-12   1018710
  7.728299e+00   4.967927e-09   6.512607e-03   3.335204e-12   1031282
  7.750113e+00   4.951068e-09   6.242616e-03   3.340164e-12   1027122
  7.771891e+00   4.938446e-09   6.306945e-03   3.310699e-12   1039838
  7.793682e+00   4.924363e-09   6.980028e-03   3.301762e-12   1039898
  7.815457e+00   4.896617e-09   6.795464e-03   3.253612e-12   1050288
  7.837247e+00   4.881471e-09   6.605034e-03   3.244444e-12   1052226
  7.859047e+00   4.869976e-09   4.464203e-03   3.228160e-12   1062746
  7.880874e+00   4.855639e-09   5.904092e-03   3.208559e-12   1067438
  7.902694e+00   4.832357e-09   5.834778e-03   3.191471e-12   1073730
  7.924501e+00   4.820926e-09   7.344210e-03   3.172111e-12   1078230
  7.946314e+00   4.805639e-09   5.884214e-03   3.152916e-12   1085594
  7.968081e+00   4.785936e-09   5.083459e-03   3.136460e-12   1086124
  7.989888e+00   4.771989e-09   6.473168e-03   3.116689e-12   1101310
  8.011697e+00   4.751157e-09   7.161617e-03   3.100471e-12   1098282
  8.033477e+00   4.740279e-09   4.336407e-03   3.083326e-12   1109918
  8.055303e+00   4.725945e-09   6.051880e-03   3.057659e-12   1114962
  8.077129e+00   4.707061e-09   6.745640e-03   3.043466e-12   1122962
  8.098948e+00   4.695661e-09   0.000000e+00   3.024994e-12   1125822
  8.120739e+00   4.675978e-09   6.639209e-03   3.006727e-12   1132538
  8.142508e+00   4.659787e-09   6.833376e-03   2.996614e-12   1135164
  8.164283e+00   4.642690e-09   7.120660e-03   2.969664e-12   1145654
  8.186110e+00   4.628141e-09   4.745205e-03   2.951869e-12   1152666
  8.207929e+00   4.617806e-09   6.253470e-03   2.943976e-12   1157078
  8.229715e+00   4.595914e-09   7.092419e-03   2.913625e-12   1161522
  8.251537e+00   4.582335e-09   6.653496e-03   2.900954e-12   1173050
  8.273331e+00   4.566112e-09   6.357679e-03   2.887608e-12   1171518
  8.295110e+00   4.556427e-09   7.709154e-03   2.870151e-12   1183772
  8.316871e+00   4.540450e-09   6.700534e-03   2.862789e-12   1181262
  8.338627e+00   4.521185e-09   5.804621e-03   2.825654e-12   1195490
  8.360454e+00   4.512325e-09   5.417844e-03   2.816926e-12   1202010
  8.382272e+00   4.490444e-09   5.668954e-03   2.798395e-12   1207166
  8.404086e+00   4.476883e-09   6.640133e-03   2.779448e-12   1214074
  8.425861e+00   4.462334e-09   6.788619e-03   2.775398e-12   1215334
  8.447661e+00   4.445919e-09   8.139820e-03   2.751274e-12   1229274
  8.469528e+00   4.433371e-09   6.923048e-03   2.737247e-12   1236164
  8.491337e+00   4.414962e-09   5.150353e-03   2.723414e-12   1234942
  8.513108e+00   4.398655e-09   6.127621e-03   2.704696e-12   1244410
  8.534892e+00   4.386431e-09   6.413156e-03   2.685490e-12   1249010
  8.556701e+00   4.374636e-09   7.167623e-03   2.668336e-12   1260702
  8.578489e+00   4.358343e-09   5.782932e-03   2.670974e-12   1259490
  8.600301e+00   4.346940e-09   6.024304e-03   2.641334e-12   1275662
  8.622092e+00   4.329436e-09   3.360315e-03   2.629232e-12   1270164
  8.643907e+00   4.308840e-09   5.257984e-03   2.596574e-12   1291226
  8.665715e+00   4.297398e-09   4.273454e-03   2.601732e-12   1282750
  8.687472e+00   4.277817e-09   6.213665e-03   2.573798e-12   1298146
  8.709287e+00   4.265648e-09   5.360696e-03   2.568195e-12   1301646
  8.731085e+00   4.255361e-09   5.789588e-03   2.557693e-12   1309898
  8.752898e+00   4.239953e-09   4.644238e-03   2.537572e-12   1317010
  8.774717e+00   4.222579e-09   6.543970e-03   2.513945e-12   1323814
  8.796515e+00   4.204568e-09   4.821481e-03   2.503940e-12   1326732
  8.818301e+00   4.196646e-09   7.172318e-03   2.491952e-12   1335434
  8.840144e+00   4.186864e-09   8.237668e-03   2.476929e-12   1347902
  8.861961e+00   4.163688e-09   8.775195e-03   2.463910e-12   1344786
  8.883696e+00   4.157142e-09   4.059747e-03   2.459317e-12   1351222
  8.905492e+00   4.143062e-09   5.702603e-03   2.437544e-12   1365322
  8.927320e+00   4.124695e-09   7.288405e-03   2.417904e-12   1369002
  8.949127e+00   4.113119e-09   6.459042e-03   2.405835e-12   1376456
  8.970919e+00   4.095837e-09   5.348855e-03   2.389191e-12   1379362
  8.992723e+00   4.085750e-09   6.886449e-03   2.377083e-12   1392262
  9.014530e+00   4.065674e-09   6.267727e-03   2.369720e-12   1392546
  9.036308e+00   4.051031e-09   6.899203e-03   2.348893e-12   1402754
  9.058105e+00   4.041839e-09   7.704753e-03   2.342476e-12   1408470
  9.079899e+00   4.026045e-09   3.197889e-03   2.328873e-12   1415450
  9.101646e+00   4.012294e-09   6.229295e-03   2.316933e-12   1416504
  9.123501e+00   4.003391e-09   6.436501e-03   2.292598e-12   1442354
  9.145358e+00   3.982754e-09   7.410342e-03   2.284394e-12   1431202
  9.167132e+00   3.976797e-09   6.192822e-03   2.272904e-12   1445038
  9.188912e+00   3.952879e-09   5.445216e-03   2.260398e-12   1445322
  9.210723e+00   3.941471e-09   5.951972e-03   2.237842e-12   1462778
  9.232532e+00   3.931262e-09   6.959819e-03   2.234233e-12   1459590
  9.254299e+00   3.920788e-09   6.723269e-03   2.222357e-12   1471226
  9.276120e+00   3.898448e-09   4.862267e-03   2.202662e-12   1480136
  9.297955e+00   3.888826e-09   6.461971e-03   2.188709e-12   1486530
  9.319752e+00   3.874431e-09   7.214630e-03   2.182198e-12   1488898
  9.341545e+00   3.868164e-09   5.756000e-03   2.167613e-12   1500838
  9.363364e+00   3.854962e-09   4.015591e-03   2.162066e-12   1505906
  9.385123e+00   3.839128e-09   7.403823e-03   2.147874e-12   1507062
  9.406887e+00   3.824109e-09   6.161621e-03   2.134587e-12   1519890
  9.428684e+00   3.813537e-09   7.260443e-03   2.121943e-12   1526516
  9.450526e+00   3.800197e-09   4.645326e-03   2.104275e-12   1540038
  9.472358e+00   3.786988e-09   7.436819e-03   2.104403e-12   1538810
  9.494126e+00   3.774607e-09   5.597581e-03   2.084029e-12   1545574
  9.515945e+00   3.762604e-09   9.741039e-03   2.075980e-12   1560010
  9.537752e+00   3.743982e-09   5.295909e-03   2.060403e-12   1558578
  9.559523e+00   3.736520e-09   6.739178e-03   2.044500e-12   1568990
  9.581285e+00   3.729027e-09   7.214629e-03   2.048485e-12   1571770
  9.603082e+00   3.713161e-09   6.489804e-03   2.028191e-12   1587748
  9.624911e+00   3.698007e-09   5.077352e-03   2.012454e-12   1590966
  9.646740e+00   3.686113e-09   5.277093e-03   2.001507e-12   1602554
  9.668542e+00   3.672659e-09   7.004417e-03   1.996951e-12   1601190
  9.690310e+00   3.660098e-09   6.840930e-03   1.982268e-12   1611722
  9.712077e+00   3.654440e-09   6.197568e-03   1.977446e-12   1616058
  9.733882e+00   3.637464e-09   5.991593e-03   1.956870e-12   1631942
  9.755687e+00   3.622775e-09   5.050376e-03   1.953978e-12   1630980
  9.777464e+00   3.618816e-09   6.582477e-03   1.941351e-12   1641494
  9.799295e+00   3.600340e-09   7.205672e-03   1.924442e-12   1653378
  9.821168e+00   3.588425e-09   7.337604e-03   1.916445e-12   1663730
  9.842969e+00   3.576704e-09   4.915239e-03   1.907982e-12   1656558
  9.864718e+00   3.567161e-09   7.279495e-03   1.897952e-12   1671026
  9.886517e+00   3.556526e-09   7.157064e-03   1.886025e-12   1677818
  9.908303e+00   3.543202e-09   7.836508e-03   1.873709e-12   1685454
  9.930105e+00   3.534863e-09   5.681541e-03   1.868561e-12   1694516
  9.951918e+00   3.519200e-09   5.210687e-03   1.857025e-12   1701342
  9.973727e+00   3.505353e-09   6.081112e-03   1.843313e-12   1709026
  9.995562e+00   3.499447e-09   7.232184e-03   1.835102e-12   1720354
  1.001738e+01   3.490077e-09   5.904730e-03   1.827799e-12   1721470
  1.003919e+01   3.472073e-09   6.394914e-03   1.813273e-12   1735018
  1.006096e+01   3.462243e-09   4.831553e-03   1.810620e-12   1728398
  1.008270e+01   3.452060e-09   6.829199e-03   1.797858e-12   1747116
  1.010451e+01   3.439407e-09   1.922053e-03   1.790208e-12   1753090
  1.012635e+01   3.430663e-09   5.237422e-03   1.775558e-12   1767694
  1.014817e+01   3.416998e-09   7.083551e-03   1.768744e-12   1766490
  1.016999e+01   3.410661e-09   0.000000e+00   1.760094e-12   1780478
  1.019179e+01   3.395598e-09   9.203443e-03   1.752482e-12   1781050
  1.021358e+01   3.384045e-09   4.894492e-03   1.739391e-12   1792018
  1.023535e+01   3.375645e-09   6.510821e-03   1.732199e-12   1794366
  1.025713e+01   3.363502e-09   6.058819e-03   1.723174e-12   1808276
  1.027893e+01   3.356631e-09   6.787490e-03   1.717542e-12   1812522
  1.030075e+01   3.340650e-09   7.855715e-03   1.703335e-12   1827758
  1.032259e+01   3.332597e-09   4.738831e-03   1.694732e-12   1829466
  1.034437e+01   3.321563e-09   7.464702e-03   1.688247e-12   1835534
  1.036613e+01   3.309462e-09   6.285959e-03   1.679629e-12   1840906
  1.038793e+01   3.300287e-09   6.512470e-03   1.665614e-12   1857130
  1.040971e+01   3.289662e-09   4.895580e-03   1.662984e-12   1854264
  1.043148e+01   3.279305e-09   5.363083e-03   1.650928e-12   1871090
  1.045330e+01   3.271106e-09   6.158674e-03   1.644780e-12   1876926
  1.047511e+01   3.259889e-09   6.787338e-03   1.635380e-12   1884530
  1.049690e+01   3.252302e-09   5.591362e-03   1.628882e-12   1891506
  1.051874e+01   3.242966e-09   6.580962e-03   1.616226e-12   1907798
  1.054058e+01   3.232217e-09   8.042241e-03   1.612322e-12   1907378
  1.056236e+01   3.219042e-09   6.449539e-03   1.599624e-12   1912506
  1.058413e+01   3.207521e-09   3.970533e-03   1.592380e-12   1923048
  1.060596e+01   3.196041e-09   7.596414e-03   1.579040e-12   1936730
  1.062777e+01   3.190264e-09   6.055218e-03   1.579097e-12   1936686
  1.064956e+01   3.178742e-09   7.170779e-03   1.566876e-12   1950290
  1.067137e+01   3.171786e-09   2.902807e-03   1.560706e-12   1953002
  1.069318e+01   3.161722e-09   6.277173e-03   1.554124e-12   1969110
  1.071499e+01   3.148432e-09   2.027040e-03   1.549057e-12   1969050
  1.073678e+01   3.145116e-09   6.809628e-03   1.539400e-12   1980392
  1.075857e+01   3.132382e-09   8.184431e-03   1.532548e-12   1984770
  1.078035e+01   3.120777e-09   5.638627e-03   1.524189e-12   1995506
  1.080217e+01   3.116336e-09   7.330575e-03   1.514418e-12   2007806
  1.082398e+01   3.102523e-09   6.405744e-03   1.508288e-12   2010474
  1.084577e+01   3.097374e-09   7.010543e-03   1.508184e-12   2018182
  1.086758e+01   3.088411e-09   6.284282e-03   1.492183e-12   2033554
  1.088936e+01   3.078424e-09   7.380511e-03   1.489419e-12   2026266
  1.091115e+01   3.069825e-09   4.767107e-03   1.475262e-12   2054480
  1.093297e+01   3.061834e-09   5.102702e-03   1.475248e-12   2044770
  1.095473e+01   3.053921e-09   7.405199e-03   1.463540e-12   2062394
  1.097654e+01   3.043870e-09   6.748148e-03   1.456531e-12   2069982
  1.099836e+01   3.033457e-09   7.896403e-03   1.450206e-12   2079434
  1.102015e+01   3.026200e-09   6.696505e-03   1.444952e-12   2083038
  1.104197e+01   3.020723e-09   5.179266e-03   1.437850e-12   2098850
  1.106376e+01   3.010464e-09   6.538765e-03   1.433013e-12   2095436
  1.108556e+01   2.999601e-09   6.767417e-03   1.421719e-12   2117406
  1.110738e+01   2.988388e-09   6.208778e-03   1.416375e-12   2115426
  1.112912e+01   2.987106e-09   6.027908e-03   1.418505e-12   2118878
  1.115091e+01   2.978340e-09   6.872323e-03   1.404392e-12   2140026
  1.117274e+01   2.967626e-09   7.345145e-03   1.398078e-12   2147234
  1.119455e+01   2.958770e-09   6.536460e-03   1.391590e-12   2150662
  1.121634e+01   2.949181e-09   6.000587e-03   1.382939e-12   2159842
  1.123814e+01   2.943289e-09   6.749550e-03   1.380560e-12   2168384
  1.125996e+01   2.935004e-09   8.362273e-03   1.370209e-12   2183178
  1.128179e+01   2.930573e-09   6.290183e-03   1.367047e-12   2184770
  1.130357e+01   2.924770e-09   6.984994e-03   1.363350e-12   2192190
  1.132533e+01   2.915547e-09   7.608556e-03   1.355961e-12   2196242
  1.134715e+01   2.909798e-09   5.377106e-03   1.346235e-12   2220714
  1.136897e+01   2.898308e-09   7.572176e-03   1.342350e-12   2215758
  1.139078e+01   2.892783e-09   6.901787e-03   1.334502e-12   2233988
  1.141258e+01   2.882942e-09   8.442163e-03   1.333816e-12   2231670
  1.143435e+01   2.880112e-09   4.256145e-03   1.325332e-12   2244338
  1.145617e+01   2.871885e-09   5.617497e-03   1.318677e-12   2258610
  1.147799e+01   2.864474e-09   5.462130e-03   1.314458e-12   2260718
  1.149976e+01   2.858369e-09   6.593106e-03   1.312098e-12   2268162
  1.152154e+01   2.850991e-09   5.916495e-03   1.305114e-12   2277494
  1.154333e+01   2.842414e-09   5.391489e-03   1.295244e-12   2288796
  1.156517e+01   2.836276e-09   1.084211e-02   1.287777e-12   2305226
  1.158699e+01   2.832428e-09   5.638168e-03   1.291423e-12   2301630
  1.160880e+01   2.821132e-09   0.000000e+00   1.279691e-12   2319770
  1.163059e+01   2.816044e-09   7.330324e-03   1.278604e-12   2315610
  1.165237e+01   2.813243e-09   5.862123e-03   1.270325e-12   2334662
  1.167415e+01   2.803834e-09   8.663836e-03   1.266066e-12   2335722
  1.169596e+01   2.800538e-09   4.893670e-03   1.261509e-12   2354102
  1.171776e+01   2.788801e-09   7.764432e-03   1.253903e-12   2355236
  1.173959e+01   2.789041e-09   6.719419e-03   1.251865e-12   2374170
  1.176141e+01   2.777872e-09   5.271591e-03   1.245956e-12   2373286
  1.178322e+01   2.775039e-09   7.993449e-03   1.240913e-12   2388010
  1.180499e+01   2.766962e-09   1.179172e-03   1.240839e-12   2383470
  1.182676e+01   2.762567e-09   5.181082e-03   1.232717e-12   2404994
  1.184856e+01   2.755034e-09   4.373452e-03   1.229540e-12   2408642
  1.187034e+01   2.753257e-09   6.531170e-03   1.226466e-12   2417640
  1.189215e+01   2.745257e-09   6.602806e-03   1.216408e-12   2434994
  1.191399e+01   2.742021e-09   7.312099e-03   1.217337e-12   2437998
  1.193580e+01   2.736397e-09   6.290156e-03   1.212280e-12   2448194
  1.195761e+01   2.733854e-09   0.000000e+00   1.209302e-12   2455890
  1.197939e+01   2.724598e-09   3.858293e-03   1.204917e-12   2461526
  1.200118e+01   2.717853e-09   6.814777e-03   1.197292e-12   2474034
  1.202296e+01   2.713846e-09   6.634693e-03   1.194655e-12   2476482
  1.204476e+01   2.708944e-09   5.197906e-03   1.190555e-12   2497256
  1.206659e+01   2.704673e-09   6.698123e-03   1.184340e-12   2502978
  1.208840e+01   2.702038e-09   2.861619e-03   1.186540e-12   2508422
  1.211019e+01   2.697453e-09   6.951946e-03   1.180952e-12   2518482
  1.213201e+01   2.693618e-09   8.697107e-03   1.176175e-12   2532074
  1.215379e+01   2.688352e-09   9.366051e-03   1.177075e-12   2526710
  1.217556e+01   2.680877e-09   7.293812e-03   1.168002e-12   2548986
  1.219735e+01   2.679430e-09   6.283938e-03   1.168425e-12   2551704
  1.221915e+01   2.675882e-09   4.896267e-03   1.163897e-12   2566226
  1.224096e+01   2.672552e-09   5.043984e-03   1.161885e-12   2573898
  1.226279e+01   2.667271e-09   5.405313e-03   1.154203e-12   2589182
  1.228459e+01   2.663916e-09   6.986605e-03   1.155764e-12   2584970
  1.230639e+01   2.660073e-09   5.442481e-03   1.150761e-12   2605110
  1.232819e+01   2.654669e-09   4.979311e-03   1.147680e-12   2606834
  1.234998e+01   2.650970e-09   5.108720e-03   1.144415e-12   2620770
  1.237177e+01   2.648400e-09   6.930477e-03   1.143692e-12   2626560
  1.239356e+01   2.643230e-09   6.701341e-03   1.140628e-12   2636762
  1.241536e+01   2.642190e-09   7.713860e-03   1.136581e-12   2647698
  1.243721e+01   2.635408e-09   5.971898e-03   1.128879e-12   2668166
  1.245904e+01   2.636960e-09   6.076173e-03   1.132791e-12   2660586
  1.248082e+01   2.633828e-09   6.084851e-03   1.128336e-12   2676494
  1.250259e+01   2.632901e-09   7.249039e-03   1.130782e-12   2674306
  1.252436e+01   2.624366e-09   5.113600e-03   1.123506e-12   2696980
  1.254617e+01   2.622949e-09   5.655511e-03   1.121996e-12   2703622
  1.256798e+01   2.622021e-09   8.399957e-03   1.124126e-12   2713186
  1.258977e+01   2.616108e-09   7.769097e-03   1.116441e-12   2718702
  1.261160e+01   2.616225e-09   7.512191e-03   1.114912e-12   2742194
  1.263341e+01   2.613230e-09   0.000000e+00   1.115536e-12   2733162
  1.265520e+01   2.613116e-09   4.490626e-03   1.111869e-12   2757590
  1.267700e+01   2.605657e-09   4.156454e-03   1.109257e-12   2752010
  1.269877e+01   2.610658e-09   8.095299e-03   1.110771e-12   2769036
  1.272059e+01   2.607539e-09   6.277747e-03   1.106452e-12   2783046
  1.274241e+01   2.604388e-09   0.000000e+00   1.107460e-12   2789378
  1.276421e+01   2.603174e-09   9.020505e-03   1.105903e-12   2799582
  1.278604e+01   2.600995e-09   6.489049e-03   1.104417e-12   2811170
  1.280784e+01   2.599043e-09   0.000000e+00   1.102996e-12   2812706
  1.282964e+01   2.597420e-09   5.969307e-03   1.100552e-12   2833254
  1.285143e+01   2.598530e-09   7.577632e-03   1.103379e-12   2827292
  1.287320e+01   2.593545e-09   8.017246e-03   1.098494e-12   2846838
  1.289499e+01   2.591456e-09   6.026322e-03   1.096840e-12   2846535
  1.291678e+01   2.581479e-09   6.740163e-03   1.090930e-12   2848496
  1.293859e+01   2.573562e-09   7.151555e-03   1.088799e-12   2841564
  1.296041e+01   2.567454e-09   8.057084e-03   1.084636e-12   2843000
  1.298221e+01   2.556004e-09   7.664181e-03   1.079911e-12   2826624
  1.300400e+01   2.547540e-09   7.899789e-03   1.075692e-12   2828732
  1.302580e+01   2.536785e-09   4.494167e-03   1.070132e-12   2819560
  1.304760e+01   2.533704e-09   5.905846e-03   1.069248e-12   2819284
  1.306939e+01   2.522759e-09   5.635728e-03   1.065030e-12   2805856
  1.309118e+01   2.515541e-09   7.280274e-03   1.060443e-12   2810440
  1.311299e+01   2.506550e-09   6.442981e-03   1.056386e-12   2800608
  1.313480e+01   2.497911e-09   8.125167e-03   1.051032e-12   2798144
  1.315659e+01   2.491767e-09   7.157894e-03   1.051358e-12   2787376
  1.317839e+01   2.479354e-09   8.008143e-03   1.043659e-12   2790616
  1.320021e+01   2.473635e-09   6.338105e-03   1.041364e-12   2779552
  1.322198e+01   2.466668e-09   7.208792e-03   1.041175e-12   2768452
  1.324376e+01   2.455606e-09   2.250115e-03   1.032382e-12   2771296
  1.326557e+01   2.449918e-09   3.471374e-03   1.032945e-12   2764924
  1.328738e+01   2.440300e-09   3.842409e-03   1.026877e-12   2762264
  1.330922e+01   2.431201e-09   7.715097e-03   1.019666e-12   2760216
  1.333101e+01   2.426257e-09   1.588144e-03   1.021781e-12   2737932
  1.335280e+01   2.419205e-09   8.627729e-03   1.016268e-12   2752280
  1.337461e+01   2.409419e-09   6.710208e-03   1.014148e-12   2728764
  1.339639e+01   2.401830e-09   6.556641e-03   1.008349e-12   2736368
  1.341819e+01   2.395246e-09   5.026307e-03   1.007543e-12   2719920
  1.343999e+01   2.390219e-09   9.774580e-03   1.002814e-12   2727152
  1.346180e+01   2.380213e-09   0.000000e+00   1.002861e-12   2708352
  1.348361e+01   2.373502e-09   0.000000e+00   9.964726e-13   2718584
  1.350541e+01   2.365649e-09   0.000000e+00   9.945602e-13   2694300
  1.352722e+01   2.357706e-09   9.305150e-03   9.879529e-13   2709440
  1.354904e+01   2.353418e-09   2.728654e-03   9.899277e-13   2682108
  1.357079e+01   2.342857e-09   4.880346e-03   9.831747e-13   2684912
  1.359258e+01   2.336193e-09   8.441606e-03   9.819745e-13   2678892
  1.361438e+01   2.328197e-09   6.454572e-03   9.769709e-13   2674748
  1.363619e+01   2.325819e-09   9.496892e-03   9.767659e-13   2670216
  1.365799e+01   2.317249e-09   6.338865e-03   9.746783e-13   2659436
  1.367980e+01   2.308669e-09   5.818002e-03   9.690963e-13   2659752
  1.370163e+01   2.300882e-09   6.470453e-03   9.646100e-13   2654300
  1.372343e+01   2.294104e-09   3.156500e-03   9.634435e-13   2640852
  1.374522e+01   2.290032e-09   5.001280e-03   9.599107e-13   2638124
  1.376700e+01   2.283738e-09   1.005950e-02   9.594935e-13   2628228
  1.378881e+01   2.274603e-09   3.913882e-03   9.527753e-13   2630936
  1.381063e+01   2.271144e-09   8.887351e-03   9.542016e-13   2619032
  1.383242e+01   2.262027e-09   5.400091e-03   9.506923e-13   2610804
  1.385422e+01   2.255947e-09   6.065360e-03   9.488277e-13   2609408
  1.387604e+01   2.249832e-09   8.276764e-03   9.448954e-13   2602764
  1.389782e+01   2.244054e-09   6.878953e-03   9.432724e-13   2588540
  1.391959e+01   2.235659e-09   1.009728e-02   9.388330e-13   2587836
  1.394138e+01   2.231605e-09   8.459382e-03   9.373133e-13   2579100
  1.396317e+01   2.223060e-09   4.961798e-03   9.341680e-13   2574128
  1.398496e+01   2.219256e-09   4.985155e-03   9.334279e-13   2567588
  1.400679e+01   2.210525e-09   8.079815e-03   9.262282e-13   2572956
  1.402862e+01   2.204500e-09   7.178944e-03   9.282598e-13   2550552
  1.405041e+01   2.199705e-09   8.034923e-03   9.242949e-13   2552084
  1.407221e+01   2.192729e-09   4.984362e-03   9.237395e-13   2539404
  1.409401e+01   2.187792e-09   0.000000e+00   9.193648e-13   2541152
  1.411583e+01   2.182357e-09   9.006548e-03   9.173559e-13   2528016
  1.413762e+01   2.174093e-09   5.875968e-03   9.163038e-13   2521496
  1.415942e+01   2.170121e-09   7.115107e-03   9.142143e-13   2518092
  1.418124e+01   2.165048e-09   2.240444e-03   9.125541e-13   2511632
  1.420304e+01   2.159816e-09   0.000000e+00   9.112171e-13   2500140
  1.422483e+01   2.152126e-09   6.286835e-03   9.061673e-13   2496980
  1.424664e+01   2.147292e-09   7.197778e-03   9.075688e-13   2487428
  1.426845e+01   2.139756e-09   7.687541e-03   9.024332e-13   2486496
  1.429024e+01   2.135668e-09   1.154802e-02   9.029421e-13   2469840
  1.431203e+01   2.128241e-09   7.993330e-03   9.000149e-13   2469656
  1.433382e+01   2.122436e-09   2.917503e-03   8.976711e-13   2457036
  1.435564e+01   2.120798e-09   5.362266e-03   8.945144e-13   2462684
  1.437745e+01   2.113239e-09   4.576781e-03   8.954953e-13   2442384
  1.439924e+01   2.105623e-09   5.020958e-03   8.907588e-13   2441696
  1.442104e+01   2.104376e-09   2.968087e-03   8.898644e-13   2431164
  1.444282e+01   2.096619e-09   0.000000e+00   8.877258e-13   2423696
  1.446462e+01   2.094123e-09   9.355677e-03   8.863671e-13   2421336
  1.448644e+01   2.088349e-09   5.788725e-03   8.858100e-13   2412992
  1.450824e+01   2.085742e-09   4.964565e-03   8.853082e-13   2402732
  1.453003e+01   2.076834e-09   8.242760e-03   8.818139e-13   2396124
  1.455183e+01   2.072662e-09   7.007523e-03   8.801915e-13   2388480
  1.457364e+01   2.065993e-09   6.411371e-03   8.768700e-13   2387060
  1.459544e+01   2.061613e-09   6.733548e-03   8.774231e-13   2370268
  1.461720e+01   2.057453e-09   7.605374e-03   8.759773e-13   2363776
  1.463899e+01   2.054578e-09   5.778082e-03   8.743079e-13   2360176
  1.466080e+01   2.047944e-09   5.885702e-03   8.714465e-13   2356360
  1.468261e+01   2.045545e-09   6.107780e-03   8.719575e-13   2343240
  1.470441e+01   2.039183e-09   5.437926e-03   8.702085e-13   2340248
  1.472620e+01   2.034497e-09   6.744250e-03   8.688015e-13   2325000
  1.474801e+01   2.032266e-09   5.292833e-03   8.684403e-13   2328632
  1.476983e+01   2.023540e-09   7.970277e-03   8.654104e-13   2313100
  1.479164e+01   2.022005e-09   6.906125e-03   8.657827e-13   2310892
  1.481343e+01   2.017692e-09   7.737116e-03   8.646082e-13   2295420
  1.483523e+01   2.013453e-09   7.586349e-03   8.626910e-13   2293592
  1.485702e+01   2.006530e-09   6.143054e-03   8.608266e-13   2281400
  1.487885e+01   2.002415e-09   7.530016e-03   8.580692e-13   2285760
  1.490066e+01   1.998366e-09   3.900786e-03   8.605486e-13   2259408
  1.492244e+01   1.991683e-09   0.000000e+00   8.559928e-13   2266808
  1.494426e+01   1.990204e-09   7.498128e-03   8.562404e-13   2249348
  1.496604e+01   1.986351e-09   4.777764e-03   8.563059e-13   2244732
  1.498783e+01   1.981819e-09   9.049570e-03   8.552094e-13   2233908
  1.500963e+01   1.977684e-09   2.917084e-03   8.534945e-13   2231660
  1.503143e+01   1.972625e-09   6.294795e-03   8.538574e-13   2218736
  1.505325e+01   1.968577e-09   4.709969e-03   8.514528e-13   2217984
  1.507506e+01   1.965211e-09   9.184664e-03   8.503874e-13   2203300
  1.509686e+01   1.962831e-09   6.978290e-03   8.504474e-13   2197072
  1.511864e+01   1.957853e-09   0.000000e+00   8.513063e-13   2181992
  1.514042e+01   1.953428e-09   4.867193e-03   8.473643e-13   2183664
  1.516224e+01   1.950465e-09   7.253258e-03   8.474990e-13   2173464
  1.518406e+01   1.945694e-09   0.000000e+00   8.455889e-13   2165396
  1.520586e+01   1.943126e-09   3.404883e-03   8.475526e-13   2152784
  1.522764e+01   1.938505e-09   8.515528e-03   8.470498e-13   2147532
  1.524945e+01   1.934770e-09   2.444247e-03   8.462300e-13   2139588
  1.527128e+01   1.930444e-09   4.416591e-03   8.429674e-13   2135432
  1.529304e+01   1.926725e-09   5.882939e-03   8.467361e-13   2109256
  1.531480e+01   1.924110e-09   6.381739e-03   8.435114e-13   2117296
  1.533662e+01   1.922803e-09   4.873705e-03   8.451043e-13   2106252
  1.535843e+01   1.916064e-09   7.858325e-03   8.425033e-13   2099096
  1.538025e+01   1.913696e-09   7.814073e-03   8.427564e-13   2088384
  1.540205e+01   1.912348e-09   8.821079e-03   8.443003e-13   2078480
  1.542384e+01   1.908120e-09   5.843407e-03   8.445486e-13   2069016
  1.544564e+01   1.904132e-09   3.904503e-03   8.421803e-13   2064836
  1.546746e+01   1.901198e-09   0.000000e+00   8.418272e-13   2055420
  1.548926e+01   1.897304e-09   3.463029e-03   8.430662e-13   2043224
  1.551103e+01   1.895114e-09   8.681618e-03   8.431687e-13   2032260
  1.553285e+01   1.889130e-09   8.287527e-03   8.401932e-13   2034152
  1.555468e+01   1.889299e-09   4.538806e-03   8.415212e-13   2017644
  1.557647e+01   1.883369e-09   1.022290e-02   8.411113e-13   2010284
  1.559826e+01   1.883972e-09   1.169708e-03   8.441928e-13   1996540
  1.562004e+01   1.879473e-09   7.868469e-03   8.421778e-13   1992832
  1.564184e+01   1.878332e-09   8.769604e-03   8.437116e-13   1982400
  1.566363e+01   1.875370e-09   1.664446e-03   8.431985e-13   1972256
  1.568541e+01   1.871849e-09   7.915683e-03   8.448472e-13   1964352
  1.570722e+01   1.869716e-09   6.726551e-03   8.426788e-13   1958576
  1.572904e+01   1.866422e-09   4.550228e-03   8.449709e-13   1946940
  1.575086e+01   1.861108e-09   8.428018e-03   8.423602e-13   1942580
  1.577265e+01   1.860898e-09   1.134123e-02   8.470707e-13   1921740
  1.579444e+01   1.855819e-09   2.580161e-03   8.418379e-13   1923956
  1.581625e+01   1.858194e-09   7.347865e-03   8.464679e-13   1907896
  1.583806e+01   1.853269e-09   9.430421e-03   8.438635e-13   1906888
  1.585986e+01   1.851236e-09   8.438941e-03   8.482438e-13   1886160
  1.588163e+01   1.848855e-09   6.730053e-03   8.488601e-13   1883120
  1.590345e+01   1.847510e-09   2.284342e-03   8.464495e-13   1875140
  1.592527e+01   1.842790e-09   7.132008e-03   8.483155e-13   1865652
  1.594707e+01   1.844180e-09   7.555432e-03   8.491887e-13   1853268
  1.596887e+01   1.841469e-09   6.695351e-03   8.495468e-13   1847180
  1.599065e+01   1.839288e-09   9.206156e-03   8.536518e-13   1829604
  1.601244e+01   1.835369e-09   4.233796e-03   8.522543e-13   1829720
  1.603426e+01   1.835679e-09   8.067485e-03   8.534204e-13   1817184
  1.605606e+01   1.828632e-09   7.034806e-03   8.503339e-13   1806320
  1.607784e+01   1.831718e-09   4.960074e-03   8.567566e-13   1795536
  1.609965e+01   1.827966e-09   7.685307e-03   8.534836e-13   1791548
  1.612147e+01   1.827303e-09   6.315346e-03   8.576554e-13   1777512
  1.614327e+01   1.823696e-09   0.000000e+00   8.597636e-13   1769984
  1.616506e+01   1.822717e-09   8.273222e-03   8.605892e-13   1756248
  1.618685e+01   1.818032e-09   9.184744e-03   8.590657e-13   1749248
  1.620866e+01   1.818448e-09   6.656067e-03   8.619631e-13   1739928
  1.623047e+01   1.817205e-09   7.426600e-03   8.633851e-13   1732148
  1.625227e+01   1.816239e-09   6.471498e-03   8.643960e-13   1716964
  1.627407e+01   1.810581e-09   6.211705e-03   8.638072e-13   1712164
  1.629588e+01   1.812273e-09   9.457312e-03   8.689757e-13   1698332
  1.631769e+01   1.806234e-09   9.804405e-03   8.657503e-13   1694100
  1.633949e+01   1.806954e-09   0.000000e+00   8.716989e-13   1675412
  1.636127e+01   1.804238e-09   8.037036e-03   8.726480e-13   1670436
  1.638304e+01   1.804388e-09   4.590898e-03   8.745175e-13   1655532
  1.640486e+01   1.803164e-09   1.011914e-02   8.726820e-13   1656860
  1.642668e+01   1.800313e-09   2.957155e-03   8.782727e-13   1636484
  1.644848e+01   1.798094e-09   3.964953e-03   8.769613e-13   1633212
  1.647028e+01   1.799685e-09   5.887581e-03   8.834949e-13   1614044
  1.649207e+01   1.797985e-09   4.487429e-03   8.823578e-13   1612980
  1.651388e+01   1.794952e-09   8.858267e-03   8.858155e-13   1597036
  1.653568e+01   1.789250e-09   6.694917e-03   8.840038e-13   1590676
  1.655747e+01   1.793874e-09   4.552624e-03   8.907332e-13   1575812
  1.657925e+01   1.790372e-09   4.994372e-03   8.886188e-13   1566156
  1.660105e+01   1.791185e-09   7.824745e-03   8.929038e-13   1560980
  1.662289e+01   1.789179e-09   8.181131e-03   8.945062e-13   1549404
  1.664467e+01   1.784131e-09   0.000000e+00   8.978717e-13   1532436
  1.666645e+01   1.784159e-09   7.479812e-03   8.987940e-13   1527524
  1.668826e+01   1.785570e-09   8.326941e-03   9.029557e-13   1515204
  1.671006e+01   1.782176e-09   0.000000e+00   9.037718e-13   1506452
  1.673187e+01   1.783717e-09   2.613054e-03   9.077330e-13   1495116
  1.675363e+01   1.781824e-09   7.222538e-03   9.109945e-13   1479152
  1.677542e+01   1.779425e-09   0.000000e+00   9.102029e-13   1475400
  1.679726e+01   1.777950e-09   3.621374e-03   9.130305e-13   1467932
  1.681909e+01   1.778379e-09   7.777873e-03   9.173544e-13   1451256
  1.684089e+01   1.777411e-09   0.000000e+00   9.221343e-13   1443212
  1.686267e+01   1.772315e-09   6.451836e-03   9.217735e-13   1425648
  1.688446e+01   1.774241e-09   8.792771e-03   9.253263e-13   1423004
  1.690627e+01   1.775493e-09   5.637781e-03   9.295572e-13   1408632
  1.692809e+01   1.772972e-09   8.477052e-03   9.321933e-13   1400984
  1.694988e+01   1.772793e-09   8.393172e-03   9.385461e-13   1383180
  1.697166e+01   1.769911e-09   9.301941e-03   9.395990e-13   1378136
  1.699349e+01   1.768872e-09   9.851040e-03   9.417801e-13   1367136
  1.701532e+01   1.767856e-09   5.603503e-03   9.425108e-13   1356716
  1.703708e+01   1.766888e-09   6.104842e-03   9.512826e-13   1336908
  1.705884e+01   1.763846e-09   0.000000e+00   9.497337e-13   1332620
  1.708064e+01   1.765880e-09   7.002993e-03   9.566301e-13   1321748
  1.710247e+01   1.766838e-09   3.359826e-03   9.591226e-13   1312764
  1.712426e+01   1.762245e-09   0.000000e+00   9.623388e-13   1296636
  1.714607e+01   1.762654e-09   7.098025e-03   9.644040e-13   1291472
  1.716788e+01   1.761253e-09   1.175424e-02   9.714782e-13   1272768
  1.718967e+01   1.760696e-09   7.075160e-03   9.711405e-13   1269080
  1.721150e+01   1.760320e-09   8.052515e-03   9.772440e-13   1253696
  1.723328e+01   1.755973e-09   1.003781e-02   9.794475e-13   1241616
  1.725504e+01   1.758988e-09   7.644731e-03   9.879003e-13   1226712
  1.727685e+01   1.756587e-09   9.271037e-03   9.858880e-13   1226228
  1.729869e+01   1.759091e-09   6.962168e-03   9.956623e-13   1207848
  1.732050e+01   1.754706e-09   4.048761e-03   9.989073e-13   1198256
  1.734227e+01   1.754570e-09   7.443865e-03   1.002377e-12   1181516
  1.736407e+01   1.752274e-09   0.000000e+00   1.006101e-12   1177980
  1.738589e+01   1.754850e-09   3.117366e-03   1.015063e-12   1161756
  1.740767e+01   1.752270e-09   6.721571e-03   1.018475e-12   1150148
  1.742946e+01   1.751022e-09   5.363061e-03   1.018818e-12   1138848
  1.745125e+01   1.749208e-09   0.000000e+00   1.024344e-12   1126748
  1.747305e+01   1.750909e-09   2.872302e-03   1.029597e-12   1117652
  1.749489e+01   1.748587e-09   0.000000e+00   1.034297e-12   1107888
  1.751670e+01   1.749483e-09   5.175946e-03   1.040985e-12   1090964
  1.753849e+01   1.746920e-09   5.311634e-03   1.045535e-12   1080684
  1.756026e+01   1.743679e-09   9.535122e-03   1.053056e-12   1065660
  1.758206e+01   1.742910e-09   0.000000e+00   1.050652e-12   1061996
  1.760390e+01   1.743215e-09   5.293397e-03   1.062876e-12   1044320
  1.762569e+01   1.742403e-09   1.030875e-02   1.066016e-12   1034640
  1.764749e+01   1.737281e-09   5.631031e-03   1.070670e-12   1019172
  1.766931e+01   1.740264e-09   5.009108e-03   1.075715e-12   1013948
  1.769113e+01   1.741387e-09   1.144422e-02   1.086856e-12   996376
  1.771292e+01   1.737363e-09   0.000000e+00   1.090555e-12   985288
  1.773468e+01   1.733587e-09   0.000000e+00   1.095337e-12   969596
  1.775648e+01   1.733216e-09   1.028633e-02   1.096217e-12   964980
  1.777828e+01   1.734178e-09   8.289737e-03   1.108388e-12   947252
  1.780008e+01   1.731269e-09   9.996353e-03   1.110638e-12   939060
  1.782188e+01   1.728686e-09   6.928199e-03   1.118123e-12   922328
  1.784367e+01   1.727063e-09   3.040723e-03   1.122601e-12   913788
  1.786550e+01   1.728389e-09   1.135309e-02   1.130074e-12   902812
  1.788733e+01   1.721385e-09   8.051435e-03   1.133998e-12   888544
  1.790910e+01   1.718583e-09   9.613211e-03   1.141218e-12   872948
  1.793086e+01   1.718764e-09   0.000000e+00   1.147521e-12   862440
  1.795265e+01   1.719117e-09   5.492422e-03   1.157564e-12   851760
  1.797450e+01   1.716342e-09   9.616510e-04   1.159458e-12   841940
  1.799630e+01   1.711400e-09   5.599531e-03   1.168564e-12   822984
  1.801810e+01   1.709329e-09   5.034668e-03   1.171551e-12   816092
  1.803991e+01   1.710908e-09   0.000000e+00   1.185629e-12   799284
  1.806171e+01   1.701636e-09   1.057279e-02   1.180545e-12   791312
  1.808350e+01   1.700507e-09   5.552527e-03   1.192009e-12   772524
  1.810524e+01   1.697207e-09   6.287916e-03   1.202038e-12   762896
  1.812704e+01   1.694974e-09   4.323326e-03   1.203755e-12   750876
  1.814886e+01   1.689971e-09   6.096762e-03   1.209954e-12   739280
  1.817066e+01   1.686607e-09   6.783427e-03   1.216333e-12   724840
  1.819249e+01   1.680054e-09   4.611827e-03   1.217916e-12   714484
  1.821425e+01   1.679574e-09   7.439669e-03   1.232360e-12   695868
  1.823605e+01   1.667611e-09   9.797990e-03   1.225628e-12   691013
  1.825788e+01   1.668453e-09   6.874740e-03   1.240649e-12   673486
  1.827967e+01   1.660850e-09   8.422365e-03   1.240117e-12   666244
  1.830145e+01   1.662953e-09   6.240065e-03   1.248993e-12   651008
  1.832323e+01   1.653755e-09   0.000000e+00   1.253003e-12   644820
  1.834505e+01   1.653221e-09   0.000000e+00   1.261414e-12   632636
  1.836687e+01   1.650678e-09   9.172894e-03   1.265154e-12   625002
  1.838866e+01   1.646425e-09   5.755637e-03   1.273974e-12   611208
  1.841048e+01   1.645701e-09   0.000000e+00   1.281696e-12   607328
  1.843229e+01   1.642682e-09   0.000000e+00   1.289162e-12   592272
  1.845408e+01   1.638919e-09   0.000000e+00   1.288459e-12   587504
  1.847589e+01   1.637587e-09   1.055277e-02   1.300644e-12   575466
  1.849767e+01   1.633809e-09   0.000000e+00   1.306633e-12   568274
  1.851950e+01   1.634431e-09   0.000000e+00   1.315225e-12   559518
  1.854131e+01   1.632749e-09   5.651125e-03   1.317782e-12   551618
  1.856313e+01   1.628016e-09   5.278906e-03   1.329447e-12   542364
  1.858493e+01   1.627562e-09   8.261759e-03   1.342543e-12   534146
  1.860670e+01   1.630684e-09   1.020095e-02   1.350941e-12   525076
  1.862854e+01   1.620779e-09   0.000000e+00   1.349552e-12   519868
  1.865030e+01   1.622155e-09   4.526484e-03   1.359119e-12   507108
  1.867209e+01   1.620602e-09   3.598716e-03   1.363563e-12   504992
  1.869390e+01   1.619329e-09   1.076630e-02   1.376759e-12   492636
  1.871571e+01   1.617090e-09   0.000000e+00   1.380615e-12   490052
  1.873753e+01   1.614393e-09   2.617758e-03   1.393705e-12   477708
  1.875930e+01   1.615631e-09   1.461522e-03   1.398256e-12   473852
  1.878111e+01   1.616492e-09   1.287387e-02   1.412511e-12   464174
  1.880290e+01   1.613349e-09   5.473154e-03   1.415407e-12   459096
  1.882468e+01   1.610890e-09   7.967385e-03   1.430092e-12   449582
  1.884648e+01   1.607492e-09   1.384186e-02   1.429085e-12   445812
  1.886826e+01   1.608702e-09   8.015867e-03   1.444479e-12   435134
  1.889008e+01   1.609341e-09   4.204072e-03   1.448429e-12   433590
  1.891188e+01   1.608543e-09   0.000000e+00   1.471762e-12   421070
  1.893367e+01   1.605333e-09   0.000000e+00   1.470774e-12   419940
  1.895551e+01   1.609265e-09   6.899851e-03   1.488127e-12   409714
  1.897726e+01   1.606379e-09   0.000000e+00   1.501608e-12   404182
  1.899907e+01   1.607011e-09   5.921766e-03   1.507759e-12   398518
  1.902089e+01   1.602549e-09   7.629266e-03   1.516826e-12   392302
  1.904268e+01   1.602682e-09   7.531137e-03   1.527127e-12   385486
  1.906454e+01   1.600651e-09   6.505945e-03   1.535895e-12   381550
  1.908632e+01   1.604229e-09   0.000000e+00   1.553569e-12   370826
  1.910811e+01   1.598685e-09   0.000000e+00   1.548686e-12   370014
  1.912992e+01   1.603061e-09   6.505465e-03   1.572636e-12   359910
  1.915171e+01   1.601444e-09   1.077544e-02   1.575487e-12   357416
  1.917350e+01   1.603239e-09   1.080846e-02   1.603295e-12   348174
  1.919528e+01   1.604473e-09   1.062686e-02   1.605279e-12   346010
  1.921707e+01   1.601688e-09   1.004060e-02   1.625239e-12   337094
  1.923891e+01   1.596976e-09   1.127311e-02   1.617835e-12   336360
  1.926072e+01   1.600376e-09   6.659013e-03   1.656246e-12   325206
  1.928250e+01   1.597626e-09   1.252296e-02   1.654758e-12   324614
  1.930429e+01   1.598953e-09   6.994710e-03   1.679728e-12   314760
  1.932610e+01   1.594478e-09   3.427201e-03   1.673705e-12   314114
  1.934788e+01   1.598388e-09   8.361565e-03   1.704858e-12   303918
  1.936967e+01   1.599585e-09   0.000000e+00   1.704606e-12   303872
  1.939151e+01   1.596989e-09   5.783536e-03   1.735280e-12   295062
  1.941331e+01   1.595951e-09   8.647016e-03   1.732352e-12   292784
  1.943512e+01   1.596489e-09   0.000000e+00   1.754087e-12   285198
  1.945690e+01   1.602041e-09   0.000000e+00   1.774088e-12   282068
  1.947870e+01   1.596290e-09   0.000000e+00   1.776148e-12   275958
  1.950049e+01   1.600127e-09   1.061304e-02   1.795683e-12   272072
  1.952227e+01   1.601597e-09   5.527357e-03   1.816419e-12   266352
  1.954408e+01   1.597840e-09   1.770799e-03   1.831364e-12   263198
  1.956586e+01   1.600325e-09   8.167363e-03   1.858926e-12   256524
  1.958768e+01   1.602492e-09   6.162297e-03   1.859132e-12   254774
  1.960948e+01   1.602249e-09   5.355359e-03   1.882107e-12   246888
  1.963129e+01   1.602352e-09   0.000000e+00   1.889011e-12   245984
  1.965308e+01   1.601595e-09   1.015590e-03   1.924955e-12   237822
  1.967487e+01   1.604955e-09   0.000000e+00   1.919989e-12   236948
  1.969666e+01   1.607562e-09   0.000000e+00   1.956345e-12   229296
  1.971849e+01   1.603600e-09   3.606037e-03   1.959511e-12   228968
  1.974031e+01   1.604569e-09   1.169494e-02   1.996759e-12   220894
  1.976213e+01   1.598974e-09   8.394019e-03   1.986369e-12   220408
  1.978394e+01   1.608970e-09   1.070563e-03   2.037200e-12   212400
  1.980574e+01   1.606227e-09   2.836188e-03   2.031950e-12   212228
  1.982756e+01   1.610440e-09   1.024061e-02   2.078110e-12   204502
  1.984936e+01   1.612504e-09   4.962783e-03   2.082489e-12   203944
  1.987114e+01   1.613137e-09   8.353042e-03   2.118473e-12   196272
  1.989293e+01   1.614826e-09   7.588642e-03   2.115076e-12   196280
  1.991471e+01   1.618963e-09   5.699434e-03   2.173594e-12   188604
  1.993649e+01   1.612932e-09   7.120368e-03   2.163454e-12   188408
  1.995828e+01   1.622002e-09   2.105627e-03   2.212171e-12   181566
  1.998007e+01   1.620290e-09   6.159406e-03   2.218213e-12   180920
  2.000187e+01   1.619919e-09   7.672009e-03   2.252678e-12   174304
  2.002366e+01   1.620361e-09   0.000000e+00   2.255801e-12   173620
  2.004546e+01   1.622560e-09   8.141751e-03   2.309876e-12   167432
  2.006730e+01   1.624405e-09   5.974391e-03   2.307673e-12   166944
  2.008907e+01   1.624266e-09   1.035056e-02   2.365869e-12   159704
  2.011089e+01   1.621372e-09   7.104108e-03   2.363463e-12   160464
  2.013267e+01   1.630406e-09   5.876226e-03   2.416514e-12   152756
  2.015448e+01   1.628718e-09   9.851793e-03   2.428230e-12   153912
  2.017628e+01   1.630668e-09   1.061537e-02   2.482819e-12   146024
  2.019805e+01   1.629627e-09   1.667581e-02   2.465642e-12   147168
  2.021986e+01   1.641442e-09   9.718355e-03   2.550337e-12   140000
  2.024165e+01   1.635040e-09   0.000000e+00   2.535288e-12   140580
  2.026347e+01   1.639043e-09   8.897194e-03   2.591526e-12   134112
  2.028527e+01   1.637350e-09   1.437678e-02   2.598285e-12   134264
  2.030708e+01   1.640747e-09   9.159281e-03   2.678454e-12   128000
  2.032888e+01   1.643162e-09   1.170227e-02   2.659284e-12   128124
  2.035072e+01   1.642800e-09   7.769520e-03   2.732546e-12   122472
  2.037251e+01   1.648398e-09   1.173343e-02   2.750245e-12   121808
  2.039430e+01   1.656475e-09   3.291857e-03   2.813800e-12   116592
  2.041607e+01   1.654027e-09   0.000000e+00   2.831961e-12   116072
  2.043787e+01   1.649152e-09   1.234612e-02   2.888877e-12   111156
  2.045969e+01   1.647985e-09   0.000000e+00   2.884717e-12   110864
  2.048150e+01   1.661261e-09   0.000000e+00   2.978556e-12   105464
  2.050333e+01   1.660581e-09   6.479615e-03   2.957413e-12   105738
  2.052512e+01   1.657010e-09   9.154074e-03   3.056567e-12   99824
  2.054692e+01   1.671081e-09   0.000000e+00   3.060160e-12   100452
  2.056869e+01   1.675649e-09   1.154033e-02   3.164850e-12   94608
  2.059050e+01   1.669791e-09   6.207998e-03   3.152233e-12   95456
  2.061227e+01   1.667205e-09   1.200482e-02   3.225518e-12   89688
  2.063410e+01   1.669707e-09   9.602420e-03   3.211450e-12   90632
  2.065586e+01   1.681142e-09   8.571398e-03   3.382833e-12   84558
  2.067767e+01   1.680368e-09   5.986619e-03   3.326559e-12   86096
  2.069944e+01   1.684597e-09   6.794276e-03   3.437628e-12   79632
  2.072120e+01   1.686354e-09   1.197062e-02   3.425895e-12   81416
  2.074301e+01   1.680509e-09   9.549741e-03   3.559261e-12   75348
  2.076477e+01   1.695231e-09   0.000000e+00   3.521317e-12   76712
  2.078659e+01   1.699035e-09   1.179954e-02   3.698100e-12   71322
  2.080840e+01   1.692198e-09   4.289019e-03   3.651663e-12   72248
  2.083022e+01   1.700088e-09   0.000000e+00   3.799280e-12   67152
  2.085201e+01   1.703327e-09   0.000000e+00   3.777922e-12   67844
  2.087377e+01   1.703410e-09   0.000000e+00   3.916135e-12   62976
  2.089559e+01   1.712091e-09   0.000000e+00   3.926392e-12   63914
  2.091732e+01   1.704929e-09   0.000000e+00   4.056308e-12   58824
  2.093914e+01   1.719775e-09   1.251384e-02   4.083687e-12   60116
  2.096086e+01   1.707520e-09   0.000000e+00   4.206668e-12   54888
  2.098280e+01   1.712099e-09   0.000000e+00   4.179525e-12   57002
  2.100457e+01   1.713535e-09   0.000000e+00   4.430001e-12   50760
  2.102640e+01   1.708345e-09   1.034051e-02   4.294014e-12   53312
  2.104817e+01   1.731634e-09   9.198232e-03   4.607975e-12   47124
  2.106998e+01   1.722047e-09   0.000000e+00   4.447361e-12   49850
  2.109177e+01   1.727587e-09   1.222591e-02   4.815280e-12   43680
  2.111352e+01   1.734557e-09   2.702012e-03   4.695346e-12   46328
  2.113537e+01   1.742428e-09   0.000000e+00   5.010735e-12   40686
  2.115715e+01   1.732038e-09   9.008572e-03   4.889089e-12   42992
  2.117903e+01   1.744476e-09   6.325593e-03   5.178301e-12   37656
  2.120076e+01   1.747423e-09   5.666445e-03   5.086675e-12   39578
  2.122264e+01   1.759032e-09   7.590363e-03   5.447342e-12   34928
  2.124438e+01   1.738613e-09   5.378480e-03   5.253750e-12   36300
  2.126618e+01   1.751571e-09   3.560852e-03   5.646924e-12   32136
  2.128796e+01   1.764889e-09   1.267351e-02   5.608005e-12   33362
  2.130968e+01   1.780634e-09   1.050208e-02   6.113670e-12   29336
  2.133154e+01   1.767400e-09   9.512104e-03   5.817099e-12   30804
  2.135320e+01   1.755924e-09   9.095375e-03   6.222339e-12   26490
  2.137510e+01   1.763067e-09   1.119996e-02   6.092214e-12   28376
  2.139670e+01   1.778924e-09   7.426719e-03   6.593647e-12   23792
  2.141867e+01   1.799358e-09   0.000000e+00   6.437030e-12   26142
  2.144022e+01   1.802317e-09   4.830074e-03   7.216222e-12   21192
  2.146225e+01   1.780483e-09   1.129925e-03   6.601158e-12   24050
  2.148382e+01   1.802691e-09   1.046743e-02   7.613243e-12   18768
  2.150591e+01   1.798321e-09   7.952017e-03   7.015342e-12   22052
  2.152744e+01   1.785364e-09   8.125519e-03   8.085595e-12   16346
  2.154949e+01   1.796760e-09   1.242332e-02   7.368931e-12   20136
  2.157105e+01   1.833390e-09   0.000000e+00   9.046126e-12   14168
  2.159303e+01   1.822132e-09   6.682296e-03   7.765790e-12   18210
  2.161458e+01   1.825019e-09   0.000000e+00   9.846047e-12   12204
  2.163648e+01   1.841403e-09   1.105733e-02   8.336730e-12   16346
  2.165815e+01   1.840626e-09   0.000000e+00   1.046342e-11   10536
  2.167995e+01   1.840682e-09   7.982974e-03   9.031394e-12   14456
  2.170160e+01   1.847346e-09   0.000000e+00   1.124663e-11   8982
  2.172340e+01   1.831671e-09   5.004785e-03   9.235280e-12   12752
  2.174499e+01   1.872795e-09   0.000000e+00   1.225328e-11   7506
  2.176680e+01   1.873729e-09   6.508425e-03   1.022349e-11   11192
  2.178835e+01   1.877299e-09   0.000000e+00   1.329888e-11   6156
  2.181015e+01   1.878374e-09   5.144537e-03   1.085439e-11   9722
  2.183176e+01   1.889812e-09   7.570326e-03   1.536715e-11   5000
  2.185349e+01   1.894917e-09   5.660070e-03   1.208046e-11   8298
  2.187517e+01   1.933669e-09   8.100283e-03   1.735559e-11   3996
  2.189679e+01   1.890628e-09   6.821825e-03   1.296490e-11   6938
  2.191859e+01   1.836863e-09   0.000000e+00   1.863506e-11   3168
  2.194001e+01   1.921383e-09   0.000000e+00   1.488006e-11   5624
  2.196189e+01   1.928944e-09   0.000000e+00   2.172231e-11   2502
  2.198321e+01   1.931098e-09   1.343449e-02   1.665910e-11   4424
  2.200515e+01   1.898067e-09   0.000000e+00   2.463313e-11   1938
  2.202644e+01   1.928522e-09   9.191431e-03   1.895373e-11   3368
  2.204845e+01   1.932141e-09   0.000000e+00   3.140981e-11   1446
  2.206971e+01   1.927327e-09   1.235298e-02   2.227729e-11   2456
  2.209180e+01   2.054857e-09   0.000000e+00   3.878744e-11   1026
  2.211300e+01   1.986150e-09   8.784089e-03   2.830524e-11   1688
  2.213519e+01   1.935722e-09   0.000000e+00   4.255196e-11   678
  2.215628e+01   2.018960e-09   0.000000e+00   3.367341e-11   1064
  2.217863e+01   1.948026e-09   0.000000e+00   5.736249e-11   402
  2.219952e+01   2.055504e-09   1.963533e-03   4.759553e-11   584
  2.222211e+01   2.005747e-09   4.295040e-03   7.708081e-11   198
  2.224258e+01   2.061037e-09   0.000000e+00   7.196799e-11   248
  2.226563e+01   1.682796e-09   0.000000e+00   1.064403e-10   66
  2.228482e+01   1.833226e-09   0.000000e+00   1.451241e-10   56
  2.230919e+01   1.311480e-09   3.777286e-03   1.746479e-10   6
