# power spectrum of delta
# redshift z=0.118700
# k              Pk             sigma(k)       sigma(Pk)      count
  3.212440e-02   2.394605e-02   4.915339e-03   2.466620e-03   18
  5.615613e-02   8.958323e-02   5.945059e-03   4.664851e-03   62
  7.815808e-02   1.872795e-01   4.112744e-03   8.164335e-03   90
  9.898783e-02   2.389566e-01   6.490772e-03   9.364933e-03   170
  1.206652e-01   3.172026e-01   6.746473e-03   1.416512e-02   246
  1.418326e-01   4.566270e-01   6.431734e-03   0.000000e+00   338
  1.627221e-01   5.645579e-01   5.529486e-03   0.000000e+00   432
  1.842373e-01   7.022877e-01   5.664946e-03   0.000000e+00   578
  2.072002e-01   8.176927e-01   6.772075e-03   0.000000e+00   810
  2.303547e-01   9.419585e-01   6.480384e-03   0.000000e+00   950
  2.517847e-01   1.188070e+00   5.785063e-03   0.000000e+00   1002
  2.732112e-01   1.345438e+00   6.616244e-03   0.000000e+00   1334
  2.948935e-01   1.635700e+00   6.196170e-03   0.000000e+00   1410
  3.155343e-01   1.772882e+00   6.190496e-03   0.000000e+00   1652
  3.371087e-01   2.023082e+00   6.109282e-03   0.000000e+00   1974
  3.592470e-01   2.146696e+00   5.988009e-03   0.000000e+00   2234
  3.814465e-01   2.486529e+00   6.299517e-03   0.000000e+00   2554
  4.040079e-01   2.601766e+00   6.593104e-03   0.000000e+00   2950
  4.261031e-01   3.010325e+00   6.171339e-03   0.000000e+00   3042
  4.475593e-01   3.185146e+00   6.293558e-03   0.000000e+00   3422
  4.688647e-01   3.346686e+00   6.073955e-03   0.000000e+00   3618
  4.903170e-01   3.855630e+00   6.323437e-03   0.000000e+00   4172
  5.121345e-01   4.240200e+00   6.117225e-03   0.000000e+00   4470
  5.340670e-01   4.674786e+00   6.251277e-03   0.000000e+00   4970
  5.560786e-01   5.146368e+00   6.280253e-03   0.000000e+00   5334
  5.781031e-01   5.509266e+00   6.450693e-03   0.000000e+00   5810
  5.998654e-01   5.933408e+00   6.409345e-03   0.000000e+00   6114
  6.217707e-01   6.284684e+00   6.530951e-03   0.000000e+00   6782
  6.431254e-01   6.698419e+00   5.957963e-03   0.000000e+00   6684
  6.642909e-01   7.163913e+00   6.157953e-03   0.000000e+00   7574
  6.862389e-01   7.851597e+00   6.219599e-03   0.000000e+00   8154
  7.081165e-01   8.278546e+00   6.187604e-03   0.000000e+00   8618
  7.303591e-01   8.607267e+00   6.484699e-03   0.000000e+00   9494
  7.523947e-01   9.116166e+00   6.256015e-03   0.000000e+00   9618
  7.741349e-01   9.786327e+00   6.355473e-03   0.000000e+00   10306
  7.959832e-01   1.035967e+01   6.413480e-03   0.000000e+00   10942
  8.177624e-01   1.097663e+01   6.261913e-03   0.000000e+00   11452
  8.395216e-01   1.178576e+01   6.152107e-03   0.000000e+00   12046
  8.610922e-01   1.207798e+01   6.044835e-03   0.000000e+00   12522
  8.829136e-01   1.273038e+01   6.318016e-03   0.000000e+00   13562
  9.049170e-01   1.329956e+01   6.428896e-03   0.000000e+00   14182
  9.269487e-01   1.411562e+01   6.491323e-03   0.000000e+00   14986
  9.486001e-01   1.445666e+01   6.173884e-03   0.000000e+00   14982
  9.702086e-01   1.504781e+01   6.417981e-03   0.000000e+00   16388
  9.919845e-01   1.598262e+01   6.166571e-03   0.000000e+00   16626
  1.013613e+00   1.668436e+01   6.255647e-03   0.000000e+00   17678
  1.035416e+00   1.776311e+01   6.158740e-03   0.000000e+00   18354
  1.057131e+00   1.800833e+01   6.210828e-03   0.000000e+00   19034
  1.078922e+00   1.903787e+01   6.366064e-03   0.000000e+00   20142
  1.101075e+00   1.968293e+01   6.512142e-03   0.000000e+00   21386
  1.122981e+00   2.046963e+01   6.235641e-03   0.000000e+00   21318
  1.144701e+00   2.124858e+01   6.300582e-03   0.000000e+00   22676
  1.166585e+00   2.125591e+01   6.235939e-03   0.000000e+00   23322
  1.188296e+00   2.244505e+01   6.158201e-03   0.000000e+00   24134
  1.210051e+00   2.293087e+01   6.266818e-03   0.000000e+00   25146
  1.231844e+00   2.384394e+01   6.237302e-03   0.000000e+00   26030
  1.253522e+00   2.490096e+01   6.271636e-03   0.000000e+00   26674
  1.275438e+00   2.572293e+01   6.447348e-03   0.000000e+00   28570
  1.297190e+00   2.650526e+01   6.231011e-03   0.000000e+00   28224
  1.319017e+00   2.716278e+01   6.443381e-03   0.000000e+00   30626
  1.340851e+00   2.823786e+01   6.030021e-03   0.000000e+00   30158
  1.362345e+00   2.889467e+01   6.179225e-03   0.000000e+00   31674
  1.384205e+00   2.961973e+01   6.384316e-03   0.000000e+00   33306
  1.405955e+00   3.011128e+01   6.184302e-03   0.000000e+00   33422
  1.427691e+00   3.149350e+01   6.346094e-03   0.000000e+00   35298
  1.449762e+00   3.179279e+01   6.349318e-03   0.000000e+00   36650
  1.471642e+00   3.320752e+01   6.289296e-03   0.000000e+00   36992
  1.493506e+00   3.358792e+01   6.346513e-03   0.000000e+00   38730
  1.515377e+00   3.491274e+01   6.190955e-03   0.000000e+00   39246
  1.537115e+00   3.537259e+01   6.289857e-03   0.000000e+00   40466
  1.558745e+00   3.658389e+01   6.132384e-03   0.000000e+00   41170
  1.580541e+00   3.729372e+01   6.399137e-03   0.000000e+00   43534
  1.602393e+00   3.821296e+01   6.163055e-03   0.000000e+00   43650
  1.624065e+00   3.903515e+01   6.238771e-03   0.000000e+00   45272
  1.646022e+00   3.939400e+01   6.349655e-03   0.000000e+00   47098
  1.667932e+00   4.029394e+01   6.240224e-03   0.000000e+00   47746
  1.689682e+00   4.074133e+01   6.278924e-03   0.000000e+00   48870
  1.711323e+00   4.219310e+01   6.125662e-03   0.000000e+00   49682
  1.732919e+00   4.292078e+01   6.164416e-03   0.000000e+00   51222
  1.754755e+00   4.384900e+01   6.389169e-03   0.000000e+00   53378
  1.776523e+00   4.411171e+01   6.140022e-03   0.000000e+00   53634
  1.798480e+00   4.585617e+01   6.464215e-03   0.000000e+00   56888
  1.820495e+00   4.619541e+01   6.231730e-03   0.000000e+00   56650
  1.842349e+00   4.695167e+01   6.370305e-03   0.000000e+00   58786
  1.864151e+00   4.726662e+01   6.197902e-03   0.000000e+00   59214
  1.885888e+00   4.875566e+01   6.417802e-03   0.000000e+00   61250
  1.907579e+00   4.921004e+01   6.228940e-03   0.000000e+00   61686
  1.929197e+00   5.021836e+01   6.249613e-03   0.000000e+00   63626
  1.951078e+00   5.070224e+01   6.365983e-03   0.000000e+00   66204
  1.973054e+00   5.165235e+01   6.381207e-03   0.000000e+00   67094
  1.994825e+00   5.232477e+01   6.239271e-03   0.000000e+00   67890
  2.016632e+00   5.312955e+01   6.200707e-03   0.000000e+00   70334
  2.038412e+00   5.455146e+01   6.101172e-03   0.000000e+00   70626
  2.060030e+00   5.517826e+01   6.354253e-03   0.000000e+00   72554
  2.081795e+00   5.556557e+01   6.375402e-03   0.000000e+00   74550
  2.103570e+00   5.636413e+01   6.253727e-03   0.000000e+00   75674
  2.125330e+00   5.744507e+01   6.210804e-03   0.000000e+00   77564
  2.147357e+00   5.768671e+01   6.387572e-03   0.000000e+00   80766
  2.169283e+00   5.853907e+01   6.159017e-03   0.000000e+00   80202
  2.191089e+00   5.931495e+01   6.253246e-03   0.000000e+00   83102
  2.212948e+00   6.050108e+01   6.281102e-03   0.000000e+00   83890
  2.234695e+00   6.143945e+01   6.313174e-03   0.000000e+00   85522
  2.256358e+00   6.157292e+01   6.125534e-03   0.000000e+00   86670
  2.278108e+00   6.287398e+01   6.224014e-03   0.000000e+00   89588
  2.300002e+00   6.314302e+01   6.388473e-03   0.000000e+00   91038
  2.321830e+00   6.379945e+01   6.236448e-03   0.000000e+00   92522
  2.343607e+00   6.497681e+01   6.173072e-03   0.000000e+00   94242
  2.365564e+00   6.543639e+01   6.402029e-03   0.000000e+00   97550
  2.387333e+00   6.630659e+01   6.431137e-03   0.000000e+00   96250
  2.408901e+00   6.640439e+01   6.337094e-03   0.000000e+00   99166
  2.430592e+00   6.772862e+01   6.135255e-03   0.000000e+00   100932
  2.452445e+00   6.824789e+01   6.421089e-03   0.000000e+00   104306
  2.474338e+00   6.878031e+01   6.360904e-03   0.000000e+00   104990
  2.496208e+00   6.929116e+01   6.142357e-03   0.000000e+00   107874
  2.518065e+00   7.044937e+01   5.812295e-03   0.000000e+00   108322
  2.539856e+00   7.092520e+01   5.664366e-03   0.000000e+00   111454
  2.561651e+00   7.162743e+01   6.173295e-03   0.000000e+00   112002
  2.583331e+00   7.145567e+01   6.246595e-03   0.000000e+00   114158
  2.605052e+00   7.227661e+01   6.125633e-03   0.000000e+00   116148
  2.626859e+00   7.294991e+01   6.370179e-03   0.000000e+00   118754
  2.648709e+00   7.421531e+01   6.407174e-03   0.000000e+00   120942
  2.670617e+00   7.456886e+01   6.179608e-03   0.000000e+00   123170
  2.692405e+00   7.575283e+01   6.480421e-03   0.000000e+00   123638
  2.714170e+00   7.613347e+01   5.995805e-03   0.000000e+00   126858
  2.735911e+00   7.623502e+01   6.303472e-03   0.000000e+00   127698
  2.757628e+00   7.692826e+01   6.333050e-03   0.000000e+00   130640
  2.779438e+00   7.808074e+01   6.273018e-03   0.000000e+00   132642
  2.801231e+00   7.804948e+01   6.189814e-03   0.000000e+00   134534
  2.823107e+00   7.892613e+01   6.284890e-03   0.000000e+00   137954
  2.845110e+00   7.939762e+01   6.240327e-03   0.000000e+00   140610
  2.866910e+00   8.015821e+01   6.354635e-03   0.000000e+00   139590
  2.888613e+00   8.139056e+01   6.422944e-03   0.000000e+00   143546
  2.910426e+00   8.158060e+01   6.057839e-03   0.000000e+00   145338
  2.932171e+00   8.205100e+01   6.314473e-03   0.000000e+00   147272
  2.953990e+00   8.252197e+01   6.396600e-03   0.000000e+00   150434
  2.975845e+00   8.215997e+01   6.116056e-03   0.000000e+00   152214
  2.997586e+00   8.370016e+01   6.337899e-03   0.000000e+00   153186
  3.019451e+00   8.418597e+01   6.440289e-03   0.000000e+00   158642
  3.041284e+00   8.505884e+01   5.867549e-03   0.000000e+00   157350
  3.063029e+00   8.508391e+01   6.271619e-03   0.000000e+00   161906
  3.084707e+00   8.585107e+01   6.149859e-03   0.000000e+00   160824
  3.106486e+00   8.591624e+01   6.806537e-03   0.000000e+00   167906
  3.128394e+00   8.677938e+01   6.209360e-03   0.000000e+00   167578
  3.150121e+00   8.726202e+01   6.207382e-03   0.000000e+00   169798
  3.171939e+00   8.818602e+01   6.324444e-03   0.000000e+00   173586
  3.193801e+00   8.861659e+01   6.451624e-03   0.000000e+00   175274
  3.215606e+00   8.915826e+01   6.419186e-03   0.000000e+00   177654
  3.237447e+00   8.930883e+01   6.351954e-03   0.000000e+00   180698
  3.259295e+00   8.959310e+01   6.246460e-03   0.000000e+00   182680
  3.281082e+00   9.024833e+01   6.623633e-03   0.000000e+00   184138
  3.302826e+00   9.089690e+01   6.258802e-03   0.000000e+00   187138
  3.324687e+00   9.079678e+01   6.249553e-03   0.000000e+00   191134
  3.346490e+00   9.152629e+01   6.304658e-03   0.000000e+00   191010
  3.368231e+00   9.223061e+01   5.397801e-03   0.000000e+00   195134
  3.389965e+00   9.245226e+01   6.430860e-03   0.000000e+00   195810
  3.411738e+00   9.299519e+01   6.438913e-03   0.000000e+00   201140
  3.433527e+00   9.304338e+01   6.539285e-03   0.000000e+00   201054
  3.455268e+00   9.374874e+01   6.296400e-03   0.000000e+00   205250
  3.477072e+00   9.463531e+01   5.944492e-03   0.000000e+00   207366
  3.498877e+00   9.465885e+01   6.806153e-03   0.000000e+00   210578
  3.520704e+00   9.523912e+01   6.161842e-03   0.000000e+00   213066
  3.542604e+00   9.614219e+01   6.471378e-03   0.000000e+00   217382
  3.564400e+00   9.635484e+01   6.231756e-03   0.000000e+00   216306
  3.586098e+00   9.664837e+01   6.209190e-03   0.000000e+00   220652
  3.607944e+00   9.675396e+01   6.497061e-03   0.000000e+00   224622
  3.629834e+00   9.779961e+01   5.631682e-03   0.000000e+00   227066
  3.651650e+00   9.746964e+01   6.100583e-03   0.000000e+00   228574
  3.673425e+00   9.795318e+01   5.412006e-03   0.000000e+00   231466
  3.695182e+00   9.824591e+01   6.099636e-03   0.000000e+00   233946
  3.717021e+00   9.861852e+01   6.699230e-03   0.000000e+00   238694
  3.738783e+00   9.917184e+01   6.448990e-03   0.000000e+00   238068
  3.760557e+00   9.933424e+01   6.333941e-03   0.000000e+00   244190
  3.782429e+00   9.961222e+01   6.151880e-03   0.000000e+00   245634
  3.804200e+00   1.000702e+02   6.653172e-03   0.000000e+00   248090
  3.826003e+00   1.005754e+02   6.124314e-03   0.000000e+00   251958
  3.847817e+00   1.004226e+02   6.526233e-03   0.000000e+00   254042
  3.869552e+00   1.010617e+02   6.126722e-03   0.000000e+00   255714
  3.891385e+00   1.021359e+02   6.664577e-03   0.000000e+00   262358
  3.913228e+00   1.019432e+02   5.960632e-03   0.000000e+00   261900
  3.935101e+00   1.019098e+02   6.415819e-03   0.000000e+00   268646
  3.956880e+00   1.021836e+02   6.129558e-03   0.000000e+00   265578
  3.978614e+00   1.026025e+02   6.129983e-03   0.000000e+00   273290
  4.000417e+00   1.033431e+02   6.235154e-03   0.000000e+00   273678
  4.022239e+00   1.032826e+02   6.520469e-03   0.000000e+00   279698
  4.044065e+00   1.038952e+02   7.261351e-03   0.000000e+00   279630
  4.065782e+00   1.042433e+02   5.874010e-03   0.000000e+00   283004
  4.087606e+00   1.043004e+02   5.914954e-03   0.000000e+00   288330
  4.109443e+00   1.047532e+02   6.319147e-03   0.000000e+00   289718
  4.131204e+00   1.052022e+02   6.293152e-03   0.000000e+00   292290
  4.152902e+00   1.051028e+02   6.065942e-03   0.000000e+00   294134
  4.174679e+00   1.052550e+02   6.161816e-03   0.000000e+00   300642
  4.196557e+00   1.053690e+02   6.574328e-03   0.000000e+00   303386
  4.218347e+00   1.061985e+02   6.962163e-03   0.000000e+00   304662
  4.240158e+00   1.065484e+02   6.045717e-03   0.000000e+00   309812
  4.261988e+00   1.067655e+02   6.257060e-03   0.000000e+00   311570
  4.283882e+00   1.073333e+02   6.075355e-03   0.000000e+00   318270
  4.305677e+00   1.069729e+02   6.733807e-03   0.000000e+00   315090
  4.327395e+00   1.074627e+02   5.878146e-03   0.000000e+00   322646
  4.349163e+00   1.075088e+02   6.066325e-03   0.000000e+00   322722
  4.370956e+00   1.079559e+02   6.663407e-03   0.000000e+00   329930
  4.392819e+00   1.076675e+02   6.658730e-03   0.000000e+00   331824
  4.414683e+00   1.081752e+02   6.065086e-03   0.000000e+00   336266
  4.436481e+00   1.086972e+02   6.318206e-03   0.000000e+00   336094
  4.458226e+00   1.090090e+02   6.015731e-03   0.000000e+00   341386
  4.480014e+00   1.088414e+02   6.351131e-03   0.000000e+00   344338
  4.501786e+00   1.085073e+02   6.483293e-03   0.000000e+00   347638
  4.523580e+00   1.093956e+02   6.063078e-03   0.000000e+00   351618
  4.545354e+00   1.092796e+02   6.303445e-03   0.000000e+00   353792
  4.567196e+00   1.093682e+02   6.167378e-03   0.000000e+00   360538
  4.589110e+00   1.099872e+02   6.023899e-03   0.000000e+00   363250
  4.610876e+00   1.098805e+02   6.571999e-03   0.000000e+00   362334
  4.632692e+00   1.103453e+02   5.403049e-03   0.000000e+00   371642
  4.654489e+00   1.106465e+02   6.219251e-03   0.000000e+00   368794
  4.676213e+00   1.105573e+02   6.223918e-03   0.000000e+00   376510
  4.698010e+00   1.107416e+02   6.017247e-03   0.000000e+00   377994
  4.719783e+00   1.104036e+02   6.153760e-03   0.000000e+00   382760
  4.741609e+00   1.108217e+02   6.934608e-03   0.000000e+00   386674
  4.763445e+00   1.108006e+02   6.245520e-03   0.000000e+00   390298
  4.785256e+00   1.110591e+02   6.638875e-03   0.000000e+00   393142
  4.807081e+00   1.114569e+02   6.334379e-03   0.000000e+00   397762
  4.828789e+00   1.113111e+02   6.085391e-03   0.000000e+00   396270
  4.850513e+00   1.115983e+02   6.330307e-03   0.000000e+00   405194
  4.872334e+00   1.118535e+02   5.768143e-03   0.000000e+00   407580
  4.894141e+00   1.122843e+02   6.731113e-03   0.000000e+00   411782
  4.915931e+00   1.121503e+02   6.057466e-03   0.000000e+00   414114
  4.937785e+00   1.127727e+02   6.541042e-03   0.000000e+00   421562
  4.959649e+00   1.128909e+02   6.350103e-03   0.000000e+00   421910
  4.981474e+00   1.129442e+02   6.038491e-03   0.000000e+00   427818
  5.003299e+00   1.128172e+02   7.074620e-03   0.000000e+00   429430
  5.025057e+00   1.129136e+02   6.634669e-03   0.000000e+00   432322
  5.046826e+00   1.130609e+02   5.278775e-03   0.000000e+00   437428
  5.068609e+00   1.131100e+02   5.312484e-03   0.000000e+00   440590
  5.090436e+00   1.129651e+02   6.296562e-03   0.000000e+00   446770
  5.112303e+00   1.127783e+02   5.934549e-03   0.000000e+00   449782
  5.134060e+00   1.133442e+02   6.385019e-03   0.000000e+00   449706
  5.155823e+00   1.130365e+02   6.348754e-03   0.000000e+00   458042
  5.177600e+00   1.134555e+02   5.962113e-03   0.000000e+00   458158
  5.199368e+00   1.140633e+02   5.949447e-03   0.000000e+00   465124
  5.221145e+00   1.134210e+02   6.302175e-03   0.000000e+00   466230
  5.242961e+00   1.136893e+02   6.654066e-03   0.000000e+00   474386
  5.264791e+00   1.139134e+02   5.973057e-03   0.000000e+00   475178
  5.286653e+00   1.138838e+02   6.649506e-03   0.000000e+00   483558
  5.308522e+00   1.141642e+02   5.351596e-03   0.000000e+00   483354
  5.330293e+00   1.141123e+02   5.190469e-03   0.000000e+00   487178
  5.352077e+00   1.142842e+02   6.476700e-03   0.000000e+00   492006
  5.373845e+00   1.138991e+02   6.155720e-03   0.000000e+00   494852
  5.395619e+00   1.144967e+02   6.142590e-03   0.000000e+00   499502
  5.417423e+00   1.142055e+02   5.674788e-03   0.000000e+00   504618
  5.439247e+00   1.142976e+02   6.816776e-03   0.000000e+00   508506
  5.461102e+00   1.140150e+02   6.862778e-03   0.000000e+00   514406
  5.482897e+00   1.146701e+02   5.757988e-03   0.000000e+00   514026
  5.504627e+00   1.143132e+02   6.566563e-03   0.000000e+00   519230
  5.526365e+00   1.140983e+02   5.945576e-03   0.000000e+00   522620
  5.548145e+00   1.147018e+02   6.170984e-03   0.000000e+00   529458
  5.569986e+00   1.144373e+02   6.451664e-03   0.000000e+00   534078
  5.591805e+00   1.145049e+02   6.587931e-03   0.000000e+00   536666
  5.613568e+00   1.146200e+02   6.385915e-03   0.000000e+00   539270
  5.635430e+00   1.147712e+02   6.174210e-03   0.000000e+00   550530
  5.657306e+00   1.150740e+02   6.803065e-03   0.000000e+00   548474
  5.679071e+00   1.145288e+02   6.362529e-03   0.000000e+00   553518
  5.700823e+00   1.147561e+02   6.559982e-03   0.000000e+00   556116
  5.722645e+00   1.146410e+02   5.918961e-03   0.000000e+00   564890
  5.744429e+00   1.146279e+02   6.164417e-03   0.000000e+00   563718
  5.766235e+00   1.150166e+02   6.268291e-03   0.000000e+00   574298
  5.788071e+00   1.147498e+02   7.445535e-03   0.000000e+00   573966
  5.809865e+00   1.146502e+02   5.913103e-03   0.000000e+00   580586
  5.831652e+00   1.147278e+02   6.394908e-03   0.000000e+00   582666
  5.853463e+00   1.146577e+02   6.437231e-03   0.000000e+00   590648
  5.875268e+00   1.145065e+02   6.142275e-03   0.000000e+00   590578
  5.897005e+00   1.143773e+02   6.896899e-03   0.000000e+00   595990
  5.918793e+00   1.147788e+02   6.042480e-03   0.000000e+00   601778
  5.940619e+00   1.142878e+02   6.818458e-03   0.000000e+00   607578
  5.962457e+00   1.145178e+02   6.550446e-03   0.000000e+00   611294
  5.984281e+00   1.143200e+02   6.526022e-03   0.000000e+00   615498
  6.006051e+00   1.147154e+02   6.288604e-03   0.000000e+00   617274
  6.027849e+00   1.145047e+02   5.858490e-03   0.000000e+00   626360
  6.049661e+00   1.142953e+02   5.623020e-03   0.000000e+00   626658
  6.071446e+00   1.144229e+02   6.032926e-03   0.000000e+00   634022
  6.093210e+00   1.138341e+02   6.003771e-03   0.000000e+00   634554
  6.115014e+00   1.141907e+02   5.076130e-03   0.000000e+00   645026
  6.136827e+00   1.142093e+02   6.464435e-03   0.000000e+00   645182
  6.158625e+00   1.139733e+02   6.411719e-03   0.000000e+00   652938
  6.180420e+00   1.138926e+02   7.211331e-03   0.000000e+00   654336
  6.202242e+00   1.142687e+02   6.554054e-03   0.000000e+00   663242
  6.224066e+00   1.145246e+02   5.320870e-03   0.000000e+00   664002
  6.245826e+00   1.141297e+02   7.246563e-03   0.000000e+00   668990
  6.267613e+00   1.138999e+02   5.884051e-03   0.000000e+00   674554
  6.289378e+00   1.138573e+02   6.455556e-03   0.000000e+00   677158
  6.311197e+00   1.140355e+02   6.473962e-03   0.000000e+00   687306
  6.333066e+00   1.136713e+02   6.236937e-03   0.000000e+00   690290
  6.354864e+00   1.135807e+02   5.862905e-03   0.000000e+00   691992
  6.376691e+00   1.136852e+02   7.144736e-03   0.000000e+00   701402
  6.398508e+00   1.138086e+02   6.738654e-03   0.000000e+00   700826
  6.420285e+00   1.134996e+02   6.015476e-03   0.000000e+00   708726
  6.442082e+00   1.135194e+02   6.525117e-03   0.000000e+00   711690
  6.463893e+00   1.131036e+02   7.387061e-03   0.000000e+00   719606
  6.485658e+00   1.130790e+02   6.351312e-03   0.000000e+00   717810
  6.507436e+00   1.131133e+02   5.675102e-03   0.000000e+00   730412
  6.529277e+00   1.132126e+02   6.843948e-03   0.000000e+00   731782
  6.551122e+00   1.131490e+02   6.696819e-03   0.000000e+00   740458
  6.572910e+00   1.129513e+02   6.535709e-03   0.000000e+00   737494
  6.594656e+00   1.125901e+02   5.565125e-03   0.000000e+00   747298
  6.616457e+00   1.125188e+02   5.648777e-03   0.000000e+00   751762
  6.638237e+00   1.128966e+02   6.418871e-03   0.000000e+00   755470
  6.660011e+00   1.125914e+02   6.608845e-03   0.000000e+00   761442
  6.681866e+00   1.120060e+02   6.419620e-03   0.000000e+00   770816
  6.703693e+00   1.125275e+02   5.507896e-03   0.000000e+00   769242
  6.725529e+00   1.124113e+02   6.079549e-03   0.000000e+00   782162
  6.747309e+00   1.122337e+02   8.557036e-03   0.000000e+00   775230
  6.769063e+00   1.117795e+02   5.451069e-03   0.000000e+00   789866
  6.790850e+00   1.120486e+02   5.415108e-03   0.000000e+00   787938
  6.812626e+00   1.116752e+02   5.201288e-03   0.000000e+00   799574
  6.834466e+00   1.116785e+02   7.196653e-03   0.000000e+00   803028
  6.856256e+00   1.116595e+02   6.272073e-03   0.000000e+00   805574
  6.878035e+00   1.117056e+02   6.877302e-03   0.000000e+00   812034
  6.899872e+00   1.114844e+02   7.233450e-03   0.000000e+00   820970
  6.921695e+00   1.108916e+02   6.327213e-03   0.000000e+00   821174
  6.943434e+00   1.107065e+02   6.366564e-03   0.000000e+00   825186
  6.965201e+00   1.107470e+02   7.154810e-03   0.000000e+00   833142
  6.986954e+00   1.106695e+02   6.262058e-03   0.000000e+00   834788
  7.008759e+00   1.108602e+02   7.770505e-03   0.000000e+00   847858
  7.030687e+00   1.105258e+02   5.914188e-03   0.000000e+00   854278
  7.052513e+00   1.103091e+02   5.266146e-03   0.000000e+00   850914
  7.074277e+00   1.102934e+02   5.055590e-03   0.000000e+00   859250
  7.096098e+00   1.101149e+02   6.381472e-03   0.000000e+00   867126
  7.117902e+00   1.097972e+02   6.796561e-03   0.000000e+00   868274
  7.139656e+00   1.096481e+02   7.102699e-03   0.000000e+00   873606
  7.161416e+00   1.096036e+02   4.684385e-03   0.000000e+00   879284
  7.183221e+00   1.095727e+02   6.956187e-03   0.000000e+00   887666
  7.205103e+00   1.097077e+02   7.252397e-03   0.000000e+00   897030
  7.226940e+00   1.094235e+02   5.918169e-03   0.000000e+00   894378
  7.248722e+00   1.091088e+02   6.335603e-03   0.000000e+00   903254
  7.270494e+00   1.088828e+02   6.778120e-03   0.000000e+00   904562
  7.292257e+00   1.091444e+02   5.824024e-03   0.000000e+00   913362
  7.314015e+00   1.089459e+02   4.742004e-03   0.000000e+00   915592
  7.335824e+00   1.086284e+02   7.068176e-03   0.000000e+00   927946
  7.357630e+00   1.086939e+02   7.904872e-03   0.000000e+00   926094
  7.379481e+00   1.083915e+02   6.128000e-03   0.000000e+00   942890
  7.401329e+00   1.083237e+02   6.621629e-03   0.000000e+00   937266
  7.423115e+00   1.079356e+02   5.769394e-03   0.000000e+00   948854
  7.444911e+00   1.077295e+02   5.064975e-03   0.000000e+00   948714
  7.466659e+00   1.075562e+02   5.637665e-03   0.000000e+00   956186
  7.488454e+00   1.074243e+02   6.331138e-03   0.000000e+00   964272
  7.510278e+00   1.071049e+02   6.355624e-03   0.000000e+00   969458
  7.532080e+00   1.069384e+02   5.168343e-03   0.000000e+00   973358
  7.553896e+00   1.071468e+02   6.977608e-03   0.000000e+00   982098
  7.575692e+00   1.068701e+02   5.786136e-03   0.000000e+00   983178
  7.597518e+00   1.063245e+02   7.660915e-03   0.000000e+00   996350
  7.619335e+00   1.063386e+02   5.703629e-03   0.000000e+00   993530
  7.641042e+00   1.060420e+02   6.757926e-03   0.000000e+00   997848
  7.662813e+00   1.063076e+02   6.613957e-03   0.000000e+00   1010106
  7.684647e+00   1.057260e+02   6.693542e-03   0.000000e+00   1015730
  7.706452e+00   1.056425e+02   6.446574e-03   0.000000e+00   1018710
  7.728299e+00   1.057353e+02   6.512607e-03   0.000000e+00   1031282
  7.750113e+00   1.055463e+02   6.242616e-03   0.000000e+00   1027122
  7.771891e+00   1.049792e+02   6.306945e-03   0.000000e+00   1039838
  7.793682e+00   1.051001e+02   6.980028e-03   0.000000e+00   1039898
  7.815457e+00   1.049553e+02   6.795464e-03   0.000000e+00   1050288
  7.837247e+00   1.042205e+02   6.605034e-03   0.000000e+00   1052226
  7.859047e+00   1.043592e+02   4.464203e-03   0.000000e+00   1062746
  7.880874e+00   1.042653e+02   5.904092e-03   0.000000e+00   1067438
  7.902694e+00   1.040705e+02   5.834778e-03   0.000000e+00   1073730
  7.924501e+00   1.039856e+02   7.344210e-03   0.000000e+00   1078230
  7.946314e+00   1.035322e+02   5.884214e-03   0.000000e+00   1085594
  7.968081e+00   1.030872e+02   5.083459e-03   0.000000e+00   1086124
  7.989888e+00   1.030021e+02   6.473168e-03   0.000000e+00   1101310
  8.011697e+00   1.029091e+02   7.161617e-03   0.000000e+00   1098282
  8.033477e+00   1.026499e+02   4.336407e-03   0.000000e+00   1109918
  8.055303e+00   1.025158e+02   6.051880e-03   0.000000e+00   1114962
  8.077129e+00   1.022556e+02   6.745640e-03   0.000000e+00   1122962
  8.098948e+00   1.024375e+02   0.000000e+00   0.000000e+00   1125822
  8.120739e+00   1.020465e+02   6.639209e-03   0.000000e+00   1132538
  8.142508e+00   1.016840e+02   6.833376e-03   0.000000e+00   1135164
  8.164283e+00   1.013453e+02   7.120660e-03   0.000000e+00   1145654
  8.186110e+00   1.014334e+02   4.745205e-03   0.000000e+00   1152666
  8.207929e+00   1.012463e+02   6.253470e-03   0.000000e+00   1157078
  8.229715e+00   1.009968e+02   7.092419e-03   0.000000e+00   1161522
  8.251537e+00   1.008873e+02   6.653496e-03   0.000000e+00   1173050
  8.273331e+00   1.006873e+02   6.357679e-03   0.000000e+00   1171518
  8.295110e+00   1.005053e+02   7.709154e-03   0.000000e+00   1183772
  8.316871e+00   1.004331e+02   6.700534e-03   0.000000e+00   1181262
  8.338627e+00   9.984989e+01   5.804621e-03   0.000000e+00   1195490
  8.360454e+00   9.980018e+01   5.417844e-03   0.000000e+00   1202010
  8.382272e+00   9.957727e+01   5.668954e-03   0.000000e+00   1207166
  8.404086e+00   9.938084e+01   6.640133e-03   0.000000e+00   1214074
  8.425861e+00   9.905470e+01   6.788619e-03   0.000000e+00   1215334
  8.447661e+00   9.886102e+01   8.139820e-03   0.000000e+00   1229274
  8.469528e+00   9.881166e+01   6.923048e-03   0.000000e+00   1236164
  8.491337e+00   9.844673e+01   5.150353e-03   0.000000e+00   1234942
  8.513108e+00   9.837453e+01   6.127621e-03   0.000000e+00   1244410
  8.534892e+00   9.806212e+01   6.413156e-03   0.000000e+00   1249010
  8.556701e+00   9.793007e+01   7.167623e-03   0.000000e+00   1260702
  8.578489e+00   9.783613e+01   5.782932e-03   0.000000e+00   1259490
  8.600301e+00   9.738492e+01   6.024304e-03   0.000000e+00   1275662
  8.622092e+00   9.727235e+01   3.360315e-03   0.000000e+00   1270164
  8.643907e+00   9.703889e+01   5.257984e-03   0.000000e+00   1291226
  8.665715e+00   9.672198e+01   4.273454e-03   0.000000e+00   1282750
  8.687472e+00   9.631379e+01   6.213665e-03   0.000000e+00   1298146
  8.709287e+00   9.633652e+01   5.360696e-03   0.000000e+00   1301646
  8.731085e+00   9.605098e+01   5.789588e-03   0.000000e+00   1309898
  8.752898e+00   9.581200e+01   4.644238e-03   0.000000e+00   1317010
  8.774717e+00   9.569085e+01   6.543970e-03   0.000000e+00   1323814
  8.796515e+00   9.515386e+01   4.821481e-03   0.000000e+00   1326732
  8.818301e+00   9.517061e+01   7.172318e-03   0.000000e+00   1335434
  8.840144e+00   9.472072e+01   8.237668e-03   0.000000e+00   1347902
  8.861961e+00   9.469826e+01   8.775195e-03   0.000000e+00   1344786
  8.883696e+00   9.465708e+01   4.059747e-03   0.000000e+00   1351222
  8.905492e+00   9.424032e+01   5.702603e-03   0.000000e+00   1365322
  8.927320e+00   9.390195e+01   7.288405e-03   0.000000e+00   1369002
  8.949127e+00   9.382029e+01   6.459042e-03   0.000000e+00   1376456
  8.970919e+00   9.364127e+01   5.348855e-03   0.000000e+00   1379362
  8.992723e+00   9.328628e+01   6.886449e-03   0.000000e+00   1392262
  9.014530e+00   9.325343e+01   6.267727e-03   0.000000e+00   1392546
  9.036308e+00   9.291521e+01   6.899203e-03   0.000000e+00   1402754
  9.058105e+00   9.277494e+01   7.704753e-03   0.000000e+00   1408470
  9.079899e+00   9.238458e+01   3.197889e-03   0.000000e+00   1415450
  9.101646e+00   9.238591e+01   6.229295e-03   0.000000e+00   1416504
  9.123501e+00   9.190871e+01   6.436501e-03   0.000000e+00   1442354
  9.145358e+00   9.185380e+01   7.410342e-03   0.000000e+00   1431202
  9.167132e+00   9.146448e+01   6.192822e-03   0.000000e+00   1445038
  9.188912e+00   9.122185e+01   5.445216e-03   0.000000e+00   1445322
  9.210723e+00   9.101330e+01   5.951972e-03   0.000000e+00   1462778
  9.232532e+00   9.074506e+01   6.959819e-03   0.000000e+00   1459590
  9.254299e+00   9.068660e+01   6.723269e-03   0.000000e+00   1471226
  9.276120e+00   9.020734e+01   4.862267e-03   0.000000e+00   1480136
  9.297955e+00   9.020598e+01   6.461971e-03   0.000000e+00   1486530
  9.319752e+00   8.994266e+01   7.214630e-03   0.000000e+00   1488898
  9.341545e+00   8.966040e+01   5.756000e-03   0.000000e+00   1500838
  9.363364e+00   8.941239e+01   4.015591e-03   0.000000e+00   1505906
  9.385123e+00   8.933254e+01   7.403823e-03   0.000000e+00   1507062
  9.406887e+00   8.911658e+01   6.161621e-03   0.000000e+00   1519890
  9.428684e+00   8.871335e+01   7.260443e-03   0.000000e+00   1526516
  9.450526e+00   8.861040e+01   4.645326e-03   0.000000e+00   1540038
  9.472358e+00   8.837707e+01   7.436819e-03   0.000000e+00   1538810
  9.494126e+00   8.803361e+01   5.597581e-03   0.000000e+00   1545574
  9.515945e+00   8.763792e+01   9.741039e-03   0.000000e+00   1560010
  9.537752e+00   8.740601e+01   5.295909e-03   0.000000e+00   1558578
  9.559523e+00   8.725882e+01   6.739178e-03   0.000000e+00   1568990
  9.581285e+00   8.720000e+01   7.214629e-03   0.000000e+00   1571770
  9.603082e+00   8.672063e+01   6.489804e-03   0.000000e+00   1587748
  9.624911e+00   8.681654e+01   5.077352e-03   0.000000e+00   1590966
  9.646740e+00   8.633084e+01   5.277093e-03   0.000000e+00   1602554
  9.668542e+00   8.632557e+01   7.004417e-03   0.000000e+00   1601190
  9.690310e+00   8.590111e+01   6.840930e-03   0.000000e+00   1611722
  9.712077e+00   8.568555e+01   6.197568e-03   0.000000e+00   1616058
  9.733882e+00   8.552602e+01   5.991593e-03   0.000000e+00   1631942
  9.755687e+00   8.532189e+01   5.050376e-03   0.000000e+00   1630980
  9.777464e+00   8.501871e+01   6.582477e-03   0.000000e+00   1641494
  9.799295e+00   8.480363e+01   7.205672e-03   0.000000e+00   1653378
  9.821168e+00   8.457804e+01   7.337604e-03   0.000000e+00   1663730
  9.842969e+00   8.445861e+01   4.915239e-03   0.000000e+00   1656558
  9.864718e+00   8.398663e+01   7.279495e-03   0.000000e+00   1671026
  9.886517e+00   8.397160e+01   7.157064e-03   0.000000e+00   1677818
  9.908303e+00   8.368855e+01   7.836508e-03   0.000000e+00   1685454
  9.930105e+00   8.328031e+01   5.681541e-03   0.000000e+00   1694516
  9.951918e+00   8.326311e+01   5.210687e-03   0.000000e+00   1701342
  9.973727e+00   8.282561e+01   6.081112e-03   0.000000e+00   1709026
  9.995562e+00   8.274371e+01   7.232184e-03   0.000000e+00   1720354
  1.001738e+01   8.252415e+01   5.904730e-03   0.000000e+00   1721470
  1.003919e+01   8.212366e+01   6.394914e-03   0.000000e+00   1735018
  1.006096e+01   8.199203e+01   4.831553e-03   0.000000e+00   1728398
  1.008270e+01   8.180508e+01   6.829199e-03   0.000000e+00   1747116
  1.010451e+01   8.163714e+01   1.922053e-03   0.000000e+00   1753090
  1.012635e+01   8.147501e+01   5.237422e-03   0.000000e+00   1767694
  1.014817e+01   8.110766e+01   7.083551e-03   0.000000e+00   1766490
  1.016999e+01   8.090427e+01   0.000000e+00   0.000000e+00   1780478
  1.019179e+01   8.048506e+01   9.203443e-03   0.000000e+00   1781050
  1.021358e+01   8.034565e+01   4.894492e-03   0.000000e+00   1792018
  1.023535e+01   8.021458e+01   6.510821e-03   0.000000e+00   1794366
  1.025713e+01   8.001801e+01   6.058819e-03   0.000000e+00   1808276
  1.027893e+01   7.970208e+01   6.787490e-03   0.000000e+00   1812522
  1.030075e+01   7.950835e+01   7.855715e-03   0.000000e+00   1827758
  1.032259e+01   7.917285e+01   4.738831e-03   0.000000e+00   1829466
  1.034437e+01   7.915930e+01   7.464702e-03   0.000000e+00   1835534
  1.036613e+01   7.873306e+01   6.285959e-03   0.000000e+00   1840906
  1.038793e+01   7.869235e+01   6.512470e-03   0.000000e+00   1857130
  1.040971e+01   7.847429e+01   4.895580e-03   0.000000e+00   1854264
  1.043148e+01   7.828844e+01   5.363083e-03   0.000000e+00   1871090
  1.045330e+01   7.805624e+01   6.158674e-03   0.000000e+00   1876926
  1.047511e+01   7.782886e+01   6.787338e-03   0.000000e+00   1884530
  1.049690e+01   7.763039e+01   5.591362e-03   0.000000e+00   1891506
  1.051874e+01   7.732815e+01   6.580962e-03   0.000000e+00   1907798
  1.054058e+01   7.717853e+01   8.042241e-03   0.000000e+00   1907378
  1.056236e+01   7.675599e+01   6.449539e-03   0.000000e+00   1912506
  1.058413e+01   7.657284e+01   3.970533e-03   0.000000e+00   1923048
  1.060596e+01   7.651534e+01   7.596414e-03   0.000000e+00   1936730
  1.062777e+01   7.628142e+01   6.055218e-03   0.000000e+00   1936686
  1.064956e+01   7.599302e+01   7.170779e-03   0.000000e+00   1950290
  1.067137e+01   7.582195e+01   2.902807e-03   0.000000e+00   1953002
  1.069318e+01   7.553539e+01   6.277173e-03   0.000000e+00   1969110
  1.071499e+01   7.551987e+01   2.027040e-03   0.000000e+00   1969050
  1.073678e+01   7.520727e+01   6.809628e-03   0.000000e+00   1980392
  1.075857e+01   7.494932e+01   8.184431e-03   0.000000e+00   1984770
  1.078035e+01   7.469408e+01   5.638627e-03   0.000000e+00   1995506
  1.080217e+01   7.456042e+01   7.330575e-03   0.000000e+00   2007806
  1.082398e+01   7.423644e+01   6.405744e-03   0.000000e+00   2010474
  1.084577e+01   7.416402e+01   7.010543e-03   0.000000e+00   2018182
  1.086758e+01   7.398555e+01   6.284282e-03   0.000000e+00   2033554
  1.088936e+01   7.386742e+01   7.380511e-03   0.000000e+00   2026266
  1.091115e+01   7.354432e+01   4.767107e-03   0.000000e+00   2054480
  1.093297e+01   7.324328e+01   5.102702e-03   0.000000e+00   2044770
  1.095473e+01   7.307882e+01   7.405199e-03   0.000000e+00   2062394
  1.097654e+01   7.300420e+01   6.748148e-03   0.000000e+00   2069982
  1.099836e+01   7.286116e+01   7.896403e-03   0.000000e+00   2079434
  1.102015e+01   7.245571e+01   6.696505e-03   0.000000e+00   2083038
  1.104197e+01   7.238845e+01   5.179266e-03   0.000000e+00   2098850
  1.106376e+01   7.217654e+01   6.538765e-03   0.000000e+00   2095436
  1.108556e+01   7.194558e+01   6.767417e-03   0.000000e+00   2117406
  1.110738e+01   7.176110e+01   6.208778e-03   0.000000e+00   2115426
  1.112912e+01   7.164505e+01   6.027908e-03   0.000000e+00   2118878
  1.115091e+01   7.130650e+01   6.872323e-03   0.000000e+00   2140026
  1.117274e+01   7.116434e+01   7.345145e-03   0.000000e+00   2147234
  1.119455e+01   7.096194e+01   6.536460e-03   0.000000e+00   2150662
  1.121634e+01   7.068360e+01   6.000587e-03   0.000000e+00   2159842
  1.123814e+01   7.054116e+01   6.749550e-03   0.000000e+00   2168384
  1.125996e+01   7.046233e+01   8.362273e-03   0.000000e+00   2183178
  1.128179e+01   7.033445e+01   6.290183e-03   0.000000e+00   2184770
  1.130357e+01   7.001325e+01   6.984994e-03   0.000000e+00   2192190
  1.132533e+01   6.987569e+01   7.608556e-03   0.000000e+00   2196242
  1.134715e+01   6.978925e+01   5.377106e-03   0.000000e+00   2220714
  1.136897e+01   6.934933e+01   7.572176e-03   0.000000e+00   2215758
  1.139078e+01   6.933363e+01   6.901787e-03   0.000000e+00   2233988
  1.141258e+01   6.907340e+01   8.442163e-03   0.000000e+00   2231670
  1.143435e+01   6.882216e+01   4.256145e-03   0.000000e+00   2244338
  1.145617e+01   6.884581e+01   5.617497e-03   0.000000e+00   2258610
  1.147799e+01   6.861204e+01   5.462130e-03   0.000000e+00   2260718
  1.149976e+01   6.859274e+01   6.593106e-03   0.000000e+00   2268162
  1.152154e+01   6.821265e+01   5.916495e-03   0.000000e+00   2277494
  1.154333e+01   6.807117e+01   5.391489e-03   0.000000e+00   2288796
  1.156517e+01   6.790459e+01   1.084211e-02   0.000000e+00   2305226
  1.158699e+01   6.772590e+01   5.638168e-03   0.000000e+00   2301630
  1.160880e+01   6.756039e+01   0.000000e+00   0.000000e+00   2319770
  1.163059e+01   6.736104e+01   7.330324e-03   0.000000e+00   2315610
  1.165237e+01   6.720984e+01   5.862123e-03   0.000000e+00   2334662
  1.167415e+01   6.714023e+01   8.663836e-03   0.000000e+00   2335722
  1.169596e+01   6.688478e+01   4.893670e-03   0.000000e+00   2354102
  1.171776e+01   6.677309e+01   7.764432e-03   0.000000e+00   2355236
  1.173959e+01   6.656166e+01   6.719419e-03   0.000000e+00   2374170
  1.176141e+01   6.648867e+01   5.271591e-03   0.000000e+00   2373286
  1.178322e+01   6.630209e+01   7.993449e-03   0.000000e+00   2388010
  1.180499e+01   6.624174e+01   1.179172e-03   0.000000e+00   2383470
  1.182676e+01   6.591639e+01   5.181082e-03   0.000000e+00   2404994
  1.184856e+01   6.586792e+01   4.373452e-03   0.000000e+00   2408642
  1.187034e+01   6.570007e+01   6.531170e-03   0.000000e+00   2417640
  1.189215e+01   6.557271e+01   6.602806e-03   0.000000e+00   2434994
  1.191399e+01   6.547471e+01   7.312099e-03   0.000000e+00   2437998
  1.193580e+01   6.520985e+01   6.290156e-03   0.000000e+00   2448194
  1.195761e+01   6.507169e+01   0.000000e+00   0.000000e+00   2455890
  1.197939e+01   6.500568e+01   3.858293e-03   0.000000e+00   2461526
  1.200118e+01   6.481178e+01   6.814777e-03   0.000000e+00   2474034
  1.202296e+01   6.480255e+01   6.634693e-03   0.000000e+00   2476482
  1.204476e+01   6.471695e+01   5.197906e-03   0.000000e+00   2497256
  1.206659e+01   6.448883e+01   6.698123e-03   0.000000e+00   2502978
  1.208840e+01   6.426801e+01   2.861619e-03   0.000000e+00   2508422
  1.211019e+01   6.425270e+01   6.951946e-03   0.000000e+00   2518482
  1.213201e+01   6.406726e+01   8.697107e-03   0.000000e+00   2532074
  1.215379e+01   6.400987e+01   9.366051e-03   0.000000e+00   2526710
  1.217556e+01   6.389528e+01   7.293812e-03   0.000000e+00   2548986
  1.219735e+01   6.371666e+01   6.283938e-03   0.000000e+00   2551704
  1.221915e+01   6.370015e+01   4.896267e-03   0.000000e+00   2566226
  1.224096e+01   6.357030e+01   5.043984e-03   0.000000e+00   2573898
  1.226279e+01   6.337007e+01   5.405313e-03   0.000000e+00   2589182
  1.228459e+01   6.335199e+01   6.986605e-03   0.000000e+00   2584970
  1.230639e+01   6.327762e+01   5.442481e-03   0.000000e+00   2605110
  1.232819e+01   6.312694e+01   4.979311e-03   0.000000e+00   2606834
  1.234998e+01   6.307640e+01   5.108720e-03   0.000000e+00   2620770
  1.237177e+01   6.293488e+01   6.930477e-03   0.000000e+00   2626560
  1.239356e+01   6.279964e+01   6.701341e-03   0.000000e+00   2636762
  1.241536e+01   6.269789e+01   7.713860e-03   0.000000e+00   2647698
  1.243721e+01   6.259796e+01   5.971898e-03   0.000000e+00   2668166
  1.245904e+01   6.261605e+01   6.076173e-03   0.000000e+00   2660586
  1.248082e+01   6.257659e+01   6.084851e-03   0.000000e+00   2676494
  1.250259e+01   6.248740e+01   7.249039e-03   0.000000e+00   2674306
  1.252436e+01   6.237504e+01   5.113600e-03   0.000000e+00   2696980
  1.254617e+01   6.225374e+01   5.655511e-03   0.000000e+00   2703622
  1.256798e+01   6.229226e+01   8.399957e-03   0.000000e+00   2713186
  1.258977e+01   6.232949e+01   7.769097e-03   0.000000e+00   2718702
  1.261160e+01   6.212439e+01   7.512191e-03   0.000000e+00   2742194
  1.263341e+01   6.215867e+01   0.000000e+00   0.000000e+00   2733162
  1.265520e+01   6.204022e+01   4.490626e-03   0.000000e+00   2757590
  1.267700e+01   6.195240e+01   4.156454e-03   0.000000e+00   2752010
  1.269877e+01   6.195405e+01   8.095299e-03   0.000000e+00   2769036
  1.272059e+01   6.184361e+01   6.277747e-03   0.000000e+00   2783046
  1.274241e+01   6.171394e+01   0.000000e+00   0.000000e+00   2789378
  1.276421e+01   6.182168e+01   9.020505e-03   0.000000e+00   2799582
  1.278604e+01   6.181977e+01   6.489049e-03   0.000000e+00   2811170
  1.280784e+01   6.177968e+01   0.000000e+00   0.000000e+00   2812706
  1.282964e+01   6.168933e+01   5.969307e-03   0.000000e+00   2833254
  1.285143e+01   6.169223e+01   7.577632e-03   0.000000e+00   2827292
  1.287320e+01   6.175761e+01   8.017246e-03   0.000000e+00   2846838
  1.289499e+01   6.164601e+01   6.026322e-03   0.000000e+00   2846535
  1.291678e+01   6.156711e+01   6.740163e-03   0.000000e+00   2848496
  1.293859e+01   6.131311e+01   7.151555e-03   0.000000e+00   2841564
  1.296041e+01   6.123469e+01   8.057084e-03   0.000000e+00   2843000
  1.298221e+01   6.098987e+01   7.664181e-03   0.000000e+00   2826624
  1.300400e+01   6.085508e+01   7.899789e-03   0.000000e+00   2828732
  1.302580e+01   6.073829e+01   4.494167e-03   0.000000e+00   2819560
  1.304760e+01   6.064356e+01   5.905846e-03   0.000000e+00   2819284
  1.306939e+01   6.044547e+01   5.635728e-03   0.000000e+00   2805856
  1.309118e+01   6.025246e+01   7.280274e-03   0.000000e+00   2810440
  1.311299e+01   6.013181e+01   6.442981e-03   0.000000e+00   2800608
  1.313480e+01   5.989637e+01   8.125167e-03   0.000000e+00   2798144
  1.315659e+01   5.978658e+01   7.157894e-03   0.000000e+00   2787376
  1.317839e+01   5.964372e+01   8.008143e-03   0.000000e+00   2790616
  1.320021e+01   5.947025e+01   6.338105e-03   0.000000e+00   2779552
  1.322198e+01   5.932802e+01   7.208792e-03   0.000000e+00   2768452
  1.324376e+01   5.912365e+01   2.250115e-03   0.000000e+00   2771296
  1.326557e+01   5.907465e+01   3.471374e-03   0.000000e+00   2764924
  1.328738e+01   5.885299e+01   3.842409e-03   0.000000e+00   2762264
  1.330922e+01   5.872902e+01   7.715097e-03   0.000000e+00   2760216
  1.333101e+01   5.854893e+01   1.588144e-03   0.000000e+00   2737932
  1.335280e+01   5.837728e+01   8.627729e-03   0.000000e+00   2752280
  1.337461e+01   5.824583e+01   6.710208e-03   0.000000e+00   2728764
  1.339639e+01   5.793277e+01   6.556641e-03   0.000000e+00   2736368
  1.341819e+01   5.791526e+01   5.026307e-03   0.000000e+00   2719920
  1.343999e+01   5.778683e+01   9.774580e-03   0.000000e+00   2727152
  1.346180e+01   5.755044e+01   0.000000e+00   0.000000e+00   2708352
  1.348361e+01   5.733792e+01   0.000000e+00   0.000000e+00   2718584
  1.350541e+01   5.727455e+01   0.000000e+00   0.000000e+00   2694300
  1.352722e+01   5.710269e+01   9.305150e-03   0.000000e+00   2709440
  1.354904e+01   5.691985e+01   2.728654e-03   0.000000e+00   2682108
  1.357079e+01   5.674354e+01   4.880346e-03   0.000000e+00   2684912
  1.359258e+01   5.665681e+01   8.441606e-03   0.000000e+00   2678892
  1.361438e+01   5.643616e+01   6.454572e-03   0.000000e+00   2674748
  1.363619e+01   5.639928e+01   9.496892e-03   0.000000e+00   2670216
  1.365799e+01   5.623927e+01   6.338865e-03   0.000000e+00   2659436
  1.367980e+01   5.603277e+01   5.818002e-03   0.000000e+00   2659752
  1.370163e+01   5.586360e+01   6.470453e-03   0.000000e+00   2654300
  1.372343e+01   5.566084e+01   3.156500e-03   0.000000e+00   2640852
  1.374522e+01   5.546821e+01   5.001280e-03   0.000000e+00   2638124
  1.376700e+01   5.558525e+01   1.005950e-02   0.000000e+00   2628228
  1.378881e+01   5.525292e+01   3.913882e-03   0.000000e+00   2630936
  1.381063e+01   5.511314e+01   8.887351e-03   0.000000e+00   2619032
  1.383242e+01   5.489265e+01   5.400091e-03   0.000000e+00   2610804
  1.385422e+01   5.483355e+01   6.065360e-03   0.000000e+00   2609408
  1.387604e+01   5.472287e+01   8.276764e-03   0.000000e+00   2602764
  1.389782e+01   5.451227e+01   6.878953e-03   0.000000e+00   2588540
  1.391959e+01   5.439408e+01   1.009728e-02   0.000000e+00   2587836
  1.394138e+01   5.426268e+01   8.459382e-03   0.000000e+00   2579100
  1.396317e+01   5.408039e+01   4.961798e-03   0.000000e+00   2574128
  1.398496e+01   5.397466e+01   4.985155e-03   0.000000e+00   2567588
  1.400679e+01   5.364242e+01   8.079815e-03   0.000000e+00   2572956
  1.402862e+01   5.368444e+01   7.178944e-03   0.000000e+00   2550552
  1.405041e+01   5.346730e+01   8.034923e-03   0.000000e+00   2552084
  1.407221e+01   5.327027e+01   4.984362e-03   0.000000e+00   2539404
  1.409401e+01   5.320221e+01   0.000000e+00   0.000000e+00   2541152
  1.411583e+01   5.313958e+01   9.006548e-03   0.000000e+00   2528016
  1.413762e+01   5.291801e+01   5.875968e-03   0.000000e+00   2521496
  1.415942e+01   5.277872e+01   7.115107e-03   0.000000e+00   2518092
  1.418124e+01   5.271301e+01   2.240444e-03   0.000000e+00   2511632
  1.420304e+01   5.254301e+01   0.000000e+00   0.000000e+00   2500140
  1.422483e+01   5.225193e+01   6.286835e-03   0.000000e+00   2496980
  1.424664e+01   5.226003e+01   7.197778e-03   0.000000e+00   2487428
  1.426845e+01   5.206279e+01   7.687541e-03   0.000000e+00   2486496
  1.429024e+01   5.190702e+01   1.154802e-02   0.000000e+00   2469840
  1.431203e+01   5.174311e+01   7.993330e-03   0.000000e+00   2469656
  1.433382e+01   5.164994e+01   2.917503e-03   0.000000e+00   2457036
  1.435564e+01   5.149866e+01   5.362266e-03   0.000000e+00   2462684
  1.437745e+01   5.129763e+01   4.576781e-03   0.000000e+00   2442384
  1.439924e+01   5.114394e+01   5.020958e-03   0.000000e+00   2441696
  1.442104e+01   5.105431e+01   2.968087e-03   0.000000e+00   2431164
  1.444282e+01   5.095053e+01   0.000000e+00   0.000000e+00   2423696
  1.446462e+01   5.074092e+01   9.355677e-03   0.000000e+00   2421336
  1.448644e+01   5.071227e+01   5.788725e-03   0.000000e+00   2412992
  1.450824e+01   5.056699e+01   4.964565e-03   0.000000e+00   2402732
  1.453003e+01   5.042933e+01   8.242760e-03   0.000000e+00   2396124
  1.455183e+01   5.014092e+01   7.007523e-03   0.000000e+00   2388480
  1.457364e+01   5.011219e+01   6.411371e-03   0.000000e+00   2387060
  1.459544e+01   4.998685e+01   6.733548e-03   0.000000e+00   2370268
  1.461720e+01   4.978878e+01   7.605374e-03   0.000000e+00   2363776
  1.463899e+01   4.976936e+01   5.778082e-03   0.000000e+00   2360176
  1.466080e+01   4.955891e+01   5.885702e-03   0.000000e+00   2356360
  1.468261e+01   4.946431e+01   6.107780e-03   0.000000e+00   2343240
  1.470441e+01   4.930958e+01   5.437926e-03   0.000000e+00   2340248
  1.472620e+01   4.918364e+01   6.744250e-03   0.000000e+00   2325000
  1.474801e+01   4.905757e+01   5.292833e-03   0.000000e+00   2328632
  1.476983e+01   4.897112e+01   7.970277e-03   0.000000e+00   2313100
  1.479164e+01   4.876283e+01   6.906125e-03   0.000000e+00   2310892
  1.481343e+01   4.868956e+01   7.737116e-03   0.000000e+00   2295420
  1.483523e+01   4.846382e+01   7.586349e-03   0.000000e+00   2293592
  1.485702e+01   4.838025e+01   6.143054e-03   0.000000e+00   2281400
  1.487885e+01   4.825487e+01   7.530016e-03   0.000000e+00   2285760
  1.490066e+01   4.815321e+01   3.900786e-03   0.000000e+00   2259408
  1.492244e+01   4.803176e+01   0.000000e+00   0.000000e+00   2266808
  1.494426e+01   4.796667e+01   7.498128e-03   0.000000e+00   2249348
  1.496604e+01   4.777011e+01   4.777764e-03   0.000000e+00   2244732
  1.498783e+01   4.764839e+01   9.049570e-03   0.000000e+00   2233908
  1.500963e+01   4.751157e+01   2.917084e-03   0.000000e+00   2231660
  1.503143e+01   4.743581e+01   6.294795e-03   0.000000e+00   2218736
  1.505325e+01   4.730809e+01   4.709969e-03   0.000000e+00   2217984
  1.507506e+01   4.714788e+01   9.184664e-03   0.000000e+00   2203300
  1.509686e+01   4.709428e+01   6.978290e-03   0.000000e+00   2197072
  1.511864e+01   4.698542e+01   0.000000e+00   0.000000e+00   2181992
  1.514042e+01   4.686831e+01   4.867193e-03   0.000000e+00   2183664
  1.516224e+01   4.674138e+01   7.253258e-03   0.000000e+00   2173464
  1.518406e+01   4.664279e+01   0.000000e+00   0.000000e+00   2165396
  1.520586e+01   4.654573e+01   3.404883e-03   0.000000e+00   2152784
  1.522764e+01   4.642253e+01   8.515528e-03   0.000000e+00   2147532
  1.524945e+01   4.626268e+01   2.444247e-03   0.000000e+00   2139588
  1.527128e+01   4.618737e+01   4.416591e-03   0.000000e+00   2135432
  1.529304e+01   4.611576e+01   5.882939e-03   0.000000e+00   2109256
  1.531480e+01   4.597579e+01   6.381739e-03   0.000000e+00   2117296
  1.533662e+01   4.580182e+01   4.873705e-03   0.000000e+00   2106252
  1.535843e+01   4.570193e+01   7.858325e-03   0.000000e+00   2099096
  1.538025e+01   4.561350e+01   7.814073e-03   0.000000e+00   2088384
  1.540205e+01   4.552364e+01   8.821079e-03   0.000000e+00   2078480
  1.542384e+01   4.538326e+01   5.843407e-03   0.000000e+00   2069016
  1.544564e+01   4.527651e+01   3.904503e-03   0.000000e+00   2064836
  1.546746e+01   4.512253e+01   0.000000e+00   0.000000e+00   2055420
  1.548926e+01   4.506145e+01   3.463029e-03   0.000000e+00   2043224
  1.551103e+01   4.489173e+01   8.681618e-03   0.000000e+00   2032260
  1.553285e+01   4.486090e+01   8.287527e-03   0.000000e+00   2034152
  1.555468e+01   4.477333e+01   4.538806e-03   0.000000e+00   2017644
  1.557647e+01   4.462193e+01   1.022290e-02   0.000000e+00   2010284
  1.559826e+01   4.447504e+01   1.169708e-03   0.000000e+00   1996540
  1.562004e+01   4.446212e+01   7.868469e-03   0.000000e+00   1992832
  1.564184e+01   4.425975e+01   8.769604e-03   0.000000e+00   1982400
  1.566363e+01   4.416803e+01   1.664446e-03   0.000000e+00   1972256
  1.568541e+01   4.402201e+01   7.915683e-03   0.000000e+00   1964352
  1.570722e+01   4.403510e+01   6.726551e-03   0.000000e+00   1958576
  1.572904e+01   4.386142e+01   4.550228e-03   0.000000e+00   1946940
  1.575086e+01   4.383110e+01   8.428018e-03   0.000000e+00   1942580
  1.577265e+01   4.363266e+01   1.134123e-02   0.000000e+00   1921740
  1.579444e+01   4.361401e+01   2.580161e-03   0.000000e+00   1923956
  1.581625e+01   4.365090e+01   7.347865e-03   0.000000e+00   1907896
  1.583806e+01   4.346857e+01   9.430421e-03   0.000000e+00   1906888
  1.585986e+01   4.334242e+01   8.438941e-03   0.000000e+00   1886160
  1.588163e+01   4.322277e+01   6.730053e-03   0.000000e+00   1883120
  1.590345e+01   4.321393e+01   2.284342e-03   0.000000e+00   1875140
  1.592527e+01   4.305868e+01   7.132008e-03   0.000000e+00   1865652
  1.594707e+01   4.298596e+01   7.555432e-03   0.000000e+00   1853268
  1.596887e+01   4.287395e+01   6.695351e-03   0.000000e+00   1847180
  1.599065e+01   4.288367e+01   9.206156e-03   0.000000e+00   1829604
  1.601244e+01   4.270766e+01   4.233796e-03   0.000000e+00   1829720
  1.603426e+01   4.255408e+01   8.067485e-03   0.000000e+00   1817184
  1.605606e+01   4.261732e+01   7.034806e-03   0.000000e+00   1806320
  1.607784e+01   4.257185e+01   4.960074e-03   0.000000e+00   1795536
  1.609965e+01   4.237764e+01   7.685307e-03   0.000000e+00   1791548
  1.612147e+01   4.231832e+01   6.315346e-03   0.000000e+00   1777512
  1.614327e+01   4.219792e+01   0.000000e+00   0.000000e+00   1769984
  1.616506e+01   4.224300e+01   8.273222e-03   0.000000e+00   1756248
  1.618685e+01   4.212019e+01   9.184744e-03   0.000000e+00   1749248
  1.620866e+01   4.208745e+01   6.656067e-03   0.000000e+00   1739928
  1.623047e+01   4.190793e+01   7.426600e-03   0.000000e+00   1732148
  1.625227e+01   4.195629e+01   6.471498e-03   0.000000e+00   1716964
  1.627407e+01   4.185935e+01   6.211705e-03   0.000000e+00   1712164
  1.629588e+01   4.176303e+01   9.457312e-03   0.000000e+00   1698332
  1.631769e+01   4.171776e+01   9.804405e-03   0.000000e+00   1694100
  1.633949e+01   4.153304e+01   0.000000e+00   0.000000e+00   1675412
  1.636127e+01   4.154223e+01   8.037036e-03   0.000000e+00   1670436
  1.638304e+01   4.154365e+01   4.590898e-03   0.000000e+00   1655532
  1.640486e+01   4.142633e+01   1.011914e-02   0.000000e+00   1656860
  1.642668e+01   4.136493e+01   2.957155e-03   0.000000e+00   1636484
  1.644848e+01   4.132161e+01   3.964953e-03   0.000000e+00   1633212
  1.647028e+01   4.122943e+01   5.887581e-03   0.000000e+00   1614044
  1.649207e+01   4.113148e+01   4.487429e-03   0.000000e+00   1612980
  1.651388e+01   4.117337e+01   8.858267e-03   0.000000e+00   1597036
  1.653568e+01   4.106354e+01   6.694917e-03   0.000000e+00   1590676
  1.655747e+01   4.100230e+01   4.552624e-03   0.000000e+00   1575812
  1.657925e+01   4.093171e+01   4.994372e-03   0.000000e+00   1566156
  1.660105e+01   4.090409e+01   7.824745e-03   0.000000e+00   1560980
  1.662289e+01   4.083080e+01   8.181131e-03   0.000000e+00   1549404
  1.664467e+01   4.080585e+01   0.000000e+00   0.000000e+00   1532436
  1.666645e+01   4.058345e+01   7.479812e-03   0.000000e+00   1527524
  1.668826e+01   4.067965e+01   8.326941e-03   0.000000e+00   1515204
  1.671006e+01   4.059397e+01   0.000000e+00   0.000000e+00   1506452
  1.673187e+01   4.056522e+01   2.613054e-03   0.000000e+00   1495116
  1.675363e+01   4.057170e+01   7.222538e-03   0.000000e+00   1479152
  1.677542e+01   4.046150e+01   0.000000e+00   0.000000e+00   1475400
  1.679726e+01   4.035544e+01   3.621374e-03   0.000000e+00   1467932
  1.681909e+01   4.040491e+01   7.777873e-03   0.000000e+00   1451256
  1.684089e+01   4.035643e+01   0.000000e+00   0.000000e+00   1443212
  1.686267e+01   4.021681e+01   6.451836e-03   0.000000e+00   1425648
  1.688446e+01   4.031660e+01   8.792771e-03   0.000000e+00   1423004
  1.690627e+01   4.019202e+01   5.637781e-03   0.000000e+00   1408632
  1.692809e+01   4.012134e+01   8.477052e-03   0.000000e+00   1400984
  1.694988e+01   4.012372e+01   8.393172e-03   0.000000e+00   1383180
  1.697166e+01   4.005592e+01   9.301941e-03   0.000000e+00   1378136
  1.699349e+01   4.006311e+01   9.851040e-03   0.000000e+00   1367136
  1.701532e+01   3.993898e+01   5.603503e-03   0.000000e+00   1356716
  1.703708e+01   3.992647e+01   6.104842e-03   0.000000e+00   1336908
  1.705884e+01   3.990889e+01   0.000000e+00   0.000000e+00   1332620
  1.708064e+01   3.990614e+01   7.002993e-03   0.000000e+00   1321748
  1.710247e+01   3.977479e+01   3.359826e-03   0.000000e+00   1312764
  1.712426e+01   3.983467e+01   0.000000e+00   0.000000e+00   1296636
  1.714607e+01   3.971052e+01   7.098025e-03   0.000000e+00   1291472
  1.716788e+01   3.974398e+01   1.175424e-02   0.000000e+00   1272768
  1.718967e+01   3.965261e+01   7.075160e-03   0.000000e+00   1269080
  1.721150e+01   3.971770e+01   8.052515e-03   0.000000e+00   1253696
  1.723328e+01   3.962424e+01   1.003781e-02   0.000000e+00   1241616
  1.725504e+01   3.968251e+01   7.644731e-03   0.000000e+00   1226712
  1.727685e+01   3.953807e+01   9.271037e-03   0.000000e+00   1226228
  1.729869e+01   3.960620e+01   6.962168e-03   0.000000e+00   1207848
  1.732050e+01   3.946390e+01   4.048761e-03   0.000000e+00   1198256
  1.734227e+01   3.941052e+01   7.443865e-03   0.000000e+00   1181516
  1.736407e+01   3.951339e+01   0.000000e+00   0.000000e+00   1177980
  1.738589e+01   3.944472e+01   3.117366e-03   0.000000e+00   1161756
  1.740767e+01   3.942225e+01   6.721571e-03   0.000000e+00   1150148
  1.742946e+01   3.930325e+01   5.363061e-03   0.000000e+00   1138848
  1.745125e+01   3.931084e+01   0.000000e+00   0.000000e+00   1126748
  1.747305e+01   3.934483e+01   2.872302e-03   0.000000e+00   1117652
  1.749489e+01   3.924898e+01   0.000000e+00   0.000000e+00   1107888
  1.751670e+01   3.929056e+01   5.175946e-03   0.000000e+00   1090964
  1.753849e+01   3.924736e+01   5.311634e-03   0.000000e+00   1080684
  1.756026e+01   3.922084e+01   9.535122e-03   0.000000e+00   1065660
  1.758206e+01   3.919962e+01   0.000000e+00   0.000000e+00   1061996
  1.760390e+01   3.914859e+01   5.293397e-03   0.000000e+00   1044320
  1.762569e+01   3.905157e+01   1.030875e-02   0.000000e+00   1034640
  1.764749e+01   3.909559e+01   5.631031e-03   0.000000e+00   1019172
  1.766931e+01   3.907975e+01   5.009108e-03   0.000000e+00   1013948
  1.769113e+01   3.912540e+01   1.144422e-02   0.000000e+00   996376
  1.771292e+01   3.900435e+01   0.000000e+00   0.000000e+00   985288
  1.773468e+01   3.873663e+01   0.000000e+00   0.000000e+00   969596
  1.775648e+01   3.891154e+01   1.028633e-02   0.000000e+00   964980
  1.777828e+01   3.896622e+01   8.289737e-03   0.000000e+00   947252
  1.780008e+01   3.869542e+01   9.996353e-03   0.000000e+00   939060
  1.782188e+01   3.871773e+01   6.928199e-03   0.000000e+00   922328
  1.784367e+01   3.859651e+01   3.040723e-03   0.000000e+00   913788
  1.786550e+01   3.859961e+01   1.135309e-02   0.000000e+00   902812
  1.788733e+01   3.840039e+01   8.051435e-03   0.000000e+00   888544
  1.790910e+01   3.836893e+01   9.613211e-03   0.000000e+00   872948
  1.793086e+01   3.828230e+01   0.000000e+00   0.000000e+00   862440
  1.795265e+01   3.840562e+01   5.492422e-03   0.000000e+00   851760
  1.797450e+01   3.823999e+01   9.616510e-04   0.000000e+00   841940
  1.799630e+01   3.810548e+01   5.599531e-03   0.000000e+00   822984
  1.801810e+01   3.804461e+01   5.034668e-03   0.000000e+00   816092
  1.803991e+01   3.795532e+01   0.000000e+00   0.000000e+00   799284
  1.806171e+01   3.781131e+01   1.057279e-02   0.000000e+00   791312
  1.808350e+01   3.761291e+01   5.552527e-03   0.000000e+00   772524
  1.810524e+01   3.764292e+01   6.287916e-03   0.000000e+00   762896
  1.812704e+01   3.739817e+01   4.323326e-03   0.000000e+00   750876
  1.814886e+01   3.737817e+01   6.096762e-03   0.000000e+00   739280
  1.817066e+01   3.725572e+01   6.783427e-03   0.000000e+00   724840
  1.819249e+01   3.696053e+01   4.611827e-03   0.000000e+00   714484
  1.821425e+01   3.678226e+01   7.439669e-03   0.000000e+00   695868
  1.823605e+01   3.661052e+01   9.797990e-03   0.000000e+00   691013
  1.825788e+01   3.646094e+01   6.874740e-03   0.000000e+00   673486
  1.827967e+01   3.627442e+01   8.422365e-03   0.000000e+00   666244
  1.830145e+01   3.618653e+01   6.240065e-03   0.000000e+00   651008
  1.832323e+01   3.599536e+01   0.000000e+00   0.000000e+00   644820
  1.834505e+01   3.597167e+01   0.000000e+00   0.000000e+00   632636
  1.836687e+01   3.585371e+01   9.172894e-03   0.000000e+00   625002
  1.838866e+01   3.569574e+01   5.755637e-03   0.000000e+00   611208
  1.841048e+01   3.552642e+01   0.000000e+00   0.000000e+00   607328
  1.843229e+01   3.540808e+01   0.000000e+00   0.000000e+00   592272
  1.845408e+01   3.530236e+01   0.000000e+00   0.000000e+00   587504
  1.847589e+01   3.518103e+01   1.055277e-02   0.000000e+00   575466
  1.849767e+01   3.506554e+01   0.000000e+00   0.000000e+00   568274
  1.851950e+01   3.523688e+01   0.000000e+00   0.000000e+00   559518
  1.854131e+01   3.497918e+01   5.651125e-03   0.000000e+00   551618
  1.856313e+01   3.496654e+01   5.278906e-03   0.000000e+00   542364
  1.858493e+01   3.475650e+01   8.261759e-03   0.000000e+00   534146
  1.860670e+01   3.477963e+01   1.020095e-02   0.000000e+00   525076
  1.862854e+01   3.461981e+01   0.000000e+00   0.000000e+00   519868
  1.865030e+01   3.454330e+01   4.526484e-03   0.000000e+00   507108
  1.867209e+01   3.446812e+01   3.598716e-03   0.000000e+00   504992
  1.869390e+01   3.437953e+01   1.076630e-02   0.000000e+00   492636
  1.871571e+01   3.434953e+01   0.000000e+00   0.000000e+00   490052
  1.873753e+01   3.429683e+01   2.617758e-03   0.000000e+00   477708
  1.875930e+01   3.404704e+01   1.461522e-03   0.000000e+00   473852
  1.878111e+01   3.398831e+01   1.287387e-02   0.000000e+00   464174
  1.880290e+01   3.390541e+01   5.473154e-03   0.000000e+00   459096
  1.882468e+01   3.397765e+01   7.967385e-03   0.000000e+00   449582
  1.884648e+01   3.395830e+01   1.384186e-02   0.000000e+00   445812
  1.886826e+01   3.374208e+01   8.015867e-03   0.000000e+00   435134
  1.889008e+01   3.374838e+01   4.204072e-03   0.000000e+00   433590
  1.891188e+01   3.372771e+01   0.000000e+00   0.000000e+00   421070
  1.893367e+01   3.376515e+01   0.000000e+00   0.000000e+00   419940
  1.895551e+01   3.354721e+01   6.899851e-03   0.000000e+00   409714
  1.897726e+01   3.347936e+01   0.000000e+00   0.000000e+00   404182
  1.899907e+01   3.350093e+01   5.921766e-03   0.000000e+00   398518
  1.902089e+01   3.334481e+01   7.629266e-03   0.000000e+00   392302
  1.904268e+01   3.332407e+01   7.531137e-03   0.000000e+00   385486
  1.906454e+01   3.314400e+01   6.505945e-03   0.000000e+00   381550
  1.908632e+01   3.317903e+01   0.000000e+00   0.000000e+00   370826
  1.910811e+01   3.317621e+01   0.000000e+00   0.000000e+00   370014
  1.912992e+01   3.307819e+01   6.505465e-03   0.000000e+00   359910
  1.915171e+01   3.303813e+01   1.077544e-02   0.000000e+00   357416
  1.917350e+01   3.304550e+01   1.080846e-02   0.000000e+00   348174
  1.919528e+01   3.285064e+01   1.062686e-02   0.000000e+00   346010
  1.921707e+01   3.276954e+01   1.004060e-02   0.000000e+00   337094
  1.923891e+01   3.285915e+01   1.127311e-02   0.000000e+00   336360
  1.926072e+01   3.280580e+01   6.659013e-03   0.000000e+00   325206
  1.928250e+01   3.282993e+01   1.252296e-02   0.000000e+00   324614
  1.930429e+01   3.277983e+01   6.994710e-03   0.000000e+00   314760
  1.932610e+01   3.274845e+01   3.427201e-03   0.000000e+00   314114
  1.934788e+01   3.283049e+01   8.361565e-03   0.000000e+00   303918
  1.936967e+01   3.276458e+01   0.000000e+00   0.000000e+00   303872
  1.939151e+01   3.268956e+01   5.783536e-03   0.000000e+00   295062
  1.941331e+01   3.257051e+01   8.647016e-03   0.000000e+00   292784
  1.943512e+01   3.251568e+01   0.000000e+00   0.000000e+00   285198
  1.945690e+01   3.249352e+01   0.000000e+00   0.000000e+00   282068
  1.947870e+01   3.250303e+01   0.000000e+00   0.000000e+00   275958
  1.950049e+01   3.246693e+01   1.061304e-02   0.000000e+00   272072
  1.952227e+01   3.253879e+01   5.527357e-03   0.000000e+00   266352
  1.954408e+01   3.233349e+01   1.770799e-03   0.000000e+00   263198
  1.956586e+01   3.254969e+01   8.167363e-03   0.000000e+00   256524
  1.958768e+01   3.234489e+01   6.162297e-03   0.000000e+00   254774
  1.960948e+01   3.251234e+01   5.355359e-03   0.000000e+00   246888
  1.963129e+01   3.233888e+01   0.000000e+00   0.000000e+00   245984
  1.965308e+01   3.224487e+01   1.015590e-03   0.000000e+00   237822
  1.967487e+01   3.222869e+01   0.000000e+00   0.000000e+00   236948
  1.969666e+01   3.251304e+01   0.000000e+00   0.000000e+00   229296
  1.971849e+01   3.232326e+01   3.606037e-03   0.000000e+00   228968
  1.974031e+01   3.241497e+01   1.169494e-02   0.000000e+00   220894
  1.976213e+01   3.239199e+01   8.394019e-03   0.000000e+00   220408
  1.978394e+01   3.220904e+01   1.070563e-03   0.000000e+00   212400
  1.980574e+01   3.222204e+01   2.836188e-03   0.000000e+00   212228
  1.982756e+01   3.221217e+01   1.024061e-02   0.000000e+00   204502
  1.984936e+01   3.218644e+01   4.962783e-03   0.000000e+00   203944
  1.987114e+01   3.228806e+01   8.353042e-03   0.000000e+00   196272
  1.989293e+01   3.237020e+01   7.588642e-03   0.000000e+00   196280
  1.991471e+01   3.234526e+01   5.699434e-03   0.000000e+00   188604
  1.993649e+01   3.218179e+01   7.120368e-03   0.000000e+00   188408
  1.995828e+01   3.234326e+01   2.105627e-03   0.000000e+00   181566
  1.998007e+01   3.223695e+01   6.159406e-03   0.000000e+00   180920
  2.000187e+01   3.244015e+01   7.672009e-03   0.000000e+00   174304
  2.002366e+01   3.244138e+01   0.000000e+00   0.000000e+00   173620
  2.004546e+01   3.223833e+01   8.141751e-03   0.000000e+00   167432
  2.006730e+01   3.229030e+01   5.974391e-03   0.000000e+00   166944
  2.008907e+01   3.273650e+01   1.035056e-02   0.000000e+00   159704
  2.011089e+01   3.215149e+01   7.104108e-03   0.000000e+00   160464
  2.013267e+01   3.240314e+01   5.876226e-03   0.000000e+00   152756
  2.015448e+01   3.216888e+01   9.851793e-03   0.000000e+00   153912
  2.017628e+01   3.247840e+01   1.061537e-02   0.000000e+00   146024
  2.019805e+01   3.223597e+01   1.667581e-02   0.000000e+00   147168
  2.021986e+01   3.243395e+01   9.718355e-03   0.000000e+00   140000
  2.024165e+01   3.248288e+01   0.000000e+00   0.000000e+00   140580
  2.026347e+01   3.244557e+01   8.897194e-03   0.000000e+00   134112
  2.028527e+01   3.222701e+01   1.437678e-02   0.000000e+00   134264
  2.030708e+01   3.255315e+01   9.159281e-03   0.000000e+00   128000
  2.032888e+01   3.261550e+01   1.170227e-02   0.000000e+00   128124
  2.035072e+01   3.232533e+01   7.769520e-03   0.000000e+00   122472
  2.037251e+01   3.229311e+01   1.173343e-02   0.000000e+00   121808
  2.039430e+01   3.280521e+01   3.291857e-03   0.000000e+00   116592
  2.041607e+01   3.281933e+01   0.000000e+00   0.000000e+00   116072
  2.043787e+01   3.266631e+01   1.234612e-02   0.000000e+00   111156
  2.045969e+01   3.289078e+01   0.000000e+00   0.000000e+00   110864
  2.048150e+01   3.299768e+01   0.000000e+00   0.000000e+00   105464
  2.050333e+01   3.328151e+01   6.479615e-03   0.000000e+00   105738
  2.052512e+01   3.295337e+01   9.154074e-03   0.000000e+00   99824
  2.054692e+01   3.290512e+01   0.000000e+00   0.000000e+00   100452
  2.056869e+01   3.310218e+01   1.154033e-02   0.000000e+00   94608
  2.059050e+01   3.322192e+01   6.207998e-03   0.000000e+00   95456
  2.061227e+01   3.341265e+01   1.200482e-02   0.000000e+00   89688
  2.063410e+01   3.326629e+01   9.602420e-03   0.000000e+00   90632
  2.065586e+01   3.365048e+01   8.571398e-03   0.000000e+00   84558
  2.067767e+01   3.370695e+01   5.986619e-03   0.000000e+00   86096
  2.069944e+01   3.379796e+01   6.794276e-03   0.000000e+00   79632
  2.072120e+01   3.375380e+01   1.197062e-02   0.000000e+00   81416
  2.074301e+01   3.382193e+01   9.549741e-03   0.000000e+00   75348
  2.076477e+01   3.389741e+01   0.000000e+00   0.000000e+00   76712
  2.078659e+01   3.403857e+01   1.179954e-02   0.000000e+00   71322
  2.080840e+01   3.444293e+01   4.289019e-03   0.000000e+00   72248
  2.083022e+01   3.399593e+01   0.000000e+00   0.000000e+00   67152
  2.085201e+01   3.445757e+01   0.000000e+00   0.000000e+00   67844
  2.087377e+01   3.421351e+01   0.000000e+00   0.000000e+00   62976
  2.089559e+01   3.442228e+01   0.000000e+00   0.000000e+00   63914
  2.091732e+01   3.454728e+01   0.000000e+00   0.000000e+00   58824
  2.093914e+01   3.493884e+01   1.251384e-02   0.000000e+00   60116
  2.096086e+01   3.499804e+01   0.000000e+00   0.000000e+00   54888
  2.098280e+01   3.493107e+01   0.000000e+00   0.000000e+00   57002
  2.100457e+01   3.508066e+01   0.000000e+00   0.000000e+00   50760
  2.102640e+01   3.545723e+01   1.034051e-02   0.000000e+00   53312
  2.104817e+01   3.610043e+01   9.198232e-03   0.000000e+00   47124
  2.106998e+01   3.588955e+01   0.000000e+00   0.000000e+00   49850
  2.109177e+01   3.607820e+01   1.222591e-02   0.000000e+00   43680
  2.111352e+01   3.544862e+01   2.702012e-03   0.000000e+00   46328
  2.113537e+01   3.620235e+01   0.000000e+00   0.000000e+00   40686
  2.115715e+01   3.555551e+01   9.008572e-03   0.000000e+00   42992
  2.117903e+01   3.643410e+01   6.325593e-03   0.000000e+00   37656
  2.120076e+01   3.607244e+01   5.666445e-03   0.000000e+00   39578
  2.122264e+01   3.636612e+01   7.590363e-03   0.000000e+00   34928
  2.124438e+01   3.640131e+01   5.378480e-03   0.000000e+00   36300
  2.126618e+01   3.663377e+01   3.560852e-03   0.000000e+00   32136
  2.128796e+01   3.701407e+01   1.267351e-02   0.000000e+00   33362
  2.130968e+01   3.777559e+01   1.050208e-02   0.000000e+00   29336
  2.133154e+01   3.771133e+01   9.512104e-03   0.000000e+00   30804
  2.135320e+01   3.735781e+01   9.095375e-03   0.000000e+00   26490
  2.137510e+01   3.741928e+01   1.119996e-02   0.000000e+00   28376
  2.139670e+01   3.826342e+01   7.426719e-03   0.000000e+00   23792
  2.141867e+01   3.767122e+01   0.000000e+00   0.000000e+00   26142
  2.144022e+01   3.867738e+01   4.830074e-03   0.000000e+00   21192
  2.146225e+01   3.794410e+01   1.129925e-03   0.000000e+00   24050
  2.148382e+01   3.915968e+01   1.046743e-02   0.000000e+00   18768
  2.150591e+01   3.781688e+01   7.952017e-03   0.000000e+00   22052
  2.152744e+01   3.907363e+01   8.125519e-03   0.000000e+00   16346
  2.154949e+01   3.867306e+01   1.242332e-02   0.000000e+00   20136
  2.157105e+01   3.954591e+01   0.000000e+00   0.000000e+00   14168
  2.159303e+01   3.901776e+01   6.682296e-03   0.000000e+00   18210
  2.161458e+01   4.029408e+01   0.000000e+00   0.000000e+00   12204
  2.163648e+01   3.954132e+01   1.105733e-02   0.000000e+00   16346
  2.165815e+01   4.003201e+01   0.000000e+00   0.000000e+00   10536
  2.167995e+01   4.027341e+01   7.982974e-03   0.000000e+00   14456
  2.170160e+01   4.040014e+01   0.000000e+00   0.000000e+00   8982
  2.172340e+01   4.103188e+01   5.004785e-03   0.000000e+00   12752
  2.174499e+01   4.101624e+01   0.000000e+00   0.000000e+00   7506
  2.176680e+01   4.087704e+01   6.508425e-03   0.000000e+00   11192
  2.178835e+01   4.145230e+01   0.000000e+00   0.000000e+00   6156
  2.181015e+01   4.206955e+01   5.144537e-03   0.000000e+00   9722
  2.183176e+01   4.286915e+01   7.570326e-03   0.000000e+00   5000
  2.185349e+01   4.206195e+01   5.660070e-03   0.000000e+00   8298
  2.187517e+01   4.225998e+01   8.100283e-03   0.000000e+00   3996
  2.189679e+01   4.394896e+01   6.821825e-03   0.000000e+00   6938
  2.191859e+01   4.349530e+01   0.000000e+00   0.000000e+00   3168
  2.194001e+01   4.299923e+01   0.000000e+00   0.000000e+00   5624
  2.196189e+01   4.132944e+01   0.000000e+00   0.000000e+00   2502
  2.198321e+01   4.588263e+01   1.343449e-02   0.000000e+00   4424
  2.200515e+01   4.660567e+01   0.000000e+00   0.000000e+00   1938
  2.202644e+01   4.248590e+01   9.191431e-03   0.000000e+00   3368
  2.204845e+01   4.701714e+01   0.000000e+00   0.000000e+00   1446
  2.206971e+01   4.484743e+01   1.235298e-02   0.000000e+00   2456
  2.209180e+01   4.943220e+01   0.000000e+00   0.000000e+00   1026
  2.211300e+01   4.741012e+01   8.784089e-03   0.000000e+00   1688
  2.213519e+01   4.531058e+01   0.000000e+00   0.000000e+00   678
  2.215628e+01   5.207990e+01   0.000000e+00   0.000000e+00   1064
  2.217863e+01   4.958443e+01   0.000000e+00   0.000000e+00   402
  2.219952e+01   5.199901e+01   1.963533e-03   0.000000e+00   584
  2.222211e+01   5.513597e+01   4.295040e-03   0.000000e+00   198
  2.224258e+01   5.188218e+01   0.000000e+00   0.000000e+00   248
  2.226563e+01   4.940883e+01   0.000000e+00   0.000000e+00   66
  2.228482e+01   5.608986e+01   0.000000e+00   0.000000e+00   56
  2.230919e+01   3.096716e+01   3.777286e-03   0.000000e+00   6
