# power spectrum of velocity
# redshift z=1.404800
# k              Pk             sigma(k)       sigma(Pk)      count
  3.212440e-02   5.713040e-07   4.915339e-03   4.344448e-08   18
  5.615613e-02   6.783149e-07   5.945059e-03   2.265827e-08   62
  7.815808e-02   7.358996e-07   4.112744e-03   2.184169e-08   90
  9.898783e-02   6.141481e-07   6.490772e-03   1.554425e-08   170
  1.206652e-01   5.323358e-07   6.746473e-03   1.298950e-08   246
  1.418326e-01   5.352321e-07   6.431734e-03   1.266071e-08   338
  1.627221e-01   4.628784e-07   5.529486e-03   1.142234e-08   432
  1.842373e-01   4.491441e-07   5.664946e-03   1.054413e-08   578
  2.072002e-01   3.998569e-07   6.772075e-03   9.038455e-09   810
  2.303547e-01   3.486912e-07   6.480384e-03   8.157965e-09   950
  2.517847e-01   3.432897e-07   5.785063e-03   7.898624e-09   1002
  2.732112e-01   3.198731e-07   6.616244e-03   6.699512e-09   1334
  2.948935e-01   3.008499e-07   6.196170e-03   6.354044e-09   1410
  3.155343e-01   2.786516e-07   6.190496e-03   5.691975e-09   1652
  3.371087e-01   2.566912e-07   6.109282e-03   5.051930e-09   1974
  3.592470e-01   2.438312e-07   5.988009e-03   4.607890e-09   2234
  3.814465e-01   2.372542e-07   6.299517e-03   4.260729e-09   2554
  4.040079e-01   2.084904e-07   6.593104e-03   3.603740e-09   2950
  4.261031e-01   1.963957e-07   6.171339e-03   3.351924e-09   3042
  4.475593e-01   1.841775e-07   6.293558e-03   3.107794e-09   3422
  4.688647e-01   1.793817e-07   6.073955e-03   2.962410e-09   3618
  4.903170e-01   1.692388e-07   6.323437e-03   2.598496e-09   4172
  5.121345e-01   1.657177e-07   6.117225e-03   2.503203e-09   4470
  5.340670e-01   1.572517e-07   6.251277e-03   2.258779e-09   4970
  5.560786e-01   1.542465e-07   6.280253e-03   2.076634e-09   5334
  5.781031e-01   1.421993e-07   6.450693e-03   1.837862e-09   5810
  5.998654e-01   1.394678e-07   6.409345e-03   1.738600e-09   6114
  6.217707e-01   1.298207e-07   6.530951e-03   1.551293e-09   6782
  6.431254e-01   1.300196e-07   5.957963e-03   1.595668e-09   6684
  6.642909e-01   1.212903e-07   6.157953e-03   1.419866e-09   7574
  6.862389e-01   1.180146e-07   6.219599e-03   1.285600e-09   8154
  7.081165e-01   1.127427e-07   6.187604e-03   1.172127e-09   8618
  7.303591e-01   1.081903e-07   6.484699e-03   1.087232e-09   9494
  7.523947e-01   1.046362e-07   6.256015e-03   1.067122e-09   9618
  7.741349e-01   1.017668e-07   6.355473e-03   9.893536e-10   10306
  7.959832e-01   9.828389e-08   6.413480e-03   9.172236e-10   10942
  8.177624e-01   9.465628e-08   6.261913e-03   8.710344e-10   11452
  8.395216e-01   9.017946e-08   6.152107e-03   8.212885e-10   12046
  8.610922e-01   8.642203e-08   6.044835e-03   7.755286e-10   12522
  8.829136e-01   8.549326e-08   6.318016e-03   7.277494e-10   13562
  9.049170e-01   8.190096e-08   6.428896e-03   6.891775e-10   14182
  9.269487e-01   7.951292e-08   6.491323e-03   6.439686e-10   14986
  9.486001e-01   7.854965e-08   6.173884e-03   6.453725e-10   14982
  9.702086e-01   7.460027e-08   6.417981e-03   5.766890e-10   16388
  9.919845e-01   7.354187e-08   6.166571e-03   5.735548e-10   16626
  1.013613e+00   7.025635e-08   6.255647e-03   5.378789e-10   17678
  1.035416e+00   6.900540e-08   6.158740e-03   5.087260e-10   18354
  1.057131e+00   6.679947e-08   6.210828e-03   4.820054e-10   19034
  1.078922e+00   6.385831e-08   6.366064e-03   4.466957e-10   20142
  1.101075e+00   6.268225e-08   6.512142e-03   4.309030e-10   21386
  1.122981e+00   6.157965e-08   6.235641e-03   4.192168e-10   21318
  1.144701e+00   5.934844e-08   6.300582e-03   3.988369e-10   22676
  1.166585e+00   5.701435e-08   6.235939e-03   3.617122e-10   23322
  1.188296e+00   5.530566e-08   6.158201e-03   3.601657e-10   24134
  1.210051e+00   5.521840e-08   6.266818e-03   3.480034e-10   25146
  1.231844e+00   5.292316e-08   6.237302e-03   3.233220e-10   26030
  1.253522e+00   5.130170e-08   6.271636e-03   3.096162e-10   26674
  1.275438e+00   5.105593e-08   6.447348e-03   2.958069e-10   28570
  1.297190e+00   4.897992e-08   6.231011e-03   2.867549e-10   28224
  1.319017e+00   4.754381e-08   6.443381e-03   2.723238e-10   30626
  1.340851e+00   4.636633e-08   6.030021e-03   2.646989e-10   30158
  1.362345e+00   4.483994e-08   6.179225e-03   2.491305e-10   31674
  1.384205e+00   4.381209e-08   6.384316e-03   2.359636e-10   33306
  1.405955e+00   4.288962e-08   6.184302e-03   2.333149e-10   33422
  1.427691e+00   4.149659e-08   6.346094e-03   2.199029e-10   35298
  1.449762e+00   4.092524e-08   6.349318e-03   2.099616e-10   36650
  1.471642e+00   3.981323e-08   6.289296e-03   2.026917e-10   36992
  1.493506e+00   3.859622e-08   6.346513e-03   1.947193e-10   38730
  1.515377e+00   3.724066e-08   6.190955e-03   1.813362e-10   39246
  1.537115e+00   3.645706e-08   6.289857e-03   1.769694e-10   40466
  1.558745e+00   3.496001e-08   6.132384e-03   1.702505e-10   41170
  1.580541e+00   3.500933e-08   6.399137e-03   1.667180e-10   43534
  1.602393e+00   3.363449e-08   6.163055e-03   1.571286e-10   43650
  1.624065e+00   3.308009e-08   6.238771e-03   1.513299e-10   45272
  1.646022e+00   3.210996e-08   6.349655e-03   1.448378e-10   47098
  1.667932e+00   3.126304e-08   6.240224e-03   1.403325e-10   47746
  1.689682e+00   3.105978e-08   6.278924e-03   1.371024e-10   48870
  1.711323e+00   2.982773e-08   6.125662e-03   1.306199e-10   49682
  1.732919e+00   2.916694e-08   6.164416e-03   1.257189e-10   51222
  1.754755e+00   2.860690e-08   6.389169e-03   1.203881e-10   53378
  1.776523e+00   2.782514e-08   6.140022e-03   1.160030e-10   53634
  1.798480e+00   2.702489e-08   6.464215e-03   1.091877e-10   56888
  1.820495e+00   2.676902e-08   6.231730e-03   1.075725e-10   56650
  1.842349e+00   2.584376e-08   6.370305e-03   1.019433e-10   58786
  1.864151e+00   2.530969e-08   6.197902e-03   9.987067e-11   59214
  1.885888e+00   2.467810e-08   6.417802e-03   9.441022e-11   61250
  1.907579e+00   2.416699e-08   6.228940e-03   9.338358e-11   61686
  1.929197e+00   2.372452e-08   6.249613e-03   9.037542e-11   63626
  1.951078e+00   2.301520e-08   6.365983e-03   8.554563e-11   66204
  1.973054e+00   2.285749e-08   6.381207e-03   8.408880e-11   67094
  1.994825e+00   2.181197e-08   6.239271e-03   7.897007e-11   67890
  2.016632e+00   2.142471e-08   6.200707e-03   7.601314e-11   70334
  2.038412e+00   2.109970e-08   6.101172e-03   7.437345e-11   70626
  2.060030e+00   2.065471e-08   6.354253e-03   7.216086e-11   72554
  2.081795e+00   2.022605e-08   6.375402e-03   6.941991e-11   74550
  2.103570e+00   1.975438e-08   6.253727e-03   6.692559e-11   75674
  2.125330e+00   1.957618e-08   6.210804e-03   6.572035e-11   77564
  2.147357e+00   1.874873e-08   6.387572e-03   6.186633e-11   80766
  2.169283e+00   1.844489e-08   6.159017e-03   6.035030e-11   80202
  2.191089e+00   1.809045e-08   6.253246e-03   5.771789e-11   83102
  2.212948e+00   1.784919e-08   6.281102e-03   5.705891e-11   83890
  2.234695e+00   1.736310e-08   6.313174e-03   5.469436e-11   85522
  2.256358e+00   1.693442e-08   6.125534e-03   5.248219e-11   86670
  2.278108e+00   1.675429e-08   6.224014e-03   5.105382e-11   89588
  2.300002e+00   1.638683e-08   6.388473e-03   4.924459e-11   91038
  2.321830e+00   1.608158e-08   6.236448e-03   4.817859e-11   92522
  2.343607e+00   1.574575e-08   6.173072e-03   4.639664e-11   94242
  2.365564e+00   1.541710e-08   6.402029e-03   4.476339e-11   97550
  2.387333e+00   1.517300e-08   6.431137e-03   4.391255e-11   96250
  2.408901e+00   1.491444e-08   6.337094e-03   4.248358e-11   99166
  2.430592e+00   1.456491e-08   6.135255e-03   4.081853e-11   100932
  2.452445e+00   1.432426e-08   6.421089e-03   3.937050e-11   104306
  2.474338e+00   1.402978e-08   6.360904e-03   3.826608e-11   104990
  2.496208e+00   1.383222e-08   6.142357e-03   3.737631e-11   107874
  2.518065e+00   1.354746e-08   5.812295e-03   3.633279e-11   108322
  2.539856e+00   1.333175e-08   5.664366e-03   3.486600e-11   111454
  2.561651e+00   1.308094e-08   6.173295e-03   3.397333e-11   112002
  2.583331e+00   1.290867e-08   6.246595e-03   3.333867e-11   114158
  2.605052e+00   1.263886e-08   6.125633e-03   3.205608e-11   116148
  2.626859e+00   1.245081e-08   6.370179e-03   3.132729e-11   118754
  2.648709e+00   1.221647e-08   6.407174e-03   3.026991e-11   120942
  2.670617e+00   1.200237e-08   6.179608e-03   2.944700e-11   123170
  2.692405e+00   1.188848e-08   6.480421e-03   2.901449e-11   123638
  2.714170e+00   1.157238e-08   5.995805e-03   2.767028e-11   126858
  2.735911e+00   1.142299e-08   6.303472e-03   2.719699e-11   127698
  2.757628e+00   1.130865e-08   6.333050e-03   2.637540e-11   130640
  2.779438e+00   1.115803e-08   6.273018e-03   2.567924e-11   132642
  2.801231e+00   1.097247e-08   6.189814e-03   2.491653e-11   134534
  2.823107e+00   1.078731e-08   6.284890e-03   2.407958e-11   137954
  2.845110e+00   1.064247e-08   6.240327e-03   2.338311e-11   140610
  2.866910e+00   1.050127e-08   6.354635e-03   2.313611e-11   139590
  2.888613e+00   1.038816e-08   6.422944e-03   2.250967e-11   143546
  2.910426e+00   1.023184e-08   6.057839e-03   2.191062e-11   145338
  2.932171e+00   1.007047e-08   6.314473e-03   2.144930e-11   147272
  2.953990e+00   9.940517e-09   6.396600e-03   2.079397e-11   150434
  2.975845e+00   9.797615e-09   6.116056e-03   2.015027e-11   152214
  2.997586e+00   9.669043e-09   6.337899e-03   1.979912e-11   153186
  3.019451e+00   9.566543e-09   6.440289e-03   1.923011e-11   158642
  3.041284e+00   9.408344e-09   5.867549e-03   1.893886e-11   157350
  3.063029e+00   9.292116e-09   6.271619e-03   1.833779e-11   161906
  3.084707e+00   9.256029e-09   6.149859e-03   1.824973e-11   160824
  3.106486e+00   9.110238e-09   6.806537e-03   1.745496e-11   167906
  3.128394e+00   8.972814e-09   6.209360e-03   1.723102e-11   167578
  3.150121e+00   8.905022e-09   6.207382e-03   1.689636e-11   169798
  3.171939e+00   8.788097e-09   6.324444e-03   1.644493e-11   173586
  3.193801e+00   8.690581e-09   6.451624e-03   1.614535e-11   175274
  3.215606e+00   8.647442e-09   6.419186e-03   1.587621e-11   177654
  3.237447e+00   8.563377e-09   6.351954e-03   1.549217e-11   180698
  3.259295e+00   8.447186e-09   6.246460e-03   1.518029e-11   182680
  3.281082e+00   8.366142e-09   6.623633e-03   1.495515e-11   184138
  3.302826e+00   8.274722e-09   6.258802e-03   1.456451e-11   187138
  3.324687e+00   8.217235e-09   6.249553e-03   1.424570e-11   191134
  3.346490e+00   8.098022e-09   6.304658e-03   1.393333e-11   191010
  3.368231e+00   8.042634e-09   5.397801e-03   1.369195e-11   195134
  3.389965e+00   7.942324e-09   6.430860e-03   1.351474e-11   195810
  3.411738e+00   7.912957e-09   6.438913e-03   1.315589e-11   201140
  3.433527e+00   7.828528e-09   6.539285e-03   1.299834e-11   201054
  3.455268e+00   7.795098e-09   6.296400e-03   1.280663e-11   205250
  3.477072e+00   7.702183e-09   5.944492e-03   1.248957e-11   207366
  3.498877e+00   7.670635e-09   6.806153e-03   1.234702e-11   210578
  3.520704e+00   7.586174e-09   6.161842e-03   1.207132e-11   213066
  3.542604e+00   7.561861e-09   6.471378e-03   1.186654e-11   217382
  3.564400e+00   7.459611e-09   6.231756e-03   1.172410e-11   216306
  3.586098e+00   7.421158e-09   6.209190e-03   1.151957e-11   220652
  3.607944e+00   7.370855e-09   6.497061e-03   1.132647e-11   224622
  3.629834e+00   7.324673e-09   5.631682e-03   1.113027e-11   227066
  3.651650e+00   7.280571e-09   6.100583e-03   1.103614e-11   228574
  3.673425e+00   7.233783e-09   5.412006e-03   1.079522e-11   231466
  3.695182e+00   7.199114e-09   6.099636e-03   1.072010e-11   233946
  3.717021e+00   7.129883e-09   6.699230e-03   1.044797e-11   238694
  3.738783e+00   7.095157e-09   6.448990e-03   1.042873e-11   238068
  3.760557e+00   7.068408e-09   6.333941e-03   1.018168e-11   244190
  3.782429e+00   7.006122e-09   6.151880e-03   1.008383e-11   245634
  3.804200e+00   7.003398e-09   6.653172e-03   9.971485e-12   248090
  3.826003e+00   6.916483e-09   6.124314e-03   9.781960e-12   251958
  3.847817e+00   6.882274e-09   6.526233e-03   9.654613e-12   254042
  3.869552e+00   6.859138e-09   6.126722e-03   9.572580e-12   255714
  3.891385e+00   6.820672e-09   6.664577e-03   9.359420e-12   262358
  3.913228e+00   6.782769e-09   5.960632e-03   9.330461e-12   261900
  3.935101e+00   6.769099e-09   6.415819e-03   9.212177e-12   268646
  3.956880e+00   6.737184e-09   6.129558e-03   9.173379e-12   265578
  3.978614e+00   6.660884e-09   6.129983e-03   8.871445e-12   273290
  4.000417e+00   6.642356e-09   6.235154e-03   8.826080e-12   273678
  4.022239e+00   6.610317e-09   6.520469e-03   8.714073e-12   279698
  4.044065e+00   6.582226e-09   7.261351e-03   8.645210e-12   279630
  4.065782e+00   6.572192e-09   5.874010e-03   8.588584e-12   283004
  4.087606e+00   6.547393e-09   5.914954e-03   8.465278e-12   288330
  4.109443e+00   6.496955e-09   6.319147e-03   8.358095e-12   289718
  4.131204e+00   6.485024e-09   6.293152e-03   8.319482e-12   292290
  4.152902e+00   6.462500e-09   6.065942e-03   8.238650e-12   294134
  4.174679e+00   6.422024e-09   6.161816e-03   8.054993e-12   300642
  4.196557e+00   6.395090e-09   6.574328e-03   8.020641e-12   303386
  4.218347e+00   6.388441e-09   6.962163e-03   7.979696e-12   304662
  4.240158e+00   6.341158e-09   6.045717e-03   7.814992e-12   309812
  4.261988e+00   6.331823e-09   6.257060e-03   7.806855e-12   311570
  4.283882e+00   6.316978e-09   6.075355e-03   7.660135e-12   318270
  4.305677e+00   6.297789e-09   6.733807e-03   7.708383e-12   315090
  4.327395e+00   6.285517e-09   5.878146e-03   7.571542e-12   322646
  4.349163e+00   6.252842e-09   6.066325e-03   7.529823e-12   322722
  4.370956e+00   6.225327e-09   6.663407e-03   7.398732e-12   329930
  4.392819e+00   6.218762e-09   6.658730e-03   7.367114e-12   331824
  4.414683e+00   6.181314e-09   6.065086e-03   7.261124e-12   336266
  4.436481e+00   6.157277e-09   6.318206e-03   7.219536e-12   336094
  4.458226e+00   6.145073e-09   6.015731e-03   7.157480e-12   341386
  4.480014e+00   6.121730e-09   6.351131e-03   7.080357e-12   344338
  4.501786e+00   6.108629e-09   6.483293e-03   7.042587e-12   347638
  4.523580e+00   6.090914e-09   6.063078e-03   6.950147e-12   351618
  4.545354e+00   6.074032e-09   6.303445e-03   6.906185e-12   353792
  4.567196e+00   6.063742e-09   6.167378e-03   6.856766e-12   360538
  4.589110e+00   6.028930e-09   6.023899e-03   6.766309e-12   363250
  4.610876e+00   6.018810e-09   6.571999e-03   6.755879e-12   362334
  4.632692e+00   5.994398e-09   5.403049e-03   6.647724e-12   371642
  4.654489e+00   5.999851e-09   6.219251e-03   6.687114e-12   368794
  4.676213e+00   5.956295e-09   6.223918e-03   6.578302e-12   376510
  4.698010e+00   5.957868e-09   6.017247e-03   6.546626e-12   377994
  4.719783e+00   5.937793e-09   6.153760e-03   6.475583e-12   382760
  4.741609e+00   5.915519e-09   6.934608e-03   6.414531e-12   386674
  4.763445e+00   5.913952e-09   6.245520e-03   6.374374e-12   390298
  4.785256e+00   5.885557e-09   6.638875e-03   6.334743e-12   393142
  4.807081e+00   5.876195e-09   6.334379e-03   6.268427e-12   397762
  4.828789e+00   5.834593e-09   6.085391e-03   6.258006e-12   396270
  4.850513e+00   5.850136e-09   6.330307e-03   6.204750e-12   405194
  4.872334e+00   5.834183e-09   5.768143e-03   6.151652e-12   407580
  4.894141e+00   5.831582e-09   6.731113e-03   6.116258e-12   411782
  4.915931e+00   5.803536e-09   6.057466e-03   6.098419e-12   414114
  4.937785e+00   5.779727e-09   6.541042e-03   5.990534e-12   421562
  4.959649e+00   5.776669e-09   6.350103e-03   5.978907e-12   421910
  4.981474e+00   5.755092e-09   6.038491e-03   5.925874e-12   427818
  5.003299e+00   5.734444e-09   7.074620e-03   5.894424e-12   429430
  5.025057e+00   5.721169e-09   6.634669e-03   5.867584e-12   432322
  5.046826e+00   5.706985e-09   5.278775e-03   5.788599e-12   437428
  5.068609e+00   5.697331e-09   5.312484e-03   5.739562e-12   440590
  5.090436e+00   5.671885e-09   6.296562e-03   5.705469e-12   446770
  5.112303e+00   5.671527e-09   5.934549e-03   5.681402e-12   449782
  5.134060e+00   5.647853e-09   6.385019e-03   5.649430e-12   449706
  5.155823e+00   5.637034e-09   6.348754e-03   5.587722e-12   458042
  5.177600e+00   5.622497e-09   5.962113e-03   5.576081e-12   458158
  5.199368e+00   5.626079e-09   5.949447e-03   5.525900e-12   465124
  5.221145e+00   5.600068e-09   6.302175e-03   5.512423e-12   466230
  5.242961e+00   5.582254e-09   6.654066e-03   5.432092e-12   474386
  5.264791e+00   5.567034e-09   5.973057e-03   5.419647e-12   475178
  5.286653e+00   5.549872e-09   6.649506e-03   5.347132e-12   483558
  5.308522e+00   5.548472e-09   5.351596e-03   5.372850e-12   483354
  5.330293e+00   5.536716e-09   5.190469e-03   5.306825e-12   487178
  5.352077e+00   5.520254e-09   6.476700e-03   5.270313e-12   492006
  5.373845e+00   5.514540e-09   6.155720e-03   5.250002e-12   494852
  5.395619e+00   5.487158e-09   6.142590e-03   5.222969e-12   499502
  5.417423e+00   5.493282e-09   5.674788e-03   5.176939e-12   504618
  5.439247e+00   5.472834e-09   6.816776e-03   5.142026e-12   508506
  5.461102e+00   5.456702e-09   6.862778e-03   5.117648e-12   514406
  5.482897e+00   5.437181e-09   5.757988e-03   5.085794e-12   514026
  5.504627e+00   5.439190e-09   6.566563e-03   5.069018e-12   519230
  5.526365e+00   5.403575e-09   5.945576e-03   5.003436e-12   522620
  5.548145e+00   5.405649e-09   6.170984e-03   4.986366e-12   529458
  5.569986e+00   5.396086e-09   6.451664e-03   4.948769e-12   534078
  5.591805e+00   5.381651e-09   6.587931e-03   4.929762e-12   536666
  5.613568e+00   5.371768e-09   6.385915e-03   4.912538e-12   539270
  5.635430e+00   5.356338e-09   6.174210e-03   4.834737e-12   550530
  5.657306e+00   5.333335e-09   6.803065e-03   4.836633e-12   548474
  5.679071e+00   5.322285e-09   6.362529e-03   4.798948e-12   553518
  5.700823e+00   5.310334e-09   6.559982e-03   4.778625e-12   556116
  5.722645e+00   5.301902e-09   5.918961e-03   4.736431e-12   564890
  5.744429e+00   5.287306e-09   6.164417e-03   4.741781e-12   563718
  5.766235e+00   5.272708e-09   6.268291e-03   4.676814e-12   574298
  5.788071e+00   5.258951e-09   7.445535e-03   4.669697e-12   573966
  5.809865e+00   5.246643e-09   5.913103e-03   4.618135e-12   580586
  5.831652e+00   5.226145e-09   6.394908e-03   4.591535e-12   582666
  5.853463e+00   5.223576e-09   6.437231e-03   4.573374e-12   590648
  5.875268e+00   5.207792e-09   6.142275e-03   4.550366e-12   590578
  5.897005e+00   5.200505e-09   6.896899e-03   4.524196e-12   595990
  5.918793e+00   5.191394e-09   6.042480e-03   4.507628e-12   601778
  5.940619e+00   5.173924e-09   6.818458e-03   4.473547e-12   607578
  5.962457e+00   5.152293e-09   6.550446e-03   4.435541e-12   611294
  5.984281e+00   5.146600e-09   6.526022e-03   4.398578e-12   615498
  6.006051e+00   5.129311e-09   6.288604e-03   4.378230e-12   617274
  6.027849e+00   5.122907e-09   5.858490e-03   4.363773e-12   626360
  6.049661e+00   5.107970e-09   5.623020e-03   4.353732e-12   626658
  6.071446e+00   5.110911e-09   6.032926e-03   4.315669e-12   634022
  6.093210e+00   5.089225e-09   6.003771e-03   4.314679e-12   634554
  6.115014e+00   5.069098e-09   5.076130e-03   4.232835e-12   645026
  6.136827e+00   5.050938e-09   6.464435e-03   4.228780e-12   645182
  6.158625e+00   5.049065e-09   6.411719e-03   4.209276e-12   652938
  6.180420e+00   5.030113e-09   7.211331e-03   4.190892e-12   654336
  6.202242e+00   5.017978e-09   6.554054e-03   4.153031e-12   663242
  6.224066e+00   5.001886e-09   5.320870e-03   4.130241e-12   664002
  6.245826e+00   5.002348e-09   7.246563e-03   4.112421e-12   668990
  6.267613e+00   4.969583e-09   5.884051e-03   4.075133e-12   674554
  6.289378e+00   4.969670e-09   6.455556e-03   4.070546e-12   677158
  6.311197e+00   4.962788e-09   6.473962e-03   4.045758e-12   687306
  6.333066e+00   4.945393e-09   6.236937e-03   4.005904e-12   690290
  6.354864e+00   4.928705e-09   5.862905e-03   3.998387e-12   691992
  6.376691e+00   4.914975e-09   7.144736e-03   3.955556e-12   701402
  6.398508e+00   4.916954e-09   6.738654e-03   3.948171e-12   700826
  6.420285e+00   4.891652e-09   6.015476e-03   3.927002e-12   708726
  6.442082e+00   4.880436e-09   6.525117e-03   3.897532e-12   711690
  6.463893e+00   4.866240e-09   7.387061e-03   3.867905e-12   719606
  6.485658e+00   4.855463e-09   6.351312e-03   3.869681e-12   717810
  6.507436e+00   4.842548e-09   5.675102e-03   3.822183e-12   730412
  6.529277e+00   4.826673e-09   6.843948e-03   3.808909e-12   731782
  6.551122e+00   4.825151e-09   6.696819e-03   3.783931e-12   740458
  6.572910e+00   4.805329e-09   6.535709e-03   3.786526e-12   737494
  6.594656e+00   4.797437e-09   5.565125e-03   3.746044e-12   747298
  6.616457e+00   4.777038e-09   5.648777e-03   3.729055e-12   751762
  6.638237e+00   4.773105e-09   6.418871e-03   3.706531e-12   755470
  6.660011e+00   4.759890e-09   6.608845e-03   3.680379e-12   761442
  6.681866e+00   4.739408e-09   6.419620e-03   3.658755e-12   770816
  6.703693e+00   4.732804e-09   5.507896e-03   3.647956e-12   769242
  6.725529e+00   4.716707e-09   6.079549e-03   3.603044e-12   782162
  6.747309e+00   4.702968e-09   8.557036e-03   3.618235e-12   775230
  6.769063e+00   4.696119e-09   5.451069e-03   3.566733e-12   789866
  6.790850e+00   4.682768e-09   5.415108e-03   3.579734e-12   787938
  6.812626e+00   4.667398e-09   5.201288e-03   3.522429e-12   799574
  6.834466e+00   4.653089e-09   7.196653e-03   3.528576e-12   803028
  6.856256e+00   4.635414e-09   6.272073e-03   3.487501e-12   805574
  6.878035e+00   4.624140e-09   6.877302e-03   3.480318e-12   812034
  6.899872e+00   4.622716e-09   7.233450e-03   3.460819e-12   820970
  6.921695e+00   4.608667e-09   6.327213e-03   3.451701e-12   821174
  6.943434e+00   4.588987e-09   6.366564e-03   3.424532e-12   825186
  6.965201e+00   4.579548e-09   7.154810e-03   3.396496e-12   833142
  6.986954e+00   4.574897e-09   6.262058e-03   3.393928e-12   834788
  7.008759e+00   4.557681e-09   7.770505e-03   3.358707e-12   847858
  7.030687e+00   4.547586e-09   5.914188e-03   3.346678e-12   854278
  7.052513e+00   4.528564e-09   5.266146e-03   3.337358e-12   850914
  7.074277e+00   4.507692e-09   5.055590e-03   3.297222e-12   859250
  7.096098e+00   4.498415e-09   6.381472e-03   3.280422e-12   867126
  7.117902e+00   4.485318e-09   6.796561e-03   3.278400e-12   868274
  7.139656e+00   4.480294e-09   7.102699e-03   3.264931e-12   873606
  7.161416e+00   4.467489e-09   4.684385e-03   3.241383e-12   879284
  7.183221e+00   4.448304e-09   6.956187e-03   3.204889e-12   887666
  7.205103e+00   4.443028e-09   7.252397e-03   3.197840e-12   897030
  7.226940e+00   4.432033e-09   5.918169e-03   3.194289e-12   894378
  7.248722e+00   4.410287e-09   6.335603e-03   3.161102e-12   903254
  7.270494e+00   4.408645e-09   6.778120e-03   3.156837e-12   904562
  7.292257e+00   4.399440e-09   5.824024e-03   3.135411e-12   913362
  7.314015e+00   4.374645e-09   4.742004e-03   3.114662e-12   915592
  7.335824e+00   4.371662e-09   7.068176e-03   3.094733e-12   927946
  7.357630e+00   4.351120e-09   7.904872e-03   3.077596e-12   926094
  7.379481e+00   4.342633e-09   6.128000e-03   3.052154e-12   942890
  7.401329e+00   4.322786e-09   6.621629e-03   3.048555e-12   937266
  7.423115e+00   4.308859e-09   5.769394e-03   3.014209e-12   948854
  7.444911e+00   4.297093e-09   5.064975e-03   3.008690e-12   948714
  7.466659e+00   4.288681e-09   5.637665e-03   2.994270e-12   956186
  7.488454e+00   4.276307e-09   6.331138e-03   2.977085e-12   964272
  7.510278e+00   4.268762e-09   6.355624e-03   2.965188e-12   969458
  7.532080e+00   4.254000e-09   5.168343e-03   2.942387e-12   973358
  7.553896e+00   4.241767e-09   6.977608e-03   2.921235e-12   982098
  7.575692e+00   4.220741e-09   5.786136e-03   2.910605e-12   983178
  7.597518e+00   4.216063e-09   7.660915e-03   2.893611e-12   996350
  7.619335e+00   4.206662e-09   5.703629e-03   2.884869e-12   993530
  7.641042e+00   4.189414e-09   6.757926e-03   2.866142e-12   997848
  7.662813e+00   4.185866e-09   6.613957e-03   2.849278e-12   1010106
  7.684647e+00   4.163058e-09   6.693542e-03   2.829320e-12   1015730
  7.706452e+00   4.154629e-09   6.446574e-03   2.818396e-12   1018710
  7.728299e+00   4.133533e-09   6.512607e-03   2.782679e-12   1031282
  7.750113e+00   4.126206e-09   6.242616e-03   2.787651e-12   1027122
  7.771891e+00   4.111536e-09   6.306945e-03   2.761234e-12   1039838
  7.793682e+00   4.096861e-09   6.980028e-03   2.752337e-12   1039898
  7.815457e+00   4.093609e-09   6.795464e-03   2.735419e-12   1050288
  7.837247e+00   4.081023e-09   6.605034e-03   2.721817e-12   1052226
  7.859047e+00   4.062303e-09   4.464203e-03   2.703094e-12   1062746
  7.880874e+00   4.052859e-09   5.904092e-03   2.696626e-12   1067438
  7.902694e+00   4.044085e-09   5.834778e-03   2.670935e-12   1073730
  7.924501e+00   4.034432e-09   7.344210e-03   2.668165e-12   1078230
  7.946314e+00   4.018613e-09   5.884214e-03   2.645883e-12   1085594
  7.968081e+00   4.010150e-09   5.083459e-03   2.638890e-12   1086124
  7.989888e+00   3.991350e-09   6.473168e-03   2.611906e-12   1101310
  8.011697e+00   3.975178e-09   7.161617e-03   2.597402e-12   1098282
  8.033477e+00   3.966827e-09   4.336407e-03   2.582027e-12   1109918
  8.055303e+00   3.957844e-09   6.051880e-03   2.569049e-12   1114962
  8.077129e+00   3.944122e-09   6.745640e-03   2.558273e-12   1122962
  8.098948e+00   3.926683e-09   0.000000e+00   2.540708e-12   1125822
  8.120739e+00   3.926276e-09   6.639209e-03   2.539192e-12   1132538
  8.142508e+00   3.910759e-09   6.833376e-03   2.529893e-12   1135164
  8.164283e+00   3.895052e-09   7.120660e-03   2.506472e-12   1145654
  8.186110e+00   3.879639e-09   4.745205e-03   2.482180e-12   1152666
  8.207929e+00   3.864502e-09   6.253470e-03   2.464776e-12   1157078
  8.229715e+00   3.860057e-09   7.092419e-03   2.463073e-12   1161522
  8.251537e+00   3.843484e-09   6.653496e-03   2.442736e-12   1173050
  8.273331e+00   3.832262e-09   6.357679e-03   2.434598e-12   1171518
  8.295110e+00   3.817114e-09   7.709154e-03   2.406599e-12   1183772
  8.316871e+00   3.809159e-09   6.700534e-03   2.411028e-12   1181262
  8.338627e+00   3.797025e-09   5.804621e-03   2.389149e-12   1195490
  8.360454e+00   3.782125e-09   5.417844e-03   2.368685e-12   1202010
  8.382272e+00   3.774275e-09   5.668954e-03   2.371394e-12   1207166
  8.404086e+00   3.760296e-09   6.640133e-03   2.355499e-12   1214074
  8.425861e+00   3.745441e-09   6.788619e-03   2.337133e-12   1215334
  8.447661e+00   3.741731e-09   8.139820e-03   2.328126e-12   1229274
  8.469528e+00   3.721632e-09   6.923048e-03   2.305197e-12   1236164
  8.491337e+00   3.713387e-09   5.150353e-03   2.308797e-12   1234942
  8.513108e+00   3.699652e-09   6.127621e-03   2.287072e-12   1244410
  8.534892e+00   3.688226e-09   6.413156e-03   2.280502e-12   1249010
  8.556701e+00   3.678843e-09   7.167623e-03   2.260654e-12   1260702
  8.578489e+00   3.662466e-09   5.782932e-03   2.249663e-12   1259490
  8.600301e+00   3.654866e-09   6.024304e-03   2.230162e-12   1275662
  8.622092e+00   3.638936e-09   3.360315e-03   2.230423e-12   1270164
  8.643907e+00   3.626506e-09   5.257984e-03   2.207868e-12   1291226
  8.665715e+00   3.616524e-09   4.273454e-03   2.200114e-12   1282750
  8.687472e+00   3.606335e-09   6.213665e-03   2.185364e-12   1298146
  8.709287e+00   3.597972e-09   5.360696e-03   2.175699e-12   1301646
  8.731085e+00   3.579923e-09   5.789588e-03   2.159549e-12   1309898
  8.752898e+00   3.571898e-09   4.644238e-03   2.150866e-12   1317010
  8.774717e+00   3.557086e-09   6.543970e-03   2.136602e-12   1323814
  8.796515e+00   3.549385e-09   4.821481e-03   2.132795e-12   1326732
  8.818301e+00   3.538110e-09   7.172318e-03   2.114161e-12   1335434
  8.840144e+00   3.525778e-09   8.237668e-03   2.094165e-12   1347902
  8.861961e+00   3.515445e-09   8.775195e-03   2.095710e-12   1344786
  8.883696e+00   3.500473e-09   4.059747e-03   2.079877e-12   1351222
  8.905492e+00   3.490129e-09   5.702603e-03   2.065140e-12   1365322
  8.927320e+00   3.476785e-09   7.288405e-03   2.053290e-12   1369002
  8.949127e+00   3.471232e-09   6.459042e-03   2.042662e-12   1376456
  8.970919e+00   3.455546e-09   5.348855e-03   2.036397e-12   1379362
  8.992723e+00   3.441216e-09   6.886449e-03   2.017440e-12   1392262
  9.014530e+00   3.440737e-09   6.267727e-03   2.023269e-12   1392546
  9.036308e+00   3.421121e-09   6.899203e-03   1.999315e-12   1402754
  9.058105e+00   3.415162e-09   7.704753e-03   1.991139e-12   1408470
  9.079899e+00   3.400743e-09   3.197889e-03   1.976826e-12   1415450
  9.101646e+00   3.390515e-09   6.229295e-03   1.973169e-12   1416504
  9.123501e+00   3.382548e-09   6.436501e-03   1.952450e-12   1442354
  9.145358e+00   3.371259e-09   7.410342e-03   1.951767e-12   1431202
  9.167132e+00   3.355720e-09   6.192822e-03   1.935977e-12   1445038
  9.188912e+00   3.347039e-09   5.445216e-03   1.931951e-12   1445322
  9.210723e+00   3.330155e-09   5.951972e-03   1.908346e-12   1462778
  9.232532e+00   3.319872e-09   6.959819e-03   1.904981e-12   1459590
  9.254299e+00   3.315394e-09   6.723269e-03   1.894353e-12   1471226
  9.276120e+00   3.306107e-09   4.862267e-03   1.884147e-12   1480136
  9.297955e+00   3.288740e-09   6.461971e-03   1.871271e-12   1486530
  9.319752e+00   3.282879e-09   7.214630e-03   1.864223e-12   1488898
  9.341545e+00   3.273251e-09   5.756000e-03   1.851595e-12   1500838
  9.363364e+00   3.261205e-09   4.015591e-03   1.845902e-12   1505906
  9.385123e+00   3.253064e-09   7.403823e-03   1.840351e-12   1507062
  9.406887e+00   3.241332e-09   6.161621e-03   1.821570e-12   1519890
  9.428684e+00   3.226251e-09   7.260443e-03   1.810511e-12   1526516
  9.450526e+00   3.216357e-09   4.645326e-03   1.801523e-12   1540038
  9.472358e+00   3.207908e-09   7.436819e-03   1.795596e-12   1538810
  9.494126e+00   3.196822e-09   5.597581e-03   1.783444e-12   1545574
  9.515945e+00   3.188022e-09   9.741039e-03   1.772444e-12   1560010
  9.537752e+00   3.177331e-09   5.295909e-03   1.766026e-12   1558578
  9.559523e+00   3.168627e-09   6.739178e-03   1.757289e-12   1568990
  9.581285e+00   3.156103e-09   7.214629e-03   1.749534e-12   1571770
  9.603082e+00   3.142985e-09   6.489804e-03   1.733516e-12   1587748
  9.624911e+00   3.136257e-09   5.077352e-03   1.725754e-12   1590966
  9.646740e+00   3.125590e-09   5.277093e-03   1.719032e-12   1602554
  9.668542e+00   3.116044e-09   7.004417e-03   1.709692e-12   1601190
  9.690310e+00   3.106194e-09   6.840930e-03   1.701008e-12   1611722
  9.712077e+00   3.091248e-09   6.197568e-03   1.687310e-12   1616058
  9.733882e+00   3.089966e-09   5.991593e-03   1.679705e-12   1631942
  9.755687e+00   3.073468e-09   5.050376e-03   1.671056e-12   1630980
  9.777464e+00   3.064013e-09   6.582477e-03   1.665228e-12   1641494
  9.799295e+00   3.061593e-09   7.205672e-03   1.655408e-12   1653378
  9.821168e+00   3.044602e-09   7.337604e-03   1.642432e-12   1663730
  9.842969e+00   3.036536e-09   4.915239e-03   1.640939e-12   1656558
  9.864718e+00   3.023923e-09   7.279495e-03   1.628753e-12   1671026
  9.886517e+00   3.015553e-09   7.157064e-03   1.621278e-12   1677818
  9.908303e+00   3.010252e-09   7.836508e-03   1.613424e-12   1685454
  9.930105e+00   3.003836e-09   5.681541e-03   1.607206e-12   1694516
  9.951918e+00   2.985210e-09   5.210687e-03   1.593176e-12   1701342
  9.973727e+00   2.981156e-09   6.081112e-03   1.588350e-12   1709026
  9.995562e+00   2.972143e-09   7.232184e-03   1.577307e-12   1720354
  1.001738e+01   2.961098e-09   5.904730e-03   1.571082e-12   1721470
  1.003919e+01   2.952591e-09   6.394914e-03   1.560378e-12   1735018
  1.006096e+01   2.937063e-09   4.831553e-03   1.553647e-12   1728398
  1.008270e+01   2.931349e-09   6.829199e-03   1.545061e-12   1747116
  1.010451e+01   2.923074e-09   1.922053e-03   1.540691e-12   1753090
  1.012635e+01   2.915198e-09   5.237422e-03   1.525138e-12   1767694
  1.014817e+01   2.902456e-09   7.083551e-03   1.520400e-12   1766490
  1.016999e+01   2.896814e-09   0.000000e+00   1.514379e-12   1780478
  1.019179e+01   2.887916e-09   9.203443e-03   1.508620e-12   1781050
  1.021358e+01   2.878229e-09   4.894492e-03   1.496633e-12   1792018
  1.023535e+01   2.872188e-09   6.510821e-03   1.492497e-12   1794366
  1.025713e+01   2.862815e-09   6.058819e-03   1.481280e-12   1808276
  1.027893e+01   2.855337e-09   6.787490e-03   1.477805e-12   1812522
  1.030075e+01   2.844615e-09   7.855715e-03   1.466125e-12   1827758
  1.032259e+01   2.831728e-09   4.738831e-03   1.458640e-12   1829466
  1.034437e+01   2.826375e-09   7.464702e-03   1.451397e-12   1835534
  1.036613e+01   2.815068e-09   6.285959e-03   1.445484e-12   1840906
  1.038793e+01   2.807872e-09   6.512470e-03   1.436901e-12   1857130
  1.040971e+01   2.802507e-09   4.895580e-03   1.435608e-12   1854264
  1.043148e+01   2.791212e-09   5.363083e-03   1.420613e-12   1871090
  1.045330e+01   2.784058e-09   6.158674e-03   1.415046e-12   1876926
  1.047511e+01   2.773100e-09   6.787338e-03   1.406472e-12   1884530
  1.049690e+01   2.767567e-09   5.591362e-03   1.405576e-12   1891506
  1.051874e+01   2.758560e-09   6.580962e-03   1.393906e-12   1907798
  1.054058e+01   2.749924e-09   8.042241e-03   1.387853e-12   1907378
  1.056236e+01   2.742754e-09   6.449539e-03   1.383923e-12   1912506
  1.058413e+01   2.730801e-09   3.970533e-03   1.373360e-12   1923048
  1.060596e+01   2.728046e-09   7.596414e-03   1.367309e-12   1936730
  1.062777e+01   2.717268e-09   6.055218e-03   1.360846e-12   1936686
  1.064956e+01   2.710287e-09   7.170779e-03   1.352972e-12   1950290
  1.067137e+01   2.696922e-09   2.902807e-03   1.344785e-12   1953002
  1.069318e+01   2.691960e-09   6.277173e-03   1.337676e-12   1969110
  1.071499e+01   2.684319e-09   2.027040e-03   1.333877e-12   1969050
  1.073678e+01   2.677392e-09   6.809628e-03   1.326194e-12   1980392
  1.075857e+01   2.671503e-09   8.184431e-03   1.322491e-12   1984770
  1.078035e+01   2.661681e-09   5.638627e-03   1.315804e-12   1995506
  1.080217e+01   2.652034e-09   7.330575e-03   1.304252e-12   2007806
  1.082398e+01   2.646265e-09   6.405744e-03   1.303660e-12   2010474
  1.084577e+01   2.636791e-09   7.010543e-03   1.295401e-12   2018182
  1.086758e+01   2.630585e-09   6.284282e-03   1.287176e-12   2033554
  1.088936e+01   2.624413e-09   7.380511e-03   1.289144e-12   2026266
  1.091115e+01   2.615724e-09   4.767107e-03   1.275434e-12   2054480
  1.093297e+01   2.606116e-09   5.102702e-03   1.273384e-12   2044770
  1.095473e+01   2.601996e-09   7.405199e-03   1.267326e-12   2062394
  1.097654e+01   2.596677e-09   6.748148e-03   1.260408e-12   2069982
  1.099836e+01   2.586722e-09   7.896403e-03   1.252303e-12   2079434
  1.102015e+01   2.578623e-09   6.696505e-03   1.246537e-12   2083038
  1.104197e+01   2.572864e-09   5.179266e-03   1.240255e-12   2098850
  1.106376e+01   2.567379e-09   6.538765e-03   1.238628e-12   2095436
  1.108556e+01   2.557375e-09   6.767417e-03   1.228203e-12   2117406
  1.110738e+01   2.554246e-09   6.208778e-03   1.227325e-12   2115426
  1.112912e+01   2.544630e-09   6.027908e-03   1.219545e-12   2118878
  1.115091e+01   2.539258e-09   6.872323e-03   1.213412e-12   2140026
  1.117274e+01   2.533367e-09   7.345145e-03   1.209206e-12   2147234
  1.119455e+01   2.525657e-09   6.536460e-03   1.203785e-12   2150662
  1.121634e+01   2.518474e-09   6.000587e-03   1.199963e-12   2159842
  1.123814e+01   2.511105e-09   6.749550e-03   1.192552e-12   2168384
  1.125996e+01   2.504142e-09   8.362273e-03   1.184595e-12   2183178
  1.128179e+01   2.496917e-09   6.290183e-03   1.180395e-12   2184770
  1.130357e+01   2.493770e-09   6.984994e-03   1.176829e-12   2192190
  1.132533e+01   2.485671e-09   7.608556e-03   1.172579e-12   2196242
  1.134715e+01   2.481473e-09   5.377106e-03   1.164870e-12   2220714
  1.136897e+01   2.471794e-09   7.572176e-03   1.162784e-12   2215758
  1.139078e+01   2.467245e-09   6.901787e-03   1.154870e-12   2233988
  1.141258e+01   2.460221e-09   8.442163e-03   1.152218e-12   2231670
  1.143435e+01   2.456239e-09   4.256145e-03   1.146537e-12   2244338
  1.145617e+01   2.449898e-09   5.617497e-03   1.139475e-12   2258610
  1.147799e+01   2.444026e-09   5.462130e-03   1.135653e-12   2260718
  1.149976e+01   2.437799e-09   6.593106e-03   1.131042e-12   2268162
  1.152154e+01   2.432958e-09   5.916495e-03   1.127462e-12   2277494
  1.154333e+01   2.428229e-09   5.391489e-03   1.121817e-12   2288796
  1.156517e+01   2.420100e-09   1.084211e-02   1.116524e-12   2305226
  1.158699e+01   2.414801e-09   5.638168e-03   1.114117e-12   2301630
  1.160880e+01   2.409649e-09   0.000000e+00   1.107087e-12   2319770
  1.163059e+01   2.406659e-09   7.330324e-03   1.109806e-12   2315610
  1.165237e+01   2.398317e-09   5.862123e-03   1.098412e-12   2334662
  1.167415e+01   2.392825e-09   8.663836e-03   1.096624e-12   2335722
  1.169596e+01   2.388752e-09   4.893670e-03   1.090021e-12   2354102
  1.171776e+01   2.383431e-09   7.764432e-03   1.086904e-12   2355236
  1.173959e+01   2.378721e-09   6.719419e-03   1.080693e-12   2374170
  1.176141e+01   2.374569e-09   5.271591e-03   1.079911e-12   2373286
  1.178322e+01   2.368529e-09   7.993449e-03   1.074132e-12   2388010
  1.180499e+01   2.364378e-09   1.179172e-03   1.073614e-12   2383470
  1.182676e+01   2.360078e-09   5.181082e-03   1.068171e-12   2404994
  1.184856e+01   2.354438e-09   4.373452e-03   1.062901e-12   2408642
  1.187034e+01   2.348773e-09   6.531170e-03   1.060434e-12   2417640
  1.189215e+01   2.345342e-09   6.602806e-03   1.056177e-12   2434994
  1.191399e+01   2.340385e-09   7.312099e-03   1.051895e-12   2437998
  1.193580e+01   2.333369e-09   6.290156e-03   1.046933e-12   2448194
  1.195761e+01   2.329730e-09   0.000000e+00   1.045370e-12   2455890
  1.197939e+01   2.328214e-09   3.858293e-03   1.042881e-12   2461526
  1.200118e+01   2.322009e-09   6.814777e-03   1.036856e-12   2474034
  1.202296e+01   2.316447e-09   6.634693e-03   1.035040e-12   2476482
  1.204476e+01   2.314538e-09   5.197906e-03   1.028833e-12   2497256
  1.206659e+01   2.310701e-09   6.698123e-03   1.027989e-12   2502978
  1.208840e+01   2.304422e-09   2.861619e-03   1.023206e-12   2508422
  1.211019e+01   2.302130e-09   6.951946e-03   1.022005e-12   2518482
  1.213201e+01   2.298037e-09   8.697107e-03   1.018231e-12   2532074
  1.215379e+01   2.293971e-09   9.366051e-03   1.018707e-12   2526710
  1.217556e+01   2.292701e-09   7.293812e-03   1.014163e-12   2548986
  1.219735e+01   2.285698e-09   6.283938e-03   1.008727e-12   2551704
  1.221915e+01   2.285751e-09   4.896267e-03   1.006295e-12   2566226
  1.224096e+01   2.281651e-09   5.043984e-03   1.004118e-12   2573898
  1.226279e+01   2.274693e-09   5.405313e-03   9.989683e-13   2589182
  1.228459e+01   2.274895e-09   6.986605e-03   1.001898e-12   2584970
  1.230639e+01   2.269873e-09   5.442481e-03   9.953434e-13   2605110
  1.232819e+01   2.265697e-09   4.979311e-03   9.926679e-13   2606834
  1.234998e+01   2.264396e-09   5.108720e-03   9.899449e-13   2620770
  1.237177e+01   2.261306e-09   6.930477e-03   9.881940e-13   2626560
  1.239356e+01   2.256704e-09   6.701341e-03   9.853855e-13   2636762
  1.241536e+01   2.253726e-09   7.713860e-03   9.835832e-13   2647698
  1.243721e+01   2.253812e-09   5.971898e-03   9.782320e-13   2668166
  1.245904e+01   2.248427e-09   6.076173e-03   9.793163e-13   2660586
  1.248082e+01   2.246535e-09   6.084851e-03   9.766037e-13   2676494
  1.250259e+01   2.244767e-09   7.249039e-03   9.777948e-13   2674306
  1.252436e+01   2.240524e-09   5.113600e-03   9.723740e-13   2696980
  1.254617e+01   2.238963e-09   5.655511e-03   9.709413e-13   2703622
  1.256798e+01   2.237163e-09   8.399957e-03   9.679443e-13   2713186
  1.258977e+01   2.234021e-09   7.769097e-03   9.688236e-13   2718702
  1.261160e+01   2.231847e-09   7.512191e-03   9.609200e-13   2742194
  1.263341e+01   2.228975e-09   0.000000e+00   9.647081e-13   2733162
  1.265520e+01   2.227283e-09   4.490626e-03   9.614154e-13   2757590
  1.267700e+01   2.227741e-09   4.156454e-03   9.625325e-13   2752010
  1.269877e+01   2.225313e-09   8.095299e-03   9.599369e-13   2769036
  1.272059e+01   2.221271e-09   6.277747e-03   9.561868e-13   2783046
  1.274241e+01   2.221002e-09   0.000000e+00   9.547753e-13   2789378
  1.276421e+01   2.220559e-09   9.020505e-03   9.553760e-13   2799582
  1.278604e+01   2.219590e-09   6.489049e-03   9.536735e-13   2811170
  1.280784e+01   2.217625e-09   0.000000e+00   9.527052e-13   2812706
  1.282964e+01   2.217121e-09   5.969307e-03   9.496769e-13   2833254
  1.285143e+01   2.212369e-09   7.577632e-03   9.495999e-13   2827292
  1.287320e+01   2.214948e-09   8.017246e-03   9.515251e-13   2846838
  1.289499e+01   2.210028e-09   6.026322e-03   9.476558e-13   2846535
  1.291678e+01   2.203763e-09   6.740163e-03   9.435175e-13   2848496
  1.293859e+01   2.196720e-09   7.151555e-03   9.409305e-13   2841564
  1.296041e+01   2.188076e-09   8.057084e-03   9.352695e-13   2843000
  1.298221e+01   2.179509e-09   7.664181e-03   9.342069e-13   2826624
  1.300400e+01   2.172962e-09   7.899789e-03   9.277472e-13   2828732
  1.302580e+01   2.167396e-09   4.494167e-03   9.279157e-13   2819560
  1.304760e+01   2.159340e-09   5.905846e-03   9.247029e-13   2819284
  1.306939e+01   2.153580e-09   5.635728e-03   9.217212e-13   2805856
  1.309118e+01   2.144511e-09   7.280274e-03   9.157853e-13   2810440
  1.311299e+01   2.139465e-09   6.442981e-03   9.157896e-13   2800608
  1.313480e+01   2.131032e-09   8.125167e-03   9.094471e-13   2798144
  1.315659e+01   2.124305e-09   7.157894e-03   9.084528e-13   2787376
  1.317839e+01   2.119288e-09   8.008143e-03   9.036056e-13   2790616
  1.320021e+01   2.111698e-09   6.338105e-03   9.014739e-13   2779552
  1.322198e+01   2.102096e-09   7.208792e-03   8.967139e-13   2768452
  1.324376e+01   2.095543e-09   2.250115e-03   8.931541e-13   2771296
  1.326557e+01   2.089453e-09   3.471374e-03   8.901295e-13   2764924
  1.328738e+01   2.082799e-09   3.842409e-03   8.878531e-13   2762264
  1.330922e+01   2.073707e-09   7.715097e-03   8.829250e-13   2760216
  1.333101e+01   2.067813e-09   1.588144e-03   8.829679e-13   2737932
  1.335280e+01   2.065067e-09   8.627729e-03   8.791650e-13   2752280
  1.337461e+01   2.056282e-09   6.710208e-03   8.783219e-13   2728764
  1.339639e+01   2.047323e-09   6.556641e-03   8.692037e-13   2736368
  1.341819e+01   2.041788e-09   5.026307e-03   8.708245e-13   2719920
  1.343999e+01   2.036404e-09   9.774580e-03   8.652997e-13   2727152
  1.346180e+01   2.029428e-09   0.000000e+00   8.633379e-13   2708352
  1.348361e+01   2.022937e-09   0.000000e+00   8.599187e-13   2718584
  1.350541e+01   2.015337e-09   0.000000e+00   8.590237e-13   2694300
  1.352722e+01   2.011147e-09   9.305150e-03   8.540107e-13   2709440
  1.354904e+01   2.005914e-09   2.728654e-03   8.557952e-13   2682108
  1.357079e+01   1.998683e-09   4.880346e-03   8.508744e-13   2684912
  1.359258e+01   1.992243e-09   8.441606e-03   8.471062e-13   2678892
  1.361438e+01   1.986043e-09   6.454572e-03   8.448572e-13   2674748
  1.363619e+01   1.978461e-09   9.496892e-03   8.404263e-13   2670216
  1.365799e+01   1.975168e-09   6.338865e-03   8.396611e-13   2659436
  1.367980e+01   1.967362e-09   5.818002e-03   8.352845e-13   2659752
  1.370163e+01   1.961095e-09   6.470453e-03   8.322337e-13   2654300
  1.372343e+01   1.955318e-09   3.156500e-03   8.323435e-13   2640852
  1.374522e+01   1.947530e-09   5.001280e-03   8.261563e-13   2638124
  1.376700e+01   1.942400e-09   1.005950e-02   8.256047e-13   2628228
  1.378881e+01   1.938602e-09   3.913882e-03   8.223269e-13   2630936
  1.381063e+01   1.931864e-09   8.887351e-03   8.212737e-13   2619032
  1.383242e+01   1.924896e-09   5.400091e-03   8.181358e-13   2610804
  1.385422e+01   1.922524e-09   6.065360e-03   8.168756e-13   2609408
  1.387604e+01   1.915051e-09   8.276764e-03   8.127032e-13   2602764
  1.389782e+01   1.907621e-09   6.878953e-03   8.108931e-13   2588540
  1.391959e+01   1.902800e-09   1.009728e-02   8.087081e-13   2587836
  1.394138e+01   1.898937e-09   8.459382e-03   8.063261e-13   2579100
  1.396317e+01   1.892520e-09   4.961798e-03   8.042889e-13   2574128
  1.398496e+01   1.885853e-09   4.985155e-03   8.006855e-13   2567588
  1.400679e+01   1.877919e-09   8.079815e-03   7.958981e-13   2572956
  1.402862e+01   1.875580e-09   7.178944e-03   7.968938e-13   2550552
  1.405041e+01   1.871137e-09   8.034923e-03   7.947978e-13   2552084
  1.407221e+01   1.863477e-09   4.984362e-03   7.921475e-13   2539404
  1.409401e+01   1.861427e-09   0.000000e+00   7.894663e-13   2541152
  1.411583e+01   1.854719e-09   9.006548e-03   7.893660e-13   2528016
  1.413762e+01   1.851110e-09   5.875968e-03   7.868799e-13   2521496
  1.415942e+01   1.844824e-09   7.115107e-03   7.845396e-13   2518092
  1.418124e+01   1.837440e-09   2.240444e-03   7.816727e-13   2511632
  1.420304e+01   1.833686e-09   0.000000e+00   7.797805e-13   2500140
  1.422483e+01   1.828890e-09   6.286835e-03   7.797760e-13   2496980
  1.424664e+01   1.827133e-09   7.197778e-03   7.793621e-13   2487428
  1.426845e+01   1.820227e-09   7.687541e-03   7.759053e-13   2486496
  1.429024e+01   1.814033e-09   1.154802e-02   7.746754e-13   2469840
  1.431203e+01   1.809790e-09   7.993330e-03   7.712310e-13   2469656
  1.433382e+01   1.803939e-09   2.917503e-03   7.706746e-13   2457036
  1.435564e+01   1.799737e-09   5.362266e-03   7.658317e-13   2462684
  1.437745e+01   1.793384e-09   4.576781e-03   7.658376e-13   2442384
  1.439924e+01   1.790927e-09   5.020958e-03   7.644896e-13   2441696
  1.442104e+01   1.786884e-09   2.968087e-03   7.631615e-13   2431164
  1.444282e+01   1.781316e-09   0.000000e+00   7.621709e-13   2423696
  1.446462e+01   1.775965e-09   9.355677e-03   7.603890e-13   2421336
  1.448644e+01   1.770930e-09   5.788725e-03   7.569964e-13   2412992
  1.450824e+01   1.766922e-09   4.964565e-03   7.555956e-13   2402732
  1.453003e+01   1.762787e-09   8.242760e-03   7.546256e-13   2396124
  1.455183e+01   1.757684e-09   7.007523e-03   7.520599e-13   2388480
  1.457364e+01   1.754127e-09   6.411371e-03   7.524458e-13   2387060
  1.459544e+01   1.748526e-09   6.733548e-03   7.506119e-13   2370268
  1.461720e+01   1.744532e-09   7.605374e-03   7.489491e-13   2363776
  1.463899e+01   1.740337e-09   5.778082e-03   7.465130e-13   2360176
  1.466080e+01   1.737563e-09   5.885702e-03   7.455948e-13   2356360
  1.468261e+01   1.731471e-09   6.107780e-03   7.436394e-13   2343240
  1.470441e+01   1.728413e-09   5.437926e-03   7.429573e-13   2340248
  1.472620e+01   1.721850e-09   6.744250e-03   7.425465e-13   2325000
  1.474801e+01   1.719591e-09   5.292833e-03   7.387106e-13   2328632
  1.476983e+01   1.713762e-09   7.970277e-03   7.395219e-13   2313100
  1.479164e+01   1.711744e-09   6.906125e-03   7.382014e-13   2310892
  1.481343e+01   1.706707e-09   7.737116e-03   7.364906e-13   2295420
  1.483523e+01   1.703677e-09   7.586349e-03   7.360307e-13   2293592
  1.485702e+01   1.701577e-09   6.143054e-03   7.373106e-13   2281400
  1.487885e+01   1.693367e-09   7.530016e-03   7.319130e-13   2285760
  1.490066e+01   1.692803e-09   3.900786e-03   7.334351e-13   2259408
  1.492244e+01   1.685659e-09   0.000000e+00   7.286092e-13   2266808
  1.494426e+01   1.682538e-09   7.498128e-03   7.300041e-13   2249348
  1.496604e+01   1.679812e-09   4.777764e-03   7.290944e-13   2244732
  1.498783e+01   1.674757e-09   9.049570e-03   7.280449e-13   2233908
  1.500963e+01   1.672564e-09   2.917084e-03   7.269283e-13   2231660
  1.503143e+01   1.668943e-09   6.294795e-03   7.275004e-13   2218736
  1.505325e+01   1.663244e-09   4.709969e-03   7.236249e-13   2217984
  1.507506e+01   1.660750e-09   9.184664e-03   7.241436e-13   2203300
  1.509686e+01   1.656981e-09   6.978290e-03   7.220193e-13   2197072
  1.511864e+01   1.654499e-09   0.000000e+00   7.239131e-13   2181992
  1.514042e+01   1.649558e-09   4.867193e-03   7.206327e-13   2183664
  1.516224e+01   1.648300e-09   7.253258e-03   7.213034e-13   2173464
  1.518406e+01   1.642487e-09   0.000000e+00   7.196162e-13   2165396
  1.520586e+01   1.639633e-09   3.404883e-03   7.201382e-13   2152784
  1.522764e+01   1.637043e-09   8.515528e-03   7.187932e-13   2147532
  1.524945e+01   1.634168e-09   2.444247e-03   7.191107e-13   2139588
  1.527128e+01   1.629782e-09   4.416591e-03   7.169674e-13   2135432
  1.529304e+01   1.627559e-09   5.882939e-03   7.186856e-13   2109256
  1.531480e+01   1.624502e-09   6.381739e-03   7.154379e-13   2117296
  1.533662e+01   1.622363e-09   4.873705e-03   7.179784e-13   2106252
  1.535843e+01   1.618084e-09   7.858325e-03   7.161828e-13   2099096
  1.538025e+01   1.613585e-09   7.814073e-03   7.143756e-13   2088384
  1.540205e+01   1.612190e-09   8.821079e-03   7.168187e-13   2078480
  1.542384e+01   1.610156e-09   5.843407e-03   7.165319e-13   2069016
  1.544564e+01   1.607128e-09   3.904503e-03   7.139304e-13   2064836
  1.546746e+01   1.603468e-09   0.000000e+00   7.157355e-13   2055420
  1.548926e+01   1.601317e-09   3.463029e-03   7.145768e-13   2043224
  1.551103e+01   1.599039e-09   8.681618e-03   7.141247e-13   2032260
  1.553285e+01   1.594927e-09   8.287527e-03   7.127687e-13   2034152
  1.555468e+01   1.592597e-09   4.538806e-03   7.147563e-13   2017644
  1.557647e+01   1.590522e-09   1.022290e-02   7.140456e-13   2010284
  1.559826e+01   1.587774e-09   1.169708e-03   7.148066e-13   1996540
  1.562004e+01   1.583478e-09   7.868469e-03   7.140116e-13   1992832
  1.564184e+01   1.582407e-09   8.769604e-03   7.127554e-13   1982400
  1.566363e+01   1.579686e-09   1.664446e-03   7.126435e-13   1972256
  1.568541e+01   1.576102e-09   7.915683e-03   7.127661e-13   1964352
  1.570722e+01   1.572768e-09   6.726551e-03   7.120728e-13   1958576
  1.572904e+01   1.572571e-09   4.550228e-03   7.124585e-13   1946940
  1.575086e+01   1.568762e-09   8.428018e-03   7.116566e-13   1942580
  1.577265e+01   1.567008e-09   1.134123e-02   7.165865e-13   1921740
  1.579444e+01   1.566089e-09   2.580161e-03   7.137744e-13   1923956
  1.581625e+01   1.561228e-09   7.347865e-03   7.144505e-13   1907896
  1.583806e+01   1.558796e-09   9.430421e-03   7.139325e-13   1906888
  1.585986e+01   1.556466e-09   8.438941e-03   7.154454e-13   1886160
  1.588163e+01   1.555061e-09   6.730053e-03   7.145445e-13   1883120
  1.590345e+01   1.554573e-09   2.284342e-03   7.164058e-13   1875140
  1.592527e+01   1.549806e-09   7.132008e-03   7.157116e-13   1865652
  1.594707e+01   1.546507e-09   7.555432e-03   7.159224e-13   1853268
  1.596887e+01   1.544208e-09   6.695351e-03   7.160862e-13   1847180
  1.599065e+01   1.543881e-09   9.206156e-03   7.177663e-13   1829604
  1.601244e+01   1.543147e-09   4.233796e-03   7.179220e-13   1829720
  1.603426e+01   1.538420e-09   8.067485e-03   7.168409e-13   1817184
  1.605606e+01   1.535182e-09   7.034806e-03   7.189610e-13   1806320
  1.607784e+01   1.537091e-09   4.960074e-03   7.198907e-13   1795536
  1.609965e+01   1.532717e-09   7.685307e-03   7.192430e-13   1791548
  1.612147e+01   1.531885e-09   6.315346e-03   7.219176e-13   1777512
  1.614327e+01   1.531174e-09   0.000000e+00   7.224148e-13   1769984
  1.616506e+01   1.526741e-09   8.273222e-03   7.229289e-13   1756248
  1.618685e+01   1.527064e-09   9.184744e-03   7.247371e-13   1749248
  1.620866e+01   1.523668e-09   6.656067e-03   7.249251e-13   1739928
  1.623047e+01   1.521590e-09   7.426600e-03   7.251697e-13   1732148
  1.625227e+01   1.520250e-09   6.471498e-03   7.262114e-13   1716964
  1.627407e+01   1.518589e-09   6.211705e-03   7.280948e-13   1712164
  1.629588e+01   1.516355e-09   9.457312e-03   7.281924e-13   1698332
  1.631769e+01   1.515400e-09   9.804405e-03   7.291297e-13   1694100
  1.633949e+01   1.514637e-09   0.000000e+00   7.331920e-13   1675412
  1.636127e+01   1.514104e-09   8.037036e-03   7.333716e-13   1670436
  1.638304e+01   1.511409e-09   4.590898e-03   7.336603e-13   1655532
  1.640486e+01   1.507805e-09   1.011914e-02   7.320328e-13   1656860
  1.642668e+01   1.507924e-09   2.957155e-03   7.378141e-13   1636484
  1.644848e+01   1.504368e-09   3.964953e-03   7.363730e-13   1633212
  1.647028e+01   1.503898e-09   5.887581e-03   7.389871e-13   1614044
  1.649207e+01   1.503442e-09   4.487429e-03   7.393462e-13   1612980
  1.651388e+01   1.501901e-09   8.858267e-03   7.422245e-13   1597036
  1.653568e+01   1.497991e-09   6.694917e-03   7.419497e-13   1590676
  1.655747e+01   1.497956e-09   4.552624e-03   7.449263e-13   1575812
  1.657925e+01   1.496152e-09   4.994372e-03   7.459021e-13   1566156
  1.660105e+01   1.495634e-09   7.824745e-03   7.463048e-13   1560980
  1.662289e+01   1.494315e-09   8.181131e-03   7.493549e-13   1549404
  1.664467e+01   1.493048e-09   0.000000e+00   7.515315e-13   1532436
  1.666645e+01   1.491577e-09   7.479812e-03   7.523894e-13   1527524
  1.668826e+01   1.492653e-09   8.326941e-03   7.566995e-13   1515204
  1.671006e+01   1.489964e-09   0.000000e+00   7.557883e-13   1506452
  1.673187e+01   1.487658e-09   2.613054e-03   7.588667e-13   1495116
  1.675363e+01   1.485295e-09   7.222538e-03   7.605292e-13   1479152
  1.677542e+01   1.485558e-09   0.000000e+00   7.622652e-13   1475400
  1.679726e+01   1.487171e-09   3.621374e-03   7.642622e-13   1467932
  1.681909e+01   1.483319e-09   7.777873e-03   7.664618e-13   1451256
  1.684089e+01   1.482887e-09   0.000000e+00   7.683579e-13   1443212
  1.686267e+01   1.482174e-09   6.451836e-03   7.732562e-13   1425648
  1.688446e+01   1.480565e-09   8.792771e-03   7.728331e-13   1423004
  1.690627e+01   1.480605e-09   5.637781e-03   7.775131e-13   1408632
  1.692809e+01   1.479030e-09   8.477052e-03   7.777732e-13   1400984
  1.694988e+01   1.479334e-09   8.393172e-03   7.826098e-13   1383180
  1.697166e+01   1.478394e-09   9.301941e-03   7.861704e-13   1378136
  1.699349e+01   1.476281e-09   9.851040e-03   7.863857e-13   1367136
  1.701532e+01   1.477067e-09   5.603503e-03   7.902020e-13   1356716
  1.703708e+01   1.476491e-09   6.104842e-03   7.973044e-13   1336908
  1.705884e+01   1.472103e-09   0.000000e+00   7.944159e-13   1332620
  1.708064e+01   1.473402e-09   7.002993e-03   7.990116e-13   1321748
  1.710247e+01   1.473283e-09   3.359826e-03   8.016210e-13   1312764
  1.712426e+01   1.470397e-09   0.000000e+00   8.032289e-13   1296636
  1.714607e+01   1.470678e-09   7.098025e-03   8.055251e-13   1291472
  1.716788e+01   1.469982e-09   1.175424e-02   8.110182e-13   1272768
  1.718967e+01   1.469289e-09   7.075160e-03   8.126649e-13   1269080
  1.721150e+01   1.468293e-09   8.052515e-03   8.174810e-13   1253696
  1.723328e+01   1.463493e-09   1.003781e-02   8.167856e-13   1241616
  1.725504e+01   1.463036e-09   7.644731e-03   8.223500e-13   1226712
  1.727685e+01   1.466739e-09   9.271037e-03   8.245030e-13   1226228
  1.729869e+01   1.465660e-09   6.962168e-03   8.318011e-13   1207848
  1.732050e+01   1.465110e-09   4.048761e-03   8.333685e-13   1198256
  1.734227e+01   1.463019e-09   7.443865e-03   8.389468e-13   1181516
  1.736407e+01   1.462305e-09   0.000000e+00   8.409843e-13   1177980
  1.738589e+01   1.464286e-09   3.117366e-03   8.451421e-13   1161756
  1.740767e+01   1.459776e-09   6.721571e-03   8.484507e-13   1150148
  1.742946e+01   1.459500e-09   5.363061e-03   8.509678e-13   1138848
  1.745125e+01   1.459327e-09   0.000000e+00   8.573415e-13   1126748
  1.747305e+01   1.461009e-09   2.872302e-03   8.621313e-13   1117652
  1.749489e+01   1.458579e-09   0.000000e+00   8.650428e-13   1107888
  1.751670e+01   1.457265e-09   5.175946e-03   8.684459e-13   1090964
  1.753849e+01   1.455877e-09   5.311634e-03   8.720517e-13   1080684
  1.756026e+01   1.455414e-09   9.535122e-03   8.778340e-13   1065660
  1.758206e+01   1.455578e-09   0.000000e+00   8.812786e-13   1061996
  1.760390e+01   1.455036e-09   5.293397e-03   8.874033e-13   1044320
  1.762569e+01   1.451225e-09   1.030875e-02   8.892960e-13   1034640
  1.764749e+01   1.450315e-09   5.631031e-03   8.966621e-13   1019172
  1.766931e+01   1.450100e-09   5.009108e-03   8.960083e-13   1013948
  1.769113e+01   1.450099e-09   1.144422e-02   9.058232e-13   996376
  1.771292e+01   1.446770e-09   0.000000e+00   9.085927e-13   985288
  1.773468e+01   1.446243e-09   0.000000e+00   9.131724e-13   969596
  1.775648e+01   1.444360e-09   1.028633e-02   9.159892e-13   964980
  1.777828e+01   1.446278e-09   8.289737e-03   9.255907e-13   947252
  1.780008e+01   1.440697e-09   9.996353e-03   9.255318e-13   939060
  1.782188e+01   1.439455e-09   6.928199e-03   9.315709e-13   922328
  1.784367e+01   1.439482e-09   3.040723e-03   9.372662e-13   913788
  1.786550e+01   1.437484e-09   1.135309e-02   9.426658e-13   902812
  1.788733e+01   1.436075e-09   8.051435e-03   9.478824e-13   888544
  1.790910e+01   1.432559e-09   9.613211e-03   9.551815e-13   872948
  1.793086e+01   1.426682e-09   0.000000e+00   9.546604e-13   862440
  1.795265e+01   1.430035e-09   5.492422e-03   9.650827e-13   851760
  1.797450e+01   1.426238e-09   9.616510e-04   9.653774e-13   841940
  1.799630e+01   1.423490e-09   5.599531e-03   9.723940e-13   822984
  1.801810e+01   1.417718e-09   5.034668e-03   9.711682e-13   816092
  1.803991e+01   1.420076e-09   0.000000e+00   9.847471e-13   799284
  1.806171e+01   1.416913e-09   1.057279e-02   9.888451e-13   791312
  1.808350e+01   1.414078e-09   5.552527e-03   9.942126e-13   772524
  1.810524e+01   1.409084e-09   6.287916e-03   9.958229e-13   762896
  1.812704e+01   1.406944e-09   4.323326e-03   1.001518e-12   750876
  1.814886e+01   1.404522e-09   6.096762e-03   1.009246e-12   739280
  1.817066e+01   1.401489e-09   6.783427e-03   1.013422e-12   724840
  1.819249e+01   1.395121e-09   4.611827e-03   1.013198e-12   714484
  1.821425e+01   1.393410e-09   7.439669e-03   1.021016e-12   695868
  1.823605e+01   1.389206e-09   9.797990e-03   1.021199e-12   691013
  1.825788e+01   1.383583e-09   6.874740e-03   1.029650e-12   673486
  1.827967e+01   1.382421e-09   8.422365e-03   1.030482e-12   666244
  1.830145e+01   1.379739e-09   6.240065e-03   1.042895e-12   651008
  1.832323e+01   1.376937e-09   0.000000e+00   1.039791e-12   644820
  1.834505e+01   1.377409e-09   0.000000e+00   1.054846e-12   632636
  1.836687e+01   1.369468e-09   9.172894e-03   1.048629e-12   625002
  1.838866e+01   1.371905e-09   5.755637e-03   1.062106e-12   611208
  1.841048e+01   1.369188e-09   0.000000e+00   1.063119e-12   607328
  1.843229e+01   1.366313e-09   0.000000e+00   1.073399e-12   592272
  1.845408e+01   1.366816e-09   0.000000e+00   1.073615e-12   587504
  1.847589e+01   1.361615e-09   1.055277e-02   1.082563e-12   575466
  1.849767e+01   1.359723e-09   0.000000e+00   1.085220e-12   568274
  1.851950e+01   1.362265e-09   0.000000e+00   1.098628e-12   559518
  1.854131e+01   1.355455e-09   5.651125e-03   1.096124e-12   551618
  1.856313e+01   1.357919e-09   5.278906e-03   1.107189e-12   542364
  1.858493e+01   1.351756e-09   8.261759e-03   1.108577e-12   534146
  1.860670e+01   1.354479e-09   1.020095e-02   1.120693e-12   525076
  1.862854e+01   1.346846e-09   0.000000e+00   1.120058e-12   519868
  1.865030e+01   1.349335e-09   4.526484e-03   1.134250e-12   507108
  1.867209e+01   1.347360e-09   3.598716e-03   1.137609e-12   504992
  1.869390e+01   1.345209e-09   1.076630e-02   1.143812e-12   492636
  1.871571e+01   1.344407e-09   0.000000e+00   1.147716e-12   490052
  1.873753e+01   1.342910e-09   2.617758e-03   1.156616e-12   477708
  1.875930e+01   1.339345e-09   1.461522e-03   1.159282e-12   473852
  1.878111e+01   1.341181e-09   1.287387e-02   1.173817e-12   464174
  1.880290e+01   1.339173e-09   5.473154e-03   1.178419e-12   459096
  1.882468e+01   1.337211e-09   7.967385e-03   1.187516e-12   449582
  1.884648e+01   1.335805e-09   1.384186e-02   1.188150e-12   445812
  1.886826e+01   1.339343e-09   8.015867e-03   1.207460e-12   435134
  1.889008e+01   1.336477e-09   4.204072e-03   1.202615e-12   433590
  1.891188e+01   1.331365e-09   0.000000e+00   1.214547e-12   421070
  1.893367e+01   1.332490e-09   0.000000e+00   1.218668e-12   419940
  1.895551e+01   1.328813e-09   6.899851e-03   1.231728e-12   409714
  1.897726e+01   1.329460e-09   0.000000e+00   1.240485e-12   404182
  1.899907e+01   1.328998e-09   5.921766e-03   1.247157e-12   398518
  1.902089e+01   1.329758e-09   7.629266e-03   1.254235e-12   392302
  1.904268e+01   1.330361e-09   7.531137e-03   1.266300e-12   385486
  1.906454e+01   1.327666e-09   6.505945e-03   1.275735e-12   381550
  1.908632e+01   1.330521e-09   0.000000e+00   1.292687e-12   370826
  1.910811e+01   1.329483e-09   0.000000e+00   1.294064e-12   370014
  1.912992e+01   1.331562e-09   6.505465e-03   1.305432e-12   359910
  1.915171e+01   1.325803e-09   1.077544e-02   1.305578e-12   357416
  1.917350e+01   1.331880e-09   1.080846e-02   1.327226e-12   348174
  1.919528e+01   1.327704e-09   1.062686e-02   1.327766e-12   346010
  1.921707e+01   1.329071e-09   1.004060e-02   1.343595e-12   337094
  1.923891e+01   1.327781e-09   1.127311e-02   1.350193e-12   336360
  1.926072e+01   1.327809e-09   6.659013e-03   1.370877e-12   325206
  1.928250e+01   1.327150e-09   1.252296e-02   1.367510e-12   324614
  1.930429e+01   1.329347e-09   6.994710e-03   1.386118e-12   314760
  1.932610e+01   1.329319e-09   3.427201e-03   1.389429e-12   314114
  1.934788e+01   1.328140e-09   8.361565e-03   1.416750e-12   303918
  1.936967e+01   1.323710e-09   0.000000e+00   1.409812e-12   303872
  1.939151e+01   1.325083e-09   5.783536e-03   1.428349e-12   295062
  1.941331e+01   1.328752e-09   8.647016e-03   1.438804e-12   292784
  1.943512e+01   1.323995e-09   0.000000e+00   1.452093e-12   285198
  1.945690e+01   1.329790e-09   0.000000e+00   1.464172e-12   282068
  1.947870e+01   1.332244e-09   0.000000e+00   1.485282e-12   275958
  1.950049e+01   1.327688e-09   1.061304e-02   1.492205e-12   272072
  1.952227e+01   1.327213e-09   5.527357e-03   1.503674e-12   266352
  1.954408e+01   1.329327e-09   1.770799e-03   1.515353e-12   263198
  1.956586e+01   1.329855e-09   8.167363e-03   1.536042e-12   256524
  1.958768e+01   1.330955e-09   6.162297e-03   1.534593e-12   254774
  1.960948e+01   1.328858e-09   5.355359e-03   1.565473e-12   246888
  1.963129e+01   1.331967e-09   0.000000e+00   1.572454e-12   245984
  1.965308e+01   1.330069e-09   1.015590e-03   1.582995e-12   237822
  1.967487e+01   1.333611e-09   0.000000e+00   1.597290e-12   236948
  1.969666e+01   1.336766e-09   0.000000e+00   1.624670e-12   229296
  1.971849e+01   1.330877e-09   3.606037e-03   1.625307e-12   228968
  1.974031e+01   1.335403e-09   1.169494e-02   1.660223e-12   220894
  1.976213e+01   1.330636e-09   8.394019e-03   1.651274e-12   220408
  1.978394e+01   1.334129e-09   1.070563e-03   1.697333e-12   212400
  1.980574e+01   1.334682e-09   2.836188e-03   1.690564e-12   212228
  1.982756e+01   1.335901e-09   1.024061e-02   1.721651e-12   204502
  1.984936e+01   1.332239e-09   4.962783e-03   1.721333e-12   203944
  1.987114e+01   1.336314e-09   8.353042e-03   1.754450e-12   196272
  1.989293e+01   1.343566e-09   7.588642e-03   1.768947e-12   196280
  1.991471e+01   1.341248e-09   5.699434e-03   1.800055e-12   188604
  1.993649e+01   1.338581e-09   7.120368e-03   1.793141e-12   188408
  1.995828e+01   1.337280e-09   2.105627e-03   1.824190e-12   181566
  1.998007e+01   1.344712e-09   6.159406e-03   1.824827e-12   180920
  2.000187e+01   1.341068e-09   7.672009e-03   1.869852e-12   174304
  2.002366e+01   1.343615e-09   0.000000e+00   1.865833e-12   173620
  2.004546e+01   1.347901e-09   8.141751e-03   1.911018e-12   167432
  2.006730e+01   1.345844e-09   5.974391e-03   1.906767e-12   166944
  2.008907e+01   1.342736e-09   1.035056e-02   1.955532e-12   159704
  2.011089e+01   1.350598e-09   7.104108e-03   1.951707e-12   160464
  2.013267e+01   1.350471e-09   5.876226e-03   1.999533e-12   152756
  2.015448e+01   1.343512e-09   9.851793e-03   1.981995e-12   153912
  2.017628e+01   1.349573e-09   1.061537e-02   2.031906e-12   146024
  2.019805e+01   1.356790e-09   1.667581e-02   2.050995e-12   147168
  2.021986e+01   1.349232e-09   9.718355e-03   2.083586e-12   140000
  2.024165e+01   1.351188e-09   0.000000e+00   2.094465e-12   140580
  2.026347e+01   1.356056e-09   8.897194e-03   2.151760e-12   134112
  2.028527e+01   1.352401e-09   1.437678e-02   2.139322e-12   134264
  2.030708e+01   1.353884e-09   9.159281e-03   2.188067e-12   128000
  2.032888e+01   1.356255e-09   1.170227e-02   2.198213e-12   128124
  2.035072e+01   1.361959e-09   7.769520e-03   2.257990e-12   122472
  2.037251e+01   1.353125e-09   1.173343e-02   2.258798e-12   121808
  2.039430e+01   1.360839e-09   3.291857e-03   2.301080e-12   116592
  2.041607e+01   1.365985e-09   0.000000e+00   2.307758e-12   116072
  2.043787e+01   1.366961e-09   1.234612e-02   2.380797e-12   111156
  2.045969e+01   1.364645e-09   0.000000e+00   2.386944e-12   110864
  2.048150e+01   1.371573e-09   0.000000e+00   2.442527e-12   105464
  2.050333e+01   1.364306e-09   6.479615e-03   2.435344e-12   105738
  2.052512e+01   1.369566e-09   9.154074e-03   2.513718e-12   99824
  2.054692e+01   1.365585e-09   0.000000e+00   2.507063e-12   100452
  2.056869e+01   1.366721e-09   1.154033e-02   2.576952e-12   94608
  2.059050e+01   1.367858e-09   6.207998e-03   2.558355e-12   95456
  2.061227e+01   1.375536e-09   1.200482e-02   2.652663e-12   89688
  2.063410e+01   1.378600e-09   9.602420e-03   2.642308e-12   90632
  2.065586e+01   1.380012e-09   8.571398e-03   2.749998e-12   84558
  2.067767e+01   1.380725e-09   5.986619e-03   2.708191e-12   86096
  2.069944e+01   1.387009e-09   6.794276e-03   2.823843e-12   79632
  2.072120e+01   1.381497e-09   1.197062e-02   2.781723e-12   81416
  2.074301e+01   1.392257e-09   9.549741e-03   2.932259e-12   75348
  2.076477e+01   1.390388e-09   0.000000e+00   2.905188e-12   76712
  2.078659e+01   1.399949e-09   1.179954e-02   3.023190e-12   71322
  2.080840e+01   1.402108e-09   4.289019e-03   2.998890e-12   72248
  2.083022e+01   1.394946e-09   0.000000e+00   3.124482e-12   67152
  2.085201e+01   1.404018e-09   0.000000e+00   3.113436e-12   67844
  2.087377e+01   1.402516e-09   0.000000e+00   3.225688e-12   62976
  2.089559e+01   1.414187e-09   0.000000e+00   3.223886e-12   63914
  2.091732e+01   1.409053e-09   0.000000e+00   3.368217e-12   58824
  2.093914e+01   1.411297e-09   1.251384e-02   3.319596e-12   60116
  2.096086e+01   1.403608e-09   0.000000e+00   3.478135e-12   54888
  2.098280e+01   1.415578e-09   0.000000e+00   3.426803e-12   57002
  2.100457e+01   1.412572e-09   0.000000e+00   3.630083e-12   50760
  2.102640e+01   1.416692e-09   1.034051e-02   3.506878e-12   53312
  2.104817e+01   1.430650e-09   9.198232e-03   3.857694e-12   47124
  2.106998e+01   1.440219e-09   0.000000e+00   3.721162e-12   49850
  2.109177e+01   1.453103e-09   1.222591e-02   3.999972e-12   43680
  2.111352e+01   1.440711e-09   2.702012e-03   3.866288e-12   46328
  2.113537e+01   1.447257e-09   0.000000e+00   4.145712e-12   40686
  2.115715e+01   1.434841e-09   9.008572e-03   4.003804e-12   42992
  2.117903e+01   1.452380e-09   6.325593e-03   4.314218e-12   37656
  2.120076e+01   1.444618e-09   5.666445e-03   4.217559e-12   39578
  2.122264e+01   1.450540e-09   7.590363e-03   4.486023e-12   34928
  2.124438e+01   1.462558e-09   5.378480e-03   4.485946e-12   36300
  2.126618e+01   1.460031e-09   3.560852e-03   4.731179e-12   32136
  2.128796e+01   1.449505e-09   1.267351e-02   4.594760e-12   33362
  2.130968e+01   1.451382e-09   1.050208e-02   4.931846e-12   29336
  2.133154e+01   1.457340e-09   9.512104e-03   4.768985e-12   30804
  2.135320e+01   1.477486e-09   9.095375e-03   5.269990e-12   26490
  2.137510e+01   1.468921e-09   1.119996e-02   5.078953e-12   28376
  2.139670e+01   1.465234e-09   7.426719e-03   5.478064e-12   23792
  2.141867e+01   1.475903e-09   0.000000e+00   5.270667e-12   26142
  2.144022e+01   1.468354e-09   4.830074e-03   5.759439e-12   21192
  2.146225e+01   1.468139e-09   1.129925e-03   5.487661e-12   24050
  2.148382e+01   1.477981e-09   1.046743e-02   6.256623e-12   18768
  2.150591e+01   1.474960e-09   7.952017e-03   5.683997e-12   22052
  2.152744e+01   1.491674e-09   8.125519e-03   6.817233e-12   16346
  2.154949e+01   1.490923e-09   1.242332e-02   6.009661e-12   20136
  2.157105e+01   1.511875e-09   0.000000e+00   7.402450e-12   14168
  2.159303e+01   1.497346e-09   6.682296e-03   6.364508e-12   18210
  2.161458e+01   1.507829e-09   0.000000e+00   7.874709e-12   12204
  2.163648e+01   1.524101e-09   1.105733e-02   6.736558e-12   16346
  2.165815e+01   1.539635e-09   0.000000e+00   8.521065e-12   10536
  2.167995e+01   1.531287e-09   7.982974e-03   7.271323e-12   14456
  2.170160e+01   1.523238e-09   0.000000e+00   9.482834e-12   8982
  2.172340e+01   1.525777e-09   5.004785e-03   7.797404e-12   12752
  2.174499e+01   1.545396e-09   0.000000e+00   1.021595e-11   7506
  2.176680e+01   1.537570e-09   6.508425e-03   8.516853e-12   11192
  2.178835e+01   1.553684e-09   0.000000e+00   1.130836e-11   6156
  2.181015e+01   1.535740e-09   5.144537e-03   8.843641e-12   9722
  2.183176e+01   1.555665e-09   7.570326e-03   1.262169e-11   5000
  2.185349e+01   1.545276e-09   5.660070e-03   9.797037e-12   8298
  2.187517e+01   1.568865e-09   8.100283e-03   1.450960e-11   3996
  2.189679e+01   1.569512e-09   6.821825e-03   1.072712e-11   6938
  2.191859e+01   1.575023e-09   0.000000e+00   1.627295e-11   3168
  2.194001e+01   1.575390e-09   0.000000e+00   1.212710e-11   5624
  2.196189e+01   1.641392e-09   0.000000e+00   1.854366e-11   2502
  2.198321e+01   1.596861e-09   1.343449e-02   1.391523e-11   4424
  2.200515e+01   1.673759e-09   0.000000e+00   2.240814e-11   1938
  2.202644e+01   1.626250e-09   9.191431e-03   1.608563e-11   3368
  2.204845e+01   1.572680e-09   0.000000e+00   2.537970e-11   1446
  2.206971e+01   1.543645e-09   1.235298e-02   1.730608e-11   2456
  2.209180e+01   1.551432e-09   0.000000e+00   2.674721e-11   1026
  2.211300e+01   1.625100e-09   8.784089e-03   2.251732e-11   1688
  2.213519e+01   1.619505e-09   0.000000e+00   3.533157e-11   678
  2.215628e+01   1.616561e-09   0.000000e+00   2.793510e-11   1064
  2.217863e+01   1.618168e-09   0.000000e+00   4.450487e-11   402
  2.219952e+01   1.563293e-09   1.963533e-03   3.648065e-11   584
  2.222211e+01   1.534975e-09   4.295040e-03   5.994893e-11   198
  2.224258e+01   1.665634e-09   0.000000e+00   6.116778e-11   248
  2.226563e+01   1.720195e-09   0.000000e+00   1.359414e-10   66
  2.228482e+01   1.895116e-09   0.000000e+00   1.566262e-10   56
  2.230919e+01   1.817401e-09   3.777286e-03   3.269972e-10   6
