# power spectrum of delta
# redshift z=1.294600
# k              Pk             sigma(k)       sigma(Pk)      count
  4.789006e-02   1.123448e-02   1.569186e-05   4.239605e-03   6
  6.772678e-02   6.060708e-02   0.000000e+00   1.318419e-02   12
  8.844750e-02   6.600109e-02   6.350197e-03   1.197232e-02   14
  1.121958e-01   1.089630e-01   5.110132e-03   1.224302e-02   48
  1.413226e-01   1.403036e-01   3.711993e-03   1.539608e-02   42
  1.551375e-01   1.305953e-01   3.695504e-03   1.769389e-02   48
  1.759035e-01   1.884414e-01   4.430317e-03   1.984809e-02   80
  1.993525e-01   2.592593e-01   3.439775e-03   2.179342e-02   90
  2.172926e-01   2.330294e-01   5.401395e-03   2.361664e-02   120
  2.427789e-01   3.239276e-01   4.539269e-03   2.359230e-02   158
  2.596594e-01   3.539045e-01   2.154172e-03   3.671187e-02   120
  2.799969e-01   3.839391e-01   4.814837e-03   2.636172e-02   186
  3.024673e-01   4.420898e-01   6.584405e-03   2.599951e-02   264
  3.207263e-01   5.291510e-01   3.554717e-03   3.727542e-02   168
  3.440233e-01   5.598592e-01   6.353114e-03   3.093200e-02   386
  3.635186e-01   4.475671e-01   3.844319e-03   3.161235e-02   192
  3.827000e-01   6.671022e-01   6.302989e-03   3.248170e-02   390
  4.042493e-01   6.030739e-01   6.599222e-03   3.148816e-02   396
  4.244941e-01   7.108677e-01   6.547168e-03   3.670751e-02   398
  4.467496e-01   7.290443e-01   6.417329e-03   2.851525e-02   576
  4.686509e-01   7.336036e-01   6.510439e-03   3.585149e-02   444
  4.878078e-01   9.568620e-01   5.874003e-03   3.799660e-02   590
  5.096214e-01   9.402713e-01   6.432479e-03   3.552858e-02   648
  5.308979e-01   1.006376e+00   5.692893e-03   4.240788e-02   654
  5.498012e-01   1.070684e+00   4.722042e-03   4.011795e-02   636
  5.709321e-01   1.125281e+00   7.079544e-03   3.715039e-02   830
  5.907593e-01   1.227398e+00   5.095999e-03   4.239813e-02   792
  6.110328e-01   1.272016e+00   5.241142e-03   4.861421e-02   804
  6.317957e-01   1.379922e+00   6.468770e-03   4.545782e-02   1038
  6.518970e-01   1.405351e+00   5.066866e-03   4.452189e-02   936
  6.736844e-01   1.364991e+00   5.920520e-03   3.989690e-02   1130
  6.934320e-01   1.542324e+00   5.498096e-03   4.598679e-02   1104
  7.151093e-01   1.588809e+00   6.112917e-03   4.608502e-02   1230
  7.349322e-01   1.728998e+00   6.212201e-03   4.636291e-02   1260
  7.550713e-01   1.764186e+00   5.373821e-03   4.852733e-02   1286
  7.778485e-01   1.719061e+00   6.513251e-03   4.162564e-02   1728
  7.994312e-01   1.894644e+00   5.758260e-03   5.278736e-02   1392
  8.199442e-01   2.080046e+00   5.459920e-03   4.997336e-02   1626
  8.409694e-01   1.972926e+00   6.470306e-03   4.806431e-02   1760
  8.620805e-01   2.111762e+00   5.346546e-03   5.285121e-02   1686
  8.819824e-01   2.156152e+00   5.425087e-03   5.065935e-02   1812
  9.023318e-01   2.297071e+00   6.253163e-03   5.079475e-02   1862
  9.231285e-01   2.400993e+00   5.577898e-03   5.002591e-02   2160
  9.440529e-01   2.496702e+00   5.701804e-03   5.907375e-02   1956
  9.651054e-01   2.471100e+00   6.405607e-03   4.855207e-02   2454
  9.856496e-01   2.695634e+00   5.007566e-03   5.728788e-02   2048
  1.006269e+00   2.811523e+00   6.514920e-03   5.587308e-02   2538
  1.026621e+00   2.988097e+00   5.450501e-03   5.943207e-02   2400
  1.047192e+00   3.154511e+00   6.482426e-03   6.398824e-02   2526
  1.067717e+00   3.016736e+00   6.428646e-03   5.621981e-02   2856
  1.089126e+00   3.176696e+00   6.045743e-03   5.885498e-02   2804
  1.110271e+00   3.384137e+00   6.270330e-03   6.406846e-02   2958
  1.130394e+00   3.594074e+00   6.090740e-03   6.423637e-02   2976
  1.151629e+00   3.550921e+00   6.085785e-03   6.211043e-02   3194
  1.171511e+00   3.816562e+00   6.068103e-03   6.911973e-02   3120
  1.193046e+00   3.823023e+00   6.127131e-03   6.511451e-02   3606
  1.213599e+00   3.924073e+00   5.596187e-03   6.746368e-02   3276
  1.233621e+00   3.901521e+00   6.355793e-03   6.337609e-02   3600
  1.254220e+00   4.195395e+00   5.584221e-03   7.120592e-02   3638
  1.274050e+00   4.430115e+00   5.957277e-03   6.999363e-02   3744
  1.295503e+00   4.460433e+00   6.142577e-03   6.986965e-02   4170
  1.316011e+00   4.481050e+00   5.810579e-03   7.289468e-02   3984
  1.336899e+00   4.675407e+00   5.939597e-03   7.236548e-02   4334
  1.357509e+00   4.735221e+00   5.434611e-03   7.122959e-02   4284
  1.377862e+00   4.919544e+00   6.586002e-03   7.399237e-02   4374
  1.399143e+00   5.191401e+00   5.813462e-03   7.513881e-02   5016
  1.420103e+00   5.125993e+00   5.618773e-03   8.086054e-02   4580
  1.440995e+00   5.292778e+00   6.629637e-03   7.490077e-02   5142
  1.462309e+00   5.468529e+00   6.338534e-03   7.774723e-02   5184
  1.483176e+00   5.577890e+00   4.947565e-03   7.980335e-02   5058
  1.503228e+00   5.658664e+00   5.897393e-03   7.560261e-02   5384
  1.524670e+00   5.706781e+00   6.695675e-03   0.000000e+00   5622
  1.545353e+00   5.804101e+00   5.626483e-03   0.000000e+00   5736
  1.565950e+00   6.207629e+00   5.124271e-03   0.000000e+00   5596
  1.586643e+00   6.270721e+00   6.407070e-03   0.000000e+00   6070
  1.607167e+00   6.355682e+00   4.962312e-03   0.000000e+00   6096
  1.628581e+00   6.587432e+00   6.089030e-03   0.000000e+00   6474
  1.648392e+00   6.753226e+00   5.864426e-03   0.000000e+00   6024
  1.669580e+00   6.881712e+00   5.902786e-03   0.000000e+00   7070
  1.690573e+00   7.012369e+00   4.771623e-03   0.000000e+00   6516
  1.710709e+00   7.142247e+00   5.782154e-03   0.000000e+00   6936
  1.731728e+00   7.360507e+00   5.831487e-03   0.000000e+00   7110
  1.752060e+00   7.579865e+00   4.346631e-03   0.000000e+00   7244
  1.773569e+00   7.697696e+00   6.348308e-03   0.000000e+00   7878
  1.794402e+00   7.649049e+00   6.126340e-03   0.000000e+00   7344
  1.814575e+00   7.897472e+00   6.416535e-03   0.000000e+00   7694
  1.835593e+00   8.131147e+00   6.195086e-03   0.000000e+00   8412
  1.856699e+00   8.194757e+00   6.433873e-03   0.000000e+00   7920
  1.876759e+00   8.519923e+00   5.480448e-03   0.000000e+00   8118
  1.897178e+00   8.398919e+00   6.304957e-03   0.000000e+00   8548
  1.917951e+00   8.749780e+00   6.416240e-03   0.000000e+00   8710
  1.938549e+00   9.206909e+00   5.549815e-03   0.000000e+00   8928
  1.959695e+00   9.191651e+00   6.082924e-03   0.000000e+00   9186
  1.979981e+00   9.353414e+00   6.565980e-03   0.000000e+00   9200
  2.000891e+00   9.218312e+00   5.649917e-03   0.000000e+00   9438
  2.021278e+00   9.531878e+00   7.976797e-03   0.000000e+00   9564
  2.042231e+00   9.662017e+00   6.148976e-03   0.000000e+00   10296
  2.063682e+00   1.000069e+01   5.425155e-03   0.000000e+00   10126
  2.083777e+00   1.006152e+01   6.730726e-03   0.000000e+00   10024
  2.105151e+00   1.040719e+01   4.764637e-03   0.000000e+00   11082
  2.126137e+00   1.046958e+01   7.271538e-03   0.000000e+00   10632
  2.146648e+00   1.059886e+01   5.326134e-03   0.000000e+00   10734
  2.167370e+00   1.086219e+01   6.445526e-03   0.000000e+00   11276
  2.188085e+00   1.120668e+01   5.747932e-03   0.000000e+00   11352
  2.208991e+00   1.128947e+01   6.005624e-03   0.000000e+00   11550
  2.229512e+00   1.141088e+01   5.640861e-03   0.000000e+00   11772
  2.250338e+00   1.185526e+01   7.032115e-03   0.000000e+00   12038
  2.270908e+00   1.170449e+01   8.661922e-03   0.000000e+00   12096
  2.291762e+00   1.201929e+01   7.008535e-03   0.000000e+00   12582
  2.312386e+00   1.206210e+01   2.277838e-03   0.000000e+00   12620
  2.333484e+00   1.236082e+01   7.342447e-03   0.000000e+00   13320
  2.354132e+00   1.226565e+01   6.619310e-03   0.000000e+00   12654
  2.374385e+00   1.268246e+01   1.310404e-03   0.000000e+00   13236
  2.394940e+00   1.269593e+01   9.613264e-03   0.000000e+00   13438
  2.415712e+00   1.273955e+01   9.262015e-03   0.000000e+00   14344
  2.437236e+00   1.323078e+01   5.903855e-03   0.000000e+00   14226
  2.457572e+00   1.365528e+01   4.672744e-03   0.000000e+00   14088
  2.478175e+00   1.364065e+01   0.000000e+00   0.000000e+00   14328
  2.498827e+00   1.377052e+01   6.447094e-03   0.000000e+00   14954
  2.519760e+00   1.426227e+01   4.986005e-03   0.000000e+00   15480
  2.540776e+00   1.395439e+01   6.665178e-03   0.000000e+00   14862
  2.560688e+00   1.423437e+01   8.166951e-03   0.000000e+00   15296
  2.581597e+00   1.437731e+01   7.696714e-03   0.000000e+00   15954
  2.602086e+00   1.466991e+01   6.443768e-03   0.000000e+00   15720
  2.622579e+00   1.478060e+01   2.864058e-03   0.000000e+00   16296
  2.643691e+00   1.525154e+01   3.978615e-03   0.000000e+00   17010
  2.664189e+00   1.537801e+01   3.701888e-03   0.000000e+00   16328
  2.684811e+00   1.536876e+01   3.363058e-03   0.000000e+00   17094
  2.705495e+00   1.563678e+01   8.569570e-03   0.000000e+00   17436
  2.726415e+00   1.568891e+01   8.758414e-03   0.000000e+00   17862
  2.747423e+00   1.595130e+01   7.402905e-03   0.000000e+00   18200
  2.768585e+00   1.584106e+01   1.594815e-03   0.000000e+00   18450
  2.789287e+00   1.637515e+01   3.924367e-03   0.000000e+00   18384
  2.809940e+00   1.627793e+01   5.910285e-03   0.000000e+00   18504
  2.830568e+00   1.660593e+01   4.377009e-03   0.000000e+00   19142
  2.851613e+00   1.681618e+01   5.926559e-03   0.000000e+00   19692
  2.872433e+00   1.661754e+01   5.933118e-03   0.000000e+00   19062
  2.892804e+00   1.711743e+01   0.000000e+00   0.000000e+00   20184
  2.913860e+00   1.754234e+01   7.487969e-03   0.000000e+00   19970
  2.934397e+00   1.739323e+01   0.000000e+00   0.000000e+00   20496
  2.955536e+00   1.740052e+01   8.589925e-03   0.000000e+00   21456
  2.976109e+00   1.760387e+01   5.930427e-03   0.000000e+00   19650
  2.996304e+00   1.824383e+01   9.628706e-03   0.000000e+00   22040
  3.017594e+00   1.824374e+01   1.286329e-02   0.000000e+00   21558
  3.038152e+00   1.822847e+01   0.000000e+00   0.000000e+00   21804
  3.058764e+00   1.838225e+01   8.024289e-03   0.000000e+00   21926
  3.079309e+00   1.869621e+01   9.499978e-03   0.000000e+00   22416
  3.099937e+00   1.887520e+01   8.504581e-03   0.000000e+00   22776
  3.121147e+00   1.927665e+01   6.494191e-03   0.000000e+00   23874
  3.141984e+00   1.925915e+01   0.000000e+00   0.000000e+00   23104
  3.162701e+00   1.972095e+01   0.000000e+00   0.000000e+00   23974
  3.183467e+00   1.965349e+01   1.377362e-02   0.000000e+00   23892
  3.203872e+00   1.972398e+01   0.000000e+00   0.000000e+00   23550
  3.224418e+00   2.011887e+01   6.668308e-03   0.000000e+00   25320
  3.245288e+00   2.012254e+01   1.181142e-02   0.000000e+00   24428
  3.265710e+00   2.017204e+01   8.170541e-03   0.000000e+00   25254
  3.286619e+00   2.030947e+01   0.000000e+00   0.000000e+00   26016
  3.307231e+00   2.033483e+01   0.000000e+00   0.000000e+00   25182
  3.328033e+00   2.083403e+01   3.839685e-03   0.000000e+00   27428
  3.349135e+00   2.080963e+01   5.312951e-03   0.000000e+00   25974
  3.369438e+00   2.093525e+01   8.771890e-03   0.000000e+00   26904
  3.390059e+00   2.103899e+01   3.099080e-03   0.000000e+00   26730
  3.410702e+00   2.120042e+01   0.000000e+00   0.000000e+00   27896
  3.431859e+00   2.152958e+01   1.040941e-02   0.000000e+00   28992
  3.453270e+00   2.171912e+01   2.494111e-03   0.000000e+00   28698
  3.473700e+00   2.209219e+01   0.000000e+00   0.000000e+00   27816
  3.494572e+00   2.193040e+01   0.000000e+00   0.000000e+00   29774
  3.515450e+00   2.202801e+01   6.793510e-03   0.000000e+00   29148
  3.535861e+00   2.222178e+01   0.000000e+00   0.000000e+00   28806
  3.556422e+00   2.251381e+01   1.151183e-02   0.000000e+00   30408
  3.577217e+00   2.252743e+01   0.000000e+00   0.000000e+00   30320
  3.598191e+00   2.288981e+01   0.000000e+00   0.000000e+00   30930
  3.619128e+00   2.293362e+01   0.000000e+00   0.000000e+00   31656
  3.639581e+00   2.285882e+01   0.000000e+00   0.000000e+00   30086
  3.660128e+00   2.322467e+01   1.329010e-02   0.000000e+00   32724
  3.680836e+00   2.305187e+01   7.973468e-03   0.000000e+00   30846
  3.701403e+00   2.364973e+01   2.505619e-03   0.000000e+00   33480
  3.722425e+00   2.358610e+01   1.069714e-02   0.000000e+00   32724
  3.742979e+00   2.372214e+01   6.854475e-03   0.000000e+00   32894
  3.763829e+00   2.391753e+01   0.000000e+00   0.000000e+00   34200
  3.784682e+00   2.386072e+01   8.583068e-03   0.000000e+00   33594
  3.805162e+00   2.415946e+01   0.000000e+00   0.000000e+00   34336
  3.826056e+00   2.406861e+01   1.742750e-03   0.000000e+00   34822
  3.846791e+00   2.442176e+01   0.000000e+00   0.000000e+00   35472
  3.867411e+00   2.465933e+01   0.000000e+00   0.000000e+00   34404
  3.887970e+00   2.500810e+01   0.000000e+00   0.000000e+00   36222
  3.908577e+00   2.464708e+01   6.170888e-03   0.000000e+00   35984
  3.929394e+00   2.494737e+01   8.931358e-03   0.000000e+00   36570
  3.950032e+00   2.524247e+01   0.000000e+00   0.000000e+00   37176
  3.970896e+00   2.519379e+01   0.000000e+00   0.000000e+00   37406
  3.991673e+00   2.520486e+01   0.000000e+00   0.000000e+00   38052
  4.012282e+00   2.536088e+01   0.000000e+00   0.000000e+00   37590
  4.033174e+00   2.591473e+01   1.058017e-02   0.000000e+00   39480
  4.053854e+00   2.552817e+01   0.000000e+00   0.000000e+00   38260
  4.074528e+00   2.565428e+01   1.009326e-02   0.000000e+00   39646
  4.095623e+00   2.594567e+01   5.752790e-03   0.000000e+00   40944
  4.116542e+00   2.614707e+01   0.000000e+00   0.000000e+00   39678
  4.137149e+00   2.615211e+01   0.000000e+00   0.000000e+00   40804
  4.157880e+00   2.617112e+01   0.000000e+00   0.000000e+00   40606
  4.178646e+00   2.606263e+01   1.384182e-02   0.000000e+00   42216
  4.199540e+00   2.632088e+01   0.000000e+00   0.000000e+00   41532
  4.220177e+00   2.636059e+01   0.000000e+00   0.000000e+00   41990
  4.240665e+00   2.673775e+01   1.470451e-02   0.000000e+00   42360
  4.261570e+00   2.704144e+01   5.776783e-03   0.000000e+00   43530
  4.282349e+00   2.693774e+01   8.277784e-03   0.000000e+00   43848
  4.303062e+00   2.690863e+01   0.000000e+00   0.000000e+00   42870
  4.323842e+00   2.719789e+01   1.431760e-02   0.000000e+00   46160
  4.344700e+00   2.714962e+01   5.700925e-03   0.000000e+00   43380
  4.365240e+00   2.741151e+01   0.000000e+00   0.000000e+00   45294
  4.385850e+00   2.744527e+01   1.321566e-02   0.000000e+00   45744
  4.406925e+00   2.778120e+01   0.000000e+00   0.000000e+00   46682
  4.427542e+00   2.737110e+01   6.864916e-03   0.000000e+00   45840
  4.448226e+00   2.739456e+01   0.000000e+00   0.000000e+00   47118
  4.468866e+00   2.786551e+01   1.921498e-02   0.000000e+00   47124
  4.489588e+00   2.791685e+01   4.121372e-03   0.000000e+00   47984
  4.510731e+00   2.783685e+01   8.439275e-03   0.000000e+00   49566
  4.531118e+00   2.817103e+01   4.984097e-03   0.000000e+00   46284
  4.551570e+00   2.803704e+01   1.390506e-02   0.000000e+00   49966
  4.572384e+00   2.840746e+01   1.022484e-02   0.000000e+00   49360
  4.593072e+00   2.825360e+01   1.999673e-03   0.000000e+00   49806
  4.613927e+00   2.846254e+01   1.122934e-02   0.000000e+00   51492
  4.634556e+00   2.885317e+01   1.514854e-02   0.000000e+00   49496
  4.655358e+00   2.867917e+01   1.520375e-02   0.000000e+00   53190
  4.676336e+00   2.864046e+01   0.000000e+00   0.000000e+00   51060
  4.696902e+00   2.864188e+01   0.000000e+00   0.000000e+00   52134
  4.717533e+00   2.903299e+01   1.003381e-02   0.000000e+00   53088
  4.738328e+00   2.890262e+01   7.132961e-03   0.000000e+00   52706
  4.759058e+00   2.874209e+01   1.039505e-02   0.000000e+00   54936
  4.780122e+00   2.909310e+01   0.000000e+00   0.000000e+00   53886
  4.800723e+00   2.910340e+01   0.000000e+00   0.000000e+00   54436
  4.821321e+00   2.898122e+01   0.000000e+00   0.000000e+00   55096
  4.842331e+00   2.900440e+01   0.000000e+00   0.000000e+00   56358
  4.862918e+00   2.916540e+01   0.000000e+00   0.000000e+00   55632
  4.883674e+00   2.958494e+01   2.016908e-02   0.000000e+00   56530
  4.904376e+00   2.956312e+01   0.000000e+00   0.000000e+00   57232
  4.925004e+00   2.939138e+01   0.000000e+00   0.000000e+00   56766
  4.946156e+00   2.994962e+01   0.000000e+00   0.000000e+00   60804
  4.966740e+00   2.978503e+01   0.000000e+00   0.000000e+00   55536
  4.987401e+00   2.958690e+01   2.511596e-02   0.000000e+00   61166
  5.008143e+00   2.979627e+01   0.000000e+00   0.000000e+00   57396
  5.028657e+00   2.968370e+01   1.183548e-02   0.000000e+00   60870
  5.049485e+00   2.955843e+01   0.000000e+00   0.000000e+00   60224
  5.070204e+00   2.999030e+01   1.774588e-02   0.000000e+00   61002
  5.090995e+00   2.973876e+01   1.623875e-02   0.000000e+00   62016
  5.111675e+00   3.026259e+01   0.000000e+00   0.000000e+00   60768
  5.132188e+00   2.981345e+01   2.361751e-02   0.000000e+00   62870
  5.153160e+00   3.013490e+01   8.766150e-03   0.000000e+00   63804
  5.174011e+00   3.008695e+01   1.080655e-02   0.000000e+00   63054
  5.194387e+00   3.018534e+01   8.967395e-03   0.000000e+00   63024
  5.215202e+00   3.024323e+01   0.000000e+00   0.000000e+00   65018
  5.235782e+00   3.040351e+01   1.516155e-02   0.000000e+00   64608
  5.256576e+00   3.004074e+01   0.000000e+00   0.000000e+00   65688
  5.277312e+00   3.034943e+01   2.242438e-02   0.000000e+00   65994
  5.297978e+00   3.040420e+01   0.000000e+00   0.000000e+00   66648
  5.318871e+00   3.047569e+01   1.548091e-02   0.000000e+00   67310
  5.339462e+00   3.028187e+01   0.000000e+00   0.000000e+00   67224
  5.360199e+00   3.075240e+01   6.196951e-03   0.000000e+00   68034
  5.381015e+00   3.017280e+01   0.000000e+00   0.000000e+00   69744
  5.401830e+00   3.009739e+01   1.169508e-02   0.000000e+00   68654
  5.422854e+00   3.080695e+01   1.540999e-02   0.000000e+00   72132
  5.443653e+00   3.043607e+01   9.760456e-03   0.000000e+00   68520
  5.464159e+00   3.081688e+01   1.483882e-02   0.000000e+00   71070
  5.485072e+00   3.077346e+01   0.000000e+00   0.000000e+00   71948
  5.505774e+00   3.045520e+01   2.275522e-02   0.000000e+00   71598
  5.526655e+00   3.060211e+01   0.000000e+00   0.000000e+00   73536
  5.547364e+00   3.065192e+01   2.741619e-02   0.000000e+00   71802
  5.567856e+00   3.090436e+01   0.000000e+00   0.000000e+00   73280
  5.588593e+00   3.054614e+01   0.000000e+00   0.000000e+00   73992
  5.609518e+00   3.123394e+01   1.305484e-02   0.000000e+00   75966
  5.630238e+00   3.071108e+01   0.000000e+00   0.000000e+00   74364
  5.650980e+00   3.091163e+01   1.555704e-02   0.000000e+00   76094
  5.671666e+00   3.080836e+01   0.000000e+00   0.000000e+00   76224
  5.692417e+00   3.068454e+01   9.966946e-03   0.000000e+00   76242
  5.712948e+00   3.062031e+01   0.000000e+00   0.000000e+00   76944
  5.733683e+00   3.105528e+01   0.000000e+00   0.000000e+00   78680
  5.754738e+00   3.089580e+01   1.783637e-02   0.000000e+00   79962
  5.775390e+00   3.132254e+01   8.773588e-03   0.000000e+00   77760
  5.796021e+00   3.086832e+01   2.114022e-02   0.000000e+00   79590
  5.816769e+00   3.095055e+01   0.000000e+00   0.000000e+00   80732
  5.837569e+00   3.090094e+01   2.665025e-02   0.000000e+00   81174
  5.858317e+00   3.102344e+01   9.106319e-03   0.000000e+00   80832
  5.878647e+00   3.108056e+01   2.708412e-02   0.000000e+00   79992
  5.899507e+00   3.085227e+01   0.000000e+00   0.000000e+00   84314
  5.920440e+00   3.101528e+01   0.000000e+00   0.000000e+00   83592
  5.941250e+00   3.123719e+01   1.997917e-02   0.000000e+00   83838
  5.961944e+00   3.104849e+01   0.000000e+00   0.000000e+00   83676
  5.982557e+00   3.085211e+01   1.249685e-02   0.000000e+00   84950
  6.003231e+00   3.114813e+01   0.000000e+00   0.000000e+00   84912
  6.024026e+00   3.123147e+01   2.429099e-02   0.000000e+00   87162
  6.044869e+00   3.117455e+01   0.000000e+00   0.000000e+00   86440
  6.065493e+00   3.117166e+01   0.000000e+00   0.000000e+00   86560
  6.086294e+00   3.134362e+01   3.557392e-03   0.000000e+00   88698
  6.106998e+00   3.133904e+01   3.019548e-02   0.000000e+00   88920
  6.127980e+00   3.107638e+01   0.000000e+00   0.000000e+00   88814
  6.148557e+00   3.091400e+01   6.545910e-03   0.000000e+00   90336
  6.169522e+00   3.106518e+01   0.000000e+00   0.000000e+00   90282
  6.190228e+00   3.110457e+01   0.000000e+00   0.000000e+00   90840
  6.210763e+00   3.102511e+01   2.172895e-02   0.000000e+00   91128
  6.231707e+00   3.113134e+01   0.000000e+00   0.000000e+00   92690
  6.252315e+00   3.114040e+01   0.000000e+00   0.000000e+00   92160
  6.273110e+00   3.118446e+01   0.000000e+00   0.000000e+00   93534
  6.293743e+00   3.122030e+01   0.000000e+00   0.000000e+00   93484
  6.314479e+00   3.087720e+01   0.000000e+00   0.000000e+00   95206
  6.335383e+00   3.094201e+01   1.059400e-02   0.000000e+00   96048
  6.355953e+00   3.112052e+01   9.567490e-03   0.000000e+00   93600
  6.376648e+00   3.111506e+01   0.000000e+00   0.000000e+00   97410
  6.397377e+00   3.141089e+01   2.765735e-02   0.000000e+00   97856
  6.418317e+00   3.108333e+01   0.000000e+00   0.000000e+00   97278
  6.438964e+00   3.091769e+01   1.720637e-02   0.000000e+00   98916
  6.459628e+00   3.084798e+01   0.000000e+00   0.000000e+00   96894
  6.480184e+00   3.116003e+01   0.000000e+00   0.000000e+00   100976
  6.501132e+00   3.124824e+01   0.000000e+00   0.000000e+00   100164
  6.521748e+00   3.136190e+01   0.000000e+00   0.000000e+00   100014
  6.542241e+00   3.102942e+01   1.991403e-02   0.000000e+00   101040
  6.563072e+00   3.090189e+01   0.000000e+00   0.000000e+00   102338
  6.583708e+00   3.087148e+01   1.259221e-02   0.000000e+00   102912
  6.604643e+00   3.068620e+01   0.000000e+00   0.000000e+00   104238
  6.625220e+00   3.094600e+01   1.996990e-02   0.000000e+00   103104
  6.645985e+00   3.102947e+01   1.775993e-02   0.000000e+00   105404
  6.666802e+00   3.088033e+01   0.000000e+00   0.000000e+00   105198
  6.687508e+00   3.097995e+01   0.000000e+00   0.000000e+00   106632
  6.708326e+00   3.086877e+01   2.602207e-02   0.000000e+00   106706
  6.729025e+00   3.077960e+01   0.000000e+00   0.000000e+00   106992
  6.749961e+00   3.114171e+01   0.000000e+00   0.000000e+00   110118
  6.770696e+00   3.084368e+01   3.183886e-02   0.000000e+00   108084
  6.791314e+00   3.104289e+01   1.283908e-02   0.000000e+00   108222
  6.812161e+00   3.081589e+01   0.000000e+00   0.000000e+00   112160
  6.832814e+00   3.106166e+01   1.789977e-02   0.000000e+00   108492
  6.853556e+00   3.068051e+01   2.290975e-02   0.000000e+00   113262
  6.874380e+00   3.072815e+01   0.000000e+00   0.000000e+00   111360
  6.895230e+00   3.062842e+01   0.000000e+00   0.000000e+00   114182
  6.915921e+00   3.076410e+01   3.319947e-02   0.000000e+00   112884
  6.936683e+00   3.067774e+01   6.637907e-03   0.000000e+00   113934
  6.957294e+00   3.074207e+01   0.000000e+00   0.000000e+00   114504
  6.978243e+00   3.075305e+01   0.000000e+00   0.000000e+00   117500
  6.998909e+00   3.053635e+01   2.357316e-02   0.000000e+00   114102
  7.019593e+00   3.063196e+01   9.236566e-03   0.000000e+00   118584
  7.040401e+00   3.059104e+01   0.000000e+00   0.000000e+00   115546
  7.060874e+00   3.041540e+01   2.104052e-02   0.000000e+00   118984
  7.081861e+00   3.054405e+01   2.767276e-03   0.000000e+00   119526
  7.102512e+00   3.050181e+01   2.543240e-03   0.000000e+00   119436
  7.123147e+00   3.036689e+01   0.000000e+00   0.000000e+00   118632
  7.143816e+00   3.029874e+01   2.397612e-02   0.000000e+00   122510
  7.164668e+00   3.059435e+01   0.000000e+00   0.000000e+00   121680
  7.185449e+00   3.050099e+01   0.000000e+00   0.000000e+00   121434
  7.206001e+00   3.039441e+01   0.000000e+00   0.000000e+00   123928
  7.226828e+00   3.034675e+01   0.000000e+00   0.000000e+00   123910
  7.247601e+00   3.022496e+01   0.000000e+00   0.000000e+00   124452
  7.268318e+00   3.027929e+01   0.000000e+00   0.000000e+00   125376
  7.289032e+00   3.009702e+01   2.070344e-02   0.000000e+00   126638
  7.309763e+00   2.999235e+01   5.608477e-03   0.000000e+00   125844
  7.330505e+00   2.997878e+01   0.000000e+00   0.000000e+00   128142
  7.351276e+00   3.012076e+01   4.689686e-03   0.000000e+00   128136
  7.371904e+00   3.024955e+01   8.817957e-03   0.000000e+00   127642
  7.392694e+00   3.012201e+01   0.000000e+00   0.000000e+00   131968
  7.413716e+00   3.012147e+01   0.000000e+00   0.000000e+00   130326
  7.434330e+00   2.974830e+01   2.186720e-02   0.000000e+00   131688
  7.455058e+00   2.986228e+01   9.217274e-03   0.000000e+00   130212
  7.475704e+00   2.996638e+01   0.000000e+00   0.000000e+00   132686
  7.496603e+00   3.001717e+01   0.000000e+00   0.000000e+00   135960
  7.517412e+00   2.994011e+01   1.686369e-02   0.000000e+00   131562
  7.537785e+00   2.986042e+01   1.286289e-02   0.000000e+00   134016
  7.558657e+00   2.970318e+01   0.000000e+00   0.000000e+00   136478
  7.579402e+00   2.976366e+01   2.852011e-02   0.000000e+00   136812
  7.600230e+00   2.967635e+01   1.813845e-02   0.000000e+00   137856
  7.620980e+00   2.959647e+01   0.000000e+00   0.000000e+00   135862
  7.641612e+00   2.961789e+01   0.000000e+00   0.000000e+00   140056
  7.662507e+00   2.949425e+01   2.396891e-02   0.000000e+00   139602
  7.683198e+00   2.953535e+01   0.000000e+00   0.000000e+00   139080
  7.703881e+00   2.939469e+01   0.000000e+00   0.000000e+00   140678
  7.724644e+00   2.934279e+01   1.312984e-02   0.000000e+00   142884
  7.745327e+00   2.949190e+01   9.940171e-03   0.000000e+00   139992
  7.766054e+00   2.931543e+01   0.000000e+00   0.000000e+00   144966
  7.786899e+00   2.938363e+01   0.000000e+00   0.000000e+00   143364
  7.807548e+00   2.909288e+01   1.918909e-02   0.000000e+00   144518
  7.828228e+00   2.923688e+01   2.041565e-02   0.000000e+00   145200
  7.848877e+00   2.899312e+01   0.000000e+00   0.000000e+00   143466
  7.869472e+00   2.898442e+01   0.000000e+00   0.000000e+00   148824
  7.890216e+00   2.923622e+01   1.565084e-02   0.000000e+00   145544
  7.910806e+00   2.890568e+01   0.000000e+00   0.000000e+00   148590
  7.931652e+00   2.902415e+01   0.000000e+00   0.000000e+00   150540
  7.952469e+00   2.900548e+01   2.797746e-02   0.000000e+00   150134
  7.973199e+00   2.897236e+01   0.000000e+00   0.000000e+00   151296
  7.994124e+00   2.867686e+01   0.000000e+00   0.000000e+00   152058
  8.014652e+00   2.882147e+01   1.684318e-02   0.000000e+00   150864
  8.035391e+00   2.872099e+01   1.495138e-02   0.000000e+00   154310
  8.056340e+00   2.859292e+01   0.000000e+00   0.000000e+00   155172
  8.077064e+00   2.856375e+01   0.000000e+00   0.000000e+00   154128
  8.097989e+00   2.851186e+01   1.284312e-02   0.000000e+00   158310
  8.118629e+00   2.831848e+01   1.923033e-02   0.000000e+00   153436
  8.139285e+00   2.853616e+01   0.000000e+00   0.000000e+00   157726
  8.160230e+00   2.852458e+01   0.000000e+00   0.000000e+00   160368
  8.180875e+00   2.826380e+01   9.200379e-03   0.000000e+00   155718
  8.201480e+00   2.824864e+01   0.000000e+00   0.000000e+00   160028
  8.222226e+00   2.817733e+01   0.000000e+00   0.000000e+00   160920
  8.243007e+00   2.816171e+01   1.291183e-02   0.000000e+00   161070
  8.263783e+00   2.819234e+01   3.059866e-02   0.000000e+00   163428
  8.284440e+00   2.799883e+01   0.000000e+00   0.000000e+00   159574
  8.305243e+00   2.808864e+01   0.000000e+00   0.000000e+00   167392
  8.326056e+00   2.798383e+01   2.473342e-02   0.000000e+00   162258
  8.346724e+00   2.816452e+01   1.259031e-02   0.000000e+00   167472
  8.367537e+00   2.794609e+01   0.000000e+00   0.000000e+00   163664
  8.388104e+00   2.788056e+01   0.000000e+00   0.000000e+00   166986
  8.408898e+00   2.779736e+01   1.751110e-02   0.000000e+00   169968
  8.429855e+00   2.786410e+01   0.000000e+00   0.000000e+00   167646
  8.450318e+00   2.784470e+01   0.000000e+00   0.000000e+00   168080
  8.471079e+00   2.756444e+01   1.511645e-02   0.000000e+00   170826
  8.491848e+00   2.767396e+01   0.000000e+00   0.000000e+00   170928
  8.512426e+00   2.768699e+01   1.725865e-02   0.000000e+00   170640
  8.533268e+00   2.743454e+01   0.000000e+00   0.000000e+00   173954
  8.553925e+00   2.750932e+01   2.703544e-02   0.000000e+00   173232
  8.574734e+00   2.746763e+01   0.000000e+00   0.000000e+00   174150
  8.595484e+00   2.743444e+01   4.356788e-03   0.000000e+00   176364
  8.616201e+00   2.734857e+01   1.671693e-02   0.000000e+00   175302
  8.636930e+00   2.721885e+01   8.259007e-03   0.000000e+00   177392
  8.657595e+00   2.720226e+01   1.832173e-02   0.000000e+00   176352
  8.678421e+00   2.730234e+01   0.000000e+00   0.000000e+00   180330
  8.699244e+00   2.704046e+01   8.467984e-03   0.000000e+00   180712
  8.719973e+00   2.693775e+01   1.536471e-02   0.000000e+00   179350
  8.740767e+00   2.696865e+01   1.383741e-02   0.000000e+00   183396
  8.761614e+00   2.695749e+01   0.000000e+00   0.000000e+00   180390
  8.782097e+00   2.688776e+01   0.000000e+00   0.000000e+00   181944
  8.802931e+00   2.685136e+01   0.000000e+00   0.000000e+00   185450
  8.823812e+00   2.682897e+01   7.287954e-03   0.000000e+00   186192
  8.844457e+00   2.672701e+01   2.018525e-02   0.000000e+00   183432
  8.865128e+00   2.642360e+01   0.000000e+00   0.000000e+00   185362
  8.885756e+00   2.675998e+01   5.189617e-03   0.000000e+00   188464
  8.906658e+00   2.645096e+01   0.000000e+00   0.000000e+00   188046
  8.927419e+00   2.649275e+01   1.287251e-02   0.000000e+00   191304
  8.948112e+00   2.636744e+01   2.488736e-02   0.000000e+00   186690
  8.968904e+00   2.637136e+01   0.000000e+00   0.000000e+00   194072
  8.989561e+00   2.638143e+01   2.109791e-02   0.000000e+00   188688
  9.010216e+00   2.619592e+01   0.000000e+00   0.000000e+00   192786
  9.030896e+00   2.620156e+01   9.388232e-03   0.000000e+00   193352
  9.051798e+00   2.626774e+01   0.000000e+00   0.000000e+00   195702
  9.072475e+00   2.624468e+01   2.835592e-02   0.000000e+00   195132
  9.093243e+00   2.590719e+01   0.000000e+00   0.000000e+00   195726
  9.113935e+00   2.602776e+01   0.000000e+00   0.000000e+00   197416
  9.134634e+00   2.591718e+01   8.863590e-03   0.000000e+00   196564
  9.155405e+00   2.591427e+01   1.969649e-02   0.000000e+00   201198
  9.176135e+00   2.587809e+01   3.101668e-03   0.000000e+00   197136
  9.196708e+00   2.584542e+01   0.000000e+00   0.000000e+00   199358
  9.217375e+00   2.578005e+01   2.761050e-02   0.000000e+00   203532
  9.238268e+00   2.580734e+01   0.000000e+00   0.000000e+00   201438
  9.258961e+00   2.570097e+01   0.000000e+00   0.000000e+00   203664
  9.279645e+00   2.565671e+01   2.742619e-02   0.000000e+00   203972
  9.300371e+00   2.560741e+01   2.223627e-02   0.000000e+00   205974
  9.321185e+00   2.555295e+01   0.000000e+00   0.000000e+00   205752
  9.342031e+00   2.550531e+01   0.000000e+00   0.000000e+00   207810
  9.362527e+00   2.537142e+01   3.654880e-02   0.000000e+00   206384
  9.383442e+00   2.526693e+01   0.000000e+00   0.000000e+00   210966
  9.404243e+00   2.522932e+01   0.000000e+00   0.000000e+00   210516
  9.425014e+00   2.519326e+01   0.000000e+00   0.000000e+00   209766
  9.445649e+00   2.527604e+01   4.078194e-02   0.000000e+00   212376
  9.466451e+00   2.500060e+01   0.000000e+00   0.000000e+00   212960
  9.487360e+00   2.510400e+01   0.000000e+00   0.000000e+00   214626
  9.507987e+00   2.497467e+01   3.010931e-02   0.000000e+00   213696
  9.528714e+00   2.486796e+01   2.936783e-02   0.000000e+00   215734
  9.549396e+00   2.495063e+01   0.000000e+00   0.000000e+00   213220
  9.570088e+00   2.469172e+01   0.000000e+00   0.000000e+00   219102
  9.590897e+00   2.474773e+01   3.428613e-02   0.000000e+00   220872
  9.611603e+00   2.464687e+01   4.989862e-02   0.000000e+00   216556
  9.632324e+00   2.461746e+01   3.887409e-02   0.000000e+00   221494
  9.652998e+00   2.460836e+01   4.261411e-02   0.000000e+00   219096
  9.673802e+00   2.447656e+01   3.096964e-02   0.000000e+00   224262
  9.694676e+00   2.450766e+01   0.000000e+00   0.000000e+00   222508
  9.715415e+00   2.449711e+01   0.000000e+00   0.000000e+00   222502
  9.735990e+00   2.446995e+01   3.990176e-02   0.000000e+00   227280
  9.756822e+00   2.428759e+01   1.870977e-02   0.000000e+00   223644
  9.777526e+00   2.431862e+01   0.000000e+00   0.000000e+00   226222
  9.798256e+00   2.417008e+01   0.000000e+00   0.000000e+00   229840
  9.819050e+00   2.410004e+01   2.635147e-02   0.000000e+00   228042
  9.839635e+00   2.415733e+01   0.000000e+00   0.000000e+00   227472
  9.860350e+00   2.393400e+01   0.000000e+00   0.000000e+00   230990
  9.881122e+00   2.406764e+01   5.801945e-03   0.000000e+00   233532
  9.901847e+00   2.401863e+01   2.987977e-02   0.000000e+00   231288
  9.922669e+00   2.396669e+01   0.000000e+00   0.000000e+00   233718
  9.943260e+00   2.386684e+01   0.000000e+00   0.000000e+00   232704
  9.964037e+00   2.376133e+01   3.080736e-02   0.000000e+00   239282
  9.984850e+00   2.379630e+01   3.794127e-02   0.000000e+00   234912
  1.000569e+01   2.354246e+01   0.000000e+00   0.000000e+00   238278
  1.002625e+01   2.368720e+01   3.717347e-02   0.000000e+00   237460
  1.004683e+01   2.361851e+01   2.660191e-02   0.000000e+00   236662
  1.006780e+01   2.354136e+01   0.000000e+00   0.000000e+00   246336
  1.008877e+01   2.346524e+01   0.000000e+00   0.000000e+00   241092
  1.010938e+01   2.343115e+01   3.479147e-02   0.000000e+00   242414
  1.013016e+01   2.337065e+01   1.287735e-02   0.000000e+00   243552
  1.015096e+01   2.313127e+01   0.000000e+00   0.000000e+00   243474
  1.017150e+01   2.310102e+01   2.408242e-02   0.000000e+00   245112
  1.019231e+01   2.316170e+01   2.644272e-02   0.000000e+00   246894
  1.021302e+01   2.313593e+01   1.976115e-02   0.000000e+00   247448
  1.023384e+01   2.305518e+01   0.000000e+00   0.000000e+00   247404
  1.025443e+01   2.293476e+01   3.921662e-02   0.000000e+00   249990
  1.027508e+01   2.301120e+01   3.742054e-02   0.000000e+00   249512
  1.029605e+01   2.279601e+01   0.000000e+00   0.000000e+00   253890
  1.031676e+01   2.283205e+01   0.000000e+00   0.000000e+00   250728
  1.033733e+01   2.270811e+01   4.768773e-02   0.000000e+00   253950
  1.035815e+01   2.285415e+01   0.000000e+00   0.000000e+00   254140
  1.037892e+01   2.269032e+01   0.000000e+00   0.000000e+00   255880
  1.039970e+01   2.262489e+01   3.049363e-02   0.000000e+00   258942
  1.042027e+01   2.274166e+01   4.566547e-02   0.000000e+00   253836
  1.044112e+01   2.257996e+01   0.000000e+00   0.000000e+00   260534
  1.046193e+01   2.257904e+01   0.000000e+00   0.000000e+00   259992
  1.048247e+01   2.241511e+01   4.728969e-02   0.000000e+00   258894
  1.050325e+01   2.248486e+01   3.727224e-02   0.000000e+00   263364
  1.052405e+01   2.244848e+01   0.000000e+00   0.000000e+00   259536
  1.054453e+01   2.247644e+01   2.069656e-02   0.000000e+00   263438
  1.056525e+01   2.218219e+01   4.220071e-02   0.000000e+00   265740
  1.058609e+01   2.224752e+01   0.000000e+00   0.000000e+00   264894
  1.060688e+01   2.214404e+01   0.000000e+00   0.000000e+00   269184
  1.062757e+01   2.208433e+01   4.059332e-02   0.000000e+00   266138
  1.064825e+01   2.228635e+01   2.833107e-02   0.000000e+00   270528
  1.066913e+01   2.212877e+01   0.000000e+00   0.000000e+00   268182
  1.068974e+01   2.211803e+01   0.000000e+00   0.000000e+00   270960
  1.071041e+01   2.188898e+01   4.895291e-02   0.000000e+00   274580
  1.073153e+01   2.190195e+01   0.000000e+00   0.000000e+00   276078
  1.075230e+01   2.192904e+01   0.000000e+00   0.000000e+00   273600
  1.077293e+01   2.175716e+01   4.084875e-02   0.000000e+00   274698
  1.079362e+01   2.176218e+01   4.350531e-02   0.000000e+00   276920
  1.081449e+01   2.167497e+01   0.000000e+00   0.000000e+00   276774
  1.083523e+01   2.175190e+01   0.000000e+00   0.000000e+00   279972
  1.085575e+01   2.164609e+01   3.534118e-02   0.000000e+00   276144
  1.087655e+01   2.153694e+01   1.735987e-02   0.000000e+00   282590
  1.089739e+01   2.166028e+01   0.000000e+00   0.000000e+00   282300
  1.091813e+01   2.140694e+01   0.000000e+00   0.000000e+00   283926
  1.093866e+01   2.145093e+01   4.723978e-02   0.000000e+00   279792
  1.095956e+01   2.142686e+01   0.000000e+00   0.000000e+00   287870
  1.098041e+01   2.145686e+01   0.000000e+00   0.000000e+00   286428
  1.100093e+01   2.138154e+01   4.612789e-02   0.000000e+00   284808
  1.102168e+01   2.136713e+01   1.646877e-02   0.000000e+00   289158
  1.104256e+01   2.128774e+01   0.000000e+00   0.000000e+00   290204
  1.106327e+01   2.124477e+01   0.000000e+00   0.000000e+00   290382
  1.108392e+01   2.118848e+01   3.135505e-02   0.000000e+00   291912
  1.110477e+01   2.123608e+01   0.000000e+00   0.000000e+00   290754
  1.112541e+01   2.130129e+01   1.729813e-02   0.000000e+00   296096
  1.114626e+01   2.108438e+01   2.621596e-02   0.000000e+00   294552
  1.116687e+01   2.118803e+01   4.698607e-02   0.000000e+00   293466
  1.118757e+01   2.107873e+01   0.000000e+00   0.000000e+00   296904
  1.120838e+01   2.092902e+01   0.000000e+00   0.000000e+00   298358
  1.122888e+01   2.091660e+01   4.614354e-02   0.000000e+00   297840
  1.124975e+01   2.093842e+01   1.891695e-02   0.000000e+00   301338
  1.127058e+01   2.103572e+01   0.000000e+00   0.000000e+00   300336
  1.129110e+01   2.077960e+01   4.876852e-02   0.000000e+00   303584
  1.131196e+01   2.088702e+01   4.139892e-02   0.000000e+00   304098
  1.133284e+01   2.074730e+01   0.000000e+00   0.000000e+00   304488
  1.135346e+01   2.076322e+01   4.515751e-02   0.000000e+00   306678
  1.137426e+01   2.077872e+01   0.000000e+00   0.000000e+00   305732
  1.139499e+01   2.085504e+01   1.684188e-02   0.000000e+00   309894
  1.141580e+01   2.076426e+01   2.395288e-02   0.000000e+00   310200
  1.143654e+01   2.069333e+01   0.000000e+00   0.000000e+00   307074
  1.145717e+01   2.066497e+01   4.658902e-02   0.000000e+00   315656
  1.147809e+01   2.069819e+01   0.000000e+00   0.000000e+00   310704
  1.149891e+01   2.073324e+01   0.000000e+00   0.000000e+00   314310
  1.151930e+01   2.061124e+01   5.485865e-02   0.000000e+00   312412
  1.154021e+01   2.053705e+01   0.000000e+00   0.000000e+00   318310
  1.156105e+01   2.060962e+01   0.000000e+00   0.000000e+00   315648
  1.158162e+01   2.044354e+01   4.310844e-02   0.000000e+00   320610
  1.160233e+01   2.062583e+01   0.000000e+00   0.000000e+00   313944
  1.162309e+01   2.047373e+01   0.000000e+00   0.000000e+00   325880
  1.164386e+01   2.052048e+01   4.359378e-02   0.000000e+00   319146
  1.166462e+01   2.039880e+01   0.000000e+00   0.000000e+00   322896
  1.168519e+01   2.054130e+01   4.825870e-02   0.000000e+00   322206
  1.170600e+01   2.037816e+01   0.000000e+00   0.000000e+00   327416
  1.172694e+01   2.044031e+01   0.000000e+00   0.000000e+00   325602
  1.174741e+01   2.029297e+01   5.897202e-02   0.000000e+00   328248
  1.176822e+01   2.038748e+01   0.000000e+00   0.000000e+00   326088
  1.178913e+01   2.028247e+01   0.000000e+00   0.000000e+00   331658
  1.180961e+01   2.024248e+01   5.292091e-02   0.000000e+00   331584
  1.183048e+01   2.029748e+01   2.484854e-02   0.000000e+00   330630
  1.185130e+01   2.027619e+01   0.000000e+00   0.000000e+00   333204
  1.187174e+01   2.023195e+01   6.025872e-02   0.000000e+00   333470
  1.189271e+01   2.024005e+01   0.000000e+00   0.000000e+00   335688
  1.191332e+01   2.018568e+01   2.158913e-02   0.000000e+00   336828
  1.193402e+01   2.028963e+01   2.895170e-02   0.000000e+00   337662
  1.195492e+01   2.013135e+01   0.000000e+00   0.000000e+00   338960
  1.197533e+01   2.021020e+01   5.479337e-02   0.000000e+00   338262
  1.199617e+01   2.022066e+01   4.548036e-02   0.000000e+00   344388
  1.201720e+01   2.013232e+01   0.000000e+00   0.000000e+00   342486
  1.203755e+01   2.025948e+01   6.988203e-02   0.000000e+00   343592
  1.205856e+01   2.004955e+01   7.300885e-03   0.000000e+00   347130
  1.207947e+01   2.023104e+01   0.000000e+00   0.000000e+00   346152
  1.209988e+01   2.015199e+01   6.632922e-02   0.000000e+00   345856
  1.212085e+01   2.025126e+01   0.000000e+00   0.000000e+00   349354
  1.214164e+01   2.029687e+01   0.000000e+00   0.000000e+00   352032
  1.216224e+01   2.013231e+01   5.527966e-02   0.000000e+00   348582
  1.218318e+01   2.018570e+01   0.000000e+00   0.000000e+00   352244
  1.220354e+01   2.020031e+01   6.789118e-02   0.000000e+00   351582
  1.222445e+01   2.026086e+01   1.416410e-02   0.000000e+00   357144
  1.224542e+01   2.020438e+01   0.000000e+00   0.000000e+00   355560
  1.226585e+01   2.020296e+01   6.353340e-02   0.000000e+00   354551
  1.228673e+01   2.015669e+01   1.022929e-02   0.000000e+00   358044
  1.230769e+01   2.009870e+01   0.000000e+00   0.000000e+00   355272
  1.232802e+01   1.999342e+01   6.978367e-02   0.000000e+00   352044
  1.234886e+01   1.994316e+01   0.000000e+00   0.000000e+00   352344
  1.236968e+01   1.994873e+01   0.000000e+00   0.000000e+00   356516
  1.239028e+01   1.984381e+01   4.899103e-02   0.000000e+00   352848
  1.241136e+01   1.983479e+01   0.000000e+00   0.000000e+00   352980
  1.243181e+01   1.967359e+01   4.160534e-02   0.000000e+00   348948
  1.245251e+01   1.965461e+01   3.671877e-02   0.000000e+00   351692
  1.247361e+01   1.954117e+01   0.000000e+00   0.000000e+00   353064
  1.249398e+01   1.962216e+01   6.176094e-02   0.000000e+00   345624
  1.251469e+01   1.949766e+01   0.000000e+00   0.000000e+00   347844
  1.253566e+01   1.946445e+01   0.000000e+00   0.000000e+00   351020
  1.255612e+01   1.930597e+01   5.792298e-02   0.000000e+00   345852
  1.257696e+01   1.919484e+01   9.332759e-03   0.000000e+00   347040
  1.259782e+01   1.922055e+01   0.000000e+00   0.000000e+00   345928
  1.261828e+01   1.909164e+01   5.861743e-02   0.000000e+00   347020
  1.263923e+01   1.903999e+01   4.041964e-03   0.000000e+00   343032
  1.265989e+01   1.900125e+01   0.000000e+00   0.000000e+00   343620
  1.268045e+01   1.886130e+01   6.023011e-02   0.000000e+00   343988
  1.270157e+01   1.887514e+01   0.000000e+00   0.000000e+00   344556
  1.272211e+01   1.886076e+01   4.371023e-02   0.000000e+00   343632
  1.274299e+01   1.870270e+01   0.000000e+00   0.000000e+00   340392
  1.276383e+01   1.873558e+01   0.000000e+00   0.000000e+00   339408
  1.278421e+01   1.862513e+01   7.398625e-02   0.000000e+00   341864
  1.280526e+01   1.857189e+01   0.000000e+00   0.000000e+00   341964
  1.282609e+01   1.859656e+01   0.000000e+00   0.000000e+00   334380
  1.284629e+01   1.852425e+01   6.983025e-02   0.000000e+00   336504
  1.286732e+01   1.840928e+01   1.747914e-02   0.000000e+00   339560
  1.288814e+01   1.838498e+01   0.000000e+00   0.000000e+00   336384
  1.290870e+01   1.828799e+01   7.332771e-02   0.000000e+00   337404
  1.292968e+01   1.828506e+01   0.000000e+00   0.000000e+00   330156
  1.295012e+01   1.817961e+01   5.757783e-02   0.000000e+00   337808
  1.297104e+01   1.807191e+01   0.000000e+00   0.000000e+00   332748
  1.299195e+01   1.807069e+01   0.000000e+00   0.000000e+00   333612
  1.301237e+01   1.799886e+01   5.851234e-02   0.000000e+00   331860
  1.303319e+01   1.799279e+01   2.734702e-02   0.000000e+00   328376
  1.305399e+01   1.795164e+01   0.000000e+00   0.000000e+00   331140
  1.307454e+01   1.783010e+01   7.036304e-02   0.000000e+00   332988
  1.309538e+01   1.778848e+01   2.772684e-02   0.000000e+00   325224
  1.311629e+01   1.781817e+01   0.000000e+00   0.000000e+00   331544
  1.313681e+01   1.774773e+01   6.626062e-02   0.000000e+00   327264
  1.315764e+01   1.764790e+01   0.000000e+00   0.000000e+00   322308
  1.317828e+01   1.758497e+01   2.303480e-02   0.000000e+00   328136
  1.319883e+01   1.746801e+01   5.003406e-02   0.000000e+00   323172
  1.321986e+01   1.747314e+01   0.000000e+00   0.000000e+00   325248
  1.324036e+01   1.739833e+01   6.246056e-02   0.000000e+00   324096
  1.326115e+01   1.741340e+01   0.000000e+00   0.000000e+00   321540
  1.328214e+01   1.722720e+01   0.000000e+00   0.000000e+00   323744
  1.330244e+01   1.728548e+01   6.914644e-02   0.000000e+00   317400
  1.332329e+01   1.726656e+01   1.927098e-02   0.000000e+00   322560
  1.334431e+01   1.712441e+01   0.000000e+00   0.000000e+00   320076
  1.336469e+01   1.716517e+01   7.174798e-02   0.000000e+00   317204
  1.338584e+01   1.703061e+01   0.000000e+00   0.000000e+00   323064
  1.340666e+01   1.703406e+01   0.000000e+00   0.000000e+00   315204
  1.342698e+01   1.688847e+01   7.798977e-02   0.000000e+00   315416
  1.344819e+01   1.685757e+01   0.000000e+00   0.000000e+00   316884
  1.346864e+01   1.686046e+01   4.725103e-02   0.000000e+00   312876
  1.348936e+01   1.675477e+01   5.444396e-02   0.000000e+00   315540
  1.351047e+01   1.678907e+01   0.000000e+00   0.000000e+00   312576
  1.353075e+01   1.659575e+01   7.775488e-02   0.000000e+00   312140
  1.355170e+01   1.659142e+01   1.878271e-02   0.000000e+00   310356
  1.357265e+01   1.649046e+01   0.000000e+00   0.000000e+00   311232
  1.359293e+01   1.654093e+01   6.918386e-02   0.000000e+00   307584
  1.361391e+01   1.651578e+01   3.194854e-02   0.000000e+00   310616
  1.363471e+01   1.648068e+01   0.000000e+00   0.000000e+00   304200
  1.365500e+01   1.644497e+01   7.782791e-02   0.000000e+00   306792
  1.367616e+01   1.634783e+01   0.000000e+00   0.000000e+00   306168
  1.369665e+01   1.626891e+01   0.000000e+00   0.000000e+00   304448
  1.371746e+01   1.631314e+01   6.695365e-02   0.000000e+00   308580
  1.373853e+01   1.616247e+01   0.000000e+00   0.000000e+00   299568
  1.375881e+01   1.611519e+01   6.710739e-02   0.000000e+00   304416
  1.377983e+01   1.611131e+01   3.779653e-02   0.000000e+00   302216
  1.380073e+01   1.604728e+01   0.000000e+00   0.000000e+00   300084
  1.382112e+01   1.603851e+01   8.448122e-02   0.000000e+00   299340
  1.384196e+01   1.604735e+01   0.000000e+00   0.000000e+00   296688
  1.386283e+01   1.592924e+01   0.000000e+00   0.000000e+00   298820
  1.388319e+01   1.589085e+01   8.087634e-02   0.000000e+00   296916
  1.390426e+01   1.588192e+01   0.000000e+00   0.000000e+00   295920
  1.392487e+01   1.583511e+01   6.091501e-03   0.000000e+00   292692
  1.394531e+01   1.573346e+01   7.416327e-02   0.000000e+00   295892
  1.396657e+01   1.569412e+01   0.000000e+00   0.000000e+00   293064
  1.398701e+01   1.557149e+01   4.020228e-02   0.000000e+00   293220
  1.400767e+01   1.573384e+01   3.541461e-02   0.000000e+00   286804
  1.402862e+01   1.560214e+01   0.000000e+00   0.000000e+00   293080
  1.404914e+01   1.554128e+01   7.368875e-02   0.000000e+00   291816
  1.407017e+01   1.552296e+01   0.000000e+00   0.000000e+00   287784
  1.409099e+01   1.547438e+01   0.000000e+00   0.000000e+00   286760
  1.411134e+01   1.544085e+01   7.768729e-02   0.000000e+00   287088
  1.413232e+01   1.533318e+01   0.000000e+00   0.000000e+00   286176
  1.415322e+01   1.536295e+01   0.000000e+00   0.000000e+00   284184
  1.417352e+01   1.527411e+01   6.915851e-02   0.000000e+00   282220
  1.419470e+01   1.529072e+01   0.000000e+00   0.000000e+00   284452
  1.421523e+01   1.525768e+01   0.000000e+00   0.000000e+00   279516
  1.423581e+01   1.513343e+01   7.569945e-02   0.000000e+00   282696
  1.425703e+01   1.512187e+01   0.000000e+00   0.000000e+00   278676
  1.427730e+01   1.509329e+01   7.756837e-02   0.000000e+00   279512
  1.429820e+01   1.506780e+01   1.136026e-02   0.000000e+00   276672
  1.431915e+01   1.505295e+01   0.000000e+00   0.000000e+00   276036
  1.433934e+01   1.501515e+01   7.534167e-02   0.000000e+00   274416
  1.436032e+01   1.493990e+01   3.448919e-02   0.000000e+00   275384
  1.438130e+01   1.489864e+01   0.000000e+00   0.000000e+00   274560
  1.440167e+01   1.487810e+01   8.281490e-02   0.000000e+00   272220
  1.442275e+01   1.484512e+01   0.000000e+00   0.000000e+00   270492
  1.444339e+01   1.469719e+01   0.000000e+00   0.000000e+00   271532
  1.446406e+01   1.468216e+01   5.070348e-02   0.000000e+00   272052
  1.448504e+01   1.476744e+01   0.000000e+00   0.000000e+00   264372
  1.450534e+01   1.463005e+01   4.505683e-02   0.000000e+00   268652
  1.452626e+01   1.458279e+01   5.266611e-02   0.000000e+00   266760
  1.454710e+01   1.458512e+01   0.000000e+00   0.000000e+00   262536
  1.456750e+01   1.459426e+01   8.214656e-02   0.000000e+00   266460
  1.458842e+01   1.452420e+01   0.000000e+00   0.000000e+00   261560
  1.460924e+01   1.442468e+01   0.000000e+00   0.000000e+00   262236
  1.462973e+01   1.442953e+01   7.331762e-02   0.000000e+00   261708
  1.465061e+01   1.435924e+01   0.000000e+00   0.000000e+00   258960
  1.467144e+01   1.430715e+01   0.000000e+00   0.000000e+00   258376
  1.469181e+01   1.431091e+01   7.002511e-02   0.000000e+00   258304
  1.471306e+01   1.431072e+01   0.000000e+00   0.000000e+00   259368
  1.473359e+01   1.428085e+01   3.438225e-02   0.000000e+00   253332
  1.475414e+01   1.430515e+01   7.325419e-02   0.000000e+00   254448
  1.477531e+01   1.411812e+01   0.000000e+00   0.000000e+00   255248
  1.479573e+01   1.410161e+01   7.600198e-02   0.000000e+00   252180
  1.481667e+01   1.407593e+01   2.919081e-02   0.000000e+00   252744
  1.483756e+01   1.407696e+01   0.000000e+00   0.000000e+00   247348
  1.485783e+01   1.401029e+01   9.151516e-02   0.000000e+00   250432
  1.487883e+01   1.407250e+01   0.000000e+00   0.000000e+00   247860
  1.489979e+01   1.397814e+01   0.000000e+00   0.000000e+00   247716
  1.492008e+01   1.403488e+01   7.661063e-02   0.000000e+00   242472
  1.494121e+01   1.392121e+01   0.000000e+00   0.000000e+00   248672
  1.496182e+01   1.398053e+01   3.273057e-02   0.000000e+00   239352
  1.498229e+01   1.388108e+01   6.182954e-02   0.000000e+00   245088
  1.500346e+01   1.388126e+01   0.000000e+00   0.000000e+00   239232
  1.502374e+01   1.387707e+01   8.183054e-02   0.000000e+00   240320
  1.504476e+01   1.377157e+01   0.000000e+00   0.000000e+00   239340
  1.506573e+01   1.378639e+01   0.000000e+00   0.000000e+00   237636
  1.508593e+01   1.379287e+01   7.752422e-02   0.000000e+00   235980
  1.510691e+01   1.375181e+01   2.092559e-03   0.000000e+00   235304
  1.512784e+01   1.373260e+01   0.000000e+00   0.000000e+00   234576
  1.514818e+01   1.363569e+01   7.199166e-02   0.000000e+00   232788
  1.516915e+01   1.365022e+01   0.000000e+00   0.000000e+00   230400
  1.518986e+01   1.357187e+01   0.000000e+00   0.000000e+00   231836
  1.521043e+01   1.358519e+01   7.739042e-02   0.000000e+00   231288
  1.523163e+01   1.359730e+01   0.000000e+00   0.000000e+00   226536
  1.525193e+01   1.350886e+01   6.123484e-02   0.000000e+00   226084
  1.527262e+01   1.353375e+01   5.264594e-02   0.000000e+00   227116
  1.529375e+01   1.344295e+01   0.000000e+00   0.000000e+00   223800
  1.531406e+01   1.341871e+01   8.314861e-02   0.000000e+00   223884
  1.533497e+01   1.341630e+01   0.000000e+00   0.000000e+00   222360
  1.535591e+01   1.343685e+01   0.000000e+00   0.000000e+00   221156
  1.537635e+01   1.337942e+01   9.278770e-02   0.000000e+00   221724
  1.539739e+01   1.332290e+01   0.000000e+00   0.000000e+00   217584
  1.541815e+01   1.331446e+01   0.000000e+00   0.000000e+00   217576
  1.543850e+01   1.329078e+01   9.595704e-02   0.000000e+00   215464
  1.545963e+01   1.330393e+01   0.000000e+00   0.000000e+00   215472
  1.548021e+01   1.339265e+01   2.624105e-02   0.000000e+00   213768
  1.550072e+01   1.324724e+01   8.302421e-02   0.000000e+00   210956
  1.552176e+01   1.321222e+01   0.000000e+00   0.000000e+00   211788
  1.554232e+01   1.316766e+01   4.523915e-02   0.000000e+00   211092
  1.556319e+01   1.321450e+01   3.169986e-02   0.000000e+00   209556
  1.558420e+01   1.319014e+01   0.000000e+00   0.000000e+00   206700
  1.560442e+01   1.315014e+01   7.735519e-02   0.000000e+00   206048
  1.562536e+01   1.315828e+01   0.000000e+00   0.000000e+00   204744
  1.564625e+01   1.299910e+01   0.000000e+00   0.000000e+00   202992
  1.566646e+01   1.310203e+01   8.725896e-02   0.000000e+00   201944
  1.568771e+01   1.305993e+01   0.000000e+00   0.000000e+00   203304
  1.570852e+01   1.300771e+01   0.000000e+00   0.000000e+00   200484
  1.572878e+01   1.296358e+01   9.295582e-02   0.000000e+00   195516
  1.575002e+01   1.300790e+01   0.000000e+00   0.000000e+00   198860
  1.577038e+01   1.294949e+01   4.225166e-02   0.000000e+00   195264
  1.579115e+01   1.296517e+01   6.097612e-02   0.000000e+00   195984
  1.581224e+01   1.281962e+01   0.000000e+00   0.000000e+00   191808
  1.583234e+01   1.293646e+01   7.110984e-02   0.000000e+00   190776
  1.585324e+01   1.282489e+01   1.725223e-02   0.000000e+00   192032
  1.587428e+01   1.281315e+01   0.000000e+00   0.000000e+00   188628
  1.589451e+01   1.287424e+01   9.879235e-02   0.000000e+00   189444
  1.591566e+01   1.285203e+01   0.000000e+00   0.000000e+00   186260
  1.593629e+01   1.288339e+01   0.000000e+00   0.000000e+00   184560
  1.595674e+01   1.282240e+01   8.999010e-02   0.000000e+00   185832
  1.597806e+01   1.281563e+01   0.000000e+00   0.000000e+00   182400
  1.599845e+01   1.279625e+01   4.269174e-02   0.000000e+00   181380
  1.601905e+01   1.273734e+01   7.515242e-02   0.000000e+00   180332
  1.604022e+01   1.273110e+01   0.000000e+00   0.000000e+00   178236
  1.606064e+01   1.270308e+01   5.411553e-02   0.000000e+00   179184
  1.608143e+01   1.271438e+01   6.858510e-02   0.000000e+00   175028
  1.610242e+01   1.278210e+01   0.000000e+00   0.000000e+00   175440
  1.612292e+01   1.268880e+01   7.421941e-02   0.000000e+00   174828
  1.614384e+01   1.270861e+01   0.000000e+00   0.000000e+00   169896
  1.616453e+01   1.276179e+01   0.000000e+00   0.000000e+00   171708
  1.618501e+01   1.271107e+01   9.531650e-02   0.000000e+00   169328
  1.620602e+01   1.260220e+01   0.000000e+00   0.000000e+00   167364
  1.622676e+01   1.271817e+01   3.396556e-02   0.000000e+00   168192
  1.624722e+01   1.257846e+01   8.493510e-02   0.000000e+00   163188
  1.626845e+01   1.267522e+01   0.000000e+00   0.000000e+00   166184
  1.628902e+01   1.262959e+01   4.303327e-02   0.000000e+00   161460
  1.630953e+01   1.259409e+01   7.858406e-02   0.000000e+00   159972
  1.633055e+01   1.258374e+01   0.000000e+00   0.000000e+00   159488
  1.635092e+01   1.258885e+01   7.341530e-02   0.000000e+00   158148
  1.637192e+01   1.255943e+01   0.000000e+00   0.000000e+00   158100
  1.639291e+01   1.259419e+01   0.000000e+00   0.000000e+00   155232
  1.641299e+01   1.252978e+01   8.433677e-02   0.000000e+00   151216
  1.643412e+01   1.254452e+01   0.000000e+00   0.000000e+00   155560
  1.645510e+01   1.252909e+01   0.000000e+00   0.000000e+00   151404
  1.647532e+01   1.255294e+01   1.006808e-01   0.000000e+00   148356
  1.649648e+01   1.261697e+01   0.000000e+00   0.000000e+00   147164
  1.651692e+01   1.244538e+01   2.845911e-02   0.000000e+00   147384
  1.653757e+01   1.254799e+01   6.867146e-02   0.000000e+00   145992
  1.655885e+01   1.249548e+01   0.000000e+00   0.000000e+00   143856
  1.657891e+01   1.251407e+01   6.571691e-02   0.000000e+00   140384
  1.659987e+01   1.247268e+01   3.265593e-02   0.000000e+00   143856
  1.662094e+01   1.238721e+01   0.000000e+00   0.000000e+00   136968
  1.664106e+01   1.253275e+01   9.224305e-02   0.000000e+00   139536
  1.666229e+01   1.245649e+01   0.000000e+00   0.000000e+00   136916
  1.668291e+01   1.234429e+01   0.000000e+00   0.000000e+00   133032
  1.670327e+01   1.234900e+01   9.390231e-02   0.000000e+00   135540
  1.672465e+01   1.236656e+01   0.000000e+00   0.000000e+00   132096
  1.674503e+01   1.246305e+01   0.000000e+00   0.000000e+00   129540
  1.676559e+01   1.244931e+01   9.129523e-02   0.000000e+00   130640
  1.678679e+01   1.218292e+01   0.000000e+00   0.000000e+00   126276
  1.680721e+01   1.235030e+01   5.419742e-02   0.000000e+00   128484
  1.682826e+01   1.231431e+01   1.416230e-02   0.000000e+00   124168
  1.684902e+01   1.217967e+01   0.000000e+00   0.000000e+00   122224
  1.686947e+01   1.243015e+01   8.176971e-02   0.000000e+00   123156
  1.689050e+01   1.219489e+01   0.000000e+00   0.000000e+00   119688
  1.691105e+01   1.225185e+01   0.000000e+00   0.000000e+00   116640
  1.693152e+01   1.219203e+01   9.555756e-02   0.000000e+00   119696
  1.695264e+01   1.213353e+01   0.000000e+00   0.000000e+00   114276
  1.697330e+01   1.229173e+01   0.000000e+00   0.000000e+00   114060
  1.699376e+01   1.225764e+01   9.026174e-02   0.000000e+00   112536
  1.701494e+01   1.215198e+01   0.000000e+00   0.000000e+00   112196
  1.703561e+01   1.205305e+01   4.095675e-02   0.000000e+00   109404
  1.705610e+01   1.200507e+01   5.041415e-02   0.000000e+00   105900
  1.707694e+01   1.217695e+01   0.000000e+00   0.000000e+00   107176
  1.709749e+01   1.209171e+01   6.681180e-02   0.000000e+00   105088
  1.711839e+01   1.194685e+01   2.849997e-02   0.000000e+00   103800
  1.713936e+01   1.201484e+01   0.000000e+00   0.000000e+00   101340
  1.715970e+01   1.189619e+01   7.576674e-02   0.000000e+00   100036
  1.718051e+01   1.190170e+01   0.000000e+00   0.000000e+00   97672
  1.720141e+01   1.181708e+01   0.000000e+00   0.000000e+00   97908
  1.722188e+01   1.170656e+01   7.925009e-02   0.000000e+00   95328
  1.724285e+01   1.188931e+01   0.000000e+00   0.000000e+00   93600
  1.726350e+01   1.165542e+01   0.000000e+00   0.000000e+00   92312
  1.728413e+01   1.164183e+01   6.735078e-02   0.000000e+00   91044
  1.730514e+01   1.158576e+01   0.000000e+00   0.000000e+00   88500
  1.732537e+01   1.156719e+01   5.063333e-02   0.000000e+00   86216
  1.734623e+01   1.151171e+01   0.000000e+00   0.000000e+00   87159
  1.736748e+01   1.157855e+01   0.000000e+00   0.000000e+00   86064
  1.738789e+01   1.133099e+01   7.890750e-02   0.000000e+00   81648
  1.740859e+01   1.142133e+01   3.720977e-03   0.000000e+00   81654
  1.742958e+01   1.121728e+01   0.000000e+00   0.000000e+00   81284
  1.745016e+01   1.130170e+01   5.805881e-02   0.000000e+00   78888
  1.747089e+01   1.120105e+01   1.781043e-02   0.000000e+00   77250
  1.749148e+01   1.124499e+01   0.000000e+00   0.000000e+00   75942
  1.751207e+01   1.106204e+01   6.144879e-02   0.000000e+00   77042
  1.753324e+01   1.101522e+01   0.000000e+00   0.000000e+00   74094
  1.755392e+01   1.103268e+01   3.229640e-02   0.000000e+00   73818
  1.757460e+01   1.111354e+01   0.000000e+00   0.000000e+00   70998
  1.759538e+01   1.088561e+01   0.000000e+00   0.000000e+00   72044
  1.761608e+01   1.101923e+01   6.433231e-02   0.000000e+00   69426
  1.763696e+01   1.092059e+01   0.000000e+00   0.000000e+00   69288
  1.765766e+01   1.091268e+01   0.000000e+00   0.000000e+00   67068
  1.767810e+01   1.088011e+01   6.709545e-02   0.000000e+00   66926
  1.769904e+01   1.078345e+01   5.500758e-02   0.000000e+00   66348
  1.772006e+01   1.072639e+01   0.000000e+00   0.000000e+00   64728
  1.774050e+01   1.072708e+01   0.000000e+00   0.000000e+00   62820
  1.776121e+01   1.084666e+01   0.000000e+00   0.000000e+00   63716
  1.778217e+01   1.089069e+01   1.726520e-02   0.000000e+00   62160
  1.780285e+01   1.073172e+01   0.000000e+00   0.000000e+00   59940
  1.782337e+01   1.073914e+01   1.720229e-02   0.000000e+00   60112
  1.784408e+01   1.066878e+01   6.349441e-02   0.000000e+00   59668
  1.786510e+01   1.055224e+01   0.000000e+00   0.000000e+00   57618
  1.788559e+01   1.058915e+01   2.073154e-02   0.000000e+00   56868
  1.790611e+01   1.064886e+01   6.067749e-02   0.000000e+00   56684
  1.792695e+01   1.056183e+01   2.664299e-02   0.000000e+00   55536
  1.794782e+01   1.043057e+01   0.000000e+00   0.000000e+00   54342
  1.796859e+01   1.061685e+01   2.255746e-02   0.000000e+00   54768
  1.798914e+01   1.044243e+01   6.015618e-02   0.000000e+00   52094
  1.800988e+01   1.045638e+01   0.000000e+00   0.000000e+00   52224
  1.803092e+01   1.048163e+01   0.000000e+00   0.000000e+00   52188
  1.805152e+01   1.044982e+01   5.377246e-02   0.000000e+00   50190
  1.807201e+01   1.042356e+01   4.317661e-02   0.000000e+00   49224
  1.809290e+01   1.033295e+01   0.000000e+00   0.000000e+00   49094
  1.811386e+01   1.050526e+01   1.619914e-02   0.000000e+00   49488
  1.813461e+01   1.023014e+01   5.656683e-02   0.000000e+00   46830
  1.815507e+01   1.030579e+01   1.271401e-02   0.000000e+00   45860
  1.817589e+01   1.039398e+01   0.000000e+00   0.000000e+00   46770
  1.819678e+01   1.031747e+01   2.486365e-02   0.000000e+00   45468
  1.821749e+01   1.028871e+01   3.896218e-02   0.000000e+00   44130
  1.823812e+01   1.032801e+01   0.000000e+00   0.000000e+00   43230
  1.825888e+01   1.024356e+01   0.000000e+00   0.000000e+00   44108
  1.827979e+01   1.027462e+01   3.864420e-02   0.000000e+00   42162
  1.830047e+01   1.017604e+01   3.712505e-02   0.000000e+00   41358
  1.832098e+01   1.026219e+01   0.000000e+00   0.000000e+00   40456
  1.834174e+01   1.009897e+01   3.405647e-02   0.000000e+00   41230
  1.836283e+01   1.018673e+01   4.538084e-02   0.000000e+00   39906
  1.838361e+01   1.026982e+01   0.000000e+00   0.000000e+00   38508
  1.840402e+01   1.014380e+01   0.000000e+00   0.000000e+00   37854
  1.842462e+01   1.009219e+01   5.556471e-02   0.000000e+00   38162
  1.844572e+01   1.007362e+01   2.364459e-02   0.000000e+00   37212
  1.846653e+01   1.018209e+01   0.000000e+00   0.000000e+00   36450
  1.848684e+01   1.006359e+01   3.099461e-02   0.000000e+00   34718
  1.850743e+01   1.008499e+01   2.356557e-02   0.000000e+00   35814
  1.852854e+01   1.019377e+01   1.894296e-02   0.000000e+00   34896
  1.854938e+01   1.013370e+01   0.000000e+00   0.000000e+00   33822
  1.856963e+01   1.008932e+01   4.256215e-02   0.000000e+00   32522
  1.859043e+01   1.009681e+01   0.000000e+00   0.000000e+00   33630
  1.861153e+01   1.029368e+01   0.000000e+00   0.000000e+00   32166
  1.863205e+01   1.003688e+01   2.286773e-02   0.000000e+00   31200
  1.865238e+01   1.011612e+01   1.278748e-02   0.000000e+00   30598
  1.867318e+01   1.003313e+01   1.828401e-02   0.000000e+00   31138
  1.869443e+01   1.005009e+01   0.000000e+00   0.000000e+00   30510
  1.871513e+01   1.028277e+01   3.323444e-02   0.000000e+00   28998
  1.873545e+01   9.938570e+00   6.410683e-03   0.000000e+00   28290
  1.875621e+01   1.009297e+01   4.445238e-02   0.000000e+00   29126
  1.877748e+01   1.020699e+01   0.000000e+00   0.000000e+00   28008
  1.879820e+01   1.029123e+01   8.049977e-03   0.000000e+00   27222
  1.881869e+01   1.003047e+01   2.032959e-02   0.000000e+00   26426
  1.883943e+01   1.009780e+01   1.443052e-02   0.000000e+00   26694
  1.886042e+01   1.018939e+01   2.259778e-02   0.000000e+00   25734
  1.888123e+01   9.986392e+00   0.000000e+00   0.000000e+00   25458
  1.890165e+01   1.018305e+01   5.366349e-03   0.000000e+00   24198
  1.892250e+01   1.000991e+01   0.000000e+00   0.000000e+00   25034
  1.894358e+01   1.008142e+01   1.813393e-02   0.000000e+00   23718
  1.896415e+01   9.883441e+00   0.000000e+00   0.000000e+00   23094
  1.898440e+01   9.992770e+00   2.726352e-02   0.000000e+00   22416
  1.900523e+01   1.006184e+01   8.158409e-03   0.000000e+00   23078
  1.902662e+01   1.015710e+01   0.000000e+00   0.000000e+00   22386
  1.904734e+01   9.950280e+00   0.000000e+00   0.000000e+00   21126
  1.906740e+01   9.990415e+00   0.000000e+00   0.000000e+00   20366
  1.908807e+01   9.981053e+00   3.897838e-02   0.000000e+00   21354
  1.910952e+01   1.016282e+01   0.000000e+00   0.000000e+00   20478
  1.913020e+01   1.005363e+01   0.000000e+00   0.000000e+00   19458
  1.915026e+01   1.013076e+01   1.197140e-02   0.000000e+00   18758
  1.917096e+01   1.013716e+01   4.182094e-02   0.000000e+00   19566
  1.919237e+01   1.016098e+01   2.599418e-02   0.000000e+00   18858
  1.921315e+01   1.007278e+01   0.000000e+00   0.000000e+00   17790
  1.923316e+01   1.011313e+01   0.000000e+00   0.000000e+00   17114
  1.925389e+01   1.008555e+01   0.000000e+00   0.000000e+00   17982
  1.927528e+01   9.937806e+00   0.000000e+00   0.000000e+00   17190
  1.929611e+01   1.009077e+01   0.000000e+00   0.000000e+00   16458
  1.931611e+01   1.012537e+01   3.033604e-02   0.000000e+00   15494
  1.933678e+01   1.020197e+01   1.316442e-02   0.000000e+00   16374
  1.935831e+01   1.006861e+01   0.000000e+00   0.000000e+00   15858
  1.937917e+01   1.016116e+01   0.000000e+00   0.000000e+00   14862
  1.939908e+01   1.020983e+01   0.000000e+00   0.000000e+00   14082
  1.941986e+01   1.009738e+01   0.000000e+00   0.000000e+00   14990
  1.944144e+01   1.013716e+01   1.396459e-02   0.000000e+00   14358
  1.946223e+01   1.012736e+01   0.000000e+00   0.000000e+00   13386
  1.948193e+01   1.028583e+01   0.000000e+00   0.000000e+00   12678
  1.950273e+01   1.014468e+01   2.351213e-02   0.000000e+00   13700
  1.952445e+01   1.028945e+01   1.551025e-02   0.000000e+00   12942
  1.954529e+01   1.039025e+01   3.787850e-02   0.000000e+00   12198
  1.956477e+01   1.007751e+01   0.000000e+00   0.000000e+00   11106
  1.958543e+01   1.014403e+01   5.489406e-03   0.000000e+00   12494
  1.960722e+01   1.029749e+01   2.627413e-02   0.000000e+00   11610
  1.962823e+01   1.034240e+01   0.000000e+00   0.000000e+00   11094
  1.964771e+01   1.047336e+01   1.968655e-02   0.000000e+00   9902
  1.966828e+01   1.032993e+01   1.518298e-02   0.000000e+00   11226
  1.969007e+01   1.017164e+01   0.000000e+00   0.000000e+00   10326
  1.971110e+01   1.052647e+01   1.976879e-02   0.000000e+00   10074
  1.973074e+01   1.033481e+01   4.368223e-03   0.000000e+00   8766
  1.975114e+01   1.077629e+01   0.000000e+00   0.000000e+00   9950
  1.977288e+01   1.059819e+01   1.325969e-02   0.000000e+00   9252
  1.979391e+01   1.058236e+01   0.000000e+00   0.000000e+00   8886
  1.981353e+01   1.080966e+01   0.000000e+00   0.000000e+00   7850
  1.983411e+01   1.067527e+01   8.076962e-03   0.000000e+00   8886
  1.985590e+01   1.062078e+01   0.000000e+00   0.000000e+00   8142
  1.987668e+01   1.104633e+01   1.583417e-02   0.000000e+00   7746
  1.989608e+01   1.080542e+01   2.309617e-02   0.000000e+00   6926
  1.991706e+01   1.077156e+01   0.000000e+00   0.000000e+00   7974
  1.993892e+01   1.038453e+01   1.896865e-02   0.000000e+00   7074
  1.995945e+01   1.108232e+01   6.967900e-03   0.000000e+00   6744
  1.997875e+01   1.106124e+01   2.218821e-02   0.000000e+00   6114
  2.000010e+01   1.089937e+01   0.000000e+00   0.000000e+00   7094
  2.002234e+01   1.114466e+01   0.000000e+00   0.000000e+00   6174
  2.004261e+01   1.101053e+01   0.000000e+00   0.000000e+00   5754
  2.006140e+01   1.123989e+01   0.000000e+00   0.000000e+00   5214
  2.008301e+01   1.084246e+01   0.000000e+00   0.000000e+00   6338
  2.010586e+01   1.123470e+01   6.692746e-03   0.000000e+00   5352
  2.012591e+01   1.160790e+01   0.000000e+00   0.000000e+00   4830
  2.014382e+01   1.129183e+01   5.748117e-03   0.000000e+00   4338
  2.016557e+01   1.151392e+01   0.000000e+00   0.000000e+00   5558
  2.018939e+01   1.112649e+01   1.579558e-02   0.000000e+00   4866
  2.020984e+01   1.087244e+01   2.472778e-02   0.000000e+00   3846
  2.022612e+01   1.120179e+01   0.000000e+00   0.000000e+00   3518
  2.024795e+01   1.142977e+01   2.177267e-02   0.000000e+00   4812
  2.027247e+01   1.098376e+01   1.139806e-02   0.000000e+00   4278
  2.029372e+01   1.093918e+01   2.027569e-02   0.000000e+00   3174
  2.030844e+01   1.178330e+01   0.000000e+00   0.000000e+00   2738
  2.033019e+01   1.166528e+01   9.994824e-03   0.000000e+00   4086
  2.035522e+01   1.146090e+01   9.553608e-03   0.000000e+00   3666
  2.037748e+01   1.168165e+01   1.195282e-02   0.000000e+00   2712
  2.039076e+01   1.133785e+01   8.257776e-03   0.000000e+00   1998
  2.041240e+01   1.206339e+01   9.292152e-03   0.000000e+00   3434
  2.043794e+01   1.194366e+01   0.000000e+00   0.000000e+00   3078
  2.046126e+01   1.218066e+01   1.132556e-02   0.000000e+00   2334
  2.047313e+01   1.228269e+01   0.000000e+00   0.000000e+00   1340
  2.049457e+01   1.228218e+01   0.000000e+00   0.000000e+00   2838
  2.052072e+01   1.234227e+01   0.000000e+00   0.000000e+00   2538
  2.054514e+01   1.216131e+01   8.556732e-03   0.000000e+00   1974
  2.055491e+01   1.267459e+01   1.293140e-02   4.607335e-01   774
  2.057646e+01   1.167527e+01   0.000000e+00   0.000000e+00   2300
  2.060325e+01   1.184229e+01   1.364933e-02   0.000000e+00   2046
  2.062877e+01   1.215729e+01   0.000000e+00   0.000000e+00   1626
  2.063671e+01   1.407614e+01   7.735646e-03   6.832761e-01   390
  2.065818e+01   1.209307e+01   7.851642e-03   0.000000e+00   1766
  2.068540e+01   1.317820e+01   0.000000e+00   0.000000e+00   1596
  2.071199e+01   1.248641e+01   0.000000e+00   0.000000e+00   1302
  2.071852e+01   1.646499e+01   0.000000e+00   1.474717e+00   150
  2.074003e+01   1.267166e+01   2.644073e-03   0.000000e+00   1298
  2.076735e+01   1.396367e+01   0.000000e+00   0.000000e+00   1158
  2.079453e+01   1.199502e+01   4.394243e-03   3.773425e-01   996
  2.080451e+01   1.950882e+01   1.076411e-02   3.901967e+00   38
  2.082208e+01   1.300694e+01   0.000000e+00   4.069340e-01   894
  2.084944e+01   1.302899e+01   9.709219e-03   4.444734e-01   786
  2.087684e+01   1.448675e+01   0.000000e+00   5.330585e-01   678
  2.090290e+01   6.571961e+00   0.000000e+00   1.304446e+00   8
  2.090428e+01   1.292953e+01   8.810967e-03   5.096042e-01   570
  2.093169e+01   1.377013e+01   9.455694e-03   6.576719e-01   486
  2.095915e+01   1.428685e+01   0.000000e+00   6.953687e-01   402
  2.098585e+01   1.908379e+01   0.000000e+00   6.144243e+00   8
  2.098664e+01   1.388411e+01   1.092789e-02   8.348732e-01   318
  2.101412e+01   1.426269e+01   0.000000e+00   9.438406e-01   258
  2.104164e+01   1.363419e+01   0.000000e+00   9.462120e-01   198
  2.106880e+01   1.708880e+01   0.000000e+00   2.717141e+00   8
  2.106919e+01   1.711063e+01   0.000000e+00   1.203593e+00   138
  2.109671e+01   1.388443e+01   3.586795e-03   1.277435e+00   102
  2.112428e+01   1.068374e+01   6.532758e-03   1.154035e+00   66
  2.115187e+01   1.206887e+01   0.000000e+00   1.512623e+00   38
  2.117947e+01   1.026285e+01   0.000000e+00   1.741745e+00   18
  2.120708e+01   3.313869e+00   0.000000e+00   1.533043e+00   6
