# power spectrum of velocity
# redshift z=0.791500
# k              Pk             sigma(k)       sigma(Pk)      count
  4.789006e-02   4.393845e-07   1.569186e-05   1.590809e-07   6
  6.772678e-02   1.116766e-06   0.000000e+00   2.570038e-07   12
  8.844750e-02   6.635293e-07   6.350197e-03   1.300721e-07   14
  1.121958e-01   6.566890e-07   5.110132e-03   6.839618e-08   48
  1.413226e-01   5.223047e-07   3.711993e-03   5.676399e-08   42
  1.551375e-01   3.999330e-07   3.695504e-03   5.190838e-08   48
  1.759035e-01   4.770451e-07   4.430317e-03   5.232118e-08   80
  1.993525e-01   4.754019e-07   3.439775e-03   4.134922e-08   90
  2.172926e-01   3.289628e-07   5.401395e-03   3.262616e-08   120
  2.427789e-01   3.687856e-07   4.539269e-03   2.509417e-08   158
  2.596594e-01   3.454682e-07   2.154172e-03   3.551263e-08   120
  2.799969e-01   3.130917e-07   4.814837e-03   2.080244e-08   186
  3.024673e-01   2.958570e-07   6.584405e-03   1.850863e-08   264
  3.207263e-01   3.223874e-07   3.554717e-03   2.330284e-08   168
  3.440233e-01   2.742785e-07   6.353114e-03   1.437409e-08   386
  3.635186e-01   2.096593e-07   3.844319e-03   1.472007e-08   192
  3.827000e-01   2.588131e-07   6.302989e-03   1.301709e-08   390
  4.042493e-01   2.042980e-07   6.599222e-03   1.028858e-08   396
  4.244941e-01   2.172481e-07   6.547168e-03   1.067403e-08   398
  4.467496e-01   1.875224e-07   6.417329e-03   7.242382e-09   576
  4.686509e-01   1.774970e-07   6.510439e-03   8.271275e-09   444
  4.878078e-01   2.029409e-07   5.874003e-03   7.785716e-09   590
  5.096214e-01   1.639060e-07   6.432479e-03   6.274031e-09   648
  5.308979e-01   1.600066e-07   5.692893e-03   6.504996e-09   654
  5.498012e-01   1.553583e-07   4.722042e-03   5.686639e-09   636
  5.709321e-01   1.502442e-07   7.079544e-03   5.204929e-09   830
  5.907593e-01   1.400431e-07   5.095999e-03   4.651019e-09   792
  6.110328e-01   1.389617e-07   5.241142e-03   5.173948e-09   804
  6.317957e-01   1.384382e-07   6.468770e-03   4.745428e-09   1038
  6.518970e-01   1.217391e-07   5.066866e-03   3.821285e-09   936
  6.736844e-01   1.144899e-07   5.920520e-03   3.473007e-09   1130
  6.934320e-01   1.136653e-07   5.498096e-03   3.401129e-09   1104
  7.151093e-01   1.089441e-07   6.112917e-03   3.155050e-09   1230
  7.349322e-01   1.064396e-07   6.212201e-03   2.805795e-09   1260
  7.550713e-01   1.046361e-07   5.367123e-03   2.986004e-09   1286
  7.778485e-01   9.759891e-08   6.513251e-03   2.309532e-09   1728
  7.994312e-01   9.642252e-08   5.758260e-03   2.521545e-09   1392
  8.199441e-01   9.393592e-08   5.472268e-03   2.380432e-09   1626
  8.409694e-01   8.673970e-08   6.465203e-03   2.054238e-09   1760
  8.620805e-01   8.464384e-08   5.346546e-03   2.016924e-09   1686
  8.819823e-01   7.654108e-08   5.432531e-03   1.650563e-09   1812
  9.023318e-01   7.743146e-08   6.264130e-03   1.803970e-09   1862
  9.231285e-01   7.308037e-08   5.573074e-03   1.478488e-09   2160
  9.440529e-01   7.291782e-08   5.701804e-03   1.715631e-09   1956
  9.651054e-01   6.930878e-08   6.405607e-03   1.366439e-09   2454
  9.856496e-01   6.840322e-08   4.996224e-03   1.462989e-09   2048
  1.006269e+00   6.615223e-08   6.514920e-03   1.302974e-09   2538
  1.026621e+00   6.291707e-08   5.450501e-03   1.250217e-09   2400
  1.047192e+00   6.126370e-08   6.493922e-03   1.254473e-09   2526
  1.067717e+00   5.233355e-08   6.428646e-03   9.730791e-10   2856
  1.089126e+00   5.700109e-08   6.005562e-03   1.061429e-09   2804
  1.110271e+00   5.649747e-08   6.270330e-03   1.047218e-09   2958
  1.130394e+00   5.630204e-08   6.090740e-03   1.004980e-09   2976
  1.151629e+00   5.069411e-08   6.085785e-03   8.720001e-10   3194
  1.171511e+00   5.075473e-08   6.068103e-03   8.837072e-10   3120
  1.193046e+00   4.669256e-08   6.127131e-03   7.349369e-10   3606
  1.213599e+00   4.723437e-08   5.612012e-03   7.627987e-10   3276
  1.233621e+00   4.342931e-08   6.355793e-03   6.750089e-10   3600
  1.254220e+00   4.440320e-08   5.584221e-03   7.229358e-10   3638
  1.274050e+00   4.350500e-08   5.946849e-03   6.810627e-10   3744
  1.295503e+00   4.049732e-08   6.160694e-03   6.088299e-10   4170
  1.316011e+00   3.880326e-08   5.820608e-03   5.759841e-10   3984
  1.336899e+00   3.815773e-08   5.888187e-03   5.610008e-10   4334
  1.357509e+00   3.708106e-08   5.433735e-03   5.476765e-10   4284
  1.377862e+00   3.657162e-08   6.586002e-03   5.186752e-10   4374
  1.399143e+00   3.509234e-08   5.852376e-03   4.658529e-10   5016
  1.420103e+00   3.356105e-08   5.618773e-03   4.727229e-10   4580
  1.440995e+00   3.392710e-08   6.637719e-03   4.536140e-10   5142
  1.462309e+00   3.432572e-08   6.349700e-03   4.519193e-10   5184
  1.483176e+00   3.092152e-08   4.947565e-03   4.052551e-10   5058
  1.503228e+00   3.099105e-08   5.897393e-03   3.990989e-10   5384
  1.524670e+00   3.013292e-08   6.695675e-03   3.763789e-10   5622
  1.545353e+00   2.789069e-08   5.687847e-03   3.380715e-10   5736
  1.565950e+00   2.896195e-08   5.060211e-03   3.591382e-10   5596
  1.586643e+00   2.770748e-08   6.383125e-03   3.300018e-10   6070
  1.607167e+00   2.638724e-08   4.992944e-03   3.066405e-10   6096
  1.628581e+00   2.508690e-08   6.065405e-03   2.796337e-10   6474
  1.648392e+00   2.518044e-08   5.838056e-03   2.882975e-10   6024
  1.669580e+00   2.407628e-08   5.880471e-03   2.612175e-10   7070
  1.690573e+00   2.412673e-08   4.809061e-03   2.689969e-10   6516
  1.710709e+00   2.363362e-08   5.809464e-03   2.513697e-10   6936
  1.731728e+00   2.267850e-08   5.831487e-03   2.339954e-10   7110
  1.752060e+00   2.295068e-08   4.409085e-03   2.402278e-10   7244
  1.773569e+00   2.166367e-08   6.405291e-03   2.177265e-10   7878
  1.794402e+00   2.219113e-08   6.080075e-03   2.291914e-10   7344
  1.814575e+00   2.081396e-08   6.395235e-03   2.085253e-10   7694
  1.835593e+00   2.027345e-08   6.177224e-03   1.886544e-10   8412
  1.856699e+00   1.967171e-08   6.414349e-03   1.919833e-10   7920
  1.876759e+00   1.964882e-08   5.459516e-03   1.884104e-10   8118
  1.897178e+00   1.925332e-08   6.304957e-03   1.810901e-10   8548
  1.917951e+00   1.858718e-08   6.416240e-03   1.689035e-10   8710
  1.938549e+00   1.842112e-08   5.618245e-03   1.643005e-10   8928
  1.959696e+00   1.839369e-08   5.955717e-03   1.613267e-10   9186
  1.979981e+00   1.769095e-08   6.565980e-03   1.493209e-10   9200
  2.000891e+00   1.777757e-08   5.774193e-03   1.518670e-10   9438
  2.021277e+00   1.672982e-08   8.018434e-03   1.432613e-10   9564
  2.042231e+00   1.665779e-08   6.102071e-03   1.311625e-10   10296
  2.063682e+00   1.626141e-08   5.425155e-03   1.325984e-10   10126
  2.083777e+00   1.605683e-08   6.634938e-03   1.317261e-10   10024
  2.105151e+00   1.579096e-08   4.712298e-03   1.216856e-10   11082
  2.126137e+00   1.555852e-08   7.303006e-03   1.219457e-10   10632
  2.146648e+00   1.544329e-08   5.326134e-03   1.204509e-10   10734
  2.167370e+00   1.507541e-08   6.445526e-03   1.115694e-10   11276
  2.188085e+00   1.475095e-08   5.788906e-03   1.098623e-10   11352
  2.208991e+00   1.455782e-08   6.005624e-03   1.078034e-10   11550
  2.229512e+00   1.443333e-08   5.662755e-03   1.041462e-10   11772
  2.250338e+00   1.420046e-08   7.077712e-03   1.018791e-10   12038
  2.270908e+00   1.405475e-08   8.661922e-03   1.000406e-10   12096
  2.291762e+00   1.403308e-08   6.953415e-03   9.517683e-11   12582
  2.312386e+00   1.380741e-08   2.010248e-03   9.625076e-11   12620
  2.333484e+00   1.340706e-08   7.304332e-03   8.950542e-11   13320
  2.354132e+00   1.329491e-08   6.619310e-03   9.003727e-11   12654
  2.374385e+00   1.327033e-08   1.258389e-03   8.812498e-11   13236
  2.394941e+00   1.292594e-08   9.542826e-03   8.426254e-11   13438
  2.415712e+00   1.277351e-08   9.353479e-03   8.222196e-11   14344
  2.437236e+00   1.275669e-08   5.859420e-03   8.110455e-11   14226
  2.457572e+00   1.261466e-08   4.672744e-03   8.119969e-11   14088
  2.478175e+00   1.254520e-08   0.000000e+00   7.910419e-11   14328
  2.498827e+00   1.234763e-08   6.531052e-03   7.523382e-11   14954
  2.519760e+00   1.219629e-08   5.086951e-03   7.360049e-11   15480
  2.540776e+00   1.206256e-08   6.739827e-03   7.390588e-11   14862
  2.560688e+00   1.187310e-08   8.102940e-03   7.108207e-11   15296
  2.581597e+00   1.191054e-08   7.726933e-03   7.006208e-11   15954
  2.602086e+00   1.178253e-08   6.557528e-03   6.831974e-11   15720
  2.622579e+00   1.159083e-08   2.614172e-03   6.561333e-11   16296
  2.643690e+00   1.154076e-08   4.081105e-03   6.552927e-11   17010
  2.664189e+00   1.157260e-08   3.446393e-03   6.740955e-11   16328
  2.684811e+00   1.140273e-08   3.297749e-03   6.190040e-11   17094
  2.705495e+00   1.132719e-08   8.616207e-03   6.140693e-11   17436
  2.726416e+00   1.117774e-08   8.714706e-03   5.954789e-11   17862
  2.747423e+00   1.116024e-08   7.457893e-03   5.802090e-11   18200
  2.768585e+00   1.106960e-08   1.351897e-03   5.778315e-11   18450
  2.789287e+00   1.102886e-08   3.614106e-03   5.881408e-11   18384
  2.809940e+00   1.097312e-08   5.772696e-03   5.795701e-11   18504
  2.830568e+00   1.081757e-08   4.300374e-03   5.508228e-11   19142
  2.851613e+00   1.080421e-08   5.926559e-03   5.402460e-11   19692
  2.872433e+00   1.080962e-08   6.163913e-03   5.570136e-11   19062
  2.892804e+00   1.077300e-08   0.000000e+00   5.415770e-11   20184
  2.913860e+00   1.058647e-08   7.438076e-03   5.251378e-11   19970
  2.934397e+00   1.042439e-08   0.000000e+00   4.977080e-11   20496
  2.955536e+00   1.051167e-08   8.549483e-03   5.034930e-11   21456
  2.976109e+00   1.051416e-08   6.035898e-03   5.180610e-11   19650
  2.996304e+00   1.052068e-08   9.698533e-03   4.994681e-11   22040
  3.017594e+00   1.038464e-08   1.283537e-02   4.888827e-11   21558
  3.038151e+00   1.047535e-08   0.000000e+00   4.961998e-11   21804
  3.058764e+00   1.041918e-08   8.191145e-03   4.853318e-11   21926
  3.079308e+00   1.029820e-08   9.566912e-03   4.792260e-11   22416
  3.099936e+00   1.011294e-08   8.576350e-03   4.597420e-11   22776
  3.121147e+00   1.014252e-08   6.494191e-03   4.602271e-11   23874
  3.141984e+00   1.011013e-08   0.000000e+00   4.572359e-11   23104
  3.162702e+00   1.010801e-08   0.000000e+00   4.481493e-11   23974
  3.183468e+00   1.012649e-08   1.371150e-02   4.535622e-11   23892
  3.203872e+00   1.008371e-08   0.000000e+00   4.514021e-11   23550
  3.224417e+00   9.983768e-09   7.006869e-03   4.342142e-11   25320
  3.245288e+00   1.011255e-08   1.181142e-02   4.448044e-11   24428
  3.265710e+00   9.900155e-09   8.242303e-03   4.258386e-11   25254
  3.286619e+00   1.001106e-08   0.000000e+00   4.300872e-11   26016
  3.307231e+00   9.871901e-09   0.000000e+00   4.246752e-11   25182
  3.328033e+00   9.780826e-09   3.485976e-03   4.060537e-11   27428
  3.349134e+00   9.858780e-09   5.706268e-03   4.138866e-11   25974
  3.369439e+00   9.845985e-09   8.807366e-03   4.089485e-11   26904
  3.390059e+00   9.814731e-09   3.311861e-03   4.114873e-11   26730
  3.410701e+00   9.755811e-09   0.000000e+00   3.966028e-11   27896
  3.431859e+00   9.792027e-09   1.056886e-02   3.869554e-11   28992
  3.453270e+00   9.698585e-09   2.666468e-03   3.862284e-11   28698
  3.473700e+00   9.734841e-09   0.000000e+00   3.981124e-11   27816
  3.494572e+00   9.588701e-09   0.000000e+00   3.757942e-11   29774
  3.515449e+00   9.669227e-09   6.802831e-03   3.914394e-11   29148
  3.535861e+00   9.558471e-09   0.000000e+00   3.849048e-11   28806
  3.556422e+00   9.598407e-09   1.146927e-02   3.727713e-11   30408
  3.577217e+00   9.517161e-09   0.000000e+00   3.706926e-11   30320
  3.598192e+00   9.594173e-09   0.000000e+00   3.752136e-11   30930
  3.619128e+00   9.586772e-09   0.000000e+00   3.622868e-11   31656
  3.639581e+00   9.517529e-09   0.000000e+00   3.738714e-11   30086
  3.660128e+00   9.545158e-09   1.335832e-02   3.555094e-11   32724
  3.680836e+00   9.507777e-09   7.905171e-03   3.662875e-11   30846
  3.701403e+00   9.461480e-09   2.329699e-03   3.529450e-11   33480
  3.722425e+00   9.492344e-09   1.078178e-02   3.588464e-11   32724
  3.742979e+00   9.402007e-09   6.854980e-03   3.501834e-11   32894
  3.763829e+00   9.486104e-09   0.000000e+00   3.481679e-11   34200
  3.784682e+00   9.399321e-09   8.733941e-03   3.435880e-11   33594
  3.805163e+00   9.442409e-09   0.000000e+00   3.489818e-11   34336
  3.826056e+00   9.335390e-09   2.178424e-03   3.320835e-11   34822
  3.846790e+00   9.290333e-09   0.000000e+00   3.335521e-11   35472
  3.867411e+00   9.277228e-09   0.000000e+00   3.355460e-11   34404
  3.887970e+00   9.307919e-09   0.000000e+00   3.317010e-11   36222
  3.908578e+00   9.289067e-09   5.921908e-03   3.280393e-11   35984
  3.929393e+00   9.278582e-09   9.093091e-03   3.292638e-11   36570
  3.950031e+00   9.329823e-09   0.000000e+00   3.254610e-11   37176
  3.970896e+00   9.266518e-09   0.000000e+00   3.268894e-11   37406
  3.991674e+00   9.218648e-09   0.000000e+00   3.179593e-11   38052
  4.012284e+00   9.153361e-09   0.000000e+00   3.218495e-11   37590
  4.033174e+00   9.118026e-09   1.058017e-02   3.122410e-11   39480
  4.053854e+00   9.243757e-09   0.000000e+00   3.184230e-11   38260
  4.074528e+00   9.150838e-09   1.042091e-02   3.099515e-11   39646
  4.095623e+00   9.067639e-09   6.096350e-03   3.043913e-11   40944
  4.116542e+00   8.997322e-09   0.000000e+00   3.053657e-11   39678
  4.137149e+00   9.055674e-09   0.000000e+00   3.003656e-11   40804
  4.157881e+00   8.949565e-09   0.000000e+00   2.996156e-11   40606
  4.178646e+00   8.988868e-09   1.389263e-02   2.965993e-11   42216
  4.199540e+00   8.965381e-09   0.000000e+00   2.928244e-11   41532
  4.220177e+00   8.920174e-09   0.000000e+00   2.965184e-11   41990
  4.240665e+00   8.942868e-09   1.470451e-02   2.914521e-11   42360
  4.261570e+00   8.826189e-09   5.952201e-03   2.836312e-11   43530
  4.282349e+00   8.912665e-09   8.277784e-03   2.876391e-11   43848
  4.303062e+00   8.838562e-09   0.000000e+00   2.863325e-11   42870
  4.323843e+00   8.793806e-09   1.401378e-02   2.755720e-11   46160
  4.344701e+00   8.851941e-09   5.452378e-03   2.869251e-11   43380
  4.365240e+00   8.715900e-09   0.000000e+00   2.743514e-11   45294
  4.385850e+00   8.809711e-09   1.324354e-02   2.774827e-11   45744
  4.406925e+00   8.736480e-09   0.000000e+00   2.722773e-11   46682
  4.427542e+00   8.769515e-09   7.485230e-03   2.729472e-11   45840
  4.448226e+00   8.629147e-09   0.000000e+00   2.660642e-11   47118
  4.468866e+00   8.705349e-09   1.918210e-02   2.694176e-11   47124
  4.489588e+00   8.655152e-09   4.648864e-03   2.652796e-11   47984
  4.510731e+00   8.616915e-09   8.625260e-03   2.595782e-11   49566
  4.531117e+00   8.672342e-09   5.667525e-03   2.723280e-11   46284
  4.551570e+00   8.577361e-09   1.381918e-02   2.599886e-11   49966
  4.572384e+00   8.499167e-09   1.022384e-02   2.568049e-11   49360
  4.593071e+00   8.579920e-09   2.514906e-03   2.576424e-11   49806
  4.613927e+00   8.506128e-09   1.122934e-02   2.512943e-11   51492
  4.634556e+00   8.557524e-09   1.514854e-02   2.559571e-11   49496
  4.655358e+00   8.473918e-09   1.543968e-02   2.435859e-11   53190
  4.676337e+00   8.423349e-09   0.000000e+00   2.492876e-11   51060
  4.696902e+00   8.466868e-09   0.000000e+00   2.510536e-11   52134
  4.717533e+00   8.359242e-09   9.921504e-03   2.436109e-11   53088
  4.738328e+00   8.329624e-09   6.641314e-03   2.443522e-11   52706
  4.759058e+00   8.375150e-09   1.074198e-02   2.393982e-11   54936
  4.780122e+00   8.309065e-09   0.000000e+00   2.366567e-11   53886
  4.800724e+00   8.299677e-09   0.000000e+00   2.365409e-11   54436
  4.821321e+00   8.297647e-09   0.000000e+00   2.360120e-11   55096
  4.842331e+00   8.328040e-09   0.000000e+00   2.341298e-11   56358
  4.862920e+00   8.254610e-09   0.000000e+00   2.343809e-11   55632
  4.883674e+00   8.244660e-09   2.006446e-02   2.317047e-11   56530
  4.904377e+00   8.235800e-09   0.000000e+00   2.278399e-11   57232
  4.925004e+00   8.216018e-09   0.000000e+00   2.301077e-11   56766
  4.946157e+00   8.152396e-09   0.000000e+00   2.213540e-11   60804
  4.966740e+00   8.145276e-09   0.000000e+00   2.314351e-11   55536
  4.987401e+00   8.119732e-09   2.499953e-02   2.182433e-11   61166
  5.008143e+00   8.129001e-09   0.000000e+00   2.254940e-11   57396
  5.028656e+00   8.107823e-09   1.209925e-02   2.198523e-11   60870
  5.049485e+00   8.077981e-09   0.000000e+00   2.200571e-11   60224
  5.070205e+00   8.058410e-09   1.767444e-02   2.184903e-11   61002
  5.090996e+00   7.992425e-09   1.592357e-02   2.156315e-11   62016
  5.111675e+00   8.031920e-09   0.000000e+00   2.182213e-11   60768
  5.132188e+00   7.944638e-09   2.353725e-02   2.132158e-11   62870
  5.153160e+00   7.940517e-09   8.087275e-03   2.110134e-11   63804
  5.174012e+00   7.961778e-09   1.071196e-02   2.152468e-11   63054
  5.194388e+00   7.913355e-09   8.513915e-03   2.094094e-11   63024
  5.215204e+00   7.897390e-09   0.000000e+00   2.084729e-11   65018
  5.235782e+00   7.869001e-09   1.516155e-02   2.061117e-11   64608
  5.256577e+00   7.845237e-09   0.000000e+00   2.036984e-11   65688
  5.277312e+00   7.819881e-09   2.238415e-02   2.046541e-11   65994
  5.297979e+00   7.819731e-09   0.000000e+00   2.034956e-11   66648
  5.318871e+00   7.802186e-09   1.514373e-02   2.021537e-11   67310
  5.339461e+00   7.713695e-09   0.000000e+00   1.984961e-11   67224
  5.360199e+00   7.702781e-09   6.196951e-03   1.966763e-11   68034
  5.381014e+00   7.700692e-09   0.000000e+00   1.942536e-11   69744
  5.401830e+00   7.694001e-09   1.183568e-02   1.970112e-11   68654
  5.422855e+00   7.678267e-09   1.531243e-02   1.916298e-11   72132
  5.443654e+00   7.657865e-09   9.414003e-03   1.974984e-11   68520
  5.464158e+00   7.648144e-09   1.535866e-02   1.923593e-11   71070
  5.485072e+00   7.639763e-09   0.000000e+00   1.915659e-11   71948
  5.505774e+00   7.638328e-09   2.288852e-02   1.915133e-11   71598
  5.526656e+00   7.528778e-09   0.000000e+00   1.855968e-11   73536
  5.547363e+00   7.582327e-09   2.758119e-02   1.885578e-11   71802
  5.567855e+00   7.544108e-09   0.000000e+00   1.864397e-11   73280
  5.588593e+00   7.502757e-09   0.000000e+00   1.838042e-11   73992
  5.609518e+00   7.451821e-09   1.258290e-02   1.811847e-11   75966
  5.630238e+00   7.431006e-09   0.000000e+00   1.822242e-11   74364
  5.650980e+00   7.392480e-09   1.582830e-02   1.787174e-11   76094
  5.671666e+00   7.435200e-09   0.000000e+00   1.810720e-11   76224
  5.692417e+00   7.404063e-09   9.366560e-03   1.806969e-11   76242
  5.712948e+00   7.386117e-09   0.000000e+00   1.783434e-11   76944
  5.733684e+00   7.367696e-09   0.000000e+00   1.761800e-11   78680
  5.754737e+00   7.311148e-09   1.780625e-02   1.723828e-11   79962
  5.775391e+00   7.290431e-09   8.502871e-03   1.736912e-11   77760
  5.796021e+00   7.261466e-09   2.133894e-02   1.721311e-11   79590
  5.816767e+00   7.267154e-09   0.000000e+00   1.715196e-11   80732
  5.837569e+00   7.250556e-09   2.665025e-02   1.703357e-11   81174
  5.858317e+00   7.165839e-09   9.145525e-03   1.673352e-11   80832
  5.878648e+00   7.216584e-09   2.700394e-02   1.704665e-11   79992
  5.899507e+00   7.108840e-09   0.000000e+00   1.640072e-11   84314
  5.920439e+00   7.125678e-09   0.000000e+00   1.648945e-11   83592
  5.941250e+00   7.123030e-09   2.012073e-02   1.656412e-11   83838
  5.961944e+00   7.065356e-09   0.000000e+00   1.635877e-11   83676
  5.982556e+00   7.076467e-09   1.321889e-02   1.629059e-11   84950
  6.003231e+00   7.050238e-09   0.000000e+00   1.615605e-11   84912
  6.024027e+00   7.007775e-09   2.406474e-02   1.596747e-11   87162
  6.044869e+00   6.998903e-09   0.000000e+00   1.592177e-11   86440
  6.065492e+00   6.976997e-09   0.000000e+00   1.587238e-11   86560
  6.086293e+00   7.008147e-09   4.536932e-03   1.582896e-11   88698
  6.106999e+00   6.933126e-09   3.015345e-02   1.548444e-11   88920
  6.127980e+00   6.879117e-09   0.000000e+00   1.554417e-11   88814
  6.148557e+00   6.865724e-09   5.707105e-03   1.519691e-11   90336
  6.169524e+00   6.849105e-09   0.000000e+00   1.522230e-11   90282
  6.190224e+00   6.835597e-09   0.000000e+00   1.506688e-11   90840
  6.210762e+00   6.830242e-09   2.239131e-02   1.518403e-11   91128
  6.231707e+00   6.774714e-09   0.000000e+00   1.491408e-11   92690
  6.252315e+00   6.782950e-09   0.000000e+00   1.492998e-11   92160
  6.273110e+00   6.799489e-09   0.000000e+00   1.474060e-11   93534
  6.293744e+00   6.723047e-09   0.000000e+00   1.467247e-11   93484
  6.314476e+00   6.715185e-09   4.127936e-03   1.457624e-11   95206
  6.335383e+00   6.710273e-09   1.059400e-02   1.448630e-11   96048
  6.355953e+00   6.695058e-09   9.048460e-03   1.458047e-11   93600
  6.376648e+00   6.627905e-09   0.000000e+00   1.414259e-11   97410
  6.397377e+00   6.611546e-09   2.756929e-02   1.411157e-11   97856
  6.418314e+00   6.627153e-09   0.000000e+00   1.412970e-11   97278
  6.438966e+00   6.591065e-09   1.659246e-02   1.404880e-11   98916
  6.459629e+00   6.538308e-09   0.000000e+00   1.403589e-11   96894
  6.480183e+00   6.544842e-09   0.000000e+00   1.383400e-11   100976
  6.501131e+00   6.527666e-09   3.833770e-03   1.374981e-11   100164
  6.521748e+00   6.493939e-09   0.000000e+00   1.375108e-11   100014
  6.542241e+00   6.458585e-09   2.003195e-02   1.359496e-11   101040
  6.563075e+00   6.474961e-09   0.000000e+00   1.347666e-11   102338
  6.583707e+00   6.438412e-09   1.264236e-02   1.340177e-11   102912
  6.604646e+00   6.395338e-09   0.000000e+00   1.322858e-11   104238
  6.625221e+00   6.413932e-09   1.951316e-02   1.329420e-11   103104
  6.645983e+00   6.339497e-09   1.825810e-02   1.296135e-11   105404
  6.666801e+00   6.371337e-09   0.000000e+00   1.310075e-11   105198
  6.687508e+00   6.327938e-09   0.000000e+00   1.297117e-11   106632
  6.708325e+00   6.317640e-09   2.626454e-02   1.289281e-11   106706
  6.729023e+00   6.312947e-09   0.000000e+00   1.303501e-11   106992
  6.749962e+00   6.230680e-09   0.000000e+00   1.256307e-11   110118
  6.770697e+00   6.260922e-09   3.168549e-02   1.281477e-11   108084
  6.791316e+00   6.239521e-09   1.198073e-02   1.266651e-11   108222
  6.812162e+00   6.191670e-09   0.000000e+00   1.230597e-11   112160
  6.832812e+00   6.166471e-09   1.850710e-02   1.245238e-11   108492
  6.853559e+00   6.130476e-09   2.216934e-02   1.212959e-11   113262
  6.874380e+00   6.133871e-09   0.000000e+00   1.237142e-11   111360
  6.895231e+00   6.114187e-09   0.000000e+00   1.209132e-11   114182
  6.915920e+00   6.074202e-09   3.335678e-02   1.203327e-11   112884
  6.936682e+00   6.090154e-09   7.605887e-03   1.206004e-11   113934
  6.957293e+00   6.075526e-09   0.000000e+00   1.191499e-11   114504
  6.978243e+00   6.028352e-09   0.000000e+00   1.171723e-11   117500
  6.998909e+00   6.014563e-09   2.364835e-02   1.191022e-11   114102
  7.019592e+00   5.993198e-09   1.008909e-02   1.162239e-11   118584
  7.040401e+00   5.965535e-09   0.000000e+00   1.167202e-11   115546
  7.060875e+00   5.973565e-09   2.083005e-02   1.152893e-11   118984
  7.081860e+00   5.949842e-09   6.119817e-03   1.143109e-11   119526
  7.102513e+00   5.902776e-09   0.000000e+00   1.139916e-11   119436
  7.123148e+00   5.881971e-09   0.000000e+00   1.142692e-11   118632
  7.143815e+00   5.863266e-09   2.406828e-02   1.118886e-11   122510
  7.164668e+00   5.881289e-09   0.000000e+00   1.124625e-11   121680
  7.185449e+00   5.828134e-09   0.000000e+00   1.122324e-11   121434
  7.206004e+00   5.807970e-09   0.000000e+00   1.103912e-11   123928
  7.226827e+00   5.794762e-09   0.000000e+00   1.098936e-11   123910
  7.247601e+00   5.771283e-09   0.000000e+00   1.093650e-11   124452
  7.268316e+00   5.747053e-09   0.000000e+00   1.076021e-11   125376
  7.289032e+00   5.735179e-09   2.051471e-02   1.066260e-11   126638
  7.309762e+00   5.714592e-09   7.162835e-03   1.069328e-11   125844
  7.330507e+00   5.705989e-09   0.000000e+00   1.058061e-11   128142
  7.351276e+00   5.674688e-09   4.689686e-03   1.059361e-11   128136
  7.371906e+00   5.657817e-09   7.388112e-03   1.060849e-11   127642
  7.392694e+00   5.643051e-09   0.000000e+00   1.031227e-11   131968
  7.413717e+00   5.625167e-09   0.000000e+00   1.032019e-11   130326
  7.434330e+00   5.597899e-09   2.186643e-02   1.027106e-11   131688
  7.455059e+00   5.572131e-09   8.807724e-03   1.029612e-11   130212
  7.475704e+00   5.571349e-09   0.000000e+00   1.018525e-11   132686
  7.496604e+00   5.579674e-09   0.000000e+00   1.015351e-11   135960
  7.517413e+00   5.535575e-09   1.632027e-02   1.013218e-11   131562
  7.537784e+00   5.498559e-09   1.352396e-02   9.920636e-12   134016
  7.558656e+00   5.479527e-09   0.000000e+00   9.863008e-12   136478
  7.579402e+00   5.473491e-09   2.839788e-02   9.877586e-12   136812
  7.600230e+00   5.433842e-09   1.794712e-02   9.763764e-12   137856
  7.620980e+00   5.431518e-09   0.000000e+00   9.746949e-12   135862
  7.641612e+00   5.416450e-09   0.000000e+00   9.667656e-12   140056
  7.662506e+00   5.408142e-09   2.476558e-02   9.584869e-12   139602
  7.683199e+00   5.346533e-09   0.000000e+00   9.580754e-12   139080
  7.703880e+00   5.346682e-09   0.000000e+00   9.448534e-12   140678
  7.724645e+00   5.331749e-09   1.238990e-02   9.401919e-12   142884
  7.745326e+00   5.338245e-09   1.087831e-02   9.496786e-12   139992
  7.766054e+00   5.315866e-09   0.000000e+00   9.264397e-12   144966
  7.786899e+00   5.321127e-09   0.000000e+00   9.309779e-12   143364
  7.807548e+00   5.261147e-09   1.901671e-02   9.189853e-12   144518
  7.828230e+00   5.271358e-09   1.982749e-02   9.246287e-12   145200
  7.848878e+00   5.225774e-09   0.000000e+00   9.200788e-12   143466
  7.869471e+00   5.216303e-09   0.000000e+00   9.034836e-12   148824
  7.890215e+00   5.194406e-09   1.602273e-02   9.014808e-12   145544
  7.910806e+00   5.169001e-09   0.000000e+00   8.966039e-12   148590
  7.931652e+00   5.148500e-09   0.000000e+00   8.830523e-12   150540
  7.952469e+00   5.155236e-09   2.797746e-02   8.891908e-12   150134
  7.973198e+00   5.133645e-09   0.000000e+00   8.714837e-12   151296
  7.994126e+00   5.121100e-09   0.000000e+00   8.773472e-12   152058
  8.014653e+00   5.116827e-09   1.651454e-02   8.765077e-12   150864
  8.035390e+00   5.067679e-09   1.566620e-02   8.547759e-12   154310
  8.056340e+00   5.076193e-09   0.000000e+00   8.546050e-12   155172
  8.077064e+00   5.042596e-09   0.000000e+00   8.551644e-12   154128
  8.097989e+00   5.039506e-09   1.322504e-02   8.445313e-12   158310
  8.118629e+00   5.026787e-09   1.850421e-02   8.562606e-12   153436
  8.139285e+00   5.008338e-09   0.000000e+00   8.377759e-12   157726
  8.160229e+00   4.979363e-09   0.000000e+00   8.385192e-12   160368
  8.180875e+00   4.953982e-09   8.510122e-03   8.351393e-12   155718
  8.201480e+00   4.940045e-09   0.000000e+00   8.215593e-12   160028
  8.222226e+00   4.922871e-09   0.000000e+00   8.195704e-12   160920
  8.243007e+00   4.915076e-09   1.291183e-02   8.179843e-12   161070
  8.263783e+00   4.904072e-09   3.092111e-02   8.135036e-12   163428
  8.284440e+00   4.886826e-09   0.000000e+00   8.137084e-12   159574
  8.305243e+00   4.851028e-09   0.000000e+00   7.861939e-12   167392
  8.326056e+00   4.830012e-09   2.461455e-02   7.948753e-12   162258
  8.346723e+00   4.843599e-09   1.360899e-02   7.916723e-12   167472
  8.367537e+00   4.829173e-09   0.000000e+00   7.948480e-12   163664
  8.388105e+00   4.788854e-09   0.000000e+00   7.842797e-12   166986
  8.408898e+00   4.788433e-09   1.718833e-02   7.760262e-12   169968
  8.429854e+00   4.764519e-09   0.000000e+00   7.765878e-12   167646
  8.450318e+00   4.746045e-09   0.000000e+00   7.713793e-12   168080
  8.471078e+00   4.722010e-09   1.619639e-02   7.614759e-12   170826
  8.491847e+00   4.724659e-09   0.000000e+00   7.606230e-12   170928
  8.512426e+00   4.703687e-09   1.725865e-02   7.596261e-12   170640
  8.533267e+00   4.692416e-09   0.000000e+00   7.460836e-12   173954
  8.553926e+00   4.685826e-09   2.667333e-02   7.511106e-12   173232
  8.574733e+00   4.646138e-09   0.000000e+00   7.413354e-12   174150
  8.595485e+00   4.646419e-09   0.000000e+00   7.375227e-12   176364
  8.616200e+00   4.631720e-09   1.695804e-02   7.409303e-12   175302
  8.636930e+00   4.599413e-09   8.259007e-03   7.282446e-12   177392
  8.657595e+00   4.586322e-09   1.846843e-02   7.277518e-12   176352
  8.678421e+00   4.560319e-09   0.000000e+00   7.095291e-12   180330
  8.699244e+00   4.559276e-09   9.068670e-03   7.193045e-12   180712
  8.719972e+00   4.552530e-09   1.610419e-02   7.158981e-12   179350
  8.740767e+00   4.516573e-09   1.420752e-02   7.017842e-12   183396
  8.761615e+00   4.524915e-09   0.000000e+00   7.056894e-12   180390
  8.782097e+00   4.500776e-09   0.000000e+00   7.039800e-12   181944
  8.802931e+00   4.487561e-09   0.000000e+00   6.935008e-12   185450
  8.823813e+00   4.463594e-09   7.492727e-03   6.919149e-12   186192
  8.844459e+00   4.468906e-09   1.949381e-02   6.930018e-12   183432
  8.865128e+00   4.447812e-09   0.000000e+00   6.895089e-12   185362
  8.885756e+00   4.431702e-09   5.557068e-03   6.791469e-12   188464
  8.906658e+00   4.395766e-09   0.000000e+00   6.774180e-12   188046
  8.927417e+00   4.403115e-09   1.413472e-02   6.739489e-12   191304
  8.948113e+00   4.373915e-09   2.474311e-02   6.768248e-12   186690
  8.968904e+00   4.363863e-09   0.000000e+00   6.605680e-12   194072
  8.989559e+00   4.364173e-09   2.191261e-02   6.693502e-12   188688
  9.010216e+00   4.336888e-09   0.000000e+00   6.576252e-12   192786
  9.030896e+00   4.333593e-09   9.898702e-03   6.579906e-12   193352
  9.051797e+00   4.321536e-09   0.000000e+00   6.524839e-12   195702
  9.072474e+00   4.290561e-09   2.875621e-02   6.500307e-12   195132
  9.093243e+00   4.277819e-09   0.000000e+00   6.481128e-12   195726
  9.113935e+00   4.247767e-09   0.000000e+00   6.379081e-12   197416
  9.134635e+00   4.232685e-09   6.561070e-03   6.357788e-12   196564
  9.155405e+00   4.229445e-09   1.993523e-02   6.317888e-12   201198
  9.176135e+00   4.211682e-09   4.739309e-03   6.311816e-12   197136
  9.196707e+00   4.212156e-09   0.000000e+00   6.300854e-12   199358
  9.217375e+00   4.165897e-09   2.765924e-02   6.170493e-12   203532
  9.238268e+00   4.187443e-09   0.000000e+00   6.208654e-12   201438
  9.258961e+00   4.165126e-09   0.000000e+00   6.159571e-12   203664
  9.279645e+00   4.154171e-09   2.742619e-02   6.133336e-12   203972
  9.300372e+00   4.143263e-09   2.217953e-02   6.116590e-12   205974
  9.321187e+00   4.127711e-09   0.000000e+00   6.131341e-12   205752
  9.342030e+00   4.117005e-09   0.000000e+00   6.029746e-12   207810
  9.362528e+00   4.109264e-09   3.606477e-02   6.037195e-12   206384
  9.383442e+00   4.077135e-09   0.000000e+00   5.911324e-12   210966
  9.404243e+00   4.078756e-09   0.000000e+00   5.956005e-12   210516
  9.425015e+00   4.048409e-09   0.000000e+00   5.882316e-12   209766
  9.445649e+00   4.039904e-09   4.067190e-02   5.855506e-12   212376
  9.466450e+00   4.037070e-09   0.000000e+00   5.868112e-12   212960
  9.487359e+00   4.014497e-09   0.000000e+00   5.781064e-12   214626
  9.507987e+00   4.011906e-09   2.996102e-02   5.823796e-12   213696
  9.528715e+00   3.999848e-09   2.900043e-02   5.760125e-12   215734
  9.549396e+00   3.983997e-09   0.000000e+00   5.750629e-12   213220
  9.570089e+00   3.963813e-09   0.000000e+00   5.651293e-12   219102
  9.590898e+00   3.942922e-09   3.398648e-02   5.600231e-12   220872
  9.611602e+00   3.940662e-09   5.021747e-02   5.641644e-12   216556
  9.632324e+00   3.930957e-09   3.898447e-02   5.592608e-12   221494
  9.652998e+00   3.903774e-09   4.271593e-02   5.537769e-12   219096
  9.673804e+00   3.903419e-09   3.064758e-02   5.485109e-12   224262
  9.694675e+00   3.883845e-09   0.000000e+00   5.501853e-12   222508
  9.715415e+00   3.875904e-09   0.000000e+00   5.482269e-12   222502
  9.735991e+00   3.872570e-09   3.965892e-02   5.441392e-12   227280
  9.756819e+00   3.848756e-09   2.041972e-02   5.417020e-12   223644
  9.777525e+00   3.849105e-09   0.000000e+00   5.430465e-12   226222
  9.798257e+00   3.824125e-09   0.000000e+00   5.371086e-12   229840
  9.819050e+00   3.805944e-09   2.635147e-02   5.342426e-12   228042
  9.839635e+00   3.814010e-09   0.000000e+00   5.347403e-12   227472
  9.860349e+00   3.793992e-09   0.000000e+00   5.275797e-12   230990
  9.881120e+00   3.791106e-09   8.382312e-03   5.254142e-12   233532
  9.901847e+00   3.765563e-09   2.974172e-02   5.233170e-12   231288
  9.922670e+00   3.756175e-09   0.000000e+00   5.173829e-12   233718
  9.943259e+00   3.753175e-09   0.000000e+00   5.209994e-12   232704
  9.964037e+00   3.736352e-09   3.067797e-02   5.092544e-12   239282
  9.984851e+00   3.721562e-09   3.758206e-02   5.127962e-12   234912
  1.000569e+01   3.706303e-09   0.000000e+00   5.082461e-12   238278
  1.002625e+01   3.716187e-09   3.681463e-02   5.082699e-12   237460
  1.004683e+01   3.690087e-09   2.693476e-02   5.065324e-12   236662
  1.006780e+01   3.687706e-09   0.000000e+00   4.973528e-12   246336
  1.008877e+01   3.671589e-09   0.000000e+00   4.983007e-12   241092
  1.010938e+01   3.664284e-09   3.479147e-02   4.982605e-12   242414
  1.013016e+01   3.646814e-09   1.408133e-02   4.936840e-12   243552
  1.015095e+01   3.654394e-09   0.000000e+00   4.946990e-12   243474
  1.017150e+01   3.627938e-09   2.426538e-02   4.927870e-12   245112
  1.019231e+01   3.609597e-09   2.644272e-02   4.858636e-12   246894
  1.021302e+01   3.616363e-09   1.933252e-02   4.871198e-12   247448
  1.023384e+01   3.591778e-09   0.000000e+00   4.797293e-12   247404
  1.025443e+01   3.595839e-09   3.961240e-02   4.820266e-12   249990
  1.027508e+01   3.569693e-09   3.742054e-02   4.791702e-12   249512
  1.029605e+01   3.563983e-09   0.000000e+00   4.720161e-12   253890
  1.031676e+01   3.559444e-09   0.000000e+00   4.743542e-12   250728
  1.033733e+01   3.542374e-09   4.824730e-02   4.691128e-12   253950
  1.035815e+01   3.532429e-09   0.000000e+00   4.691560e-12   254140
  1.037892e+01   3.529680e-09   0.000000e+00   4.667292e-12   255880
  1.039970e+01   3.512956e-09   3.025158e-02   4.600615e-12   258942
  1.042027e+01   3.519445e-09   4.582940e-02   4.686968e-12   253836
  1.044112e+01   3.508752e-09   0.000000e+00   4.622054e-12   260534
  1.046192e+01   3.489361e-09   0.000000e+00   4.589139e-12   259992
  1.048247e+01   3.475192e-09   4.665568e-02   4.531504e-12   258894
  1.050325e+01   3.477742e-09   3.717650e-02   4.557293e-12   263364
  1.052405e+01   3.462780e-09   0.000000e+00   4.541571e-12   259536
  1.054453e+01   3.450754e-09   2.087040e-02   4.483598e-12   263438
  1.056525e+01   3.435552e-09   4.211920e-02   4.449182e-12   265740
  1.058609e+01   3.435467e-09   0.000000e+00   4.462772e-12   264894
  1.060688e+01   3.424643e-09   0.000000e+00   4.406168e-12   269184
  1.062757e+01   3.420377e-09   4.033081e-02   4.435271e-12   266138
  1.064825e+01   3.411860e-09   2.845498e-02   4.397868e-12   270528
  1.066913e+01   3.410006e-09   0.000000e+00   4.418800e-12   268182
  1.068974e+01   3.406259e-09   0.000000e+00   4.366380e-12   270960
  1.071041e+01   3.384755e-09   4.908793e-02   4.319370e-12   274580
  1.073153e+01   3.391724e-09   0.000000e+00   4.346021e-12   276078
  1.075230e+01   3.372192e-09   0.000000e+00   4.344829e-12   273600
  1.077293e+01   3.358267e-09   4.076384e-02   4.305780e-12   274698
  1.079362e+01   3.362542e-09   4.366304e-02   4.307134e-12   276920
  1.081449e+01   3.350253e-09   0.000000e+00   4.269206e-12   276774
  1.083523e+01   3.346416e-09   0.000000e+00   4.259106e-12   279972
  1.085576e+01   3.342895e-09   3.515552e-02   4.259571e-12   276144
  1.087655e+01   3.326970e-09   1.735987e-02   4.207917e-12   282590
  1.089739e+01   3.322717e-09   0.000000e+00   4.201888e-12   282300
  1.091813e+01   3.312305e-09   0.000000e+00   4.180641e-12   283926
  1.093867e+01   3.306137e-09   4.724887e-02   4.205009e-12   279792
  1.095956e+01   3.304861e-09   0.000000e+00   4.140860e-12   287870
  1.098041e+01   3.300149e-09   0.000000e+00   4.151816e-12   286428
  1.100093e+01   3.286087e-09   4.639386e-02   4.148510e-12   284808
  1.102168e+01   3.276549e-09   1.606405e-02   4.116157e-12   289158
  1.104256e+01   3.264820e-09   0.000000e+00   4.077183e-12   290204
  1.106327e+01   3.271801e-09   0.000000e+00   4.105286e-12   290382
  1.108392e+01   3.258601e-09   3.100071e-02   4.084100e-12   291912
  1.110477e+01   3.254629e-09   0.000000e+00   4.073995e-12   290754
  1.112541e+01   3.246552e-09   1.766589e-02   4.033323e-12   296096
  1.114626e+01   3.235778e-09   2.596827e-02   4.036970e-12   294552
  1.116687e+01   3.244220e-09   4.698607e-02   4.074197e-12   293466
  1.118758e+01   3.234177e-09   0.000000e+00   4.004602e-12   296904
  1.120838e+01   3.236171e-09   0.000000e+00   4.010008e-12   298358
  1.122888e+01   3.221596e-09   4.575960e-02   3.985228e-12   297840
  1.124975e+01   3.214611e-09   1.797871e-02   3.969234e-12   301338
  1.127058e+01   3.211448e-09   0.000000e+00   3.972647e-12   300336
  1.129110e+01   3.200447e-09   4.911790e-02   3.942864e-12   303584
  1.131196e+01   3.204626e-09   4.109538e-02   3.948786e-12   304098
  1.133284e+01   3.187709e-09   0.000000e+00   3.933825e-12   304488
  1.135346e+01   3.190316e-09   4.515751e-02   3.931466e-12   306678
  1.137426e+01   3.186388e-09   0.000000e+00   3.916371e-12   305732
  1.139499e+01   3.180060e-09   1.561959e-02   3.878773e-12   309894
  1.141580e+01   3.171424e-09   2.329429e-02   3.889348e-12   310200
  1.143654e+01   3.162311e-09   0.000000e+00   3.882609e-12   307074
  1.145717e+01   3.164417e-09   4.650338e-02   3.833989e-12   315656
  1.147809e+01   3.155606e-09   0.000000e+00   3.865518e-12   310704
  1.149891e+01   3.151910e-09   0.000000e+00   3.842758e-12   314310
  1.151930e+01   3.146147e-09   5.515531e-02   3.830518e-12   312412
  1.154021e+01   3.148919e-09   0.000000e+00   3.832887e-12   318310
  1.156105e+01   3.135820e-09   0.000000e+00   3.811967e-12   315648
  1.158162e+01   3.131474e-09   4.324596e-02   3.780479e-12   320610
  1.160233e+01   3.141799e-09   0.000000e+00   3.847882e-12   313944
  1.162309e+01   3.124348e-09   0.000000e+00   3.760412e-12   325880
  1.164386e+01   3.126768e-09   4.373040e-02   3.818715e-12   319146
  1.166462e+01   3.111889e-09   0.000000e+00   3.769609e-12   322896
  1.168519e+01   3.113831e-09   4.785863e-02   3.773604e-12   322206
  1.170600e+01   3.111590e-09   0.000000e+00   3.741733e-12   327416
  1.172694e+01   3.094532e-09   0.000000e+00   3.738037e-12   325602
  1.174741e+01   3.112057e-09   5.871605e-02   3.754393e-12   328248
  1.176822e+01   3.099026e-09   0.000000e+00   3.736978e-12   326088
  1.178914e+01   3.095617e-09   0.000000e+00   3.736461e-12   331658
  1.180961e+01   3.091349e-09   5.281232e-02   3.727788e-12   331584
  1.183047e+01   3.094981e-09   2.575073e-02   3.725955e-12   330630
  1.185129e+01   3.091794e-09   0.000000e+00   3.723167e-12   333204
  1.187174e+01   3.085775e-09   6.040748e-02   3.706256e-12   333470
  1.189271e+01   3.079787e-09   0.000000e+00   3.703623e-12   335688
  1.191332e+01   3.083259e-09   2.155950e-02   3.698926e-12   336828
  1.193402e+01   3.087929e-09   2.686787e-02   3.708440e-12   337662
  1.195492e+01   3.068820e-09   0.000000e+00   3.668827e-12   338960
  1.197533e+01   3.074166e-09   5.515677e-02   3.714799e-12   338262
  1.199617e+01   3.077772e-09   4.584891e-02   3.661666e-12   344388
  1.201721e+01   3.060554e-09   0.000000e+00   3.666224e-12   342486
  1.203755e+01   3.066918e-09   7.004450e-02   3.677215e-12   343592
  1.205856e+01   3.060989e-09   6.506546e-03   3.646588e-12   347130
  1.207947e+01   3.068438e-09   0.000000e+00   3.687346e-12   346152
  1.209988e+01   3.054200e-09   6.624619e-02   3.645709e-12   345856
  1.212085e+01   3.057772e-09   0.000000e+00   3.659151e-12   349354
  1.214164e+01   3.055481e-09   0.000000e+00   3.620468e-12   352032
  1.216224e+01   3.054666e-09   5.567341e-02   3.677575e-12   348582
  1.218318e+01   3.050734e-09   0.000000e+00   3.620048e-12   352244
  1.220354e+01   3.050673e-09   6.789118e-02   3.654425e-12   351582
  1.222445e+01   3.056976e-09   1.378265e-02   3.640874e-12   357144
  1.224542e+01   3.054669e-09   0.000000e+00   3.644648e-12   355560
  1.226585e+01   3.049472e-09   6.378283e-02   3.654572e-12   354551
  1.228673e+01   3.034971e-09   1.118688e-02   3.602540e-12   358044
  1.230769e+01   3.025235e-09   0.000000e+00   3.602802e-12   355272
  1.232802e+01   3.010217e-09   6.986111e-02   3.609989e-12   352044
  1.234885e+01   3.001385e-09   0.000000e+00   3.575082e-12   352344
  1.236968e+01   2.996636e-09   0.000000e+00   3.549684e-12   356516
  1.239028e+01   2.977307e-09   4.899103e-02   3.532218e-12   352848
  1.241136e+01   2.970232e-09   0.000000e+00   3.526675e-12   352980
  1.243181e+01   2.957333e-09   4.147402e-02   3.516536e-12   348948
  1.245251e+01   2.953136e-09   3.627661e-02   3.506972e-12   351692
  1.247361e+01   2.936298e-09   0.000000e+00   3.451719e-12   353064
  1.249398e+01   2.928731e-09   6.194205e-02   3.481699e-12   345624
  1.251469e+01   2.908031e-09   0.000000e+00   3.435548e-12   347844
  1.253566e+01   2.903797e-09   0.000000e+00   3.402712e-12   351020
  1.255612e+01   2.882040e-09   5.782788e-02   3.409721e-12   345852
  1.257696e+01   2.881268e-09   9.332759e-03   3.399833e-12   347040
  1.259783e+01   2.867671e-09   0.000000e+00   3.367807e-12   345928
  1.261828e+01   2.855753e-09   5.804912e-02   3.347418e-12   347020
  1.263923e+01   2.854396e-09   0.000000e+00   3.368416e-12   343032
  1.265989e+01   2.842926e-09   0.000000e+00   3.336546e-12   343620
  1.268045e+01   2.835546e-09   6.013816e-02   3.334668e-12   343988
  1.270157e+01   2.820055e-09   0.000000e+00   3.306561e-12   344556
  1.272211e+01   2.818995e-09   4.371023e-02   3.311295e-12   343632
  1.274299e+01   2.806053e-09   0.000000e+00   3.287183e-12   340392
  1.276383e+01   2.793167e-09   0.000000e+00   3.282627e-12   339408
  1.278421e+01   2.778603e-09   7.429173e-02   3.259964e-12   341864
  1.280526e+01   2.772885e-09   0.000000e+00   3.238448e-12   341964
  1.282610e+01   2.765719e-09   0.000000e+00   3.249941e-12   334380
  1.284629e+01   2.749845e-09   6.991122e-02   3.212412e-12   336504
  1.286732e+01   2.745246e-09   1.648889e-02   3.208794e-12   339560
  1.288814e+01   2.745943e-09   0.000000e+00   3.208536e-12   336384
  1.290870e+01   2.728868e-09   7.340462e-02   3.178531e-12   337404
  1.292968e+01   2.721586e-09   0.000000e+00   3.202183e-12   330156
  1.295012e+01   2.706085e-09   5.737154e-02   3.133324e-12   337808
  1.297104e+01   2.710112e-09   0.000000e+00   3.168272e-12   332748
  1.299195e+01   2.702023e-09   0.000000e+00   3.155904e-12   333612
  1.301237e+01   2.689124e-09   5.870809e-02   3.142065e-12   331860
  1.303320e+01   2.688110e-09   2.687808e-02   3.147117e-12   328376
  1.305399e+01   2.675536e-09   0.000000e+00   3.115583e-12   331140
  1.307454e+01   2.670458e-09   7.066492e-02   3.111709e-12   332988
  1.309538e+01   2.666004e-09   2.751493e-02   3.136943e-12   325224
  1.311629e+01   2.644692e-09   0.000000e+00   3.064582e-12   331544
  1.313681e+01   2.645862e-09   6.626062e-02   3.092331e-12   327264
  1.315764e+01   2.633596e-09   0.000000e+00   3.111713e-12   322308
  1.317828e+01   2.619565e-09   2.328529e-02   3.036366e-12   328136
  1.319883e+01   2.619852e-09   4.950273e-02   3.075661e-12   323172
  1.321986e+01   2.611181e-09   0.000000e+00   3.052256e-12   325248
  1.324036e+01   2.601435e-09   6.238862e-02   3.043034e-12   324096
  1.326115e+01   2.590629e-09   0.000000e+00   3.046070e-12   321540
  1.328214e+01   2.583462e-09   0.000000e+00   3.021462e-12   323744
  1.330244e+01   2.581739e-09   6.905965e-02   3.030987e-12   317400
  1.332329e+01   2.575874e-09   1.771485e-02   3.011422e-12   322560
  1.334431e+01   2.563616e-09   0.000000e+00   2.992428e-12   320076
  1.336469e+01   2.565114e-09   7.210723e-02   3.000941e-12   317204
  1.338584e+01   2.549147e-09   0.000000e+00   2.954618e-12   323064
  1.340666e+01   2.552045e-09   0.000000e+00   2.986750e-12   315204
  1.342698e+01   2.536088e-09   7.814439e-02   2.968962e-12   315416
  1.344819e+01   2.529987e-09   0.000000e+00   2.962829e-12   316884
  1.346864e+01   2.527237e-09   4.725103e-02   2.972996e-12   312876
  1.348936e+01   2.515393e-09   5.470078e-02   2.946966e-12   315540
  1.351047e+01   2.503396e-09   0.000000e+00   2.933172e-12   312576
  1.353075e+01   2.500007e-09   7.783328e-02   2.929752e-12   312140
  1.355170e+01   2.494327e-09   2.087304e-02   2.923225e-12   310356
  1.357265e+01   2.492821e-09   0.000000e+00   2.913232e-12   311232
  1.359293e+01   2.480986e-09   6.985357e-02   2.923291e-12   307584
  1.361391e+01   2.472613e-09   3.240107e-02   2.894431e-12   310616
  1.363471e+01   2.475149e-09   0.000000e+00   2.910293e-12   304200
  1.365500e+01   2.463700e-09   7.794087e-02   2.878066e-12   306792
  1.367616e+01   2.466037e-09   0.000000e+00   2.886202e-12   306168
  1.369665e+01   2.451608e-09   0.000000e+00   2.889750e-12   304448
  1.371746e+01   2.449092e-09   6.748559e-02   2.863036e-12   308580
  1.373853e+01   2.445311e-09   0.000000e+00   2.893885e-12   299568
  1.375881e+01   2.434932e-09   6.678564e-02   2.861633e-12   304416
  1.377983e+01   2.444676e-09   3.696423e-02   2.883272e-12   302216
  1.380074e+01   2.424526e-09   0.000000e+00   2.860616e-12   300084
  1.382111e+01   2.421931e-09   8.466943e-02   2.859409e-12   299340
  1.384196e+01   2.413142e-09   0.000000e+00   2.857889e-12   296688
  1.386283e+01   2.412824e-09   0.000000e+00   2.847066e-12   298820
  1.388319e+01   2.397104e-09   8.099766e-02   2.826074e-12   296916
  1.390426e+01   2.405786e-09   0.000000e+00   2.836515e-12   295920
  1.392487e+01   2.397073e-09   4.909043e-03   2.850261e-12   292692
  1.394531e+01   2.393944e-09   7.398957e-02   2.824926e-12   295892
  1.396657e+01   2.381155e-09   0.000000e+00   2.815857e-12   293064
  1.398701e+01   2.377527e-09   3.903022e-02   2.811060e-12   293220
  1.400767e+01   2.373438e-09   3.645925e-02   2.831983e-12   286804
  1.402862e+01   2.373874e-09   0.000000e+00   2.808643e-12   293080
  1.404914e+01   2.360597e-09   7.354756e-02   2.795987e-12   291816
  1.407016e+01   2.363089e-09   0.000000e+00   2.815236e-12   287784
  1.409099e+01   2.346287e-09   0.000000e+00   2.791358e-12   286760
  1.411134e+01   2.346646e-09   7.753126e-02   2.787875e-12   287088
  1.413231e+01   2.333435e-09   0.000000e+00   2.784176e-12   286176
  1.415322e+01   2.334067e-09   0.000000e+00   2.786752e-12   284184
  1.417351e+01   2.327985e-09   6.940903e-02   2.804597e-12   282220
  1.419470e+01   2.329159e-09   0.000000e+00   2.771539e-12   284452
  1.421523e+01   2.330933e-09   0.000000e+00   2.799473e-12   279516
  1.423581e+01   2.313616e-09   7.522243e-02   2.757582e-12   282696
  1.425703e+01   2.307478e-09   0.000000e+00   2.769085e-12   278676
  1.427730e+01   2.312454e-09   7.740349e-02   2.774565e-12   279512
  1.429820e+01   2.300191e-09   1.136026e-02   2.781357e-12   276672
  1.431915e+01   2.303593e-09   0.000000e+00   2.775822e-12   276036
  1.433934e+01   2.290783e-09   7.551738e-02   2.771271e-12   274416
  1.436033e+01   2.289874e-09   3.450846e-02   2.748411e-12   275384
  1.438130e+01   2.287420e-09   0.000000e+00   2.772766e-12   274560
  1.440166e+01   2.277334e-09   8.289305e-02   2.742011e-12   272220
  1.442275e+01   2.277477e-09   0.000000e+00   2.765075e-12   270492
  1.444339e+01   2.276286e-09   0.000000e+00   2.751100e-12   271532
  1.446406e+01   2.266741e-09   5.029790e-02   2.734152e-12   272052
  1.448505e+01   2.267923e-09   0.000000e+00   2.773888e-12   264372
  1.450534e+01   2.267003e-09   4.474888e-02   2.759293e-12   268652
  1.452626e+01   2.256957e-09   5.279909e-02   2.757263e-12   266760
  1.454710e+01   2.259276e-09   0.000000e+00   2.766237e-12   262536
  1.456750e+01   2.250172e-09   8.232030e-02   2.736890e-12   266460
  1.458842e+01   2.236767e-09   0.000000e+00   2.730867e-12   261560
  1.460924e+01   2.246686e-09   0.000000e+00   2.761089e-12   262236
  1.462972e+01   2.242255e-09   7.381266e-02   2.761207e-12   261708
  1.465061e+01   2.237405e-09   0.000000e+00   2.751848e-12   258960
  1.467144e+01   2.230048e-09   0.000000e+00   2.743140e-12   258376
  1.469182e+01   2.237878e-09   6.991665e-02   2.764488e-12   258304
  1.471306e+01   2.230175e-09   0.000000e+00   2.749550e-12   259368
  1.473359e+01   2.221900e-09   3.414769e-02   2.780610e-12   253332
  1.475414e+01   2.225061e-09   7.346123e-02   2.746265e-12   254448
  1.477531e+01   2.215873e-09   0.000000e+00   2.740275e-12   255248
  1.479573e+01   2.214114e-09   7.620036e-02   2.757173e-12   252180
  1.481667e+01   2.212792e-09   2.920040e-02   2.758286e-12   252744
  1.483756e+01   2.208585e-09   0.000000e+00   2.770669e-12   247348
  1.485783e+01   2.211365e-09   9.159819e-02   2.758812e-12   250432
  1.487882e+01   2.204826e-09   0.000000e+00   2.752750e-12   247860
  1.489979e+01   2.196988e-09   0.000000e+00   2.753460e-12   247716
  1.492007e+01   2.202719e-09   7.683189e-02   2.791866e-12   242472
  1.494121e+01   2.196121e-09   0.000000e+00   2.745418e-12   248672
  1.496181e+01   2.189644e-09   3.373345e-02   2.787304e-12   239352
  1.498229e+01   2.183048e-09   6.182954e-02   2.757422e-12   245088
  1.500346e+01   2.183073e-09   0.000000e+00   2.773494e-12   239232
  1.502374e+01   2.179692e-09   8.194483e-02   2.770045e-12   240320
  1.504476e+01   2.181723e-09   0.000000e+00   2.766983e-12   239340
  1.506573e+01   2.175284e-09   0.000000e+00   2.767560e-12   237636
  1.508593e+01   2.176260e-09   7.816896e-02   2.781170e-12   235980
  1.510691e+01   2.169825e-09   0.000000e+00   2.776456e-12   235304
  1.512784e+01   2.167154e-09   0.000000e+00   2.770539e-12   234576
  1.514818e+01   2.169349e-09   7.210515e-02   2.788752e-12   232788
  1.516915e+01   2.164987e-09   0.000000e+00   2.804906e-12   230400
  1.518986e+01   2.167902e-09   0.000000e+00   2.810206e-12   231836
  1.521043e+01   2.159306e-09   7.773707e-02   2.785686e-12   231288
  1.523163e+01   2.163889e-09   0.000000e+00   2.833471e-12   226536
  1.525193e+01   2.156696e-09   6.061590e-02   2.813161e-12   226084
  1.527263e+01   2.150038e-09   5.181884e-02   2.800992e-12   227116
  1.529375e+01   2.149750e-09   0.000000e+00   2.821134e-12   223800
  1.531406e+01   2.142531e-09   8.338773e-02   2.811901e-12   223884
  1.533496e+01   2.141662e-09   0.000000e+00   2.818587e-12   222360
  1.535591e+01   2.140120e-09   0.000000e+00   2.823441e-12   221156
  1.537635e+01   2.142541e-09   9.278770e-02   2.822558e-12   221724
  1.539739e+01   2.132741e-09   0.000000e+00   2.825847e-12   217584
  1.541815e+01   2.144783e-09   0.000000e+00   2.842692e-12   217576
  1.543850e+01   2.128347e-09   9.550790e-02   2.838816e-12   215464
  1.545963e+01   2.142729e-09   0.000000e+00   2.854874e-12   215472
  1.548021e+01   2.127735e-09   2.484657e-02   2.823952e-12   213768
  1.550072e+01   2.131596e-09   8.223648e-02   2.872432e-12   210956
  1.552176e+01   2.131742e-09   0.000000e+00   2.887091e-12   211788
  1.554232e+01   2.121304e-09   4.499092e-02   2.854943e-12   211092
  1.556319e+01   2.125811e-09   3.198514e-02   2.879714e-12   209556
  1.558420e+01   2.123672e-09   0.000000e+00   2.888879e-12   206700
  1.560442e+01   2.125818e-09   7.795006e-02   2.896300e-12   206048
  1.562536e+01   2.128015e-09   0.000000e+00   2.923525e-12   204744
  1.564625e+01   2.119729e-09   0.000000e+00   2.906496e-12   202992
  1.566646e+01   2.110668e-09   8.729115e-02   2.905542e-12   201944
  1.568771e+01   2.121588e-09   0.000000e+00   2.919634e-12   203304
  1.570852e+01   2.121658e-09   0.000000e+00   2.925684e-12   200484
  1.572878e+01   2.112195e-09   9.320068e-02   2.949055e-12   195516
  1.575002e+01   2.117388e-09   0.000000e+00   2.935578e-12   198860
  1.577038e+01   2.101130e-09   4.225166e-02   2.936943e-12   195264
  1.579115e+01   2.109189e-09   6.113521e-02   2.939031e-12   195984
  1.581224e+01   2.110798e-09   0.000000e+00   2.983033e-12   191808
  1.583234e+01   2.101542e-09   7.125003e-02   2.980454e-12   190776
  1.585324e+01   2.107587e-09   1.761326e-02   2.966450e-12   192032
  1.587428e+01   2.102275e-09   0.000000e+00   3.008092e-12   188628
  1.589451e+01   2.102669e-09   9.865151e-02   2.992270e-12   189444
  1.591566e+01   2.105736e-09   0.000000e+00   3.024839e-12   186260
  1.593629e+01   2.101543e-09   0.000000e+00   3.008706e-12   184560
  1.595674e+01   2.104359e-09   9.019719e-02   3.029044e-12   185832
  1.597807e+01   2.093476e-09   0.000000e+00   3.035271e-12   182400
  1.599845e+01   2.109471e-09   4.244519e-02   3.078122e-12   181380
  1.601905e+01   2.101542e-09   7.467882e-02   3.067958e-12   180332
  1.604022e+01   2.100683e-09   0.000000e+00   3.084149e-12   178236
  1.606064e+01   2.103436e-09   5.319333e-02   3.087380e-12   179184
  1.608143e+01   2.087242e-09   6.858510e-02   3.103516e-12   175028
  1.610242e+01   2.102472e-09   0.000000e+00   3.108669e-12   175440
  1.612292e+01   2.095761e-09   7.355651e-02   3.105914e-12   174828
  1.614384e+01   2.092293e-09   0.000000e+00   3.135852e-12   169896
  1.616453e+01   2.097285e-09   0.000000e+00   3.153558e-12   171708
  1.618501e+01   2.081101e-09   9.474032e-02   3.126274e-12   169328
  1.620602e+01   2.089378e-09   0.000000e+00   3.160462e-12   167364
  1.622676e+01   2.093007e-09   3.429717e-02   3.148378e-12   168192
  1.624722e+01   2.090348e-09   8.479764e-02   3.228683e-12   163188
  1.626845e+01   2.094368e-09   0.000000e+00   3.200308e-12   166184
  1.628902e+01   2.088948e-09   4.275842e-02   3.222267e-12   161460
  1.630953e+01   2.085979e-09   7.905160e-02   3.231463e-12   159972
  1.633055e+01   2.091761e-09   0.000000e+00   3.250147e-12   159488
  1.635091e+01   2.085121e-09   7.409162e-02   3.237691e-12   158148
  1.637192e+01   2.079717e-09   0.000000e+00   3.267724e-12   158100
  1.639290e+01   2.081024e-09   0.000000e+00   3.281847e-12   155232
  1.641299e+01   2.085039e-09   8.368735e-02   3.335443e-12   151216
  1.643412e+01   2.086049e-09   0.000000e+00   3.271428e-12   155560
  1.645510e+01   2.081369e-09   0.000000e+00   3.313002e-12   151404
  1.647532e+01   2.088924e-09   1.005533e-01   3.378847e-12   148356
  1.649648e+01   2.087348e-09   0.000000e+00   3.376726e-12   147164
  1.651692e+01   2.078698e-09   2.684934e-02   3.380396e-12   147384
  1.653757e+01   2.086368e-09   6.711967e-02   3.406001e-12   145992
  1.655885e+01   2.086010e-09   0.000000e+00   3.420600e-12   143856
  1.657890e+01   2.082338e-09   6.667322e-02   3.473171e-12   140384
  1.659987e+01   2.085091e-09   3.374539e-02   3.414414e-12   143856
  1.662094e+01   2.078726e-09   0.000000e+00   3.482033e-12   136968
  1.664106e+01   2.084177e-09   9.294399e-02   3.448479e-12   139536
  1.666230e+01   2.084981e-09   0.000000e+00   3.517604e-12   136916
  1.668291e+01   2.068942e-09   0.000000e+00   3.528906e-12   133032
  1.670327e+01   2.081556e-09   9.287437e-02   3.518733e-12   135540
  1.672465e+01   2.078158e-09   0.000000e+00   3.540435e-12   132096
  1.674503e+01   2.074173e-09   0.000000e+00   3.579677e-12   129540
  1.676559e+01   2.079035e-09   9.129523e-02   3.578892e-12   130640
  1.678679e+01   2.072160e-09   0.000000e+00   3.636233e-12   126276
  1.680721e+01   2.078765e-09   5.475233e-02   3.601560e-12   128484
  1.682826e+01   2.069118e-09   1.628817e-02   3.631981e-12   124168
  1.684902e+01   2.069651e-09   0.000000e+00   3.691691e-12   122224
  1.686947e+01   2.076187e-09   8.195852e-02   3.688390e-12   123156
  1.689051e+01   2.062466e-09   0.000000e+00   3.719852e-12   119688
  1.691105e+01   2.069186e-09   0.000000e+00   3.776562e-12   116640
  1.693152e+01   2.060618e-09   9.555756e-02   3.723692e-12   119696
  1.695264e+01   2.053664e-09   0.000000e+00   3.758478e-12   114276
  1.697330e+01   2.080179e-09   0.000000e+00   3.837361e-12   114060
  1.699376e+01   2.065398e-09   9.047975e-02   3.845184e-12   112536
  1.701493e+01   2.062735e-09   0.000000e+00   3.833757e-12   112196
  1.703562e+01   2.073040e-09   3.996896e-02   3.937804e-12   109404
  1.705611e+01   2.042285e-09   5.001363e-02   3.894691e-12   105900
  1.707694e+01   2.058499e-09   0.000000e+00   3.911401e-12   107176
  1.709748e+01   2.043338e-09   6.785172e-02   3.913981e-12   105088
  1.711840e+01   2.052152e-09   2.568620e-02   3.932389e-12   103800
  1.713937e+01   2.038625e-09   0.000000e+00   3.969679e-12   101340
  1.715970e+01   2.035055e-09   7.564106e-02   4.015655e-12   100036
  1.718052e+01   2.035524e-09   0.000000e+00   4.012801e-12   97672
  1.720141e+01   2.030370e-09   0.000000e+00   3.987492e-12   97908
  1.722188e+01   2.017399e-09   7.910824e-02   4.039278e-12   95328
  1.724285e+01   2.022307e-09   0.000000e+00   4.084319e-12   93600
  1.726350e+01   2.002126e-09   0.000000e+00   4.085645e-12   92312
  1.728413e+01   1.998573e-09   6.788260e-02   4.080173e-12   91044
  1.730514e+01   2.001263e-09   0.000000e+00   4.118872e-12   88500
  1.732537e+01   1.996300e-09   5.140385e-02   4.189017e-12   86216
  1.734623e+01   1.983890e-09   0.000000e+00   4.132488e-12   87159
  1.736748e+01   1.990092e-09   0.000000e+00   4.123771e-12   86064
  1.738789e+01   1.982341e-09   7.926245e-02   4.178372e-12   81648
  1.740859e+01   1.985385e-09   0.000000e+00   4.226288e-12   81654
  1.742958e+01   1.965981e-09   0.000000e+00   4.206350e-12   81284
  1.745016e+01   1.967603e-09   5.676558e-02   4.248589e-12   78888
  1.747089e+01   1.964905e-09   1.878999e-02   4.316075e-12   77250
  1.749148e+01   1.974980e-09   0.000000e+00   4.334363e-12   75942
  1.751208e+01   1.963024e-09   6.122643e-02   4.290708e-12   77042
  1.753325e+01   1.955490e-09   0.000000e+00   4.284897e-12   74094
  1.755392e+01   1.961475e-09   3.278157e-02   4.318302e-12   73818
  1.757460e+01   1.960656e-09   0.000000e+00   4.435813e-12   70998
  1.759538e+01   1.955058e-09   0.000000e+00   4.387197e-12   72044
  1.761609e+01   1.946906e-09   6.417872e-02   4.410976e-12   69426
  1.763696e+01   1.945674e-09   0.000000e+00   4.454742e-12   69288
  1.765765e+01   1.943404e-09   0.000000e+00   4.457565e-12   67068
  1.767810e+01   1.948143e-09   6.708664e-02   4.517815e-12   66926
  1.769904e+01   1.942873e-09   5.552673e-02   4.505122e-12   66348
  1.772006e+01   1.937920e-09   0.000000e+00   4.576952e-12   64728
  1.774050e+01   1.942567e-09   0.000000e+00   4.617634e-12   62820
  1.776120e+01   1.929401e-09   0.000000e+00   4.503344e-12   63716
  1.778217e+01   1.934140e-09   1.538954e-02   4.631712e-12   62160
  1.780285e+01   1.935044e-09   0.000000e+00   4.713414e-12   59940
  1.782337e+01   1.937928e-09   1.172941e-02   4.693979e-12   60112
  1.784408e+01   1.928288e-09   6.399490e-02   4.679486e-12   59668
  1.786510e+01   1.920863e-09   0.000000e+00   4.774263e-12   57618
  1.788559e+01   1.919419e-09   2.228779e-02   4.775449e-12   56868
  1.790611e+01   1.938274e-09   6.099661e-02   4.851091e-12   56684
  1.792695e+01   1.917266e-09   2.652691e-02   4.824907e-12   55536
  1.794783e+01   1.915631e-09   0.000000e+00   4.878635e-12   54342
  1.796859e+01   1.933708e-09   2.096003e-02   4.937656e-12   54768
  1.798914e+01   1.920423e-09   5.985168e-02   4.997431e-12   52094
  1.800988e+01   1.917087e-09   0.000000e+00   5.017457e-12   52224
  1.803092e+01   1.915992e-09   0.000000e+00   4.960519e-12   52188
  1.805152e+01   1.917176e-09   5.377246e-02   5.079901e-12   50190
  1.807201e+01   1.921074e-09   4.521535e-02   5.096410e-12   49224
  1.809290e+01   1.922898e-09   0.000000e+00   5.119107e-12   49094
  1.811386e+01   1.921627e-09   1.363824e-02   5.099038e-12   49488
  1.813461e+01   1.917579e-09   5.529548e-02   5.240589e-12   46830
  1.815507e+01   1.921098e-09   1.709192e-02   5.280397e-12   45860
  1.817589e+01   1.922416e-09   0.000000e+00   5.225532e-12   46770
  1.819678e+01   1.913526e-09   2.342255e-02   5.280316e-12   45468
  1.821749e+01   1.910593e-09   3.896218e-02   5.343080e-12   44130
  1.823812e+01   1.917629e-09   0.000000e+00   5.447480e-12   43230
  1.825888e+01   1.914425e-09   0.000000e+00   5.320769e-12   44108
  1.827979e+01   1.910036e-09   3.896671e-02   5.460950e-12   42162
  1.830047e+01   1.917241e-09   3.649988e-02   5.497140e-12   41358
  1.832098e+01   1.917388e-09   0.000000e+00   5.606762e-12   40456
  1.834174e+01   1.901207e-09   3.439373e-02   5.530846e-12   41230
  1.836283e+01   1.900559e-09   4.632810e-02   5.536173e-12   39906
  1.838361e+01   1.915543e-09   0.000000e+00   5.737852e-12   38508
  1.840402e+01   1.913137e-09   0.000000e+00   5.755222e-12   37854
  1.842463e+01   1.910275e-09   5.462492e-02   5.711588e-12   38162
  1.844572e+01   1.915362e-09   2.682881e-02   5.830044e-12   37212
  1.846654e+01   1.909973e-09   0.000000e+00   5.888083e-12   36450
  1.848684e+01   1.914711e-09   3.099461e-02   6.023082e-12   34718
  1.850742e+01   1.910657e-09   2.457577e-02   5.912476e-12   35814
  1.852854e+01   1.904794e-09   2.091258e-02   5.972056e-12   34896
  1.854938e+01   1.904883e-09   0.000000e+00   6.018228e-12   33822
  1.856962e+01   1.922847e-09   4.524621e-02   6.237951e-12   32522
  1.859043e+01   1.912996e-09   0.000000e+00   6.040781e-12   33630
  1.861153e+01   1.921602e-09   0.000000e+00   6.266376e-12   32166
  1.863205e+01   1.926530e-09   2.352530e-02   6.339277e-12   31200
  1.865238e+01   1.931169e-09   1.722707e-02   6.415069e-12   30598
  1.867318e+01   1.929666e-09   2.144237e-02   6.426802e-12   31138
  1.869444e+01   1.936862e-09   0.000000e+00   6.480541e-12   30510
  1.871513e+01   1.923736e-09   3.385093e-02   6.649542e-12   28998
  1.873545e+01   1.935516e-09   0.000000e+00   6.671731e-12   28290
  1.875622e+01   1.916800e-09   4.150594e-02   6.535053e-12   29126
  1.877748e+01   1.904067e-09   0.000000e+00   6.597557e-12   28008
  1.879820e+01   1.927499e-09   1.160740e-02   6.835337e-12   27222
  1.881869e+01   1.941431e-09   2.032959e-02   6.883114e-12   26426
  1.883943e+01   1.924133e-09   1.282460e-02   6.828778e-12   26694
  1.886042e+01   1.917585e-09   2.459374e-02   6.931910e-12   25734
  1.888123e+01   1.945667e-09   0.000000e+00   7.080633e-12   25458
  1.890165e+01   1.944333e-09   5.366349e-03   7.344320e-12   24198
  1.892250e+01   1.921076e-09   0.000000e+00   7.067215e-12   25034
  1.894358e+01   1.917244e-09   1.813393e-02   7.254731e-12   23718
  1.896415e+01   1.947977e-09   0.000000e+00   7.444947e-12   23094
  1.898439e+01   1.934852e-09   2.817701e-02   7.468083e-12   22416
  1.900523e+01   1.928956e-09   8.158409e-03   7.326068e-12   23078
  1.902662e+01   1.931890e-09   0.000000e+00   7.362477e-12   22386
  1.904734e+01   1.935277e-09   0.000000e+00   7.751238e-12   21126
  1.906740e+01   1.953559e-09   0.000000e+00   7.976359e-12   20366
  1.908807e+01   1.943289e-09   3.954601e-02   7.672425e-12   21354
  1.910952e+01   1.960025e-09   0.000000e+00   7.982335e-12   20478
  1.913020e+01   1.944628e-09   0.000000e+00   8.115187e-12   19458
  1.915026e+01   1.949172e-09   1.298789e-02   8.251045e-12   18758
  1.917096e+01   1.943527e-09   4.152912e-02   8.074890e-12   19566
  1.919237e+01   1.942844e-09   2.841215e-02   8.262613e-12   18858
  1.921315e+01   1.960051e-09   4.480822e-03   8.468409e-12   17790
  1.923316e+01   1.950260e-09   0.000000e+00   8.651912e-12   17114
  1.925389e+01   1.944546e-09   0.000000e+00   8.513365e-12   17982
  1.927528e+01   1.964223e-09   0.000000e+00   8.739435e-12   17190
  1.929611e+01   1.980425e-09   0.000000e+00   9.082332e-12   16458
  1.931611e+01   1.964912e-09   2.930604e-02   9.223309e-12   15494
  1.933678e+01   1.968179e-09   1.521287e-02   8.916692e-12   16374
  1.935831e+01   1.982743e-09   0.000000e+00   9.132755e-12   15858
  1.937917e+01   1.974395e-09   0.000000e+00   9.448805e-12   14862
  1.939908e+01   1.963788e-09   4.520786e-03   9.673982e-12   14082
  1.941986e+01   1.967833e-09   0.000000e+00   9.315351e-12   14990
  1.944144e+01   1.977887e-09   9.285391e-03   9.649591e-12   14358
  1.946223e+01   1.980311e-09   0.000000e+00   9.968987e-12   13386
  1.948193e+01   2.000036e-09   0.000000e+00   1.031255e-11   12678
  1.950273e+01   1.981349e-09   2.276143e-02   9.773234e-12   13700
  1.952444e+01   1.996115e-09   1.694461e-02   1.017986e-11   12942
  1.954529e+01   1.999999e-09   3.856403e-02   1.039425e-11   12198
  1.956477e+01   1.998991e-09   0.000000e+00   1.104025e-11   11106
  1.958543e+01   1.970935e-09   8.948959e-03   1.030597e-11   12494
  1.960722e+01   1.996703e-09   2.839054e-02   1.068060e-11   11610
  1.962822e+01   1.974567e-09   0.000000e+00   1.088301e-11   11094
  1.964771e+01   1.980889e-09   1.968655e-02   1.180619e-11   9902
  1.966828e+01   2.000464e-09   1.544486e-02   1.087367e-11   11226
  1.969007e+01   1.996013e-09   0.000000e+00   1.142850e-11   10326
  1.971110e+01   2.016876e-09   1.771931e-02   1.174105e-11   10074
  1.973074e+01   2.050250e-09   1.106024e-02   1.279574e-11   8766
  1.975114e+01   2.028604e-09   0.000000e+00   1.180870e-11   9950
  1.977289e+01   2.035743e-09   9.204864e-03   1.261577e-11   9252
  1.979390e+01   2.056632e-09   0.000000e+00   1.254218e-11   8886
  1.981353e+01   2.070038e-09   0.000000e+00   1.343632e-11   7850
  1.983411e+01   2.013948e-09   8.076962e-03   1.242699e-11   8886
  1.985590e+01   2.031044e-09   0.000000e+00   1.318765e-11   8142
  1.987667e+01   2.028438e-09   2.023918e-02   1.306805e-11   7746
  1.989608e+01   2.110295e-09   1.958181e-02   1.459383e-11   6926
  1.991706e+01   2.061339e-09   0.000000e+00   1.347993e-11   7974
  1.993892e+01   2.049817e-09   1.896865e-02   1.412417e-11   7074
  1.995945e+01   2.057866e-09   6.967900e-03   1.414259e-11   6744
  1.997876e+01   2.083484e-09   2.098021e-02   1.544217e-11   6114
  2.000009e+01   2.100980e-09   4.282114e-03   1.449835e-11   7094
  2.002234e+01   2.069200e-09   0.000000e+00   1.527525e-11   6174
  2.004261e+01   2.078859e-09   7.858193e-03   1.599359e-11   5754
  2.006140e+01   2.078815e-09   0.000000e+00   1.650716e-11   5214
  2.008302e+01   2.069328e-09   0.000000e+00   1.524520e-11   6338
  2.010586e+01   2.090476e-09   1.062290e-02   1.608907e-11   5352
  2.012591e+01   2.075812e-09   0.000000e+00   1.693410e-11   4830
  2.014382e+01   2.071623e-09   2.369449e-03   1.873268e-11   4338
  2.016557e+01   2.124922e-09   0.000000e+00   1.676061e-11   5558
  2.018939e+01   2.111542e-09   1.500166e-02   1.755638e-11   4866
  2.020984e+01   2.128677e-09   2.409415e-02   1.938582e-11   3846
  2.022612e+01   2.087843e-09   0.000000e+00   2.065527e-11   3518
  2.024795e+01   2.098302e-09   2.119727e-02   1.760287e-11   4812
  2.027247e+01   2.132762e-09   1.139806e-02   1.889064e-11   4278
  2.029372e+01   2.066330e-09   2.027569e-02   2.118004e-11   3174
  2.030844e+01   2.078531e-09   0.000000e+00   2.308507e-11   2738
  2.033020e+01   2.147259e-09   8.404518e-03   1.979881e-11   4086
  2.035522e+01   2.128211e-09   9.553608e-03   2.019145e-11   3666
  2.037748e+01   2.160025e-09   1.446127e-02   2.376587e-11   2712
  2.039076e+01   2.173356e-09   8.257776e-03   2.779086e-11   1998
  2.041240e+01   2.153129e-09   7.190097e-03   2.131445e-11   3434
  2.043794e+01   2.195942e-09   0.000000e+00   2.270530e-11   3078
  2.046126e+01   2.314107e-09   1.013808e-02   2.889386e-11   2334
  2.047313e+01   2.231368e-09   0.000000e+00   3.590468e-11   1340
  2.049457e+01   2.229187e-09   0.000000e+00   2.428957e-11   2838
  2.052072e+01   2.231947e-09   0.000000e+00   2.535184e-11   2538
  2.054513e+01   2.230776e-09   1.292341e-02   2.837500e-11   1974
  2.055491e+01   2.316251e-09   1.293140e-02   4.641469e-11   774
  2.057645e+01   2.209738e-09   6.132263e-03   2.578120e-11   2300
  2.060325e+01   2.266209e-09   9.950936e-03   2.876180e-11   2046
  2.062877e+01   2.368265e-09   4.449757e-03   3.422613e-11   1626
  2.063671e+01   2.312102e-09   1.166650e-02   6.804380e-11   390
  2.065818e+01   2.276879e-09   5.288004e-03   3.063058e-11   1766
  2.068540e+01   2.303812e-09   0.000000e+00   3.087738e-11   1596
  2.071199e+01   2.466073e-09   0.000000e+00   3.898923e-11   1302
  2.071852e+01   2.243006e-09   0.000000e+00   1.104885e-10   150
  2.074003e+01   2.399541e-09   2.644073e-03   3.810607e-11   1298
  2.076735e+01   2.434007e-09   0.000000e+00   3.967020e-11   1158
  2.079453e+01   2.378676e-09   4.394243e-03   4.367714e-11   996
  2.080451e+01   2.378399e-09   1.076411e-02   2.731906e-10   38
  2.082208e+01   2.406078e-09   0.000000e+00   4.528777e-11   894
  2.084944e+01   2.309941e-09   9.709219e-03   4.699227e-11   786
  2.087684e+01   2.440599e-09   0.000000e+00   5.351908e-11   678
  2.090290e+01   2.367090e-09   0.000000e+00   2.774495e-10   8
  2.090428e+01   2.547177e-09   8.810967e-03   5.954115e-11   570
  2.093169e+01   2.443499e-09   9.455694e-03   6.580183e-11   486
  2.095915e+01   2.643530e-09   0.000000e+00   7.210202e-11   402
  2.098585e+01   1.918482e-09   0.000000e+00   4.588781e-10   8
  2.098664e+01   2.445178e-09   1.092789e-02   7.565019e-11   318
  2.101412e+01   2.476645e-09   0.000000e+00   8.618236e-11   258
  2.104164e+01   2.627152e-09   0.000000e+00   1.013591e-10   198
  2.106880e+01   3.216461e-09   0.000000e+00   9.399960e-10   8
  2.106919e+01   2.589172e-09   0.000000e+00   1.278432e-10   138
  2.109671e+01   2.672984e-09   3.586795e-03   1.403233e-10   102
  2.112428e+01   3.460023e-09   6.532758e-03   2.260052e-10   66
  2.115187e+01   2.609742e-09   0.000000e+00   2.023067e-10   38
  2.117947e+01   2.310217e-09   0.000000e+00   3.511050e-10   18
  2.120708e+01   1.196854e-09   0.000000e+00   1.500935e-10   6
