# power spectrum of theta (div v)
# redshift z=1.294600
# k              Pk             sigma(k)       sigma(Pk)      count
  4.789006e-02   4.108114e-10   1.569186e-05   1.488332e-10   6
  6.772678e-02   2.117670e-09   0.000000e+00   4.831990e-10   12
  8.844750e-02   2.219457e-09   6.350197e-03   4.218664e-10   14
  1.121958e-01   3.449274e-09   5.110132e-03   3.830481e-10   48
  1.413226e-01   4.426302e-09   3.711993e-03   4.905026e-10   42
  1.551375e-01   4.106790e-09   3.695504e-03   5.464024e-10   48
  1.759035e-01   6.057280e-09   4.430317e-03   6.425034e-10   80
  1.993525e-01   8.096412e-09   3.439775e-03   6.841675e-10   90
  2.172926e-01   6.829695e-09   5.401395e-03   6.976678e-10   120
  2.427789e-01   9.535295e-09   4.539269e-03   6.523123e-10   158
  2.596594e-01   9.955234e-09   2.154172e-03   1.020768e-09   120
  2.799969e-01   1.065695e-08   4.814837e-03   7.194251e-10   186
  3.024673e-01   1.183134e-08   6.584405e-03   7.327244e-10   264
  3.207263e-01   1.438967e-08   3.554717e-03   1.053975e-09   168
  3.440233e-01   1.418099e-08   6.353114e-03   7.403586e-10   386
  3.635186e-01   1.182199e-08   3.844319e-03   7.848334e-10   192
  3.827000e-01   1.626394e-08   6.302989e-03   7.762347e-10   390
  4.042493e-01   1.391870e-08   6.599222e-03   7.242688e-10   396
  4.244941e-01   1.720178e-08   6.547168e-03   8.610482e-10   398
  4.467496e-01   1.639580e-08   6.417329e-03   6.412332e-10   576
  4.686509e-01   1.763923e-08   6.510439e-03   8.425937e-10   444
  4.878078e-01   2.117331e-08   5.874003e-03   8.328770e-10   590
  5.096214e-01   1.921810e-08   6.432479e-03   7.395864e-10   648
  5.308979e-01   2.013618e-08   5.692893e-03   8.364213e-10   654
  5.498012e-01   2.129435e-08   4.722042e-03   7.839408e-10   636
  5.709321e-01   2.146956e-08   7.079544e-03   7.464323e-10   830
  5.907593e-01   2.198449e-08   5.095999e-03   7.406220e-10   792
  6.110328e-01   2.348897e-08   5.241142e-03   8.781064e-10   804
  6.317957e-01   2.374662e-08   6.468770e-03   8.069903e-10   1038
  6.518970e-01   2.392451e-08   5.066866e-03   7.492788e-10   936
  6.736844e-01   2.366013e-08   5.920520e-03   6.913114e-10   1130
  6.934320e-01   2.496415e-08   5.498096e-03   7.437032e-10   1104
  7.151093e-01   2.608922e-08   6.112917e-03   7.624447e-10   1230
  7.349322e-01   2.728728e-08   6.212201e-03   7.637298e-10   1260
  7.550713e-01   2.717697e-08   5.367123e-03   7.584604e-10   1286
  7.778485e-01   2.651405e-08   6.513251e-03   6.299835e-10   1728
  7.994312e-01   2.807278e-08   5.761882e-03   7.706868e-10   1392
  8.199443e-01   2.899731e-08   5.451671e-03   7.353544e-10   1626
  8.409694e-01   2.785677e-08   6.465203e-03   6.531135e-10   1760
  8.620805e-01   2.871070e-08   5.346546e-03   6.838890e-10   1686
  8.819823e-01   2.774454e-08   5.432531e-03   6.279347e-10   1812
  9.023318e-01   2.918522e-08   6.253163e-03   6.758797e-10   1862
  9.231285e-01   2.910383e-08   5.573074e-03   6.004357e-10   2160
  9.440529e-01   3.061647e-08   5.701804e-03   7.560853e-10   1956
  9.651054e-01   2.972222e-08   6.405607e-03   5.767099e-10   2454
  9.856496e-01   3.235854e-08   4.996224e-03   7.042782e-10   2048
  1.006269e+00   3.143209e-08   6.503570e-03   6.253791e-10   2538
  1.026621e+00   3.193567e-08   5.450501e-03   6.360461e-10   2400
  1.047192e+00   3.301922e-08   6.493922e-03   6.625203e-10   2526
  1.067717e+00   3.129720e-08   6.410469e-03   6.000972e-10   2856
  1.089126e+00   3.244336e-08   6.005562e-03   6.184402e-10   2804
  1.110271e+00   3.262405e-08   6.270330e-03   5.950851e-10   2958
  1.130394e+00   3.413756e-08   6.090740e-03   6.021411e-10   2976
  1.151629e+00   3.270576e-08   6.085785e-03   5.856214e-10   3194
  1.171511e+00   3.435431e-08   6.051968e-03   6.055571e-10   3120
  1.193046e+00   3.334815e-08   6.150978e-03   5.615661e-10   3606
  1.213598e+00   3.363340e-08   5.627794e-03   5.971797e-10   3276
  1.233621e+00   3.271650e-08   6.355793e-03   5.596184e-10   3600
  1.254220e+00   3.447479e-08   5.584221e-03   5.719146e-10   3638
  1.274050e+00   3.560950e-08   5.946849e-03   5.753655e-10   3744
  1.295504e+00   3.512907e-08   6.133982e-03   5.401307e-10   4170
  1.316011e+00   3.336979e-08   5.820608e-03   5.361700e-10   3984
  1.336899e+00   3.402144e-08   5.888187e-03   5.215589e-10   4334
  1.357509e+00   3.406792e-08   5.453663e-03   5.262913e-10   4284
  1.377862e+00   3.442488e-08   6.586002e-03   5.310669e-10   4374
  1.399143e+00   3.513347e-08   5.839434e-03   4.922330e-10   5016
  1.420103e+00   3.470260e-08   5.618773e-03   5.299089e-10   4580
  1.440995e+00   3.468661e-08   6.615990e-03   4.854535e-10   5142
  1.462309e+00   3.603564e-08   6.349700e-03   5.057289e-10   5184
  1.483176e+00   3.476664e-08   4.947565e-03   4.845377e-10   5058
  1.503228e+00   3.583416e-08   5.897393e-03   4.734968e-10   5384
  1.524670e+00   3.533614e-08   6.731560e-03   4.653016e-10   5622
  1.545353e+00   3.358199e-08   5.626483e-03   4.502301e-10   5736
  1.565950e+00   3.532610e-08   5.187539e-03   4.687761e-10   5596
  1.586643e+00   3.495326e-08   6.407070e-03   4.523480e-10   6070
  1.607167e+00   3.470969e-08   4.992944e-03   4.347266e-10   6096
  1.628581e+00   3.411555e-08   6.089030e-03   4.150805e-10   6474
  1.648392e+00   3.369838e-08   5.838056e-03   4.232802e-10   6024
  1.669580e+00   3.471753e-08   5.902786e-03   4.325945e-10   7070
  1.690573e+00   3.421376e-08   4.771623e-03   4.256008e-10   6516
  1.710709e+00   3.471184e-08   5.809464e-03   4.178076e-10   6936
  1.731728e+00   3.468746e-08   5.853863e-03   4.121151e-10   7110
  1.752060e+00   3.546235e-08   4.346631e-03   4.169173e-10   7244
  1.773569e+00   3.452395e-08   6.386844e-03   3.976917e-10   7878
  1.794402e+00   3.420132e-08   6.190368e-03   3.903633e-10   7344
  1.814575e+00   3.299851e-08   6.416535e-03   3.706652e-10   7694
  1.835593e+00   3.406842e-08   6.195086e-03   3.667820e-10   8412
  1.856699e+00   3.404050e-08   6.414349e-03   3.797081e-10   7920
  1.876759e+00   3.339641e-08   5.459516e-03   3.678134e-10   8118
  1.897178e+00   3.298284e-08   6.304957e-03   3.550977e-10   8548
  1.917951e+00   3.296498e-08   6.416240e-03   3.447828e-10   8710
  1.938549e+00   3.341120e-08   5.655186e-03   3.629670e-10   8928
  1.959695e+00   3.300489e-08   6.108937e-03   3.522355e-10   9186
  1.979980e+00   3.206567e-08   6.651010e-03   3.278706e-10   9200
  2.000891e+00   3.258181e-08   5.649917e-03   3.312569e-10   9438
  2.021277e+00   3.192073e-08   8.042638e-03   3.179657e-10   9564
  2.042231e+00   3.262969e-08   6.218670e-03   3.252771e-10   10296
  2.063682e+00   3.127436e-08   5.425155e-03   3.052115e-10   10126
  2.083777e+00   3.197531e-08   6.703116e-03   3.224506e-10   10024
  2.105151e+00   3.178497e-08   4.712298e-03   2.994005e-10   11082
  2.126137e+00   3.118849e-08   7.326910e-03   3.004271e-10   10632
  2.146648e+00   3.118603e-08   5.326134e-03   3.039168e-10   10734
  2.167370e+00   3.065436e-08   6.419897e-03   2.901215e-10   11276
  2.188085e+00   3.080928e-08   5.817126e-03   2.890064e-10   11352
  2.208991e+00   3.037903e-08   6.118612e-03   2.828775e-10   11550
  2.229513e+00   3.062143e-08   5.562389e-03   2.739232e-10   11772
  2.250338e+00   3.075881e-08   7.010120e-03   2.806685e-10   12038
  2.270908e+00   3.038700e-08   8.649333e-03   2.777724e-10   12096
  2.291762e+00   2.937405e-08   7.008535e-03   2.694268e-10   12582
  2.312386e+00   2.898508e-08   1.857922e-03   2.561010e-10   12620
  2.333484e+00   2.960314e-08   7.280792e-03   2.598709e-10   13320
  2.354132e+00   2.917352e-08   6.516653e-03   2.576556e-10   12654
  2.374385e+00   2.997403e-08   1.310404e-03   2.661936e-10   13236
  2.394940e+00   2.850810e-08   9.613264e-03   2.481789e-10   13438
  2.415712e+00   2.821854e-08   9.325727e-03   2.388480e-10   14344
  2.437237e+00   2.824024e-08   5.755762e-03   2.384519e-10   14226
  2.457572e+00   2.840212e-08   4.728886e-03   2.395684e-10   14088
  2.478175e+00   2.852198e-08   0.000000e+00   2.367530e-10   14328
  2.498827e+00   2.780241e-08   6.447094e-03   2.249182e-10   14954
  2.519760e+00   2.748519e-08   4.888712e-03   2.193070e-10   15480
  2.540776e+00   2.784102e-08   6.941409e-03   2.238960e-10   14862
  2.560688e+00   2.812149e-08   7.975547e-03   2.307794e-10   15296
  2.581597e+00   2.760787e-08   7.757035e-03   2.190068e-10   15954
  2.602086e+00   2.738002e-08   6.557528e-03   2.183718e-10   15720
  2.622579e+00   2.705021e-08   2.614172e-03   2.129359e-10   16296
  2.643690e+00   2.702008e-08   4.134317e-03   2.065315e-10   17010
  2.664189e+00   2.743347e-08   3.823545e-03   2.154553e-10   16328
  2.684811e+00   2.649056e-08   3.363058e-03   1.995975e-10   17094
  2.705495e+00   2.714885e-08   8.475528e-03   2.037481e-10   17436
  2.726416e+00   2.678216e-08   8.714706e-03   2.026464e-10   17862
  2.747423e+00   2.667716e-08   7.463357e-03   1.976658e-10   18200
  2.768585e+00   2.640709e-08   4.641952e-04   1.951688e-10   18450
  2.789287e+00   2.606483e-08   3.924367e-03   1.918858e-10   18384
  2.809940e+00   2.572306e-08   5.576470e-03   1.890980e-10   18504
  2.830568e+00   2.611048e-08   4.464879e-03   1.866652e-10   19142
  2.851613e+00   2.591244e-08   5.862497e-03   1.865028e-10   19692
  2.872433e+00   2.574220e-08   5.998506e-03   1.907159e-10   19062
  2.892804e+00   2.564107e-08   0.000000e+00   1.800955e-10   20184
  2.913860e+00   2.578318e-08   7.304674e-03   1.831940e-10   19970
  2.934397e+00   2.537734e-08   0.000000e+00   1.756666e-10   20496
  2.955536e+00   2.539980e-08   8.611170e-03   1.753730e-10   21456
  2.976109e+00   2.550325e-08   5.972873e-03   1.836816e-10   19650
  2.996304e+00   2.475527e-08   9.629634e-03   1.682604e-10   22040
  3.017594e+00   2.494906e-08   1.289008e-02   1.693877e-10   21558
  3.038152e+00   2.490584e-08   0.000000e+00   1.698161e-10   21804
  3.058763e+00   2.511536e-08   8.231991e-03   1.679986e-10   21926
  3.079309e+00   2.459344e-08   9.464994e-03   1.635139e-10   22416
  3.099937e+00   2.458140e-08   8.504581e-03   1.648322e-10   22776
  3.121146e+00   2.502009e-08   6.671392e-03   1.644817e-10   23874
  3.141984e+00   2.455161e-08   0.000000e+00   1.630021e-10   23104
  3.162701e+00   2.488974e-08   0.000000e+00   1.625434e-10   23974
  3.183467e+00   2.458195e-08   1.377362e-02   1.592004e-10   23892
  3.203873e+00   2.479140e-08   0.000000e+00   1.638798e-10   23550
  3.224418e+00   2.440045e-08   6.668308e-03   1.534064e-10   25320
  3.245288e+00   2.464403e-08   1.188099e-02   1.581891e-10   24428
  3.265711e+00   2.464648e-08   7.959323e-03   1.557836e-10   25254
  3.286619e+00   2.490134e-08   0.000000e+00   1.551329e-10   26016
  3.307231e+00   2.426253e-08   9.349462e-04   1.519244e-10   25182
  3.328033e+00   2.447676e-08   3.485976e-03   1.481646e-10   27428
  3.349134e+00   2.446284e-08   5.605029e-03   1.504068e-10   25974
  3.369438e+00   2.405672e-08   8.972386e-03   1.453401e-10   26904
  3.390059e+00   2.432140e-08   3.273692e-03   1.489994e-10   26730
  3.410702e+00   2.425620e-08   0.000000e+00   1.447835e-10   27896
  3.431859e+00   2.429026e-08   1.052021e-02   1.449636e-10   28992
  3.453270e+00   2.454916e-08   2.666468e-03   1.422367e-10   28698
  3.473700e+00   2.455687e-08   0.000000e+00   1.487470e-10   27816
  3.494571e+00   2.404343e-08   0.000000e+00   1.399657e-10   29774
  3.515450e+00   2.432699e-08   6.622493e-03   1.437808e-10   29148
  3.535861e+00   2.473958e-08   0.000000e+00   1.459438e-10   28806
  3.556422e+00   2.444214e-08   1.141990e-02   1.394406e-10   30408
  3.577217e+00   2.470503e-08   0.000000e+00   1.440159e-10   30320
  3.598191e+00   2.467023e-08   0.000000e+00   1.400730e-10   30930
  3.619128e+00   2.451681e-08   0.000000e+00   1.374915e-10   31656
  3.639581e+00   2.454034e-08   5.317240e-04   1.436416e-10   30086
  3.660128e+00   2.458096e-08   1.342628e-02   1.369256e-10   32724
  3.680836e+00   2.474135e-08   7.973468e-03   1.433575e-10   30846
  3.701403e+00   2.456649e-08   2.329699e-03   1.347429e-10   33480
  3.722425e+00   2.500922e-08   1.082396e-02   1.390280e-10   32724
  3.742979e+00   2.473649e-08   6.721775e-03   1.362228e-10   32894
  3.763829e+00   2.501440e-08   0.000000e+00   1.357075e-10   34200
  3.784682e+00   2.478621e-08   8.481851e-03   1.373511e-10   33594
  3.805163e+00   2.502918e-08   0.000000e+00   1.364545e-10   34336
  3.826056e+00   2.490636e-08   2.821471e-03   1.352013e-10   34822
  3.846791e+00   2.499990e-08   0.000000e+00   1.351949e-10   35472
  3.867411e+00   2.505027e-08   0.000000e+00   1.353181e-10   34404
  3.887970e+00   2.514200e-08   0.000000e+00   1.348543e-10   36222
  3.908578e+00   2.515977e-08   5.921908e-03   1.328901e-10   35984
  3.929395e+00   2.561899e-08   8.503656e-03   1.359995e-10   36570
  3.950032e+00   2.550112e-08   0.000000e+00   1.327737e-10   37176
  3.970895e+00   2.559861e-08   0.000000e+00   1.325386e-10   37406
  3.991673e+00   2.581929e-08   0.000000e+00   1.329832e-10   38052
  4.012283e+00   2.543218e-08   0.000000e+00   1.331336e-10   37590
  4.033174e+00   2.566662e-08   1.072164e-02   1.308697e-10   39480
  4.053854e+00   2.577709e-08   0.000000e+00   1.336029e-10   38260
  4.074527e+00   2.601026e-08   1.068998e-02   1.305675e-10   39646
  4.095623e+00   2.599825e-08   5.803199e-03   1.280829e-10   40944
  4.116542e+00   2.590826e-08   0.000000e+00   1.308624e-10   39678
  4.137150e+00   2.612498e-08   0.000000e+00   1.300911e-10   40804
  4.157881e+00   2.605528e-08   0.000000e+00   1.303878e-10   40606
  4.178647e+00   2.606287e-08   1.372278e-02   1.285666e-10   42216
  4.199539e+00   2.641354e-08   0.000000e+00   1.291217e-10   41532
  4.220179e+00   2.659122e-08   0.000000e+00   1.324319e-10   41990
  4.240666e+00   2.650409e-08   1.461504e-02   1.318940e-10   42360
  4.261571e+00   2.677375e-08   5.533795e-03   1.298494e-10   43530
  4.282349e+00   2.689674e-08   8.318219e-03   1.297318e-10   43848
  4.303062e+00   2.727296e-08   0.000000e+00   1.331404e-10   42870
  4.323842e+00   2.732545e-08   1.422730e-02   1.300143e-10   46160
  4.344700e+00   2.727208e-08   5.700925e-03   1.331945e-10   43380
  4.365241e+00   2.738823e-08   0.000000e+00   1.295133e-10   45294
  4.385850e+00   2.708023e-08   1.324354e-02   1.274564e-10   45744
  4.406925e+00   2.740293e-08   0.000000e+00   1.270518e-10   46682
  4.427542e+00   2.773713e-08   7.051421e-03   1.297339e-10   45840
  4.448226e+00   2.747042e-08   0.000000e+00   1.264165e-10   47118
  4.468866e+00   2.771719e-08   1.924780e-02   1.286620e-10   47124
  4.489588e+00   2.789426e-08   4.780344e-03   1.273661e-10   47984
  4.510731e+00   2.805083e-08   7.952791e-03   1.283521e-10   49566
  4.531118e+00   2.817831e-08   4.853446e-03   1.329359e-10   46284
  4.551570e+00   2.815671e-08   1.393172e-02   1.284003e-10   49966
  4.572384e+00   2.847212e-08   1.034105e-02   1.304818e-10   49360
  4.593072e+00   2.809614e-08   2.821190e-03   1.285964e-10   49806
  4.613927e+00   2.884888e-08   1.158837e-02   1.285072e-10   51492
  4.634556e+00   2.848669e-08   1.522768e-02   1.299490e-10   49496
  4.655358e+00   2.864387e-08   1.520375e-02   1.240644e-10   53190
  4.676336e+00   2.923599e-08   0.000000e+00   1.295018e-10   51060
  4.696902e+00   2.841367e-08   0.000000e+00   1.251398e-10   52134
  4.717533e+00   2.880887e-08   1.003381e-02   1.257710e-10   53088
  4.738328e+00   2.904244e-08   6.019633e-03   1.260866e-10   52706
  4.759060e+00   2.926443e-08   9.732482e-03   1.261842e-10   54936
  4.780122e+00   2.941670e-08   0.000000e+00   1.291681e-10   53886
  4.800723e+00   2.962175e-08   0.000000e+00   1.294547e-10   54436
  4.821320e+00   2.958901e-08   0.000000e+00   1.285062e-10   55096
  4.842330e+00   2.946924e-08   0.000000e+00   1.241085e-10   56358
  4.862918e+00   2.997256e-08   0.000000e+00   1.296948e-10   55632
  4.883673e+00   3.015724e-08   2.018570e-02   1.277555e-10   56530
  4.904376e+00   2.964390e-08   0.000000e+00   1.272091e-10   57232
  4.925004e+00   2.997241e-08   0.000000e+00   1.263561e-10   56766
  4.946155e+00   3.003565e-08   0.000000e+00   1.229423e-10   60804
  4.966740e+00   3.026759e-08   0.000000e+00   1.292396e-10   55536
  4.987401e+00   3.014690e-08   2.499953e-02   1.247377e-10   61166
  5.008145e+00   3.053682e-08   0.000000e+00   1.293205e-10   57396
  5.028656e+00   3.037676e-08   1.193661e-02   1.238547e-10   60870
  5.049483e+00   3.027636e-08   0.000000e+00   1.247268e-10   60224
  5.070205e+00   3.059000e-08   1.756375e-02   1.258704e-10   61002
  5.090995e+00   3.103025e-08   1.617957e-02   1.253546e-10   62016
  5.111675e+00   3.094991e-08   0.000000e+00   1.263981e-10   60768
  5.132188e+00   3.090673e-08   2.349189e-02   1.258551e-10   62870
  5.153160e+00   3.109074e-08   8.659139e-03   1.242106e-10   63804
  5.174011e+00   3.122447e-08   1.089350e-02   1.263681e-10   63054
  5.194388e+00   3.099940e-08   8.513915e-03   1.260326e-10   63024
  5.215203e+00   3.138448e-08   0.000000e+00   1.231411e-10   65018
  5.235782e+00   3.106938e-08   1.522216e-02   1.243986e-10   64608
  5.256576e+00   3.148855e-08   0.000000e+00   1.245800e-10   65688
  5.277311e+00   3.150957e-08   2.270237e-02   1.249472e-10   65994
  5.297977e+00   3.166199e-08   0.000000e+00   1.236875e-10   66648
  5.318871e+00   3.190818e-08   1.553789e-02   1.252446e-10   67310
  5.339462e+00   3.176698e-08   0.000000e+00   1.254205e-10   67224
  5.360200e+00   3.188957e-08   5.481201e-03   1.238942e-10   68034
  5.381015e+00   3.168467e-08   0.000000e+00   1.224422e-10   69744
  5.401830e+00   3.156946e-08   1.169508e-02   1.222268e-10   68654
  5.422854e+00   3.188052e-08   1.562259e-02   1.208625e-10   72132
  5.443653e+00   3.185813e-08   9.760456e-03   1.226601e-10   68520
  5.464158e+00   3.234288e-08   1.514770e-02   1.250017e-10   71070
  5.485071e+00   3.236565e-08   0.000000e+00   1.222014e-10   71948
  5.505774e+00   3.219095e-08   2.295488e-02   1.227040e-10   71598
  5.526656e+00   3.225042e-08   0.000000e+00   1.219059e-10   73536
  5.547364e+00   3.258117e-08   2.735568e-02   1.239520e-10   71802
  5.567855e+00   3.252903e-08   0.000000e+00   1.221474e-10   73280
  5.588593e+00   3.234763e-08   0.000000e+00   1.202621e-10   73992
  5.609518e+00   3.252989e-08   1.293431e-02   1.208149e-10   75966
  5.630238e+00   3.239389e-08   0.000000e+00   1.207735e-10   74364
  5.650980e+00   3.294060e-08   1.602464e-02   1.223365e-10   76094
  5.671665e+00   3.263375e-08   0.000000e+00   1.213938e-10   76224
  5.692417e+00   3.307190e-08   9.853705e-03   1.217914e-10   76242
  5.712948e+00   3.296407e-08   0.000000e+00   1.210962e-10   76944
  5.733683e+00   3.297607e-08   0.000000e+00   1.199388e-10   78680
  5.754738e+00   3.268228e-08   1.800244e-02   1.172521e-10   79962
  5.775390e+00   3.328202e-08   9.282032e-03   1.220148e-10   77760
  5.796021e+00   3.289720e-08   2.114022e-02   1.206069e-10   79590
  5.816768e+00   3.308615e-08   0.000000e+00   1.187716e-10   80732
  5.837569e+00   3.312192e-08   2.670519e-02   1.193529e-10   81174
  5.858317e+00   3.315016e-08   9.673992e-03   1.185292e-10   80832
  5.878647e+00   3.346795e-08   2.714889e-02   1.204540e-10   79992
  5.899507e+00   3.317742e-08   0.000000e+00   1.160053e-10   84314
  5.920439e+00   3.330201e-08   0.000000e+00   1.174616e-10   83592
  5.941251e+00   3.350126e-08   1.961163e-02   1.176985e-10   83838
  5.961944e+00   3.338378e-08   0.000000e+00   1.171313e-10   83676
  5.982557e+00   3.364178e-08   1.277866e-02   1.181850e-10   84950
  6.003231e+00   3.353413e-08   0.000000e+00   1.176609e-10   84912
  6.024025e+00   3.325716e-08   2.445941e-02   1.139985e-10   87162
  6.044870e+00   3.374214e-08   0.000000e+00   1.180316e-10   86440
  6.065493e+00   3.380827e-08   0.000000e+00   1.178593e-10   86560
  6.086296e+00   3.376458e-08   0.000000e+00   1.160604e-10   88698
  6.106998e+00   3.392648e-08   3.032813e-02   1.156713e-10   88920
  6.127980e+00   3.374822e-08   0.000000e+00   1.158914e-10   88814
  6.148554e+00   3.391290e-08   8.499195e-03   1.152596e-10   90336
  6.169521e+00   3.411875e-08   0.000000e+00   1.161935e-10   90282
  6.190225e+00   3.379016e-08   0.000000e+00   1.152351e-10   90840
  6.210763e+00   3.412170e-08   2.202002e-02   1.152513e-10   91128
  6.231706e+00   3.382764e-08   0.000000e+00   1.135662e-10   92690
  6.252316e+00   3.414440e-08   0.000000e+00   1.151210e-10   92160
  6.273110e+00   3.395537e-08   0.000000e+00   1.131891e-10   93534
  6.293745e+00   3.404784e-08   0.000000e+00   1.140519e-10   93484
  6.314476e+00   3.449647e-08   4.420317e-03   1.144311e-10   95206
  6.335384e+00   3.436124e-08   9.635936e-03   1.149249e-10   96048
  6.355953e+00   3.424510e-08   9.187865e-03   1.142394e-10   93600
  6.376648e+00   3.396529e-08   0.000000e+00   1.116677e-10   97410
  6.397378e+00   3.438872e-08   2.753934e-02   1.136425e-10   97856
  6.418315e+00   3.437118e-08   0.000000e+00   1.132278e-10   97278
  6.438964e+00   3.418573e-08   1.720637e-02   1.119237e-10   98916
  6.459629e+00   3.415068e-08   0.000000e+00   1.122326e-10   96894
  6.480182e+00   3.439469e-08   0.000000e+00   1.125660e-10   100976
  6.501132e+00   3.443836e-08   0.000000e+00   1.123697e-10   100164
  6.521747e+00   3.434278e-08   0.000000e+00   1.127700e-10   100014
  6.542240e+00   3.439309e-08   2.029394e-02   1.118468e-10   101040
  6.563072e+00   3.421080e-08   0.000000e+00   1.102276e-10   102338
  6.583708e+00   3.425311e-08   1.221945e-02   1.098058e-10   102912
  6.604644e+00   3.440219e-08   0.000000e+00   1.092385e-10   104238
  6.625221e+00   3.462846e-08   1.974829e-02   1.112820e-10   103104
  6.645987e+00   3.419343e-08   1.711598e-02   1.081554e-10   105404
  6.666802e+00   3.438617e-08   0.000000e+00   1.099074e-10   105198
  6.687510e+00   3.435425e-08   0.000000e+00   1.089402e-10   106632
  6.708328e+00   3.418108e-08   2.563114e-02   1.075826e-10   106706
  6.729024e+00   3.407829e-08   0.000000e+00   1.081372e-10   106992
  6.749962e+00   3.454142e-08   0.000000e+00   1.075707e-10   110118
  6.770696e+00   3.450251e-08   3.200613e-02   1.082042e-10   108084
  6.791315e+00   3.453020e-08   1.223897e-02   1.079104e-10   108222
  6.812161e+00   3.421020e-08   0.000000e+00   1.055414e-10   112160
  6.832813e+00   3.422746e-08   1.819342e-02   1.072802e-10   108492
  6.853557e+00   3.423381e-08   2.249594e-02   1.055283e-10   113262
  6.874380e+00   3.440634e-08   0.000000e+00   1.056623e-10   111360
  6.895229e+00   3.441580e-08   0.000000e+00   1.050318e-10   114182
  6.915921e+00   3.401285e-08   3.321993e-02   1.049980e-10   112884
  6.936682e+00   3.422944e-08   7.326151e-03   1.044295e-10   113934
  6.957295e+00   3.411368e-08   0.000000e+00   1.043272e-10   114504
  6.978242e+00   3.417314e-08   0.000000e+00   1.033784e-10   117500
  6.998909e+00   3.425781e-08   2.364835e-02   1.048117e-10   114102
  7.019592e+00   3.434550e-08   9.683141e-03   1.037911e-10   118584
  7.040401e+00   3.385551e-08   0.000000e+00   1.035493e-10   115546
  7.060874e+00   3.408255e-08   2.122976e-02   1.022989e-10   118984
  7.081861e+00   3.409060e-08   2.767276e-03   1.024969e-10   119526
  7.102511e+00   3.415491e-08   3.949922e-03   1.033288e-10   119436
  7.123149e+00   3.426466e-08   0.000000e+00   1.034080e-10   118632
  7.143816e+00   3.398666e-08   2.388929e-02   1.006192e-10   122510
  7.164668e+00   3.397769e-08   0.000000e+00   1.017778e-10   121680
  7.185449e+00   3.395261e-08   0.000000e+00   1.011352e-10   121434
  7.206002e+00   3.385234e-08   0.000000e+00   1.003207e-10   123928
  7.226827e+00   3.403761e-08   0.000000e+00   9.993498e-11   123910
  7.247601e+00   3.383684e-08   0.000000e+00   9.985656e-11   124452
  7.268316e+00   3.373832e-08   0.000000e+00   9.898146e-11   125376
  7.289032e+00   3.361183e-08   2.061887e-02   9.862981e-11   126638
  7.309762e+00   3.366587e-08   6.893801e-03   9.860095e-11   125844
  7.330506e+00   3.355788e-08   0.000000e+00   9.801159e-11   128142
  7.351277e+00   3.349712e-08   2.607007e-03   9.811664e-11   128136
  7.371903e+00   3.355418e-08   1.056470e-02   9.807682e-11   127642
  7.392695e+00   3.335379e-08   0.000000e+00   9.570269e-11   131968
  7.413715e+00   3.326814e-08   0.000000e+00   9.584895e-11   130326
  7.434330e+00   3.310320e-08   2.170131e-02   9.578309e-11   131688
  7.455057e+00   3.345545e-08   1.034563e-02   9.679342e-11   130212
  7.475703e+00   3.316881e-08   0.000000e+00   9.542874e-11   132686
  7.496603e+00   3.321109e-08   0.000000e+00   9.418448e-11   135960
  7.517412e+00   3.315089e-08   1.675609e-02   9.590432e-11   131562
  7.537784e+00   3.312357e-08   1.299419e-02   9.525008e-11   134016
  7.558657e+00   3.321454e-08   0.000000e+00   9.477874e-11   136478
  7.579402e+00   3.281017e-08   2.852011e-02   9.373404e-11   136812
  7.600230e+00   3.282460e-08   1.804304e-02   9.216422e-11   137856
  7.620980e+00   3.271051e-08   0.000000e+00   9.317274e-11   135862
  7.641612e+00   3.268883e-08   0.000000e+00   9.222514e-11   140056
  7.662506e+00   3.278024e-08   2.476558e-02   9.292377e-11   139602
  7.683198e+00   3.265317e-08   0.000000e+00   9.201990e-11   139080
  7.703880e+00   3.278277e-08   0.000000e+00   9.202780e-11   140678
  7.724644e+00   3.243080e-08   1.312984e-02   9.037239e-11   142884
  7.745327e+00   3.238437e-08   1.027648e-02   9.061648e-11   139992
  7.766053e+00   3.241118e-08   0.000000e+00   8.946932e-11   144966
  7.786901e+00   3.235409e-08   0.000000e+00   8.993559e-11   143364
  7.807548e+00   3.214319e-08   1.901671e-02   8.908758e-11   144518
  7.828230e+00   3.227889e-08   1.999211e-02   8.937988e-11   145200
  7.848877e+00   3.214662e-08   0.000000e+00   8.993210e-11   143466
  7.869471e+00   3.177879e-08   0.000000e+00   8.640057e-11   148824
  7.890216e+00   3.207759e-08   1.585839e-02   8.852896e-11   145544
  7.910805e+00   3.189282e-08   0.000000e+00   8.824443e-11   148590
  7.931654e+00   3.182020e-08   0.000000e+00   8.675683e-11   150540
  7.952469e+00   3.148397e-08   2.786393e-02   8.649770e-11   150134
  7.973199e+00   3.138333e-08   0.000000e+00   8.548001e-11   151296
  7.994127e+00   3.171678e-08   0.000000e+00   8.670909e-11   152058
  8.014653e+00   3.129093e-08   1.670446e-02   8.513301e-11   150864
  8.035390e+00   3.136254e-08   1.526740e-02   8.477645e-11   154310
  8.056340e+00   3.089469e-08   0.000000e+00   8.294280e-11   155172
  8.077064e+00   3.122675e-08   0.000000e+00   8.502076e-11   154128
  8.097989e+00   3.090074e-08   1.260688e-02   8.248115e-11   158310
  8.118629e+00   3.089577e-08   1.867108e-02   8.412052e-11   153436
  8.139285e+00   3.082320e-08   0.000000e+00   8.352045e-11   157726
  8.160229e+00   3.085143e-08   0.000000e+00   8.229149e-11   160368
  8.180874e+00   3.085207e-08   9.424677e-03   8.311015e-11   155718
  8.201480e+00   3.084508e-08   0.000000e+00   8.248699e-11   160028
  8.222226e+00   3.076169e-08   0.000000e+00   8.197769e-11   160920
  8.243007e+00   3.057025e-08   1.336166e-02   8.167825e-11   161070
  8.263783e+00   3.065811e-08   3.059866e-02   8.133942e-11   163428
  8.284440e+00   3.008549e-08   0.000000e+00   8.028518e-11   159574
  8.305243e+00   3.022729e-08   0.000000e+00   7.898430e-11   167392
  8.326056e+00   3.030819e-08   2.444435e-02   8.066792e-11   162258
  8.346724e+00   3.006044e-08   1.259031e-02   7.873371e-11   167472
  8.367537e+00   2.976877e-08   0.000000e+00   7.852409e-11   163664
  8.388104e+00   2.974071e-08   0.000000e+00   7.839176e-11   166986
  8.408897e+00   2.976585e-08   1.771987e-02   7.742880e-11   169968
  8.429854e+00   2.951089e-08   0.000000e+00   7.718022e-11   167646
  8.450318e+00   2.967311e-08   0.000000e+00   7.816701e-11   168080
  8.471077e+00   2.962574e-08   1.611614e-02   7.649422e-11   170826
  8.491849e+00   2.926305e-08   0.000000e+00   7.652904e-11   170928
  8.512426e+00   2.945285e-08   1.684382e-02   7.679871e-11   170640
  8.533267e+00   2.910308e-08   0.000000e+00   7.535565e-11   173954
  8.553925e+00   2.909132e-08   2.713687e-02   7.557369e-11   173232
  8.574735e+00   2.898835e-08   0.000000e+00   7.507731e-11   174150
  8.595484e+00   2.880702e-08   3.685749e-03   7.454425e-11   176364
  8.616200e+00   2.875905e-08   1.679719e-02   7.394593e-11   175302
  8.636930e+00   2.873801e-08   8.259007e-03   7.318272e-11   177392
  8.657595e+00   2.846406e-08   1.846843e-02   7.349825e-11   176352
  8.678422e+00   2.833933e-08   0.000000e+00   7.232249e-11   180330
  8.699244e+00   2.853870e-08   8.637150e-03   7.278684e-11   180712
  8.719973e+00   2.807434e-08   1.586153e-02   7.133368e-11   179350
  8.740767e+00   2.813782e-08   1.383741e-02   7.154101e-11   183396
  8.761614e+00   2.791630e-08   0.000000e+00   7.166371e-11   180390
  8.782097e+00   2.776175e-08   0.000000e+00   7.028195e-11   181944
  8.802931e+00   2.767034e-08   0.000000e+00   6.949632e-11   185450
  8.823813e+00   2.762256e-08   7.492727e-03   6.967579e-11   186192
  8.844458e+00   2.771699e-08   1.994498e-02   7.065313e-11   183432
  8.865127e+00   2.743590e-08   0.000000e+00   6.887228e-11   185362
  8.885756e+00   2.743165e-08   4.102609e-03   6.891394e-11   188464
  8.906656e+00   2.735141e-08   0.000000e+00   6.791920e-11   188046
  8.927419e+00   2.702267e-08   1.287251e-02   6.746306e-11   191304
  8.948113e+00   2.704499e-08   2.463987e-02   6.817332e-11   186690
  8.968904e+00   2.698201e-08   0.000000e+00   6.719707e-11   194072
  8.989560e+00   2.676071e-08   2.119078e-02   6.709723e-11   188688
  9.010215e+00   2.661731e-08   0.000000e+00   6.648134e-11   192786
  9.030896e+00   2.667170e-08   9.646844e-03   6.646891e-11   193352
  9.051798e+00   2.650835e-08   0.000000e+00   6.590723e-11   195702
  9.072474e+00   2.625505e-08   2.898319e-02   6.500873e-11   195132
  9.093243e+00   2.616553e-08   0.000000e+00   6.502822e-11   195726
  9.113933e+00   2.599877e-08   0.000000e+00   6.460075e-11   197416
  9.134634e+00   2.599268e-08   8.299321e-03   6.423878e-11   196564
  9.155405e+00   2.583746e-08   1.993523e-02   6.352046e-11   201198
  9.176136e+00   2.576920e-08   0.000000e+00   6.406522e-11   197136
  9.196707e+00   2.549495e-08   0.000000e+00   6.300333e-11   199358
  9.217375e+00   2.548157e-08   2.761050e-02   6.280669e-11   203532
  9.238268e+00   2.549025e-08   0.000000e+00   6.234163e-11   201438
  9.258959e+00   2.525339e-08   0.000000e+00   6.213627e-11   203664
  9.279644e+00   2.514327e-08   2.775225e-02   6.138991e-11   203972
  9.300374e+00   2.495350e-08   2.115189e-02   6.070747e-11   205974
  9.321185e+00   2.498411e-08   0.000000e+00   6.066200e-11   205752
  9.342031e+00   2.481591e-08   0.000000e+00   6.020729e-11   207810
  9.362528e+00   2.460868e-08   3.635391e-02   5.996268e-11   206384
  9.383442e+00   2.449945e-08   0.000000e+00   5.911210e-11   210966
  9.404243e+00   2.452398e-08   0.000000e+00   5.947444e-11   210516
  9.425014e+00   2.425923e-08   0.000000e+00   5.861074e-11   209766
  9.445650e+00   2.414260e-08   4.053566e-02   5.815442e-11   212376
  9.466450e+00   2.429114e-08   0.000000e+00   5.852932e-11   212960
  9.487359e+00   2.390984e-08   0.000000e+00   5.745628e-11   214626
  9.507989e+00   2.383769e-08   2.940884e-02   5.766902e-11   213696
  9.528714e+00   2.374630e-08   2.951768e-02   5.687190e-11   215734
  9.549397e+00   2.359785e-08   0.000000e+00   5.754378e-11   213220
  9.570089e+00   2.359280e-08   0.000000e+00   5.620848e-11   219102
  9.590898e+00   2.341077e-08   3.411303e-02   5.590062e-11   220872
  9.611604e+00   2.336885e-08   4.968490e-02   5.629155e-11   216556
  9.632325e+00   2.315196e-08   3.861154e-02   5.514358e-11   221494
  9.652998e+00   2.290807e-08   4.261411e-02   5.456775e-11   219096
  9.673802e+00   2.292335e-08   3.124252e-02   5.401612e-11   224262
  9.694676e+00   2.272949e-08   0.000000e+00   5.447173e-11   222508
  9.715414e+00   2.278197e-08   0.000000e+00   5.410740e-11   222502
  9.735990e+00   2.257929e-08   3.990176e-02   5.312693e-11   227280
  9.756820e+00   2.255484e-08   1.945563e-02   5.338444e-11   223644
  9.777526e+00   2.225137e-08   0.000000e+00   5.288773e-11   226222
  9.798258e+00   2.230164e-08   0.000000e+00   5.226679e-11   229840
  9.819050e+00   2.208813e-08   2.650939e-02   5.204485e-11   228042
  9.839635e+00   2.187185e-08   0.000000e+00   5.165064e-11   227472
  9.860350e+00   2.193986e-08   0.000000e+00   5.125504e-11   230990
  9.881122e+00   2.165471e-08   5.801945e-03   5.074093e-11   233532
  9.901848e+00   2.168225e-08   2.942640e-02   5.115526e-11   231288
  9.922670e+00   2.137349e-08   0.000000e+00   5.017388e-11   233718
  9.943259e+00   2.145420e-08   0.000000e+00   5.057890e-11   232704
  9.964037e+00   2.123411e-08   3.093621e-02   4.924150e-11   239282
  9.984851e+00   2.107169e-08   3.758206e-02   4.901213e-11   234912
  1.000569e+01   2.119787e-08   0.000000e+00   4.934146e-11   238278
  1.002625e+01   2.093125e-08   3.717347e-02   4.894956e-11   237460
  1.004683e+01   2.094624e-08   2.693476e-02   4.900793e-11   236662
  1.006780e+01   2.071833e-08   0.000000e+00   4.755388e-11   246336
  1.008877e+01   2.071063e-08   0.000000e+00   4.806521e-11   241092
  1.010938e+01   2.045506e-08   3.454653e-02   4.789780e-11   242414
  1.013016e+01   2.045042e-08   1.435618e-02   4.724528e-11   243552
  1.015096e+01   2.025026e-08   0.000000e+00   4.705337e-11   243474
  1.017150e+01   2.015089e-08   2.392063e-02   4.681435e-11   245112
  1.019231e+01   2.009583e-08   2.629652e-02   4.612024e-11   246894
  1.021302e+01   1.994796e-08   1.976115e-02   4.615138e-11   247448
  1.023384e+01   1.983727e-08   0.000000e+00   4.564976e-11   247404
  1.025443e+01   1.965226e-08   3.950680e-02   4.525641e-11   249990
  1.027508e+01   1.960782e-08   3.731845e-02   4.515118e-11   249512
  1.029605e+01   1.942684e-08   0.000000e+00   4.438988e-11   253890
  1.031676e+01   1.935392e-08   0.000000e+00   4.443316e-11   250728
  1.033733e+01   1.924636e-08   4.808665e-02   4.417215e-11   253950
  1.035815e+01   1.909381e-08   0.000000e+00   4.384768e-11   254140
  1.037892e+01   1.901614e-08   0.000000e+00   4.352022e-11   255880
  1.039970e+01   1.884279e-08   3.061393e-02   4.295620e-11   258942
  1.042027e+01   1.891007e-08   4.591114e-02   4.360220e-11   253836
  1.044111e+01   1.863606e-08   0.000000e+00   4.231905e-11   260534
  1.046192e+01   1.857287e-08   0.000000e+00   4.217188e-11   259992
  1.048247e+01   1.854472e-08   4.681598e-02   4.232149e-11   258894
  1.050325e+01   1.834369e-08   3.727224e-02   4.157710e-11   263364
  1.052405e+01   1.837745e-08   0.000000e+00   4.197331e-11   259536
  1.054453e+01   1.806844e-08   2.034442e-02   4.107604e-11   263438
  1.056525e+01   1.801329e-08   4.220071e-02   4.067714e-11   265740
  1.058609e+01   1.788825e-08   0.000000e+00   4.089805e-11   264894
  1.060688e+01   1.775730e-08   0.000000e+00   4.003684e-11   269184
  1.062757e+01   1.780441e-08   4.068133e-02   4.037460e-11   266138
  1.064825e+01   1.773015e-08   2.857836e-02   3.976994e-11   270528
  1.066913e+01   1.749236e-08   0.000000e+00   3.967801e-11   268182
  1.068974e+01   1.734385e-08   0.000000e+00   3.933663e-11   270960
  1.071041e+01   1.735607e-08   4.902367e-02   3.879972e-11   274580
  1.073153e+01   1.710726e-08   0.000000e+00   3.831740e-11   276078
  1.075230e+01   1.712260e-08   0.000000e+00   3.844091e-11   273600
  1.077293e+01   1.694057e-08   4.101805e-02   3.822622e-11   274698
  1.079362e+01   1.688744e-08   4.366304e-02   3.785960e-11   276920
  1.081449e+01   1.688273e-08   0.000000e+00   3.781597e-11   276774
  1.083523e+01   1.653492e-08   0.000000e+00   3.699101e-11   279972
  1.085575e+01   1.648237e-08   3.534118e-02   3.735785e-11   276144
  1.087655e+01   1.636839e-08   1.735987e-02   3.656949e-11   282590
  1.089739e+01   1.629017e-08   0.000000e+00   3.661614e-11   282300
  1.091813e+01   1.622163e-08   0.000000e+00   3.576468e-11   283926
  1.093867e+01   1.607358e-08   4.710465e-02   3.608990e-11   279792
  1.095956e+01   1.609513e-08   0.000000e+00   3.568212e-11   287870
  1.098041e+01   1.590669e-08   0.000000e+00   3.527941e-11   286428
  1.100093e+01   1.578745e-08   4.612789e-02   3.499111e-11   284808
  1.102168e+01   1.563504e-08   1.610229e-02   3.479520e-11   289158
  1.104256e+01   1.557854e-08   0.000000e+00   3.435204e-11   290204
  1.106327e+01   1.551088e-08   0.000000e+00   3.442101e-11   290382
  1.108392e+01   1.536173e-08   3.135505e-02   3.417410e-11   291912
  1.110477e+01   1.531918e-08   0.000000e+00   3.391835e-11   290754
  1.112541e+01   1.514855e-08   1.588131e-02   3.334304e-11   296096
  1.114626e+01   1.509089e-08   2.707933e-02   3.339539e-11   294552
  1.116687e+01   1.491214e-08   4.724672e-02   3.324133e-11   293466
  1.118757e+01   1.490310e-08   0.000000e+00   3.291433e-11   296904
  1.120838e+01   1.482603e-08   0.000000e+00   3.278305e-11   298358
  1.122888e+01   1.463963e-08   4.600481e-02   3.216482e-11   297840
  1.124975e+01   1.465614e-08   1.730920e-02   3.196419e-11   301338
  1.127058e+01   1.441467e-08   0.000000e+00   3.164287e-11   300336
  1.129110e+01   1.436506e-08   4.922801e-02   3.139139e-11   303584
  1.131196e+01   1.432410e-08   4.111639e-02   3.160344e-11   304098
  1.133284e+01   1.422270e-08   0.000000e+00   3.109762e-11   304488
  1.135346e+01   1.399701e-08   4.454592e-02   3.064690e-11   306678
  1.137426e+01   1.400091e-08   0.000000e+00   3.061210e-11   305732
  1.139500e+01   1.392324e-08   1.534510e-02   3.036222e-11   309894
  1.141580e+01   1.369873e-08   2.403213e-02   2.992275e-11   310200
  1.143654e+01   1.371940e-08   0.000000e+00   2.989306e-11   307074
  1.145716e+01   1.363262e-08   4.725126e-02   2.954147e-11   315656
  1.147809e+01   1.358666e-08   0.000000e+00   2.973273e-11   310704
  1.149891e+01   1.336534e-08   0.000000e+00   2.894267e-11   314310
  1.151930e+01   1.342349e-08   5.504473e-02   2.931524e-11   312412
  1.154021e+01   1.326330e-08   0.000000e+00   2.861762e-11   318310
  1.156105e+01   1.317395e-08   0.000000e+00   2.852668e-11   315648
  1.158162e+01   1.313344e-08   4.310844e-02   2.827796e-11   320610
  1.160233e+01   1.293807e-08   0.000000e+00   2.837528e-11   313944
  1.162309e+01   1.294483e-08   0.000000e+00   2.774017e-11   325880
  1.164386e+01   1.270496e-08   4.395390e-02   2.760662e-11   319146
  1.166462e+01   1.272895e-08   0.000000e+00   2.733708e-11   322896
  1.168519e+01   1.261087e-08   4.857927e-02   2.736955e-11   322206
  1.170600e+01   1.249009e-08   0.000000e+00   2.679924e-11   327416
  1.172694e+01   1.247242e-08   0.000000e+00   2.682283e-11   325602
  1.174741e+01   1.229127e-08   5.901162e-02   2.639690e-11   328248
  1.176822e+01   1.226293e-08   0.000000e+00   2.648580e-11   326088
  1.178913e+01   1.218160e-08   0.000000e+00   2.594406e-11   331658
  1.180961e+01   1.215113e-08   5.292091e-02   2.598889e-11   331584
  1.183048e+01   1.205094e-08   2.544062e-02   2.584194e-11   330630
  1.185129e+01   1.195191e-08   0.000000e+00   2.556021e-11   333204
  1.187174e+01   1.187771e-08   6.025872e-02   2.545271e-11   333470
  1.189271e+01   1.174865e-08   0.000000e+00   2.511386e-11   335688
  1.191332e+01   1.171263e-08   2.250091e-02   2.484581e-11   336828
  1.193402e+01   1.159989e-08   2.751176e-02   2.464979e-11   337662
  1.195492e+01   1.153499e-08   0.000000e+00   2.446689e-11   338960
  1.197533e+01   1.140119e-08   5.483957e-02   2.430863e-11   338262
  1.199617e+01   1.137848e-08   4.596931e-02   2.404966e-11   344388
  1.201720e+01   1.131274e-08   0.000000e+00   2.391458e-11   342486
  1.203755e+01   1.120423e-08   6.972329e-02   2.368873e-11   343592
  1.205855e+01   1.120335e-08   1.041004e-02   2.353916e-11   347130
  1.207947e+01   1.107671e-08   0.000000e+00   2.342941e-11   346152
  1.209988e+01   1.100746e-08   6.649762e-02   2.315056e-11   345856
  1.212085e+01   1.092804e-08   0.000000e+00   2.295418e-11   349354
  1.214164e+01   1.088118e-08   0.000000e+00   2.283144e-11   352032
  1.216224e+01   1.085808e-08   5.596770e-02   2.277516e-11   348582
  1.218317e+01   1.072359e-08   0.000000e+00   2.243710e-11   352244
  1.220354e+01   1.067013e-08   6.773150e-02   2.231391e-11   351582
  1.222445e+01   1.056995e-08   1.322854e-02   2.197080e-11   357144
  1.224543e+01   1.055426e-08   0.000000e+00   2.192261e-11   355560
  1.226585e+01   1.050418e-08   6.353340e-02   2.186399e-11   354551
  1.228673e+01   1.045853e-08   1.165246e-02   2.152283e-11   358044
  1.230769e+01   1.048101e-08   0.000000e+00   2.187219e-11   355272
  1.232802e+01   1.047858e-08   6.935870e-02   2.174416e-11   352044
  1.234885e+01   1.040062e-08   0.000000e+00   2.116523e-11   352344
  1.236968e+01   1.037400e-08   0.000000e+00   2.111197e-11   356516
  1.239028e+01   1.041025e-08   4.866267e-02   2.135387e-11   352848
  1.241136e+01   1.035916e-08   0.000000e+00   2.105808e-11   352980
  1.243181e+01   1.029223e-08   4.173626e-02   2.087715e-11   348948
  1.245251e+01   1.038361e-08   3.671877e-02   2.096107e-11   351692
  1.247361e+01   1.030924e-08   0.000000e+00   2.069526e-11   353064
  1.249398e+01   1.024566e-08   6.229670e-02   2.067772e-11   345624
  1.251469e+01   1.024864e-08   0.000000e+00   2.051054e-11   347844
  1.253566e+01   1.022013e-08   0.000000e+00   2.050729e-11   351020
  1.255612e+01   1.026287e-08   5.782484e-02   2.070180e-11   345852
  1.257696e+01   1.021452e-08   8.072122e-03   2.028851e-11   347040
  1.259782e+01   1.011709e-08   0.000000e+00   2.014871e-11   345928
  1.261828e+01   1.016282e-08   5.833396e-02   2.012916e-11   347020
  1.263923e+01   1.009196e-08   0.000000e+00   2.013044e-11   343032
  1.265989e+01   1.013683e-08   0.000000e+00   2.020353e-11   343620
  1.268045e+01   1.005092e-08   6.023455e-02   1.969300e-11   343988
  1.270157e+01   1.005237e-08   0.000000e+00   1.989221e-11   344556
  1.272211e+01   1.008369e-08   4.371023e-02   1.983373e-11   343632
  1.274299e+01   9.960114e-09   0.000000e+00   1.963263e-11   340392
  1.276383e+01   9.991415e-09   0.000000e+00   1.965415e-11   339408
  1.278421e+01   9.973292e-09   7.421674e-02   1.954167e-11   341864
  1.280526e+01   9.906605e-09   0.000000e+00   1.932282e-11   341964
  1.282609e+01   9.890030e-09   0.000000e+00   1.939568e-11   334380
  1.284629e+01   9.907462e-09   6.957735e-02   1.941119e-11   336504
  1.286732e+01   9.836143e-09   1.715541e-02   1.918803e-11   339560
  1.288814e+01   9.812596e-09   0.000000e+00   1.909469e-11   336384
  1.290870e+01   9.762712e-09   7.325073e-02   1.887949e-11   337404
  1.292968e+01   9.749282e-09   0.000000e+00   1.918312e-11   330156
  1.295011e+01   9.721761e-09   5.797811e-02   1.876725e-11   337808
  1.297105e+01   9.676308e-09   0.000000e+00   1.876799e-11   332748
  1.299195e+01   9.732086e-09   0.000000e+00   1.878711e-11   333612
  1.301237e+01   9.637771e-09   5.880571e-02   1.863473e-11   331860
  1.303319e+01   9.589589e-09   2.670351e-02   1.865594e-11   328376
  1.305399e+01   9.591892e-09   0.000000e+00   1.857069e-11   331140
  1.307454e+01   9.556537e-09   7.066492e-02   1.847796e-11   332988
  1.309538e+01   9.517062e-09   2.751493e-02   1.854906e-11   325224
  1.311629e+01   9.525916e-09   0.000000e+00   1.831936e-11   331544
  1.313681e+01   9.483921e-09   6.626062e-02   1.835771e-11   327264
  1.315764e+01   9.425543e-09   0.000000e+00   1.836657e-11   322308
  1.317828e+01   9.372228e-09   2.468649e-02   1.804113e-11   328136
  1.319883e+01   9.411371e-09   4.965061e-02   1.838500e-11   323172
  1.321986e+01   9.274765e-09   0.000000e+00   1.791902e-11   325248
  1.324037e+01   9.268986e-09   6.206100e-02   1.799004e-11   324096
  1.326115e+01   9.290545e-09   0.000000e+00   1.807030e-11   321540
  1.328214e+01   9.241364e-09   0.000000e+00   1.796567e-11   323744
  1.330245e+01   9.216594e-09   6.920681e-02   1.807254e-11   317400
  1.332329e+01   9.187342e-09   1.804491e-02   1.778709e-11   322560
  1.334431e+01   9.133975e-09   0.000000e+00   1.785646e-11   320076
  1.336469e+01   9.140773e-09   7.191508e-02   1.777932e-11   317204
  1.338583e+01   9.026198e-09   0.000000e+00   1.745562e-11   323064
  1.340666e+01   8.997976e-09   0.000000e+00   1.750671e-11   315204
  1.342698e+01   8.958501e-09   7.791235e-02   1.752931e-11   315416
  1.344819e+01   8.896926e-09   0.000000e+00   1.729792e-11   316884
  1.346864e+01   8.894016e-09   4.750786e-02   1.741889e-11   312876
  1.348936e+01   8.842151e-09   5.433304e-02   1.715463e-11   315540
  1.351047e+01   8.859951e-09   0.000000e+00   1.727850e-11   312576
  1.353075e+01   8.848755e-09   7.775488e-02   1.737731e-11   312140
  1.355170e+01   8.712918e-09   1.878271e-02   1.707564e-11   310356
  1.357265e+01   8.692987e-09   0.000000e+00   1.697654e-11   311232
  1.359293e+01   8.666241e-09   6.972862e-02   1.704764e-11   307584
  1.361391e+01   8.695730e-09   3.156256e-02   1.700964e-11   310616
  1.363471e+01   8.625068e-09   0.000000e+00   1.699042e-11   304200
  1.365500e+01   8.579572e-09   7.758836e-02   1.691807e-11   306792
  1.367616e+01   8.517451e-09   0.000000e+00   1.675353e-11   306168
  1.369665e+01   8.495636e-09   0.000000e+00   1.677384e-11   304448
  1.371746e+01   8.428078e-09   6.717424e-02   1.655696e-11   308580
  1.373853e+01   8.397310e-09   0.000000e+00   1.677442e-11   299568
  1.375881e+01   8.421764e-09   6.687921e-02   1.663692e-11   304416
  1.377983e+01   8.345348e-09   3.738270e-02   1.655219e-11   302216
  1.380074e+01   8.363984e-09   0.000000e+00   1.667933e-11   300084
  1.382112e+01   8.261092e-09   8.433054e-02   1.652788e-11   299340
  1.384196e+01   8.261121e-09   0.000000e+00   1.649831e-11   296688
  1.386283e+01   8.185701e-09   0.000000e+00   1.631115e-11   298820
  1.388319e+01   8.113223e-09   8.071764e-02   1.621258e-11   296916
  1.390426e+01   8.106957e-09   0.000000e+00   1.618333e-11   295920
  1.392486e+01   8.062716e-09   1.047483e-02   1.624721e-11   292692
  1.394531e+01   8.059492e-09   7.494745e-02   1.617401e-11   295892
  1.396657e+01   8.057226e-09   0.000000e+00   1.632198e-11   293064
  1.398701e+01   7.925103e-09   3.978410e-02   1.591511e-11   293220
  1.400767e+01   7.938361e-09   3.560153e-02   1.612064e-11   286804
  1.402862e+01   7.899178e-09   0.000000e+00   1.591874e-11   293080
  1.404914e+01   7.874116e-09   7.404201e-02   1.590459e-11   291816
  1.407016e+01   7.817403e-09   0.000000e+00   1.589393e-11   287784
  1.409099e+01   7.735784e-09   0.000000e+00   1.582461e-11   286760
  1.411133e+01   7.764439e-09   7.840764e-02   1.571798e-11   287088
  1.413232e+01   7.677664e-09   0.000000e+00   1.572990e-11   286176
  1.415322e+01   7.669004e-09   0.000000e+00   1.569975e-11   284184
  1.417351e+01   7.614868e-09   6.903312e-02   1.561875e-11   282220
  1.419470e+01   7.551158e-09   0.000000e+00   1.547065e-11   284452
  1.421523e+01   7.540492e-09   0.000000e+00   1.560879e-11   279516
  1.423581e+01   7.472050e-09   7.529888e-02   1.549002e-11   282696
  1.425703e+01   7.443689e-09   0.000000e+00   1.543748e-11   278676
  1.427730e+01   7.411649e-09   7.740349e-02   1.533976e-11   279512
  1.429821e+01   7.361979e-09   7.229863e-03   1.547125e-11   276672
  1.431915e+01   7.323674e-09   0.000000e+00   1.529904e-11   276036
  1.433935e+01   7.280228e-09   7.544191e-02   1.529501e-11   274416
  1.436033e+01   7.218415e-09   3.392178e-02   1.510007e-11   275384
  1.438130e+01   7.200109e-09   0.000000e+00   1.515856e-11   274560
  1.440166e+01   7.143568e-09   8.305537e-02   1.501802e-11   272220
  1.442275e+01   7.143366e-09   0.000000e+00   1.508479e-11   270492
  1.444339e+01   7.101415e-09   0.000000e+00   1.503798e-11   271532
  1.446406e+01   7.014139e-09   5.070348e-02   1.480587e-11   272052
  1.448504e+01   7.028711e-09   0.000000e+00   1.506184e-11   264372
  1.450534e+01   6.955116e-09   4.551864e-02   1.492978e-11   268652
  1.452626e+01   6.931669e-09   5.292941e-02   1.485521e-11   266760
  1.454710e+01   6.905781e-09   0.000000e+00   1.492839e-11   262536
  1.456750e+01   6.831256e-09   8.206236e-02   1.470598e-11   266460
  1.458842e+01   6.801271e-09   0.000000e+00   1.475172e-11   261560
  1.460924e+01   6.739430e-09   0.000000e+00   1.457497e-11   262236
  1.462973e+01   6.731560e-09   7.321834e-02   1.459117e-11   261708
  1.465061e+01   6.686861e-09   0.000000e+00   1.459666e-11   258960
  1.467144e+01   6.613706e-09   0.000000e+00   1.458387e-11   258376
  1.469181e+01   6.596808e-09   7.013340e-02   1.441411e-11   258304
  1.471306e+01   6.584473e-09   0.000000e+00   1.433862e-11   259368
  1.473359e+01   6.503722e-09   3.436704e-02   1.438971e-11   253332
  1.475414e+01   6.491917e-09   7.355994e-02   1.432521e-11   254448
  1.477531e+01   6.419802e-09   0.000000e+00   1.421891e-11   255248
  1.479573e+01   6.418545e-09   7.589474e-02   1.427065e-11   252180
  1.481667e+01   6.383671e-09   3.023307e-02   1.411796e-11   252744
  1.483756e+01   6.330404e-09   0.000000e+00   1.428645e-11   247348
  1.485783e+01   6.302491e-09   9.159819e-02   1.405728e-11   250432
  1.487883e+01   6.250806e-09   0.000000e+00   1.416376e-11   247860
  1.489979e+01   6.184695e-09   0.000000e+00   1.401291e-11   247716
  1.492008e+01   6.173825e-09   7.650808e-02   1.400609e-11   242472
  1.494121e+01   6.104078e-09   0.000000e+00   1.376450e-11   248672
  1.496181e+01   6.110482e-09   3.373345e-02   1.395083e-11   239352
  1.498229e+01   6.064208e-09   6.195503e-02   1.379167e-11   245088
  1.500346e+01   6.039901e-09   0.000000e+00   1.397973e-11   239232
  1.502374e+01   6.035563e-09   8.171608e-02   1.385722e-11   240320
  1.504476e+01   5.927049e-09   0.000000e+00   1.371213e-11   239340
  1.506573e+01   5.951839e-09   0.000000e+00   1.385654e-11   237636
  1.508593e+01   5.896832e-09   7.806569e-02   1.374338e-11   235980
  1.510691e+01   5.845220e-09   6.061274e-03   1.368629e-11   235304
  1.512784e+01   5.808811e-09   0.000000e+00   1.359659e-11   234576
  1.514818e+01   5.761510e-09   7.234588e-02   1.359203e-11   232788
  1.516915e+01   5.696609e-09   0.000000e+00   1.347318e-11   230400
  1.518986e+01   5.738544e-09   0.000000e+00   1.358682e-11   231836
  1.521043e+01   5.648927e-09   7.773707e-02   1.336730e-11   231288
  1.523163e+01   5.636118e-09   0.000000e+00   1.348826e-11   226536
  1.525193e+01   5.557832e-09   6.091513e-02   1.343025e-11   226084
  1.527263e+01   5.564365e-09   5.139381e-02   1.334474e-11   227116
  1.529375e+01   5.513612e-09   0.000000e+00   1.331305e-11   223800
  1.531406e+01   5.430171e-09   8.328570e-02   1.309651e-11   223884
  1.533496e+01   5.411967e-09   0.000000e+00   1.316901e-11   222360
  1.535590e+01   5.410802e-09   0.000000e+00   1.313916e-11   221156
  1.537635e+01   5.369097e-09   9.256865e-02   1.318727e-11   221724
  1.539739e+01   5.342730e-09   0.000000e+00   1.303571e-11   217584
  1.541815e+01   5.268181e-09   0.000000e+00   1.300074e-11   217576
  1.543850e+01   5.271166e-09   9.573274e-02   1.312377e-11   215464
  1.545963e+01   5.248052e-09   0.000000e+00   1.298323e-11   215472
  1.548021e+01   5.150798e-09   2.484657e-02   1.288925e-11   213768
  1.550072e+01   5.174938e-09   8.302421e-02   1.297621e-11   210956
  1.552176e+01   5.077219e-09   0.000000e+00   1.285119e-11   211788
  1.554232e+01   5.080332e-09   4.499092e-02   1.277966e-11   211092
  1.556319e+01   5.047515e-09   3.391601e-02   1.267889e-11   209556
  1.558420e+01   5.021287e-09   0.000000e+00   1.288561e-11   206700
  1.560442e+01   5.023118e-09   7.831532e-02   1.284277e-11   206048
  1.562536e+01   4.950734e-09   0.000000e+00   1.270733e-11   204744
  1.564625e+01   4.914990e-09   0.000000e+00   1.263742e-11   202992
  1.566646e+01   4.908032e-09   8.739907e-02   1.273791e-11   201944
  1.568771e+01   4.851590e-09   0.000000e+00   1.246548e-11   203304
  1.570852e+01   4.836922e-09   0.000000e+00   1.255737e-11   200484
  1.572878e+01   4.797470e-09   9.295582e-02   1.258603e-11   195516
  1.575002e+01   4.742638e-09   0.000000e+00   1.242651e-11   198860
  1.577039e+01   4.799870e-09   4.107525e-02   1.261708e-11   195264
  1.579115e+01   4.681165e-09   6.097612e-02   1.236600e-11   195984
  1.581224e+01   4.700049e-09   0.000000e+00   1.250596e-11   191808
  1.583234e+01   4.639370e-09   7.125003e-02   1.239091e-11   190776
  1.585324e+01   4.615520e-09   1.816736e-02   1.243212e-11   192032
  1.587428e+01   4.604040e-09   0.000000e+00   1.234286e-11   188628
  1.589451e+01   4.523585e-09   9.879235e-02   1.219733e-11   189444
  1.591566e+01   4.518915e-09   0.000000e+00   1.228593e-11   186260
  1.593629e+01   4.513316e-09   0.000000e+00   1.227477e-11   184560
  1.595675e+01   4.429070e-09   8.971528e-02   1.203060e-11   185832
  1.597806e+01   4.461371e-09   0.000000e+00   1.223482e-11   182400
  1.599845e+01   4.395512e-09   4.304557e-02   1.224732e-11   181380
  1.601905e+01   4.408776e-09   7.529275e-02   1.217399e-11   180332
  1.604022e+01   4.374094e-09   0.000000e+00   1.211605e-11   178236
  1.606064e+01   4.338438e-09   5.339268e-02   1.213360e-11   179184
  1.608143e+01   4.350357e-09   6.874349e-02   1.224284e-11   175028
  1.610242e+01   4.310646e-09   0.000000e+00   1.208847e-11   175440
  1.612292e+01   4.210401e-09   7.370439e-02   1.185459e-11   174828
  1.614384e+01   4.277036e-09   0.000000e+00   1.219371e-11   169896
  1.616453e+01   4.196321e-09   0.000000e+00   1.200272e-11   171708
  1.618501e+01   4.165413e-09   9.531650e-02   1.192791e-11   169328
  1.620603e+01   4.161489e-09   0.000000e+00   1.202169e-11   167364
  1.622676e+01   4.115562e-09   3.429717e-02   1.191405e-11   168192
  1.624722e+01   4.131773e-09   8.479764e-02   1.195091e-11   163188
  1.626845e+01   4.099682e-09   0.000000e+00   1.192424e-11   166184
  1.628902e+01   4.046262e-09   4.275842e-02   1.186552e-11   161460
  1.630953e+01   4.062431e-09   7.920198e-02   1.187470e-11   159972
  1.633054e+01   3.988545e-09   0.000000e+00   1.180345e-11   159488
  1.635092e+01   4.023035e-09   7.341530e-02   1.189123e-11   158148
  1.637192e+01   3.994832e-09   0.000000e+00   1.179600e-11   158100
  1.639290e+01   3.943530e-09   0.000000e+00   1.179341e-11   155232
  1.641299e+01   3.952383e-09   8.394772e-02   1.187092e-11   151216
  1.643412e+01   3.874141e-09   0.000000e+00   1.155907e-11   155560
  1.645510e+01   3.894546e-09   0.000000e+00   1.177470e-11   151404
  1.647532e+01   3.867776e-09   1.007785e-01   1.186378e-11   148356
  1.649648e+01   3.830108e-09   0.000000e+00   1.164807e-11   147164
  1.651692e+01   3.875502e-09   2.722134e-02   1.170739e-11   147384
  1.653757e+01   3.799004e-09   6.707995e-02   1.170599e-11   145992
  1.655886e+01   3.828874e-09   0.000000e+00   1.178889e-11   143856
  1.657890e+01   3.806300e-09   6.670021e-02   1.190334e-11   140384
  1.659987e+01   3.708730e-09   3.335094e-02   1.145293e-11   143856
  1.662094e+01   3.774938e-09   0.000000e+00   1.168788e-11   136968
  1.664106e+01   3.668224e-09   9.237291e-02   1.143114e-11   139536
  1.666229e+01   3.674129e-09   0.000000e+00   1.154716e-11   136916
  1.668291e+01   3.702455e-09   0.000000e+00   1.169957e-11   133032
  1.670327e+01   3.607383e-09   9.316638e-02   1.143519e-11   135540
  1.672465e+01   3.686754e-09   0.000000e+00   1.168901e-11   132096
  1.674503e+01   3.622285e-09   0.000000e+00   1.162844e-11   129540
  1.676560e+01   3.598622e-09   9.081355e-02   1.149682e-11   130640
  1.678678e+01   3.677091e-09   0.000000e+00   1.176358e-11   126276
  1.680721e+01   3.527630e-09   5.392335e-02   1.146996e-11   128484
  1.682826e+01   3.557938e-09   1.899212e-02   1.147382e-11   124168
  1.684902e+01   3.579550e-09   0.000000e+00   1.165753e-11   122224
  1.686947e+01   3.474873e-09   8.158046e-02   1.136850e-11   123156
  1.689051e+01   3.566482e-09   0.000000e+00   1.168491e-11   119688
  1.691105e+01   3.510163e-09   0.000000e+00   1.170813e-11   116640
  1.693152e+01   3.480681e-09   9.570806e-02   1.145811e-11   119696
  1.695264e+01   3.552655e-09   0.000000e+00   1.183361e-11   114276
  1.697330e+01   3.449626e-09   0.000000e+00   1.158433e-11   114060
  1.699377e+01   3.460800e-09   8.979311e-02   1.156229e-11   112536
  1.701493e+01   3.486675e-09   0.000000e+00   1.158067e-11   112196
  1.703561e+01   3.467707e-09   4.001204e-02   1.181077e-11   109404
  1.705610e+01   3.497213e-09   5.172115e-02   1.179958e-11   105900
  1.707694e+01   3.407477e-09   0.000000e+00   1.166695e-11   107176
  1.709749e+01   3.429174e-09   6.681180e-02   1.179039e-11   105088
  1.711839e+01   3.434047e-09   2.468970e-02   1.162558e-11   103800
  1.713937e+01   3.423099e-09   0.000000e+00   1.182534e-11   101340
  1.715970e+01   3.415481e-09   7.576674e-02   1.174521e-11   100036
  1.718052e+01   3.393015e-09   0.000000e+00   1.179585e-11   97672
  1.720141e+01   3.388792e-09   0.000000e+00   1.172551e-11   97908
  1.722188e+01   3.423652e-09   7.876039e-02   1.180510e-11   95328
  1.724285e+01   3.368369e-09   0.000000e+00   1.188154e-11   93600
  1.726350e+01   3.364702e-09   0.000000e+00   1.180556e-11   92312
  1.728414e+01   3.362491e-09   6.631242e-02   1.183394e-11   91044
  1.730515e+01   3.370620e-09   0.000000e+00   1.193625e-11   88500
  1.732537e+01   3.373636e-09   5.041483e-02   1.201510e-11   86216
  1.734623e+01   3.337632e-09   0.000000e+00   1.184950e-11   87159
  1.736748e+01   3.354367e-09   0.000000e+00   1.180529e-11   86064
  1.738789e+01   3.372791e-09   7.896775e-02   1.221298e-11   81648
  1.740859e+01   3.326567e-09   1.123005e-02   1.208264e-11   81654
  1.742958e+01   3.336385e-09   0.000000e+00   1.197865e-11   81284
  1.745016e+01   3.308853e-09   5.785062e-02   1.210814e-11   78888
  1.747089e+01   3.317356e-09   1.516087e-02   1.219037e-11   77250
  1.749148e+01   3.311031e-09   0.000000e+00   1.242006e-11   75942
  1.751208e+01   3.285660e-09   6.082153e-02   1.214688e-11   77042
  1.753325e+01   3.235269e-09   0.000000e+00   1.221541e-11   74094
  1.755392e+01   3.223730e-09   3.485532e-02   1.201247e-11   73818
  1.757460e+01   3.218584e-09   0.000000e+00   1.241569e-11   70998
  1.759538e+01   3.206453e-09   0.000000e+00   1.216573e-11   72044
  1.761609e+01   3.197784e-09   6.417872e-02   1.228788e-11   69426
  1.763696e+01   3.155550e-09   0.000000e+00   1.213474e-11   69288
  1.765765e+01   3.165759e-09   0.000000e+00   1.244328e-11   67068
  1.767810e+01   3.101996e-09   6.646986e-02   1.214740e-11   66926
  1.769903e+01   3.099724e-09   5.678219e-02   1.225703e-11   66348
  1.772005e+01   3.120820e-09   0.000000e+00   1.238058e-11   64728
  1.774050e+01   3.065795e-09   0.000000e+00   1.235179e-11   62820
  1.776121e+01   3.032481e-09   0.000000e+00   1.226419e-11   63716
  1.778217e+01   3.026821e-09   1.813040e-02   1.242248e-11   62160
  1.780285e+01   3.007452e-09   0.000000e+00   1.246086e-11   59940
  1.782338e+01   3.001393e-09   1.397140e-02   1.241909e-11   60112
  1.784408e+01   2.972147e-09   6.404391e-02   1.224095e-11   59668
  1.786510e+01   2.941729e-09   0.000000e+00   1.244838e-11   57618
  1.788559e+01   2.924281e-09   1.705277e-02   1.244704e-11   56868
  1.790611e+01   2.920562e-09   6.185935e-02   1.256252e-11   56684
  1.792695e+01   2.892258e-09   2.716531e-02   1.236654e-11   55536
  1.794783e+01   2.856281e-09   0.000000e+00   1.237003e-11   54342
  1.796859e+01   2.830980e-09   2.145724e-02   1.219305e-11   54768
  1.798914e+01   2.765527e-09   6.045914e-02   1.225887e-11   52094
  1.800988e+01   2.778125e-09   0.000000e+00   1.237538e-11   52224
  1.803092e+01   2.737946e-09   0.000000e+00   1.205527e-11   52188
  1.805153e+01   2.748176e-09   5.295304e-02   1.239027e-11   50190
  1.807201e+01   2.711482e-09   4.449859e-02   1.237491e-11   49224
  1.809290e+01   2.682853e-09   0.000000e+00   1.235341e-11   49094
  1.811386e+01   2.663609e-09   1.770176e-02   1.205369e-11   49488
  1.813461e+01   2.638057e-09   5.688909e-02   1.224870e-11   46830
  1.815507e+01   2.608420e-09   1.583112e-02   1.251604e-11   45860
  1.817589e+01   2.582927e-09   0.000000e+00   1.206955e-11   46770
  1.819679e+01   2.612803e-09   2.322448e-02   1.256856e-11   45468
  1.821749e+01   2.532071e-09   4.122829e-02   1.238288e-11   44130
  1.823812e+01   2.495920e-09   0.000000e+00   1.209457e-11   43230
  1.825888e+01   2.481322e-09   0.000000e+00   1.200636e-11   44108
  1.827979e+01   2.450443e-09   3.759167e-02   1.214132e-11   42162
  1.830047e+01   2.435078e-09   3.766472e-02   1.237800e-11   41358
  1.832098e+01   2.457591e-09   0.000000e+00   1.255393e-11   40456
  1.834174e+01   2.391051e-09   3.275430e-02   1.208657e-11   41230
  1.836283e+01   2.371375e-09   4.538084e-02   1.218229e-11   39906
  1.838361e+01   2.352830e-09   0.000000e+00   1.226596e-11   38508
  1.840402e+01   2.328945e-09   0.000000e+00   1.233395e-11   37854
  1.842462e+01   2.286929e-09   5.623398e-02   1.210974e-11   38162
  1.844572e+01   2.274253e-09   2.553850e-02   1.211442e-11   37212
  1.846654e+01   2.243331e-09   0.000000e+00   1.202259e-11   36450
  1.848684e+01   2.263264e-09   3.186686e-02   1.258513e-11   34718
  1.850742e+01   2.194854e-09   2.563438e-02   1.191636e-11   35814
  1.852854e+01   2.160017e-09   2.091258e-02   1.197748e-11   34896
  1.854938e+01   2.147747e-09   0.000000e+00   1.199684e-11   33822
  1.856963e+01   2.106805e-09   4.458725e-02   1.210137e-11   32522
  1.859043e+01   2.082281e-09   0.000000e+00   1.167191e-11   33630
  1.861153e+01   2.039032e-09   0.000000e+00   1.181440e-11   32166
  1.863205e+01   2.022989e-09   2.062232e-02   1.178378e-11   31200
  1.865238e+01   2.028681e-09   1.395086e-02   1.176520e-11   30598
  1.867318e+01   1.985797e-09   2.144237e-02   1.169901e-11   31138
  1.869443e+01   1.971199e-09   0.000000e+00   1.168108e-11   30510
  1.871513e+01   1.936708e-09   3.286699e-02   1.167877e-11   28998
  1.873545e+01   1.922505e-09   1.041088e-02   1.194486e-11   28290
  1.875621e+01   1.878350e-09   4.445238e-02   1.153705e-11   29126
  1.877748e+01   1.829487e-09   0.000000e+00   1.128982e-11   28008
  1.879820e+01   1.822770e-09   9.988340e-03   1.156073e-11   27222
  1.881869e+01   1.832534e-09   2.320850e-02   1.154203e-11   26426
  1.883943e+01   1.743345e-09   1.775413e-02   1.109237e-11   26694
  1.886042e+01   1.749928e-09   2.533454e-02   1.140246e-11   25734
  1.888124e+01   1.741214e-09   0.000000e+00   1.142259e-11   25458
  1.890165e+01   1.706049e-09   0.000000e+00   1.147250e-11   24198
  1.892250e+01   1.653998e-09   0.000000e+00   1.083254e-11   25034
  1.894358e+01   1.630717e-09   1.813393e-02   1.122121e-11   23718
  1.896415e+01   1.622612e-09   0.000000e+00   1.122052e-11   23094
  1.898439e+01   1.619370e-09   2.817701e-02   1.142305e-11   22416
  1.900523e+01   1.567470e-09   0.000000e+00   1.076627e-11   23078
  1.902662e+01   1.562484e-09   0.000000e+00   1.123035e-11   22386
  1.904734e+01   1.549305e-09   0.000000e+00   1.100451e-11   21126
  1.906740e+01   1.540820e-09   0.000000e+00   1.114300e-11   20366
  1.908807e+01   1.481896e-09   3.809089e-02   1.087104e-11   21354
  1.910952e+01   1.475176e-09   0.000000e+00   1.099906e-11   20478
  1.913020e+01   1.426816e-09   0.000000e+00   1.079769e-11   19458
  1.915026e+01   1.412195e-09   1.393040e-02   1.107784e-11   18758
  1.917096e+01   1.384724e-09   4.182094e-02   1.035547e-11   19566
  1.919237e+01   1.367644e-09   2.729074e-02   1.050702e-11   18858
  1.921315e+01   1.345187e-09   4.480822e-03   1.062464e-11   17790
  1.923316e+01   1.303338e-09   0.000000e+00   1.049525e-11   17114
  1.925389e+01   1.293958e-09   0.000000e+00   1.034927e-11   17982
  1.927528e+01   1.253697e-09   0.000000e+00   1.019436e-11   17190
  1.929612e+01   1.240799e-09   0.000000e+00   1.028704e-11   16458
  1.931611e+01   1.254931e-09   3.033604e-02   1.059202e-11   15494
  1.933678e+01   1.174615e-09   1.521287e-02   9.610037e-12   16374
  1.935831e+01   1.151955e-09   0.000000e+00   9.614744e-12   15858
  1.937917e+01   1.139125e-09   0.000000e+00   9.894907e-12   14862
  1.939908e+01   1.148531e-09   0.000000e+00   1.001378e-11   14082
  1.941986e+01   1.076138e-09   0.000000e+00   9.251875e-12   14990
  1.944144e+01   1.096470e-09   1.272258e-02   9.591433e-12   14358
  1.946223e+01   1.060780e-09   0.000000e+00   9.814140e-12   13386
  1.948193e+01   1.058337e-09   0.000000e+00   9.937667e-12   12678
  1.950273e+01   1.010842e-09   2.521719e-02   9.323238e-12   13700
  1.952445e+01   1.006113e-09   1.392896e-02   9.560159e-12   12942
  1.954529e+01   9.759242e-10   3.805482e-02   9.597256e-12   12198
  1.956477e+01   1.007840e-09   0.000000e+00   1.015631e-11   11106
  1.958543e+01   9.251127e-10   5.489406e-03   8.731464e-12   12494
  1.960722e+01   9.262424e-10   2.735281e-02   8.962690e-12   11610
  1.962823e+01   9.109125e-10   0.000000e+00   9.310910e-12   11094
  1.964771e+01   8.966932e-10   1.755098e-02   9.273476e-12   9902
  1.966828e+01   8.500555e-10   1.616968e-02   8.548125e-12   11226
  1.969008e+01   7.924300e-10   0.000000e+00   8.186241e-12   10326
  1.971110e+01   7.898581e-10   1.771931e-02   8.388312e-12   10074
  1.973074e+01   8.240177e-10   4.368223e-03   9.225487e-12   8766
  1.975114e+01   7.666606e-10   0.000000e+00   8.056026e-12   9950
  1.977289e+01   7.517821e-10   3.669543e-03   8.204890e-12   9252
  1.979390e+01   7.592785e-10   0.000000e+00   8.990763e-12   8886
  1.981353e+01   7.231530e-10   0.000000e+00   8.559205e-12   7850
  1.983411e+01   6.732885e-10   8.076962e-03   7.845382e-12   8886
  1.985590e+01   6.897256e-10   0.000000e+00   8.185809e-12   8142
  1.987668e+01   6.838795e-10   1.583417e-02   7.915085e-12   7746
  1.989608e+01   6.452514e-10   2.234002e-02   8.026794e-12   6926
  1.991706e+01   6.178720e-10   0.000000e+00   7.386710e-12   7974
  1.993892e+01   6.166612e-10   1.983551e-02   7.985020e-12   7074
  1.995945e+01   5.764806e-10   0.000000e+00   7.288612e-12   6744
  1.997876e+01   5.881771e-10   2.098021e-02   8.124089e-12   6114
  2.000010e+01   5.228803e-10   0.000000e+00   6.596901e-12   7094
  2.002234e+01   5.260452e-10   0.000000e+00   7.116356e-12   6174
  2.004261e+01   4.984543e-10   0.000000e+00   6.819827e-12   5754
  2.006139e+01   5.329745e-10   0.000000e+00   7.552555e-12   5214
  2.008302e+01   4.815559e-10   0.000000e+00   6.475326e-12   6338
  2.010586e+01   4.609220e-10   6.692746e-03   6.814030e-12   5352
  2.012591e+01   4.423444e-10   0.000000e+00   6.617631e-12   4830
  2.014382e+01   4.722926e-10   1.469172e-02   7.798799e-12   4338
  2.016557e+01   3.970423e-10   0.000000e+00   5.528799e-12   5558
  2.018939e+01   3.725729e-10   1.416330e-02   5.498099e-12   4866
  2.020984e+01   3.978445e-10   2.409415e-02   6.825588e-12   3846
  2.022612e+01   4.096737e-10   0.000000e+00   7.725214e-12   3518
  2.024795e+01   3.583832e-10   2.119727e-02   5.519608e-12   4812
  2.027247e+01   3.263417e-10   1.139806e-02   5.364014e-12   4278
  2.029372e+01   3.320799e-10   2.117990e-02   6.283851e-12   3174
  2.030844e+01   3.388019e-10   0.000000e+00   6.553987e-12   2738
  2.033020e+01   2.917709e-10   8.404518e-03   5.060903e-12   4086
  2.035522e+01   2.850218e-10   3.865665e-03   5.197384e-12   3666
  2.037748e+01   2.627721e-10   1.195282e-02   5.853651e-12   2712
  2.039076e+01   3.117673e-10   8.257776e-03   7.189178e-12   1998
  2.041240e+01   2.469409e-10   1.921634e-03   4.381038e-12   3434
  2.043794e+01   2.356114e-10   0.000000e+00   4.413735e-12   3078
  2.046126e+01   2.194739e-10   1.013808e-02   4.812634e-12   2334
  2.047313e+01   2.734871e-10   0.000000e+00   7.408876e-12   1340
  2.049457e+01   2.052168e-10   0.000000e+00   4.388237e-12   2838
  2.052072e+01   1.851826e-10   0.000000e+00   4.126487e-12   2538
  2.054514e+01   1.791693e-10   8.556732e-03   4.477761e-12   1974
  2.055491e+01   2.194973e-10   1.293140e-02   7.874371e-12   774
  2.057646e+01   1.664856e-10   0.000000e+00   3.659091e-12   2300
  2.060325e+01   1.502221e-10   1.364933e-02   3.491958e-12   2046
  2.062877e+01   1.391996e-10   0.000000e+00   3.598324e-12   1626
  2.063671e+01   2.247876e-10   7.735646e-03   1.171228e-11   390
  2.065818e+01   1.305404e-10   7.851642e-03   3.373794e-12   1766
  2.068540e+01   1.237506e-10   0.000000e+00   3.218752e-12   1596
  2.071199e+01   1.031459e-10   0.000000e+00   3.214093e-12   1302
  2.071852e+01   1.742552e-10   0.000000e+00   1.477690e-11   150
  2.074003e+01   9.580439e-11   2.644073e-03   2.824062e-12   1298
  2.076735e+01   8.424796e-11   0.000000e+00   2.649012e-12   1158
  2.079453e+01   7.801713e-11   4.394243e-03   2.702663e-12   996
  2.080451e+01   1.477931e-10   1.076411e-02   2.019021e-11   38
  2.082208e+01   7.139940e-11   0.000000e+00   2.580832e-12   894
  2.084944e+01   5.744445e-11   7.511761e-03   2.244840e-12   786
  2.087684e+01   5.437116e-11   0.000000e+00   2.158773e-12   678
  2.090290e+01   1.624831e-11   0.000000e+00   2.948187e-12   8
  2.090428e+01   4.914534e-11   8.810967e-03   2.080608e-12   570
  2.093169e+01   3.109172e-11   9.455694e-03   1.416015e-12   486
  2.095915e+01   3.093199e-11   0.000000e+00   1.664511e-12   402
  2.098585e+01   1.073213e-11   0.000000e+00   2.382716e-12   8
  2.098664e+01   2.353062e-11   6.642308e-03   1.335727e-12   318
  2.101412e+01   1.973269e-11   0.000000e+00   1.528859e-12   258
  2.104164e+01   1.616396e-11   0.000000e+00   1.193846e-12   198
  2.106880e+01   5.349703e-12   0.000000e+00   1.024149e-12   8
  2.106919e+01   1.186268e-11   0.000000e+00   1.461689e-12   138
  2.109671e+01   7.200831e-12   3.586795e-03   8.894045e-13   102
  2.112428e+01   4.633846e-12   6.532758e-03   6.113979e-13   66
  2.115187e+01   2.936266e-12   0.000000e+00   4.565173e-13   38
  2.117947e+01   1.914619e-12   0.000000e+00   5.741012e-13   18
  2.120708e+01   3.585497e-13   0.000000e+00   5.369309e-14   6
