# power spectrum of velocity
# redshift z=0.993000
# k              Pk             sigma(k)       sigma(Pk)      count
  4.789006e-02   4.123562e-07   1.569186e-05   1.493767e-07   6
  6.772678e-02   1.054888e-06   0.000000e+00   2.418996e-07   12
  8.844750e-02   6.367597e-07   6.350197e-03   1.250717e-07   14
  1.121958e-01   6.242512e-07   5.110132e-03   6.585000e-08   48
  1.413226e-01   4.951000e-07   3.711993e-03   5.363804e-08   42
  1.551375e-01   3.814441e-07   3.695504e-03   4.972239e-08   48
  1.759035e-01   4.529410e-07   4.430317e-03   5.019913e-08   80
  1.993525e-01   4.565369e-07   3.439775e-03   3.915488e-08   90
  2.172926e-01   3.169177e-07   5.401395e-03   3.170690e-08   120
  2.427789e-01   3.574987e-07   4.539269e-03   2.433181e-08   158
  2.596594e-01   3.320155e-07   2.154172e-03   3.416326e-08   120
  2.799969e-01   3.027962e-07   4.814837e-03   2.028450e-08   186
  3.024673e-01   2.870144e-07   6.584405e-03   1.781084e-08   264
  3.207263e-01   3.115825e-07   3.554717e-03   2.262162e-08   168
  3.440233e-01   2.668930e-07   6.353114e-03   1.406218e-08   386
  3.635186e-01   2.007405e-07   3.844319e-03   1.371665e-08   192
  3.827000e-01   2.493900e-07   6.302989e-03   1.224742e-08   390
  4.042493e-01   1.944632e-07   6.599222e-03   9.974893e-09   396
  4.244941e-01   2.116126e-07   6.547168e-03   1.053024e-08   398
  4.467496e-01   1.812449e-07   6.417329e-03   7.015555e-09   576
  4.686509e-01   1.744938e-07   6.510439e-03   8.220784e-09   444
  4.878078e-01   1.974439e-07   5.874003e-03   7.699807e-09   590
  5.096214e-01   1.612962e-07   6.432479e-03   6.140202e-09   648
  5.308979e-01   1.566920e-07   5.692893e-03   6.454096e-09   654
  5.498012e-01   1.532699e-07   4.722042e-03   5.621066e-09   636
  5.709321e-01   1.461094e-07   7.079544e-03   5.067678e-09   830
  5.907593e-01   1.381542e-07   5.095999e-03   4.622209e-09   792
  6.110328e-01   1.376061e-07   5.241142e-03   5.159705e-09   804
  6.317957e-01   1.334673e-07   6.468770e-03   4.546425e-09   1038
  6.518970e-01   1.216067e-07   5.066866e-03   3.806379e-09   936
  6.736844e-01   1.131336e-07   5.920520e-03   3.386039e-09   1130
  6.934320e-01   1.131367e-07   5.498096e-03   3.361335e-09   1104
  7.151093e-01   1.094511e-07   6.112917e-03   3.171364e-09   1230
  7.349322e-01   1.074181e-07   6.212201e-03   2.911714e-09   1260
  7.550713e-01   1.042903e-07   5.367123e-03   2.946597e-09   1286
  7.778485e-01   9.670782e-08   6.513251e-03   2.293939e-09   1728
  7.994312e-01   9.565888e-08   5.761882e-03   2.547852e-09   1392
  8.199441e-01   9.433756e-08   5.478794e-03   2.391497e-09   1626
  8.409694e-01   8.582585e-08   6.465203e-03   2.024396e-09   1760
  8.620805e-01   8.450305e-08   5.346546e-03   2.025308e-09   1686
  8.819823e-01   7.668736e-08   5.432531e-03   1.687666e-09   1812
  9.023318e-01   7.745648e-08   6.263135e-03   1.797934e-09   1862
  9.231285e-01   7.365881e-08   5.577898e-03   1.503415e-09   2160
  9.440529e-01   7.405684e-08   5.701804e-03   1.783719e-09   1956
  9.651054e-01   6.952986e-08   6.405607e-03   1.342647e-09   2454
  9.856496e-01   7.029051e-08   4.996224e-03   1.516505e-09   2048
  1.006269e+00   6.678142e-08   6.514920e-03   1.314309e-09   2538
  1.026621e+00   6.427888e-08   5.450501e-03   1.274976e-09   2400
  1.047192e+00   6.347268e-08   6.493922e-03   1.288145e-09   2526
  1.067717e+00   5.560467e-08   6.428646e-03   1.042187e-09   2856
  1.089126e+00   5.841868e-08   6.045743e-03   1.088015e-09   2804
  1.110271e+00   5.742772e-08   6.270330e-03   1.061884e-09   2958
  1.130394e+00   5.743298e-08   6.064215e-03   1.026056e-09   2976
  1.151629e+00   5.237785e-08   6.085785e-03   9.160419e-10   3194
  1.171511e+00   5.273680e-08   6.068103e-03   9.187450e-10   3120
  1.193046e+00   4.867290e-08   6.174732e-03   7.960560e-10   3606
  1.213599e+00   4.888143e-08   5.612012e-03   8.150909e-10   3276
  1.233622e+00   4.510229e-08   6.332641e-03   7.377179e-10   3600
  1.254220e+00   4.639531e-08   5.584221e-03   7.625655e-10   3638
  1.274050e+00   4.593853e-08   5.946849e-03   7.329730e-10   3744
  1.295503e+00   4.343771e-08   6.160694e-03   6.494338e-10   4170
  1.316011e+00   4.067393e-08   5.820608e-03   6.331574e-10   3984
  1.336899e+00   3.977495e-08   5.888187e-03   5.985513e-10   4334
  1.357509e+00   3.902601e-08   5.433735e-03   5.853162e-10   4284
  1.377862e+00   3.849578e-08   6.555717e-03   5.611914e-10   4374
  1.399143e+00   3.760558e-08   5.836523e-03   5.089802e-10   5016
  1.420103e+00   3.558569e-08   5.600684e-03   5.200849e-10   4580
  1.440995e+00   3.530450e-08   6.605099e-03   4.827325e-10   5142
  1.462309e+00   3.620541e-08   6.363803e-03   4.823612e-10   5184
  1.483176e+00   3.288033e-08   4.947565e-03   4.380618e-10   5058
  1.503228e+00   3.308890e-08   5.852682e-03   4.288351e-10   5384
  1.524670e+00   3.203182e-08   6.695675e-03   4.065638e-10   5622
  1.545353e+00   2.936329e-08   5.687847e-03   3.695325e-10   5736
  1.565950e+00   3.057887e-08   5.060211e-03   3.865822e-10   5596
  1.586643e+00   2.967829e-08   6.407070e-03   3.622907e-10   6070
  1.607167e+00   2.817660e-08   4.951735e-03   3.351123e-10   6096
  1.628581e+00   2.691585e-08   6.133622e-03   3.032779e-10   6474
  1.648392e+00   2.620232e-08   5.864426e-03   3.097072e-10   6024
  1.669580e+00   2.560472e-08   5.925017e-03   2.958873e-10   7070
  1.690573e+00   2.536896e-08   4.809061e-03   2.904380e-10   6516
  1.710708e+00   2.532670e-08   5.890632e-03   2.802757e-10   6936
  1.731728e+00   2.440933e-08   5.828075e-03   2.664398e-10   7110
  1.752060e+00   2.473695e-08   4.279343e-03   2.661787e-10   7244
  1.773569e+00   2.323543e-08   6.386844e-03   2.402921e-10   7878
  1.794402e+00   2.322834e-08   6.167520e-03   2.502437e-10   7344
  1.814575e+00   2.199467e-08   6.435336e-03   2.290685e-10   7694
  1.835593e+00   2.154682e-08   6.195086e-03   2.123838e-10   8412
  1.856699e+00   2.112780e-08   6.414349e-03   2.116741e-10   7920
  1.876759e+00   2.061506e-08   5.459134e-03   2.032738e-10   8118
  1.897179e+00   2.035599e-08   6.238493e-03   1.998460e-10   8548
  1.917951e+00   1.953003e-08   6.416240e-03   1.865444e-10   8710
  1.938549e+00   1.956993e-08   5.618245e-03   1.851253e-10   8928
  1.959695e+00   1.931651e-08   6.141975e-03   1.804590e-10   9186
  1.979980e+00   1.851593e-08   6.620559e-03   1.684294e-10   9200
  2.000891e+00   1.826268e-08   5.705561e-03   1.674065e-10   9438
  2.021278e+00   1.749211e-08   7.976797e-03   1.546290e-10   9564
  2.042231e+00   1.737272e-08   6.148976e-03   1.481824e-10   10296
  2.063682e+00   1.689309e-08   5.425155e-03   1.428165e-10   10126
  2.083777e+00   1.671334e-08   6.758223e-03   1.464904e-10   10024
  2.105151e+00   1.639020e-08   4.764637e-03   1.329174e-10   11082
  2.126137e+00   1.605621e-08   7.271538e-03   1.342534e-10   10632
  2.146648e+00   1.600618e-08   5.276268e-03   1.319088e-10   10734
  2.167370e+00   1.541689e-08   6.471054e-03   1.224890e-10   11276
  2.188085e+00   1.517796e-08   5.817126e-03   1.196933e-10   11352
  2.208991e+00   1.488831e-08   6.081183e-03   1.171023e-10   11550
  2.229512e+00   1.493963e-08   5.584590e-03   1.159807e-10   11772
  2.250338e+00   1.458298e-08   6.988056e-03   1.102460e-10   12038
  2.270908e+00   1.442943e-08   8.613722e-03   1.071913e-10   12096
  2.291762e+00   1.399943e-08   6.953415e-03   1.032089e-10   12582
  2.312386e+00   1.369727e-08   1.857922e-03   9.983095e-11   12620
  2.333484e+00   1.364404e-08   7.304332e-03   9.680106e-11   13320
  2.354132e+00   1.334357e-08   6.619310e-03   9.392460e-11   12654
  2.374385e+00   1.345521e-08   1.310404e-03   9.594231e-11   13236
  2.394940e+00   1.290608e-08   9.613264e-03   9.061315e-11   13438
  2.415712e+00   1.263369e-08   9.416573e-03   8.383959e-11   14344
  2.437236e+00   1.257669e-08   5.903855e-03   8.466279e-11   14226
  2.457572e+00   1.247575e-08   4.672744e-03   8.289443e-11   14088
  2.478175e+00   1.223544e-08   0.000000e+00   8.044779e-11   14328
  2.498827e+00   1.205435e-08   6.447094e-03   7.788185e-11   14954
  2.519760e+00   1.202833e-08   5.086951e-03   7.528081e-11   15480
  2.540777e+00   1.177553e-08   6.578009e-03   7.448972e-11   14862
  2.560688e+00   1.167262e-08   8.137134e-03   7.349289e-11   15296
  2.581597e+00   1.152637e-08   7.696714e-03   7.116378e-11   15954
  2.602086e+00   1.136194e-08   6.443768e-03   7.013320e-11   15720
  2.622579e+00   1.130526e-08   2.700038e-03   6.824168e-11   16296
  2.643690e+00   1.125712e-08   4.186852e-03   6.739921e-11   17010
  2.664189e+00   1.117396e-08   3.379676e-03   6.610639e-11   16328
  2.684811e+00   1.091049e-08   3.541597e-03   6.359905e-11   17094
  2.705495e+00   1.090588e-08   8.428113e-03   6.200246e-11   17436
  2.726416e+00   1.075992e-08   8.714706e-03   6.026002e-11   17862
  2.747423e+00   1.056223e-08   7.463357e-03   5.904126e-11   18200
  2.768585e+00   1.045066e-08   1.537176e-03   5.768341e-11   18450
  2.789288e+00   1.041477e-08   3.408789e-03   5.661263e-11   18384
  2.809940e+00   1.037574e-08   5.648074e-03   5.551572e-11   18504
  2.830568e+00   1.029287e-08   4.287339e-03   5.430594e-11   19142
  2.851613e+00   1.022912e-08   5.926559e-03   5.317977e-11   19692
  2.872433e+00   1.011162e-08   5.933118e-03   5.316638e-11   19062
  2.892804e+00   1.006939e-08   0.000000e+00   5.186579e-11   20184
  2.913860e+00   9.946517e-09   7.487969e-03   5.046302e-11   19970
  2.934397e+00   9.937751e-09   0.000000e+00   4.949461e-11   20496
  2.955536e+00   9.697487e-09   8.611170e-03   4.804243e-11   21456
  2.976109e+00   9.660654e-09   5.801402e-03   4.923124e-11   19650
  2.996304e+00   9.739054e-09   9.524884e-03   4.720300e-11   22040
  3.017594e+00   9.439232e-09   1.291681e-02   4.609857e-11   21558
  3.038152e+00   9.528448e-09   0.000000e+00   4.577939e-11   21804
  3.058764e+00   9.487331e-09   8.066444e-03   4.493522e-11   21926
  3.079309e+00   9.389572e-09   9.464994e-03   4.470420e-11   22416
  3.099936e+00   9.185356e-09   8.614334e-03   4.250997e-11   22776
  3.121147e+00   9.349007e-09   6.589415e-03   4.240335e-11   23874
  3.141984e+00   9.196276e-09   7.809107e-04   4.309453e-11   23104
  3.162701e+00   9.076585e-09   0.000000e+00   4.095798e-11   23974
  3.183467e+00   9.195641e-09   1.377362e-02   4.261464e-11   23892
  3.203873e+00   9.093170e-09   0.000000e+00   4.194326e-11   23550
  3.224418e+00   9.042416e-09   6.642348e-03   3.943222e-11   25320
  3.245288e+00   9.002595e-09   1.193212e-02   3.982202e-11   24428
  3.265710e+00   8.838834e-09   8.170541e-03   3.894713e-11   25254
  3.286619e+00   8.924968e-09   0.000000e+00   3.907324e-11   26016
  3.307230e+00   8.912690e-09   1.783145e-03   3.920410e-11   25182
  3.328033e+00   8.756285e-09   3.638196e-03   3.701107e-11   27428
  3.349135e+00   8.703082e-09   4.991520e-03   3.747328e-11   25974
  3.369438e+00   8.840713e-09   8.897033e-03   3.733722e-11   26904
  3.390059e+00   8.763473e-09   3.880823e-03   3.719128e-11   26730
  3.410701e+00   8.658485e-09   0.000000e+00   3.529998e-11   27896
  3.431859e+00   8.653580e-09   1.045857e-02   3.465613e-11   28992
  3.453270e+00   8.602117e-09   2.854208e-03   3.476245e-11   28698
  3.473700e+00   8.582250e-09   0.000000e+00   3.502675e-11   27816
  3.494571e+00   8.594022e-09   0.000000e+00   3.416445e-11   29774
  3.515449e+00   8.536382e-09   6.802831e-03   3.417906e-11   29148
  3.535861e+00   8.474894e-09   0.000000e+00   3.386447e-11   28806
  3.556422e+00   8.437260e-09   1.124391e-02   3.279000e-11   30408
  3.577218e+00   8.479407e-09   0.000000e+00   3.373997e-11   30320
  3.598191e+00   8.373249e-09   0.000000e+00   3.207167e-11   30930
  3.619128e+00   8.447546e-09   0.000000e+00   3.290588e-11   31656
  3.639581e+00   8.337366e-09   1.127549e-03   3.259452e-11   30086
  3.660128e+00   8.431596e-09   1.335841e-02   3.173829e-11   32724
  3.680836e+00   8.384630e-09   7.712246e-03   3.211357e-11   30846
  3.701404e+00   8.326569e-09   1.673333e-03   3.069600e-11   33480
  3.722425e+00   8.269551e-09   1.082396e-02   3.091684e-11   32724
  3.742979e+00   8.308797e-09   6.984652e-03   3.084798e-11   32894
  3.763829e+00   8.312524e-09   0.000000e+00   3.024144e-11   34200
  3.784682e+00   8.199901e-09   8.533886e-03   3.065973e-11   33594
  3.805163e+00   8.245332e-09   0.000000e+00   3.059644e-11   34336
  3.826056e+00   8.207238e-09   1.742750e-03   2.967405e-11   34822
  3.846790e+00   8.234114e-09   0.000000e+00   2.943501e-11   35472
  3.867412e+00   8.143673e-09   0.000000e+00   2.931051e-11   34404
  3.887970e+00   8.138902e-09   0.000000e+00   2.866168e-11   36222
  3.908577e+00   8.074806e-09   6.410206e-03   2.872449e-11   35984
  3.929394e+00   8.105723e-09   8.766642e-03   2.845272e-11   36570
  3.950032e+00   8.135681e-09   0.000000e+00   2.858019e-11   37176
  3.970896e+00   8.079675e-09   0.000000e+00   2.799223e-11   37406
  3.991673e+00   8.027728e-09   0.000000e+00   2.765632e-11   38052
  4.012283e+00   8.033064e-09   0.000000e+00   2.819060e-11   37590
  4.033174e+00   8.039526e-09   1.058017e-02   2.704877e-11   39480
  4.053854e+00   8.053512e-09   0.000000e+00   2.755065e-11   38260
  4.074527e+00   7.961003e-09   1.039590e-02   2.714144e-11   39646
  4.095623e+00   7.905650e-09   5.625093e-03   2.624977e-11   40944
  4.116542e+00   7.983862e-09   0.000000e+00   2.699356e-11   39678
  4.137149e+00   7.968462e-09   0.000000e+00   2.652135e-11   40804
  4.157880e+00   7.879887e-09   0.000000e+00   2.615911e-11   40606
  4.178646e+00   7.892869e-09   1.384182e-02   2.587355e-11   42216
  4.199540e+00   7.957819e-09   0.000000e+00   2.614391e-11   41532
  4.220177e+00   7.898143e-09   0.000000e+00   2.585288e-11   41990
  4.240666e+00   7.904724e-09   1.451864e-02   2.569269e-11   42360
  4.261571e+00   7.843433e-09   5.533795e-03   2.531046e-11   43530
  4.282349e+00   7.801032e-09   8.277784e-03   2.493167e-11   43848
  4.303062e+00   7.847317e-09   0.000000e+00   2.554074e-11   42870
  4.323842e+00   7.856847e-09   1.427252e-02   2.461118e-11   46160
  4.344700e+00   7.836483e-09   5.700925e-03   2.517382e-11   43380
  4.365240e+00   7.697169e-09   0.000000e+00   2.415615e-11   45294
  4.385850e+00   7.746112e-09   1.321566e-02   2.421658e-11   45744
  4.406925e+00   7.791646e-09   0.000000e+00   2.449724e-11   46682
  4.427542e+00   7.693765e-09   7.398037e-03   2.394160e-11   45840
  4.448226e+00   7.621614e-09   0.000000e+00   2.368824e-11   47118
  4.468866e+00   7.666435e-09   1.924780e-02   2.383290e-11   47124
  4.489588e+00   7.700594e-09   4.121372e-03   2.361747e-11   47984
  4.510730e+00   7.661508e-09   8.669977e-03   2.285009e-11   49566
  4.531118e+00   7.661662e-09   4.853446e-03   2.384147e-11   46284
  4.551570e+00   7.588583e-09   1.381918e-02   2.274656e-11   49966
  4.572384e+00   7.584702e-09   9.986317e-03   2.309098e-11   49360
  4.593072e+00   7.605259e-09   1.268816e-03   2.302979e-11   49806
  4.613927e+00   7.569856e-09   1.146078e-02   2.253074e-11   51492
  4.634555e+00   7.533446e-09   1.541002e-02   2.268759e-11   49496
  4.655358e+00   7.513582e-09   1.520375e-02   2.187025e-11   53190
  4.676337e+00   7.512127e-09   0.000000e+00   2.255155e-11   51060
  4.696901e+00   7.518236e-09   0.000000e+00   2.194285e-11   52134
  4.717534e+00   7.489858e-09   9.781086e-03   2.174650e-11   53088
  4.738327e+00   7.484966e-09   7.012223e-03   2.191688e-11   52706
  4.759059e+00   7.498540e-09   9.775325e-03   2.145550e-11   54936
  4.780123e+00   7.411035e-09   0.000000e+00   2.152086e-11   53886
  4.800723e+00   7.428949e-09   0.000000e+00   2.127204e-11   54436
  4.821321e+00   7.433553e-09   0.000000e+00   2.121384e-11   55096
  4.842331e+00   7.392847e-09   0.000000e+00   2.074533e-11   56358
  4.862919e+00   7.329127e-09   0.000000e+00   2.082134e-11   55632
  4.883674e+00   7.403739e-09   1.994248e-02   2.073264e-11   56530
  4.904377e+00   7.312987e-09   0.000000e+00   2.052427e-11   57232
  4.925003e+00   7.331389e-09   0.000000e+00   2.062647e-11   56766
  4.946155e+00   7.281886e-09   0.000000e+00   1.977186e-11   60804
  4.966739e+00   7.297001e-09   2.224307e-03   2.089495e-11   55536
  4.987401e+00   7.288104e-09   2.512426e-02   1.968658e-11   61166
  5.008144e+00   7.245598e-09   0.000000e+00   2.032497e-11   57396
  5.028657e+00   7.269049e-09   1.157217e-02   1.969290e-11   60870
  5.049485e+00   7.185961e-09   0.000000e+00   1.954618e-11   60224
  5.070204e+00   7.189884e-09   1.780075e-02   1.940760e-11   61002
  5.090995e+00   7.144917e-09   1.623875e-02   1.916852e-11   62016
  5.111675e+00   7.151440e-09   0.000000e+00   1.953898e-11   60768
  5.132188e+00   7.095983e-09   2.353214e-02   1.897495e-11   62870
  5.153160e+00   7.156034e-09   8.323779e-03   1.907930e-11   63804
  5.174011e+00   7.089270e-09   1.071889e-02   1.881090e-11   63054
  5.194388e+00   7.080855e-09   8.402319e-03   1.874070e-11   63024
  5.215203e+00   7.049402e-09   0.000000e+00   1.854118e-11   65018
  5.235783e+00   7.074395e-09   1.497649e-02   1.856262e-11   64608
  5.256576e+00   7.034279e-09   0.000000e+00   1.827152e-11   65688
  5.277311e+00   7.046063e-09   2.254382e-02   1.835822e-11   65994
  5.297978e+00   7.029354e-09   0.000000e+00   1.819504e-11   66648
  5.318871e+00   6.995882e-09   1.537085e-02   1.805808e-11   67310
  5.339463e+00   6.968113e-09   0.000000e+00   1.792095e-11   67224
  5.360199e+00   7.013993e-09   6.473002e-03   1.795085e-11   68034
  5.381015e+00   6.925951e-09   0.000000e+00   1.760014e-11   69744
  5.401832e+00   6.907062e-09   1.111488e-02   1.760048e-11   68654
  5.422854e+00   6.892408e-09   1.560327e-02   1.697947e-11   72132
  5.443654e+00   6.862228e-09   9.588795e-03   1.746931e-11   68520
  5.464158e+00   6.847718e-09   1.514770e-02   1.718663e-11   71070
  5.485072e+00   6.835875e-09   0.000000e+00   1.699713e-11   71948
  5.505774e+00   6.816439e-09   2.296101e-02   1.682974e-11   71598
  5.526656e+00   6.818259e-09   0.000000e+00   1.688338e-11   73536
  5.547363e+00   6.828911e-09   2.764120e-02   1.708866e-11   71802
  5.567856e+00   6.827236e-09   0.000000e+00   1.695743e-11   73280
  5.588593e+00   6.748829e-09   0.000000e+00   1.648670e-11   73992
  5.609518e+00   6.746419e-09   1.295093e-02   1.630586e-11   75966
  5.630238e+00   6.741848e-09   0.000000e+00   1.650636e-11   74364
  5.650980e+00   6.683558e-09   1.565722e-02   1.622935e-11   76094
  5.671666e+00   6.706576e-09   0.000000e+00   1.618816e-11   76224
  5.692417e+00   6.663929e-09   9.366560e-03   1.608414e-11   76242
  5.712948e+00   6.672373e-09   0.000000e+00   1.605945e-11   76944
  5.733684e+00   6.642001e-09   0.000000e+00   1.577334e-11   78680
  5.754738e+00   6.592907e-09   1.775276e-02   1.565301e-11   79962
  5.775389e+00   6.621629e-09   9.505372e-03   1.593914e-11   77760
  5.796020e+00   6.557921e-09   2.145400e-02   1.556230e-11   79590
  5.816768e+00   6.503887e-09   0.000000e+00   1.523157e-11   80732
  5.837569e+00   6.509149e-09   2.676002e-02   1.520623e-11   81174
  5.858317e+00   6.489542e-09   9.206234e-03   1.526872e-11   80832
  5.878647e+00   6.490636e-09   2.703909e-02   1.540284e-11   79992
  5.899507e+00   6.463043e-09   0.000000e+00   1.495870e-11   84314
  5.920439e+00   6.457892e-09   0.000000e+00   1.490978e-11   83592
  5.941249e+00   6.442005e-09   2.014505e-02   1.478164e-11   83838
  5.961944e+00   6.433359e-09   0.000000e+00   1.482929e-11   83676
  5.982556e+00   6.417673e-09   1.358908e-02   1.462582e-11   84950
  6.003230e+00   6.346813e-09   0.000000e+00   1.452541e-11   84912
  6.024026e+00   6.335448e-09   2.434712e-02   1.443131e-11   87162
  6.044869e+00   6.369772e-09   0.000000e+00   1.463596e-11   86440
  6.065493e+00   6.325955e-09   0.000000e+00   1.441852e-11   86560
  6.086294e+00   6.290794e-09   2.699921e-03   1.404812e-11   88698
  6.106997e+00   6.276814e-09   3.049954e-02   1.416857e-11   88920
  6.127979e+00   6.307886e-09   0.000000e+00   1.431567e-11   88814
  6.148556e+00   6.219965e-09   7.369847e-03   1.379839e-11   90336
  6.169524e+00   6.238919e-09   0.000000e+00   1.395398e-11   90282
  6.190226e+00   6.231793e-09   0.000000e+00   1.389904e-11   90840
  6.210761e+00   6.233045e-09   2.255128e-02   1.384288e-11   91128
  6.231707e+00   6.183258e-09   0.000000e+00   1.372334e-11   92690
  6.252316e+00   6.164059e-09   0.000000e+00   1.357173e-11   92160
  6.273109e+00   6.160052e-09   0.000000e+00   1.347553e-11   93534
  6.293744e+00   6.127863e-09   0.000000e+00   1.329302e-11   93484
  6.314476e+00   6.124503e-09   4.953574e-03   1.321667e-11   95206
  6.335383e+00   6.107906e-09   9.729238e-03   1.319647e-11   96048
  6.355953e+00   6.094936e-09   9.048460e-03   1.331739e-11   93600
  6.376648e+00   6.029082e-09   0.000000e+00   1.282709e-11   97410
  6.397377e+00   6.032036e-09   2.792067e-02   1.287233e-11   97856
  6.418314e+00   6.016273e-09   0.000000e+00   1.296252e-11   97278
  6.438966e+00   5.997537e-09   1.659246e-02   1.276358e-11   98916
  6.459629e+00   5.967377e-09   0.000000e+00   1.284999e-11   96894
  6.480184e+00   5.958616e-09   0.000000e+00   1.255224e-11   100976
  6.501132e+00   5.957723e-09   0.000000e+00   1.269312e-11   100164
  6.521746e+00   5.937160e-09   0.000000e+00   1.261722e-11   100014
  6.542240e+00   5.876829e-09   2.017756e-02   1.239841e-11   101040
  6.563075e+00   5.904301e-09   0.000000e+00   1.238411e-11   102338
  6.583706e+00   5.862342e-09   1.280779e-02   1.218014e-11   102912
  6.604645e+00   5.865397e-09   0.000000e+00   1.210842e-11   104238
  6.625221e+00   5.824088e-09   1.959916e-02   1.214518e-11   103104
  6.645986e+00   5.818070e-09   1.752122e-02   1.198657e-11   105404
  6.666801e+00   5.804609e-09   0.000000e+00   1.196502e-11   105198
  6.687508e+00   5.772809e-09   0.000000e+00   1.183980e-11   106632
  6.708326e+00   5.774968e-09   2.594977e-02   1.182195e-11   106706
  6.729023e+00   5.747203e-09   0.000000e+00   1.185154e-11   106992
  6.749962e+00   5.689911e-09   0.000000e+00   1.146704e-11   110118
  6.770697e+00   5.698964e-09   3.158630e-02   1.163951e-11   108084
  6.791315e+00   5.699937e-09   1.201942e-02   1.156276e-11   108222
  6.812161e+00   5.689578e-09   0.000000e+00   1.146481e-11   112160
  6.832814e+00   5.652084e-09   1.802188e-02   1.152091e-11   108492
  6.853557e+00   5.618900e-09   2.261837e-02   1.126529e-11   113262
  6.874381e+00   5.621322e-09   0.000000e+00   1.124551e-11   111360
  6.895231e+00   5.580337e-09   0.000000e+00   1.109709e-11   114182
  6.915920e+00   5.589456e-09   3.323015e-02   1.111937e-11   112884
  6.936682e+00   5.578225e-09   7.875695e-03   1.104063e-11   113934
  6.957294e+00   5.520216e-09   0.000000e+00   1.092248e-11   114504
  6.978242e+00   5.540234e-09   0.000000e+00   1.078178e-11   117500
  6.998911e+00   5.497810e-09   2.323961e-02   1.089154e-11   114102
  7.019592e+00   5.517427e-09   9.888198e-03   1.074723e-11   118584
  7.040401e+00   5.464854e-09   0.000000e+00   1.075207e-11   115546
  7.060874e+00   5.451883e-09   2.122976e-02   1.058876e-11   118984
  7.081862e+00   5.454591e-09   0.000000e+00   1.060086e-11   119526
  7.102512e+00   5.423355e-09   3.233060e-03   1.055300e-11   119436
  7.123150e+00   5.408613e-09   0.000000e+00   1.050482e-11   118632
  7.143815e+00   5.382635e-09   2.398744e-02   1.029822e-11   122510
  7.164668e+00   5.338124e-09   0.000000e+00   1.022640e-11   121680
  7.185448e+00   5.352070e-09   0.000000e+00   1.032520e-11   121434
  7.206003e+00   5.333965e-09   0.000000e+00   1.016283e-11   123928
  7.226827e+00   5.338427e-09   0.000000e+00   1.018114e-11   123910
  7.247601e+00   5.286021e-09   0.000000e+00   1.007138e-11   124452
  7.268315e+00   5.311344e-09   0.000000e+00   1.011150e-11   125376
  7.289032e+00   5.263967e-09   2.042291e-02   9.937996e-12   126638
  7.309762e+00   5.241325e-09   7.422123e-03   9.935555e-12   125844
  7.330505e+00   5.209690e-09   0.000000e+00   9.791304e-12   128142
  7.351277e+00   5.210269e-09   3.771554e-03   9.818406e-12   128136
  7.371904e+00   5.197442e-09   9.626533e-03   9.708930e-12   127642
  7.392694e+00   5.155464e-09   0.000000e+00   9.532035e-12   131968
  7.413717e+00   5.138946e-09   0.000000e+00   9.563016e-12   130326
  7.434331e+00   5.140091e-09   2.170209e-02   9.552896e-12   131688
  7.455057e+00   5.143693e-09   9.983692e-03   9.572339e-12   130212
  7.475703e+00   5.100027e-09   0.000000e+00   9.291419e-12   132686
  7.496605e+00   5.102125e-09   0.000000e+00   9.244331e-12   135960
  7.517412e+00   5.064931e-09   1.653880e-02   9.375595e-12   131562
  7.537785e+00   5.080956e-09   1.300020e-02   9.316111e-12   134016
  7.558657e+00   5.029263e-09   0.000000e+00   9.160583e-12   136478
  7.579402e+00   5.026190e-09   2.852011e-02   9.134676e-12   136812
  7.600230e+00   4.996624e-09   1.785068e-02   9.001601e-12   137856
  7.620980e+00   5.003300e-09   0.000000e+00   9.084206e-12   135862
  7.641613e+00   4.959619e-09   0.000000e+00   8.852657e-12   140056
  7.662506e+00   4.941410e-09   2.437478e-02   8.863187e-12   139602
  7.683198e+00   4.924877e-09   0.000000e+00   8.858946e-12   139080
  7.703880e+00   4.938933e-09   0.000000e+00   8.841819e-12   140678
  7.724645e+00   4.898538e-09   1.265587e-02   8.653481e-12   142884
  7.745325e+00   4.898195e-09   1.174174e-02   8.779322e-12   139992
  7.766052e+00   4.884720e-09   0.000000e+00   8.623406e-12   144966
  7.786899e+00   4.846650e-09   0.000000e+00   8.594070e-12   143364
  7.807548e+00   4.819654e-09   1.884275e-02   8.544001e-12   144518
  7.828230e+00   4.815413e-09   1.982749e-02   8.431332e-12   145200
  7.848878e+00   4.791511e-09   0.000000e+00   8.517421e-12   143466
  7.869472e+00   4.774630e-09   0.000000e+00   8.270435e-12   148824
  7.890215e+00   4.760349e-09   1.622552e-02   8.343210e-12   145544
  7.910804e+00   4.765448e-09   0.000000e+00   8.252877e-12   148590
  7.931652e+00   4.736916e-09   0.000000e+00   8.223820e-12   150540
  7.952470e+00   4.720106e-09   2.766458e-02   8.199470e-12   150134
  7.973198e+00   4.730515e-09   0.000000e+00   8.168502e-12   151296
  7.994126e+00   4.686559e-09   0.000000e+00   8.047294e-12   152058
  8.014653e+00   4.666667e-09   1.651454e-02   8.018202e-12   150864
  8.035390e+00   4.650124e-09   1.546809e-02   7.963284e-12   154310
  8.056340e+00   4.634110e-09   0.000000e+00   7.875494e-12   155172
  8.077063e+00   4.603876e-09   0.000000e+00   7.879928e-12   154128
  8.097988e+00   4.588718e-09   1.377807e-02   7.701465e-12   158310
  8.118629e+00   4.595349e-09   1.895277e-02   7.873309e-12   153436
  8.139286e+00   4.564887e-09   0.000000e+00   7.716459e-12   157726
  8.160230e+00   4.562472e-09   0.000000e+00   7.667214e-12   160368
  8.180875e+00   4.543455e-09   9.200379e-03   7.790555e-12   155718
  8.201480e+00   4.551774e-09   0.000000e+00   7.621019e-12   160028
  8.222226e+00   4.510978e-09   0.000000e+00   7.549978e-12   160920
  8.243007e+00   4.508051e-09   1.313867e-02   7.547350e-12   161070
  8.263783e+00   4.475567e-09   3.036882e-02   7.468057e-12   163428
  8.284441e+00   4.479554e-09   0.000000e+00   7.556827e-12   159574
  8.305243e+00   4.457917e-09   0.000000e+00   7.307148e-12   167392
  8.326056e+00   4.436389e-09   2.492427e-02   7.378384e-12   162258
  8.346723e+00   4.414542e-09   1.289096e-02   7.236097e-12   167472
  8.367536e+00   4.390026e-09   0.000000e+00   7.311729e-12   163664
  8.388104e+00   4.399357e-09   0.000000e+00   7.230390e-12   166986
  8.408898e+00   4.388078e-09   1.751110e-02   7.160511e-12   169968
  8.429854e+00   4.355970e-09   0.000000e+00   7.109662e-12   167646
  8.450317e+00   4.348629e-09   0.000000e+00   7.124758e-12   168080
  8.471079e+00   4.336795e-09   1.548066e-02   7.033736e-12   170826
  8.491848e+00   4.325599e-09   0.000000e+00   7.004601e-12   170928
  8.512425e+00   4.307065e-09   1.774821e-02   6.986557e-12   170640
  8.533266e+00   4.298142e-09   0.000000e+00   6.892136e-12   173954
  8.553926e+00   4.269062e-09   2.677612e-02   6.869354e-12   173232
  8.574734e+00   4.258864e-09   0.000000e+00   6.842523e-12   174150
  8.595485e+00   4.249926e-09   0.000000e+00   6.766739e-12   176364
  8.616201e+00   4.226296e-09   1.671693e-02   6.773842e-12   175302
  8.636930e+00   4.232520e-09   6.451501e-03   6.721935e-12   177392
  8.657596e+00   4.205813e-09   1.802879e-02   6.706438e-12   176352
  8.678422e+00   4.206623e-09   0.000000e+00   6.664285e-12   180330
  8.699244e+00   4.173139e-09   9.354560e-03   6.628929e-12   180712
  8.719973e+00   4.181016e-09   1.553645e-02   6.643613e-12   179350
  8.740767e+00   4.142835e-09   1.383741e-02   6.479311e-12   183396
  8.761614e+00   4.137504e-09   0.000000e+00   6.577675e-12   180390
  8.782098e+00   4.112246e-09   0.000000e+00   6.447808e-12   181944
  8.802930e+00   4.104173e-09   0.000000e+00   6.413613e-12   185450
  8.823812e+00   4.087474e-09   8.216376e-03   6.337541e-12   186192
  8.844458e+00   4.070361e-09   1.981447e-02   6.374921e-12   183432
  8.865128e+00   4.084016e-09   0.000000e+00   6.402884e-12   185362
  8.885756e+00   4.055637e-09   5.189617e-03   6.267965e-12   188464
  8.906656e+00   4.051023e-09   0.000000e+00   6.309592e-12   188046
  8.927418e+00   4.020508e-09   1.332271e-02   6.185601e-12   191304
  8.948113e+00   4.025019e-09   2.474311e-02   6.291996e-12   186690
  8.968904e+00   4.000628e-09   0.000000e+00   6.119009e-12   194072
  8.989560e+00   3.996654e-09   2.130947e-02   6.181337e-12   188688
  9.010215e+00   3.982185e-09   0.000000e+00   6.080610e-12   192786
  9.030896e+00   3.951050e-09   9.122292e-03   6.028858e-12   193352
  9.051798e+00   3.959379e-09   0.000000e+00   6.005204e-12   195702
  9.072476e+00   3.934635e-09   2.800714e-02   5.986624e-12   195132
  9.093242e+00   3.936550e-09   0.000000e+00   5.980181e-12   195726
  9.113933e+00   3.921875e-09   0.000000e+00   5.925900e-12   197416
  9.134634e+00   3.902113e-09   8.299321e-03   5.944541e-12   196564
  9.155407e+00   3.896958e-09   1.922136e-02   5.856326e-12   201198
  9.176136e+00   3.877209e-09   0.000000e+00   5.868893e-12   197136
  9.196709e+00   3.869833e-09   0.000000e+00   5.865587e-12   199358
  9.217375e+00   3.865275e-09   2.744061e-02   5.749205e-12   203532
  9.238267e+00   3.841451e-09   0.000000e+00   5.728086e-12   201438
  9.258961e+00   3.839241e-09   0.000000e+00   5.737811e-12   203664
  9.279643e+00   3.815122e-09   2.796751e-02   5.693978e-12   203972
  9.300372e+00   3.815746e-09   2.197020e-02   5.692066e-12   205974
  9.321186e+00   3.810091e-09   0.000000e+00   5.650280e-12   205752
  9.342030e+00   3.784485e-09   0.000000e+00   5.596037e-12   207810
  9.362529e+00   3.774967e-09   3.590197e-02   5.592949e-12   206384
  9.383442e+00   3.763879e-09   0.000000e+00   5.509768e-12   210966
  9.404244e+00   3.749970e-09   0.000000e+00   5.509015e-12   210516
  9.425015e+00   3.717698e-09   0.000000e+00   5.476055e-12   209766
  9.445649e+00   3.726533e-09   4.069772e-02   5.445757e-12   212376
  9.466450e+00   3.723718e-09   0.000000e+00   5.473303e-12   212960
  9.487360e+00   3.703378e-09   0.000000e+00   5.386952e-12   214626
  9.507987e+00   3.684456e-09   2.992730e-02   5.382419e-12   213696
  9.528715e+00   3.667880e-09   2.915217e-02   5.286163e-12   215734
  9.549396e+00   3.681969e-09   0.000000e+00   5.360054e-12   213220
  9.570087e+00   3.646032e-09   0.000000e+00   5.247794e-12   219102
  9.590898e+00   3.634856e-09   3.385944e-02   5.226197e-12   220872
  9.611602e+00   3.620839e-09   5.021747e-02   5.258800e-12   216556
  9.632325e+00   3.624972e-09   3.861154e-02   5.192060e-12   221494
  9.652999e+00   3.607276e-09   4.224660e-02   5.210797e-12   219096
  9.673801e+00   3.604504e-09   3.142374e-02   5.140939e-12   224262
  9.694675e+00   3.580659e-09   0.000000e+00   5.142854e-12   222508
  9.715413e+00   3.571279e-09   0.000000e+00   5.132661e-12   222502
  9.735990e+00   3.567462e-09   3.990176e-02   5.056763e-12   227280
  9.756820e+00   3.554775e-09   1.923564e-02   5.073020e-12   223644
  9.777526e+00   3.555231e-09   0.000000e+00   5.059682e-12   226222
  9.798256e+00   3.530684e-09   0.000000e+00   4.962714e-12   229840
  9.819051e+00   3.534368e-09   2.598476e-02   5.006402e-12   228042
  9.839635e+00   3.509601e-09   0.000000e+00   4.972148e-12   227472
  9.860350e+00   3.487313e-09   0.000000e+00   4.878718e-12   230990
  9.881122e+00   3.498980e-09   5.801945e-03   4.898772e-12   233532
  9.901848e+00   3.478089e-09   2.956592e-02   4.879784e-12   231288
  9.922671e+00   3.483050e-09   0.000000e+00   4.866886e-12   233718
  9.943260e+00   3.459960e-09   0.000000e+00   4.840590e-12   232704
  9.964036e+00   3.449708e-09   3.122884e-02   4.773748e-12   239282
  9.984851e+00   3.454725e-09   3.768972e-02   4.839186e-12   234912
  1.000569e+01   3.427628e-09   0.000000e+00   4.759171e-12   238278
  1.002625e+01   3.427933e-09   3.730349e-02   4.768541e-12   237460
  1.004683e+01   3.420312e-09   2.708366e-02   4.763050e-12   236662
  1.006780e+01   3.414681e-09   0.000000e+00   4.656106e-12   246336
  1.008877e+01   3.390759e-09   0.000000e+00   4.663352e-12   241092
  1.010938e+01   3.383530e-09   3.504382e-02   4.663281e-12   242414
  1.013016e+01   3.375358e-09   1.495065e-02   4.620703e-12   243552
  1.015096e+01   3.364517e-09   0.000000e+00   4.626618e-12   243474
  1.017150e+01   3.354474e-09   2.392063e-02   4.607844e-12   245112
  1.019231e+01   3.342093e-09   2.658811e-02   4.535233e-12   246894
  1.021302e+01   3.331464e-09   1.956554e-02   4.545985e-12   247448
  1.023384e+01   3.313839e-09   0.000000e+00   4.491604e-12   247404
  1.025443e+01   3.321173e-09   3.961240e-02   4.505383e-12   249990
  1.027508e+01   3.303229e-09   3.763926e-02   4.472129e-12   249512
  1.029605e+01   3.295497e-09   0.000000e+00   4.439347e-12   253890
  1.031676e+01   3.289025e-09   0.000000e+00   4.464426e-12   250728
  1.033733e+01   3.286465e-09   4.808665e-02   4.431545e-12   253950
  1.035815e+01   3.280492e-09   0.000000e+00   4.413949e-12   254140
  1.037892e+01   3.262326e-09   0.000000e+00   4.390173e-12   255880
  1.039970e+01   3.259082e-09   3.049363e-02   4.343382e-12   258942
  1.042027e+01   3.252246e-09   4.574750e-02   4.362731e-12   253836
  1.044112e+01   3.239795e-09   0.000000e+00   4.309645e-12   260534
  1.046193e+01   3.229899e-09   0.000000e+00   4.311732e-12   259992
  1.048247e+01   3.219421e-09   4.713101e-02   4.284979e-12   258894
  1.050325e+01   3.214101e-09   3.698157e-02   4.244869e-12   263364
  1.052405e+01   3.201185e-09   0.000000e+00   4.224130e-12   259536
  1.054453e+01   3.199648e-09   2.087040e-02   4.231241e-12   263438
  1.056525e+01   3.182717e-09   4.220071e-02   4.188279e-12   265740
  1.058609e+01   3.167616e-09   0.000000e+00   4.175636e-12   264894
  1.060688e+01   3.170704e-09   0.000000e+00   4.153464e-12   269184
  1.062757e+01   3.158139e-09   4.041674e-02   4.175074e-12   266138
  1.064825e+01   3.146311e-09   2.857836e-02   4.094258e-12   270528
  1.066913e+01   3.143315e-09   0.000000e+00   4.110510e-12   268182
  1.068975e+01   3.140869e-09   0.000000e+00   4.103091e-12   270960
  1.071041e+01   3.125811e-09   4.902367e-02   4.050824e-12   274580
  1.073153e+01   3.130029e-09   0.000000e+00   4.062905e-12   276078
  1.075230e+01   3.114763e-09   0.000000e+00   4.061530e-12   273600
  1.077293e+01   3.101521e-09   4.110243e-02   3.995143e-12   274698
  1.079362e+01   3.104396e-09   4.351375e-02   4.022724e-12   276920
  1.081449e+01   3.084239e-09   0.000000e+00   3.989319e-12   276774
  1.083523e+01   3.084462e-09   0.000000e+00   3.974823e-12   279972
  1.085576e+01   3.070372e-09   3.535107e-02   3.962242e-12   276144
  1.087656e+01   3.064900e-09   1.582399e-02   3.914980e-12   282590
  1.089739e+01   3.062901e-09   0.000000e+00   3.942751e-12   282300
  1.091813e+01   3.055616e-09   0.000000e+00   3.907407e-12   283926
  1.093866e+01   3.056797e-09   4.723978e-02   3.926631e-12   279792
  1.095956e+01   3.043193e-09   0.000000e+00   3.860595e-12   287870
  1.098041e+01   3.051852e-09   0.000000e+00   3.903029e-12   286428
  1.100093e+01   3.023982e-09   4.557963e-02   3.854732e-12   284808
  1.102168e+01   3.031211e-09   1.568812e-02   3.834583e-12   289158
  1.104256e+01   3.015743e-09   0.000000e+00   3.822768e-12   290204
  1.106327e+01   3.009114e-09   0.000000e+00   3.805475e-12   290382
  1.108392e+01   3.000574e-09   3.135505e-02   3.830242e-12   291912
  1.110477e+01   2.993699e-09   0.000000e+00   3.809296e-12   290754
  1.112540e+01   2.997479e-09   1.825860e-02   3.774459e-12   296096
  1.114626e+01   2.977959e-09   2.665115e-02   3.760623e-12   294552
  1.116687e+01   2.984807e-09   4.673878e-02   3.777285e-12   293466
  1.118758e+01   2.973814e-09   0.000000e+00   3.747179e-12   296904
  1.120838e+01   2.956797e-09   0.000000e+00   3.715789e-12   298358
  1.122888e+01   2.967139e-09   4.591575e-02   3.730598e-12   297840
  1.124975e+01   2.959245e-09   1.823683e-02   3.690231e-12   301338
  1.127058e+01   2.948301e-09   0.000000e+00   3.690939e-12   300336
  1.129110e+01   2.942777e-09   4.922801e-02   3.665679e-12   303584
  1.131196e+01   2.939718e-09   4.111639e-02   3.680625e-12   304098
  1.133284e+01   2.920683e-09   0.000000e+00   3.641784e-12   304488
  1.135346e+01   2.937095e-09   4.478351e-02   3.652129e-12   306678
  1.137426e+01   2.931318e-09   0.000000e+00   3.647627e-12   305732
  1.139499e+01   2.923225e-09   1.684188e-02   3.638966e-12   309894
  1.141580e+01   2.918337e-09   2.395288e-02   3.605425e-12   310200
  1.143654e+01   2.911584e-09   0.000000e+00   3.621870e-12   307074
  1.145717e+01   2.913529e-09   4.671828e-02   3.602326e-12   315656
  1.147809e+01   2.899551e-09   0.000000e+00   3.596953e-12   310704
  1.149891e+01   2.910013e-09   0.000000e+00   3.589461e-12   314310
  1.151930e+01   2.892993e-09   5.504473e-02   3.575423e-12   312412
  1.154021e+01   2.891903e-09   0.000000e+00   3.539817e-12   318310
  1.156105e+01   2.884933e-09   0.000000e+00   3.560172e-12   315648
  1.158162e+01   2.880626e-09   4.333309e-02   3.523606e-12   320610
  1.160233e+01   2.882043e-09   0.000000e+00   3.578409e-12   313944
  1.162309e+01   2.863706e-09   0.000000e+00   3.484353e-12   325880
  1.164386e+01   2.867898e-09   4.395390e-02   3.531570e-12   319146
  1.166462e+01   2.863900e-09   0.000000e+00   3.503997e-12   322896
  1.168519e+01   2.872338e-09   4.845750e-02   3.529876e-12   322206
  1.170600e+01   2.864340e-09   0.000000e+00   3.478984e-12   327416
  1.172694e+01   2.849831e-09   0.000000e+00   3.472036e-12   325602
  1.174741e+01   2.852588e-09   5.871605e-02   3.490430e-12   328248
  1.176822e+01   2.848966e-09   0.000000e+00   3.484827e-12   326088
  1.178913e+01   2.855592e-09   0.000000e+00   3.497892e-12   331658
  1.180961e+01   2.835131e-09   5.360264e-02   3.444987e-12   331584
  1.183048e+01   2.835702e-09   2.539370e-02   3.465719e-12   330630
  1.185130e+01   2.836761e-09   0.000000e+00   3.433582e-12   333204
  1.187174e+01   2.826967e-09   6.099888e-02   3.441699e-12   333470
  1.189271e+01   2.842682e-09   0.000000e+00   3.471235e-12   335688
  1.191332e+01   2.833580e-09   1.973382e-02   3.436523e-12   336828
  1.193402e+01   2.838128e-09   2.719172e-02   3.457348e-12   337662
  1.195492e+01   2.822767e-09   0.000000e+00   3.422792e-12   338960
  1.197533e+01   2.824067e-09   5.505465e-02   3.429593e-12   338262
  1.199617e+01   2.817671e-09   4.584891e-02   3.379828e-12   344388
  1.201720e+01   2.819473e-09   0.000000e+00   3.422969e-12   342486
  1.203755e+01   2.830788e-09   6.972329e-02   3.445448e-12   343592
  1.205856e+01   2.802177e-09   6.506546e-03   3.382234e-12   347130
  1.207947e+01   2.827137e-09   0.000000e+00   3.437002e-12   346152
  1.209988e+01   2.806166e-09   6.599381e-02   3.403597e-12   345856
  1.212085e+01   2.825076e-09   0.000000e+00   3.422351e-12   349354
  1.214164e+01   2.808273e-09   0.000000e+00   3.381890e-12   352032
  1.216224e+01   2.808128e-09   5.587004e-02   3.404214e-12   348582
  1.218318e+01   2.817288e-09   0.000000e+00   3.409188e-12   352244
  1.220354e+01   2.802585e-09   6.805050e-02   3.387747e-12   351582
  1.222445e+01   2.813837e-09   1.378265e-02   3.418199e-12   357144
  1.224542e+01   2.801342e-09   0.000000e+00   3.380211e-12   355560
  1.226585e+01   2.800522e-09   6.378283e-02   3.418437e-12   354551
  1.228673e+01   2.784046e-09   1.073647e-02   3.359296e-12   358044
  1.230769e+01   2.778744e-09   0.000000e+00   3.358975e-12   355272
  1.232802e+01   2.766546e-09   6.943661e-02   3.346692e-12   352044
  1.234885e+01   2.757750e-09   0.000000e+00   3.332174e-12   352344
  1.236968e+01   2.745286e-09   0.000000e+00   3.274538e-12   356516
  1.239028e+01   2.736646e-09   4.844043e-02   3.282664e-12   352848
  1.241136e+01   2.721317e-09   0.000000e+00   3.260218e-12   352980
  1.243181e+01   2.718882e-09   4.147402e-02   3.263885e-12   348948
  1.245252e+01   2.692824e-09   3.552555e-02   3.209400e-12   351692
  1.247361e+01   2.699373e-09   0.000000e+00   3.214782e-12   353064
  1.249398e+01   2.676524e-09   6.238805e-02   3.202059e-12   345624
  1.251470e+01   2.668763e-09   0.000000e+00   3.192296e-12   347844
  1.253566e+01   2.668146e-09   0.000000e+00   3.172071e-12   351020
  1.255612e+01   2.655820e-09   5.839918e-02   3.172600e-12   345852
  1.257696e+01   2.645452e-09   1.238530e-02   3.167620e-12   347040
  1.259782e+01   2.638854e-09   0.000000e+00   3.139030e-12   345928
  1.261828e+01   2.630107e-09   5.842996e-02   3.119913e-12   347020
  1.263924e+01   2.607341e-09   0.000000e+00   3.104437e-12   343032
  1.265989e+01   2.603551e-09   0.000000e+00   3.095393e-12   343620
  1.268045e+01   2.595232e-09   5.994938e-02   3.075047e-12   343988
  1.270157e+01   2.585105e-09   0.000000e+00   3.054960e-12   344556
  1.272211e+01   2.576251e-09   4.332177e-02   3.037277e-12   343632
  1.274299e+01   2.572053e-09   0.000000e+00   3.046317e-12   340392
  1.276383e+01   2.564216e-09   0.000000e+00   3.050291e-12   339408
  1.278421e+01   2.553091e-09   7.436665e-02   3.007843e-12   341864
  1.280526e+01   2.538334e-09   0.000000e+00   2.986089e-12   341964
  1.282609e+01   2.532654e-09   0.000000e+00   3.024865e-12   334380
  1.284629e+01   2.526532e-09   6.965861e-02   2.985766e-12   336504
  1.286732e+01   2.517609e-09   1.712661e-02   2.968362e-12   339560
  1.288814e+01   2.503554e-09   0.000000e+00   2.964409e-12   336384
  1.290870e+01   2.503814e-09   7.293365e-02   2.948767e-12   337404
  1.292968e+01   2.491371e-09   0.000000e+00   2.950020e-12   330156
  1.295012e+01   2.489547e-09   5.767562e-02   2.916115e-12   337808
  1.297104e+01   2.480058e-09   0.000000e+00   2.932795e-12   332748
  1.299195e+01   2.467863e-09   0.000000e+00   2.905225e-12   333612
  1.301237e+01   2.452711e-09   5.839854e-02   2.894961e-12   331860
  1.303320e+01   2.453591e-09   2.666153e-02   2.909499e-12   328376
  1.305399e+01   2.441471e-09   0.000000e+00   2.865173e-12   331140
  1.307454e+01   2.429743e-09   7.044425e-02   2.851087e-12   332988
  1.309538e+01   2.425565e-09   2.730137e-02   2.871021e-12   325224
  1.311629e+01   2.420377e-09   0.000000e+00   2.838154e-12   331544
  1.313681e+01   2.414161e-09   6.671590e-02   2.847745e-12   327264
  1.315764e+01   2.403078e-09   0.000000e+00   2.851088e-12   322308
  1.317828e+01   2.404970e-09   2.515210e-02   2.815310e-12   328136
  1.319883e+01   2.384205e-09   4.938359e-02   2.807520e-12   323172
  1.321986e+01   2.384191e-09   0.000000e+00   2.794359e-12   325248
  1.324036e+01   2.380975e-09   6.285758e-02   2.788066e-12   324096
  1.326115e+01   2.366473e-09   0.000000e+00   2.787269e-12   321540
  1.328214e+01   2.362837e-09   0.000000e+00   2.774193e-12   323744
  1.330244e+01   2.353558e-09   6.960494e-02   2.782162e-12   317400
  1.332329e+01   2.347655e-09   1.896226e-02   2.752098e-12   322560
  1.334431e+01   2.346142e-09   0.000000e+00   2.751577e-12   320076
  1.336469e+01   2.335934e-09   7.155487e-02   2.754873e-12   317204
  1.338583e+01   2.330538e-09   0.000000e+00   2.722250e-12   323064
  1.340666e+01   2.321193e-09   0.000000e+00   2.746140e-12   315204
  1.342698e+01   2.309927e-09   7.796466e-02   2.729265e-12   315416
  1.344819e+01   2.307647e-09   0.000000e+00   2.716404e-12   316884
  1.346864e+01   2.304685e-09   4.793515e-02   2.722007e-12   312876
  1.348936e+01   2.294747e-09   5.528475e-02   2.701452e-12   315540
  1.351047e+01   2.295554e-09   0.000000e+00   2.711084e-12   312576
  1.353075e+01   2.279260e-09   7.791159e-02   2.668119e-12   312140
  1.355170e+01   2.282040e-09   2.156069e-02   2.711195e-12   310356
  1.357265e+01   2.271993e-09   0.000000e+00   2.666502e-12   311232
  1.359293e+01   2.268249e-09   6.985357e-02   2.684738e-12   307584
  1.361391e+01   2.264977e-09   3.194854e-02   2.672979e-12   310616
  1.363471e+01   2.259522e-09   0.000000e+00   2.695955e-12   304200
  1.365500e+01   2.241893e-09   7.766829e-02   2.653033e-12   306792
  1.367616e+01   2.247674e-09   0.000000e+00   2.649927e-12   306168
  1.369665e+01   2.236652e-09   0.000000e+00   2.660833e-12   304448
  1.371746e+01   2.225391e-09   6.704573e-02   2.610858e-12   308580
  1.373853e+01   2.234164e-09   0.000000e+00   2.648543e-12   299568
  1.375881e+01   2.218190e-09   6.669194e-02   2.621241e-12   304416
  1.377983e+01   2.215361e-09   3.755081e-02   2.633709e-12   302216
  1.380073e+01   2.208428e-09   0.000000e+00   2.640085e-12   300084
  1.382112e+01   2.197110e-09   8.433054e-02   2.624532e-12   299340
  1.384196e+01   2.193523e-09   0.000000e+00   2.615865e-12   296688
  1.386283e+01   2.191069e-09   0.000000e+00   2.606975e-12   298820
  1.388319e+01   2.189330e-09   8.115582e-02   2.606484e-12   296916
  1.390426e+01   2.183196e-09   0.000000e+00   2.602963e-12   295920
  1.392487e+01   2.179783e-09   3.330317e-03   2.626851e-12   292692
  1.394532e+01   2.174711e-09   7.402923e-02   2.585277e-12   295892
  1.396657e+01   2.166563e-09   0.000000e+00   2.577160e-12   293064
  1.398701e+01   2.165075e-09   4.036344e-02   2.585536e-12   293220
  1.400767e+01   2.154683e-09   3.594072e-02   2.601436e-12   286804
  1.402862e+01   2.145623e-09   0.000000e+00   2.551390e-12   293080
  1.404914e+01   2.141143e-09   7.354756e-02   2.560407e-12   291816
  1.407017e+01   2.136315e-09   0.000000e+00   2.568309e-12   287784
  1.409099e+01   2.136935e-09   0.000000e+00   2.564734e-12   286760
  1.411134e+01   2.133773e-09   7.801318e-02   2.567645e-12   287088
  1.413232e+01   2.125195e-09   0.000000e+00   2.552141e-12   286176
  1.415322e+01   2.123708e-09   0.000000e+00   2.557150e-12   284184
  1.417351e+01   2.114988e-09   6.933946e-02   2.554689e-12   282220
  1.419470e+01   2.111946e-09   0.000000e+00   2.532129e-12   284452
  1.421522e+01   2.106376e-09   0.000000e+00   2.552336e-12   279516
  1.423581e+01   2.096685e-09   7.535579e-02   2.530857e-12   282696
  1.425703e+01   2.102660e-09   0.000000e+00   2.548746e-12   278676
  1.427730e+01   2.099009e-09   7.723828e-02   2.545533e-12   279512
  1.429821e+01   2.088045e-09   8.769397e-03   2.532836e-12   276672
  1.431915e+01   2.091483e-09   0.000000e+00   2.529816e-12   276036
  1.433934e+01   2.088432e-09   7.570087e-02   2.544073e-12   274416
  1.436032e+01   2.075131e-09   3.528179e-02   2.518620e-12   275384
  1.438130e+01   2.074760e-09   0.000000e+00   2.518915e-12   274560
  1.440167e+01   2.070984e-09   8.273041e-02   2.526526e-12   272220
  1.442275e+01   2.066489e-09   0.000000e+00   2.522609e-12   270492
  1.444339e+01   2.056835e-09   0.000000e+00   2.507016e-12   271532
  1.446406e+01   2.056904e-09   5.002908e-02   2.495269e-12   272052
  1.448504e+01   2.061747e-09   0.000000e+00   2.552776e-12   264372
  1.450534e+01   2.053001e-09   4.505683e-02   2.519829e-12   268652
  1.452626e+01   2.047853e-09   5.199371e-02   2.510008e-12   266760
  1.454710e+01   2.044984e-09   0.000000e+00   2.531331e-12   262536
  1.456750e+01   2.046583e-09   8.265971e-02   2.506762e-12   266460
  1.458842e+01   2.042738e-09   0.000000e+00   2.518899e-12   261560
  1.460924e+01   2.036900e-09   0.000000e+00   2.502461e-12   262236
  1.462973e+01   2.029012e-09   7.321834e-02   2.509279e-12   261708
  1.465061e+01   2.033333e-09   0.000000e+00   2.526699e-12   258960
  1.467144e+01   2.019458e-09   0.000000e+00   2.501205e-12   258376
  1.469181e+01   2.023472e-09   7.002511e-02   2.517400e-12   258304
  1.471306e+01   2.023668e-09   0.000000e+00   2.502746e-12   259368
  1.473359e+01   2.015989e-09   3.346541e-02   2.518086e-12   253332
  1.475414e+01   2.015579e-09   7.315198e-02   2.524401e-12   254448
  1.477531e+01   2.012946e-09   0.000000e+00   2.499697e-12   255248
  1.479573e+01   2.002684e-09   7.589474e-02   2.503343e-12   252180
  1.481667e+01   2.005818e-09   3.048118e-02   2.511147e-12   252744
  1.483756e+01   2.004664e-09   0.000000e+00   2.537780e-12   247348
  1.485783e+01   1.997835e-09   9.143206e-02   2.511922e-12   250432
  1.487882e+01   2.002505e-09   0.000000e+00   2.527316e-12   247860
  1.489979e+01   1.993808e-09   0.000000e+00   2.519719e-12   247716
  1.492008e+01   1.991133e-09   7.638872e-02   2.538492e-12   242472
  1.494121e+01   1.984934e-09   0.000000e+00   2.505021e-12   248672
  1.496181e+01   1.986396e-09   3.349686e-02   2.552603e-12   239352
  1.498229e+01   1.981336e-09   6.168627e-02   2.527687e-12   245088
  1.500346e+01   1.974761e-09   0.000000e+00   2.536897e-12   239232
  1.502374e+01   1.967836e-09   8.171608e-02   2.515660e-12   240320
  1.504476e+01   1.968499e-09   0.000000e+00   2.512714e-12   239340
  1.506573e+01   1.965685e-09   0.000000e+00   2.524507e-12   237636
  1.508593e+01   1.966464e-09   7.806569e-02   2.526970e-12   235980
  1.510691e+01   1.966993e-09   0.000000e+00   2.537871e-12   235304
  1.512784e+01   1.958888e-09   0.000000e+00   2.513457e-12   234576
  1.514818e+01   1.964233e-09   7.211946e-02   2.550050e-12   232788
  1.516915e+01   1.957037e-09   0.000000e+00   2.550040e-12   230400
  1.518986e+01   1.953083e-09   0.000000e+00   2.539083e-12   231836
  1.521043e+01   1.953826e-09   7.760283e-02   2.535723e-12   231288
  1.523163e+01   1.950703e-09   0.000000e+00   2.551930e-12   226536
  1.525193e+01   1.955414e-09   6.043240e-02   2.562612e-12   226084
  1.527263e+01   1.941992e-09   5.214133e-02   2.531268e-12   227116
  1.529375e+01   1.940700e-09   0.000000e+00   2.553669e-12   223800
  1.531406e+01   1.946105e-09   8.328570e-02   2.570645e-12   223884
  1.533496e+01   1.945985e-09   0.000000e+00   2.576651e-12   222360
  1.535591e+01   1.943141e-09   0.000000e+00   2.584428e-12   221156
  1.537635e+01   1.936839e-09   9.247586e-02   2.571815e-12   221724
  1.539739e+01   1.936262e-09   0.000000e+00   2.587494e-12   217584
  1.541815e+01   1.933230e-09   0.000000e+00   2.588879e-12   217576
  1.543850e+01   1.929807e-09   9.582498e-02   2.593313e-12   215464
  1.545963e+01   1.926749e-09   0.000000e+00   2.583920e-12   215472
  1.548021e+01   1.932343e-09   2.520243e-02   2.607076e-12   213768
  1.550072e+01   1.925919e-09   8.291545e-02   2.602363e-12   210956
  1.552176e+01   1.925261e-09   0.000000e+00   2.609811e-12   211788
  1.554231e+01   1.930111e-09   4.573157e-02   2.620159e-12   211092
  1.556319e+01   1.917451e-09   3.198514e-02   2.608599e-12   209556
  1.558420e+01   1.918000e-09   0.000000e+00   2.628731e-12   206700
  1.560442e+01   1.914348e-09   7.759369e-02   2.625402e-12   206048
  1.562536e+01   1.913040e-09   0.000000e+00   2.654048e-12   204744
  1.564625e+01   1.917398e-09   0.000000e+00   2.645413e-12   202992
  1.566646e+01   1.912066e-09   8.715086e-02   2.640993e-12   201944
  1.568770e+01   1.912688e-09   0.000000e+00   2.644672e-12   203304
  1.570852e+01   1.909839e-09   0.000000e+00   2.654411e-12   200484
  1.572878e+01   1.905644e-09   9.320068e-02   2.684926e-12   195516
  1.575002e+01   1.904498e-09   0.000000e+00   2.657469e-12   198860
  1.577038e+01   1.900351e-09   4.225166e-02   2.678078e-12   195264
  1.579114e+01   1.904047e-09   6.171635e-02   2.673782e-12   195984
  1.581225e+01   1.899510e-09   0.000000e+00   2.688888e-12   191808
  1.583234e+01   1.898745e-09   7.138994e-02   2.693866e-12   190776
  1.585324e+01   1.898614e-09   1.719737e-02   2.699014e-12   192032
  1.587428e+01   1.888944e-09   0.000000e+00   2.701853e-12   188628
  1.589451e+01   1.894938e-09   9.836921e-02   2.700965e-12   189444
  1.591566e+01   1.885516e-09   0.000000e+00   2.710841e-12   186260
  1.593629e+01   1.887539e-09   0.000000e+00   2.732422e-12   184560
  1.595675e+01   1.888019e-09   8.950708e-02   2.698539e-12   185832
  1.597806e+01   1.886772e-09   0.000000e+00   2.730583e-12   182400
  1.599845e+01   1.891626e-09   4.244519e-02   2.768442e-12   181380
  1.601905e+01   1.881989e-09   7.416333e-02   2.751794e-12   180332
  1.604022e+01   1.883600e-09   0.000000e+00   2.756529e-12   178236
  1.606064e+01   1.881460e-09   5.391886e-02   2.772652e-12   179184
  1.608143e+01   1.883844e-09   6.874349e-02   2.792634e-12   175028
  1.610242e+01   1.878011e-09   0.000000e+00   2.787026e-12   175440
  1.612292e+01   1.880361e-09   7.355651e-02   2.800300e-12   174828
  1.614383e+01   1.875096e-09   0.000000e+00   2.820744e-12   169896
  1.616453e+01   1.878754e-09   0.000000e+00   2.813014e-12   171708
  1.618501e+01   1.881921e-09   9.489708e-02   2.849224e-12   169328
  1.620602e+01   1.864229e-09   0.000000e+00   2.835954e-12   167364
  1.622675e+01   1.885526e-09   3.473587e-02   2.858365e-12   168192
  1.624722e+01   1.884477e-09   8.507232e-02   2.910004e-12   163188
  1.626845e+01   1.881565e-09   0.000000e+00   2.885110e-12   166184
  1.628902e+01   1.876957e-09   4.330638e-02   2.917058e-12   161460
  1.630953e+01   1.868147e-09   7.843248e-02   2.904320e-12   159972
  1.633054e+01   1.876558e-09   0.000000e+00   2.924863e-12   159488
  1.635092e+01   1.866032e-09   7.341530e-02   2.918077e-12   158148
  1.637192e+01   1.867332e-09   0.000000e+00   2.917796e-12   158100
  1.639291e+01   1.869887e-09   0.000000e+00   2.948409e-12   155232
  1.641299e+01   1.866272e-09   8.383764e-02   2.955664e-12   151216
  1.643412e+01   1.868562e-09   0.000000e+00   2.956488e-12   155560
  1.645510e+01   1.863945e-09   0.000000e+00   2.981579e-12   151404
  1.647532e+01   1.864855e-09   1.005533e-01   3.014225e-12   148356
  1.649648e+01   1.873978e-09   0.000000e+00   3.047275e-12   147164
  1.651692e+01   1.857653e-09   2.722134e-02   3.017997e-12   147384
  1.653757e+01   1.867231e-09   6.781374e-02   3.036180e-12   145992
  1.655885e+01   1.869584e-09   0.000000e+00   3.080276e-12   143856
  1.657890e+01   1.867537e-09   6.707875e-02   3.101492e-12   140384
  1.659987e+01   1.873157e-09   3.406630e-02   3.059520e-12   143856
  1.662094e+01   1.865531e-09   0.000000e+00   3.135971e-12   136968
  1.664106e+01   1.862081e-09   9.237291e-02   3.110962e-12   139536
  1.666229e+01   1.858664e-09   0.000000e+00   3.133234e-12   136916
  1.668291e+01   1.851870e-09   0.000000e+00   3.158639e-12   133032
  1.670327e+01   1.860442e-09   9.346739e-02   3.152251e-12   135540
  1.672465e+01   1.859483e-09   0.000000e+00   3.186367e-12   132096
  1.674503e+01   1.852752e-09   0.000000e+00   3.209506e-12   129540
  1.676560e+01   1.867493e-09   9.049207e-02   3.212101e-12   130640
  1.678678e+01   1.831950e-09   0.000000e+00   3.209049e-12   126276
  1.680721e+01   1.859663e-09   5.448106e-02   3.253102e-12   128484
  1.682826e+01   1.847648e-09   1.720368e-02   3.269759e-12   124168
  1.684902e+01   1.840298e-09   0.000000e+00   3.291220e-12   122224
  1.686947e+01   1.851870e-09   8.217108e-02   3.291867e-12   123156
  1.689050e+01   1.831456e-09   0.000000e+00   3.296294e-12   119688
  1.691105e+01   1.846772e-09   0.000000e+00   3.372714e-12   116640
  1.693152e+01   1.835957e-09   9.552592e-02   3.343899e-12   119696
  1.695264e+01   1.820108e-09   0.000000e+00   3.366594e-12   114276
  1.697330e+01   1.849578e-09   0.000000e+00   3.430850e-12   114060
  1.699377e+01   1.835035e-09   9.004321e-02   3.395654e-12   112536
  1.701493e+01   1.827446e-09   0.000000e+00   3.422572e-12   112196
  1.703561e+01   1.841104e-09   4.095675e-02   3.465010e-12   109404
  1.705611e+01   1.818976e-09   4.974778e-02   3.462335e-12   105900
  1.707694e+01   1.837651e-09   0.000000e+00   3.502835e-12   107176
  1.709749e+01   1.822448e-09   6.704751e-02   3.535591e-12   105088
  1.711839e+01   1.815121e-09   2.542164e-02   3.518699e-12   103800
  1.713937e+01   1.824592e-09   0.000000e+00   3.592025e-12   101340
  1.715970e+01   1.817743e-09   7.526276e-02   3.581069e-12   100036
  1.718052e+01   1.804807e-09   0.000000e+00   3.566333e-12   97672
  1.720141e+01   1.814303e-09   0.000000e+00   3.616270e-12   97908
  1.722188e+01   1.807515e-09   7.915555e-02   3.616996e-12   95328
  1.724284e+01   1.811052e-09   0.000000e+00   3.642026e-12   93600
  1.726350e+01   1.789267e-09   0.000000e+00   3.629299e-12   92312
  1.728413e+01   1.788859e-09   6.653900e-02   3.664036e-12   91044
  1.730515e+01   1.786530e-09   0.000000e+00   3.712113e-12   88500
  1.732537e+01   1.776758e-09   5.041483e-02   3.725676e-12   86216
  1.734623e+01   1.776502e-09   0.000000e+00   3.689919e-12   87159
  1.736749e+01   1.772909e-09   0.000000e+00   3.710535e-12   86064
  1.738789e+01   1.755800e-09   7.846304e-02   3.746477e-12   81648
  1.740859e+01   1.762994e-09   1.123005e-02   3.766377e-12   81654
  1.742958e+01   1.763040e-09   0.000000e+00   3.785341e-12   81284
  1.745016e+01   1.759549e-09   5.792118e-02   3.839844e-12   78888
  1.747089e+01   1.749646e-09   1.595288e-02   3.839147e-12   77250
  1.749148e+01   1.745733e-09   0.000000e+00   3.830812e-12   75942
  1.751208e+01   1.742957e-09   6.162868e-02   3.827240e-12   77042
  1.753324e+01   1.749105e-09   0.000000e+00   3.883794e-12   74094
  1.755392e+01   1.748171e-09   3.308524e-02   3.877479e-12   73818
  1.757460e+01   1.735245e-09   0.000000e+00   3.942855e-12   70998
  1.759538e+01   1.729059e-09   0.000000e+00   3.873554e-12   72044
  1.761608e+01   1.742339e-09   6.454506e-02   4.002175e-12   69426
  1.763696e+01   1.731658e-09   0.000000e+00   3.970409e-12   69288
  1.765765e+01   1.725063e-09   0.000000e+00   3.983743e-12   67068
  1.767810e+01   1.722410e-09   6.729831e-02   4.004539e-12   66926
  1.769904e+01   1.722127e-09   5.500120e-02   3.993215e-12   66348
  1.772006e+01   1.731819e-09   0.000000e+00   4.029350e-12   64728
  1.774050e+01   1.719977e-09   0.000000e+00   4.110446e-12   62820
  1.776120e+01   1.721369e-09   0.000000e+00   4.088455e-12   63716
  1.778217e+01   1.722288e-09   1.635428e-02   4.131045e-12   62160
  1.780285e+01   1.719998e-09   0.000000e+00   4.209389e-12   59940
  1.782337e+01   1.727773e-09   1.300949e-02   4.190005e-12   60112
  1.784408e+01   1.702365e-09   6.324268e-02   4.135072e-12   59668
  1.786510e+01   1.713703e-09   0.000000e+00   4.237758e-12   57618
  1.788559e+01   1.719202e-09   2.335652e-02   4.299475e-12   56868
  1.790612e+01   1.722166e-09   6.035670e-02   4.333899e-12   56684
  1.792695e+01   1.703168e-09   2.716531e-02   4.314918e-12   55536
  1.794783e+01   1.711041e-09   0.000000e+00   4.330684e-12   54342
  1.796859e+01   1.714276e-09   2.079637e-02   4.337298e-12   54768
  1.798914e+01   1.713440e-09   5.958028e-02   4.402840e-12   52094
  1.800988e+01   1.708077e-09   0.000000e+00   4.377781e-12   52224
  1.803092e+01   1.705454e-09   0.000000e+00   4.399149e-12   52188
  1.805152e+01   1.699675e-09   5.341863e-02   4.505368e-12   50190
  1.807201e+01   1.707742e-09   4.606271e-02   4.512597e-12   49224
  1.809290e+01   1.702806e-09   0.000000e+00   4.539077e-12   49094
  1.811386e+01   1.698823e-09   1.496481e-02   4.509507e-12   49488
  1.813461e+01   1.710769e-09   5.638690e-02   4.676284e-12   46830
  1.815507e+01   1.692837e-09   1.583112e-02   4.657768e-12   45860
  1.817589e+01   1.698692e-09   0.000000e+00   4.651044e-12   46770
  1.819679e+01   1.688909e-09   2.230491e-02   4.656790e-12   45468
  1.821749e+01   1.686860e-09   4.017640e-02   4.727310e-12   44130
  1.823812e+01   1.699901e-09   0.000000e+00   4.799466e-12   43230
  1.825888e+01   1.704258e-09   0.000000e+00   4.788340e-12   44108
  1.827979e+01   1.695489e-09   3.789074e-02   4.840721e-12   42162
  1.830047e+01   1.704508e-09   3.857037e-02   4.898327e-12   41358
  1.832098e+01   1.708514e-09   0.000000e+00   5.023069e-12   40456
  1.834175e+01   1.704934e-09   3.218927e-02   4.901758e-12   41230
  1.836283e+01   1.688314e-09   4.649314e-02   4.957454e-12   39906
  1.838361e+01   1.701749e-09   0.000000e+00   5.163248e-12   38508
  1.840402e+01   1.705320e-09   0.000000e+00   5.130155e-12   37854
  1.842462e+01   1.693227e-09   5.543529e-02   5.069999e-12   38162
  1.844571e+01   1.687366e-09   2.851199e-02   5.140687e-12   37212
  1.846654e+01   1.695472e-09   0.000000e+00   5.210026e-12   36450
  1.848684e+01   1.700738e-09   3.143376e-02   5.324691e-12   34718
  1.850743e+01   1.682763e-09   2.314175e-02   5.198057e-12   35814
  1.852854e+01   1.689265e-09   2.155485e-02   5.371149e-12   34896
  1.854938e+01   1.695804e-09   0.000000e+00   5.378864e-12   33822
  1.856963e+01   1.702086e-09   4.392595e-02   5.586482e-12   32522
  1.859043e+01   1.688854e-09   0.000000e+00   5.443239e-12   33630
  1.861153e+01   1.694973e-09   0.000000e+00   5.523850e-12   32166
  1.863205e+01   1.684389e-09   2.149231e-02   5.657540e-12   31200
  1.865238e+01   1.715394e-09   1.722707e-02   5.716336e-12   30598
  1.867318e+01   1.702429e-09   2.063995e-02   5.607921e-12   31138
  1.869443e+01   1.697479e-09   0.000000e+00   5.668301e-12   30510
  1.871513e+01   1.689093e-09   3.273689e-02   5.787136e-12   28998
  1.873545e+01   1.679505e-09   0.000000e+00   5.842509e-12   28290
  1.875621e+01   1.709443e-09   4.120966e-02   5.812657e-12   29126
  1.877748e+01   1.697446e-09   0.000000e+00   5.934261e-12   28008
  1.879820e+01   1.695386e-09   1.160740e-02   5.963551e-12   27222
  1.881869e+01   1.715603e-09   2.203017e-02   6.219648e-12   26426
  1.883943e+01   1.712622e-09   1.313711e-02   6.191313e-12   26694
  1.886042e+01   1.702883e-09   2.282037e-02   6.146703e-12   25734
  1.888123e+01   1.708740e-09   0.000000e+00   6.273228e-12   25458
  1.890165e+01   1.701660e-09   0.000000e+00   6.370232e-12   24198
  1.892250e+01   1.701676e-09   0.000000e+00   6.249332e-12   25034
  1.894357e+01   1.710648e-09   2.029787e-02   6.432641e-12   23718
  1.896415e+01   1.722636e-09   0.000000e+00   6.602430e-12   23094
  1.898439e+01   1.710221e-09   2.817701e-02   6.715687e-12   22416
  1.900523e+01   1.707607e-09   8.158409e-03   6.662324e-12   23078
  1.902662e+01   1.729108e-09   0.000000e+00   6.835822e-12   22386
  1.904734e+01   1.713763e-09   0.000000e+00   6.898659e-12   21126
  1.906740e+01   1.707320e-09   0.000000e+00   6.899616e-12   20366
  1.908807e+01   1.732398e-09   3.838232e-02   6.863346e-12   21354
  1.910952e+01   1.726292e-09   0.000000e+00   7.034147e-12   20478
  1.913020e+01   1.724975e-09   0.000000e+00   7.257121e-12   19458
  1.915027e+01   1.740963e-09   0.000000e+00   7.488104e-12   18758
  1.917096e+01   1.730582e-09   4.182094e-02   7.276526e-12   19566
  1.919237e+01   1.731351e-09   2.599418e-02   7.373038e-12   18858
  1.921315e+01   1.748646e-09   8.577901e-03   7.601958e-12   17790
  1.923316e+01   1.732565e-09   0.000000e+00   7.810652e-12   17114
  1.925389e+01   1.737832e-09   0.000000e+00   7.550534e-12   17982
  1.927528e+01   1.732319e-09   0.000000e+00   7.743632e-12   17190
  1.929612e+01   1.741936e-09   0.000000e+00   8.032180e-12   16458
  1.931611e+01   1.737576e-09   3.033604e-02   8.099312e-12   15494
  1.933679e+01   1.741898e-09   9.274647e-03   7.921635e-12   16374
  1.935831e+01   1.764103e-09   8.483950e-03   8.194841e-12   15858
  1.937918e+01   1.757266e-09   0.000000e+00   8.363342e-12   14862
  1.939908e+01   1.766496e-09   0.000000e+00   8.492233e-12   14082
  1.941986e+01   1.751960e-09   0.000000e+00   8.323440e-12   14990
  1.944144e+01   1.767669e-09   1.396459e-02   8.648215e-12   14358
  1.946223e+01   1.755243e-09   0.000000e+00   8.769107e-12   13386
  1.948193e+01   1.779175e-09   0.000000e+00   9.163426e-12   12678
  1.950273e+01   1.763994e-09   2.276143e-02   8.902183e-12   13700
  1.952445e+01   1.771537e-09   1.392896e-02   8.991499e-12   12942
  1.954529e+01   1.779562e-09   3.787850e-02   9.434543e-12   12198
  1.956477e+01   1.784984e-09   0.000000e+00   9.790896e-12   11106
  1.958543e+01   1.765275e-09   5.489406e-03   9.077226e-12   12494
  1.960722e+01   1.782936e-09   2.910350e-02   9.726908e-12   11610
  1.962822e+01   1.783760e-09   0.000000e+00   9.687564e-12   11094
  1.964771e+01   1.786542e-09   2.028771e-02   1.023324e-11   9902
  1.966828e+01   1.782391e-09   1.371604e-02   9.720834e-12   11226
  1.969007e+01   1.790712e-09   0.000000e+00   1.016884e-11   10326
  1.971110e+01   1.771416e-09   1.853548e-02   1.030152e-11   10074
  1.973074e+01   1.796037e-09   8.248573e-03   1.089032e-11   8766
  1.975114e+01   1.793852e-09   0.000000e+00   1.021115e-11   9950
  1.977288e+01   1.795999e-09   1.325969e-02   1.085820e-11   9252
  1.979390e+01   1.811261e-09   0.000000e+00   1.095582e-11   8886
  1.981353e+01   1.790596e-09   0.000000e+00   1.179572e-11   7850
  1.983411e+01   1.812597e-09   8.076962e-03   1.121057e-11   8886
  1.985590e+01   1.839662e-09   0.000000e+00   1.182562e-11   8142
  1.987667e+01   1.822658e-09   1.946548e-02   1.185183e-11   7746
  1.989608e+01   1.833161e-09   2.155737e-02   1.221264e-11   6926
  1.991706e+01   1.795787e-09   0.000000e+00   1.162732e-11   7974
  1.993892e+01   1.810699e-09   1.983551e-02   1.219320e-11   7074
  1.995945e+01   1.843165e-09   0.000000e+00   1.303873e-11   6744
  1.997876e+01   1.827489e-09   2.188809e-02   1.373016e-11   6114
  2.000010e+01   1.805884e-09   0.000000e+00   1.271152e-11   7094
  2.002234e+01   1.820403e-09   0.000000e+00   1.329418e-11   6174
  2.004261e+01   1.830690e-09   7.858193e-03   1.387862e-11   5754
  2.006140e+01   1.845466e-09   0.000000e+00   1.478181e-11   5214
  2.008302e+01   1.868433e-09   0.000000e+00   1.350053e-11   6338
  2.010586e+01   1.870819e-09   1.062290e-02   1.432991e-11   5352
  2.012591e+01   1.858309e-09   0.000000e+00   1.518555e-11   4830
  2.014382e+01   1.856308e-09   2.945222e-03   1.663625e-11   4338
  2.016557e+01   1.858857e-09   0.000000e+00   1.420495e-11   5558
  2.018939e+01   1.910768e-09   1.500166e-02   1.600100e-11   4866
  2.020984e+01   1.882131e-09   2.606465e-02   1.774102e-11   3846
  2.022612e+01   1.867571e-09   0.000000e+00   1.827773e-11   3518
  2.024795e+01   1.849322e-09   2.119727e-02   1.572183e-11   4812
  2.027247e+01   1.906554e-09   1.139806e-02   1.688823e-11   4278
  2.029372e+01   1.884352e-09   1.932922e-02   1.916733e-11   3174
  2.030844e+01   1.899352e-09   0.000000e+00   2.102047e-11   2738
  2.033020e+01   1.880846e-09   6.443434e-03   1.689218e-11   4086
  2.035522e+01   1.955422e-09   0.000000e+00   1.859533e-11   3666
  2.037748e+01   1.883426e-09   1.590593e-02   2.040217e-11   2712
  2.039076e+01   1.900799e-09   8.257776e-03   2.503141e-11   1998
  2.041239e+01   1.923406e-09   1.159090e-02   1.882424e-11   3434
  2.043794e+01   1.976217e-09   0.000000e+00   2.043929e-11   3078
  2.046126e+01   1.938617e-09   1.013808e-02   2.444098e-11   2334
  2.047313e+01   1.934471e-09   0.000000e+00   2.997907e-11   1340
  2.049457e+01   1.955343e-09   0.000000e+00   2.121726e-11   2838
  2.052072e+01   1.990407e-09   0.000000e+00   2.264705e-11   2538
  2.054513e+01   1.995561e-09   1.292341e-02   2.631175e-11   1974
  2.055491e+01   1.974850e-09   1.293140e-02   3.932509e-11   774
  2.057646e+01   1.942235e-09   0.000000e+00   2.342789e-11   2300
  2.060325e+01   1.994391e-09   1.467581e-02   2.595550e-11   2046
  2.062877e+01   1.921650e-09   4.449757e-03   2.716557e-11   1626
  2.063671e+01   1.921306e-09   7.735646e-03   5.747443e-11   390
  2.065818e+01   2.087621e-09   7.851642e-03   3.055523e-11   1766
  2.068540e+01   2.021364e-09   0.000000e+00   3.047832e-11   1596
  2.071199e+01   1.995908e-09   0.000000e+00   3.519391e-11   1302
  2.071852e+01   1.899585e-09   0.000000e+00   8.397411e-11   150
  2.074003e+01   1.975456e-09   2.644073e-03   3.060097e-11   1298
  2.076735e+01   2.006315e-09   0.000000e+00   3.503459e-11   1158
  2.079453e+01   1.992060e-09   4.394243e-03   3.555526e-11   996
  2.080451e+01   2.184959e-09   1.076411e-02   2.084036e-10   38
  2.082208e+01   2.010591e-09   0.000000e+00   3.966106e-11   894
  2.084944e+01   2.029104e-09   9.709219e-03   4.170479e-11   786
  2.087684e+01   1.986841e-09   0.000000e+00   4.630878e-11   678
  2.090290e+01   2.231368e-09   0.000000e+00   6.146217e-10   8
  2.090427e+01   2.012553e-09   1.309117e-02   5.017936e-11   570
  2.093169e+01   2.052335e-09   1.240509e-02   4.969716e-11   486
  2.095915e+01   1.907508e-09   0.000000e+00   5.382559e-11   402
  2.098585e+01   2.144646e-09   0.000000e+00   3.106272e-10   8
  2.098664e+01   1.891846e-09   1.092789e-02   5.457690e-11   318
  2.101412e+01   2.004618e-09   0.000000e+00   7.143020e-11   258
  2.104164e+01   1.909267e-09   0.000000e+00   6.222196e-11   198
  2.106880e+01   2.085712e-09   0.000000e+00   9.627265e-11   8
  2.106919e+01   1.993561e-09   0.000000e+00   8.494362e-11   138
  2.109671e+01   2.113633e-09   3.586795e-03   9.385948e-11   102
  2.112428e+01   1.629977e-09   6.532758e-03   1.067600e-10   66
  2.115187e+01   2.257444e-09   0.000000e+00   2.079226e-10   38
  2.117947e+01   2.189038e-09   0.000000e+00   2.859035e-10   18
  2.120708e+01   1.289333e-09   0.000000e+00   2.565926e-10   6
