# power spectrum of omega (curl v)
# redshift z=0.690600
# k              Pk             sigma(k)       sigma(Pk)      count
  4.789006e-02   6.344604e-17   1.569186e-05   2.169460e-18   6
  6.772678e-02   1.880834e-16   0.000000e+00   4.058791e-17   12
  8.844750e-02   1.255096e-15   6.350197e-03   2.513299e-16   14
  1.121958e-01   3.166638e-15   5.110132e-03   2.215464e-16   48
  1.413226e-01   1.192408e-14   3.711993e-03   1.154244e-15   42
  1.551375e-01   2.950484e-14   3.695504e-03   2.934195e-15   48
  1.759035e-01   4.119931e-14   4.430317e-03   2.712517e-15   80
  1.993525e-01   1.025419e-13   3.439775e-03   5.881056e-15   90
  2.172926e-01   1.443837e-13   5.401395e-03   8.736504e-15   120
  2.427789e-01   3.403506e-13   4.539269e-03   2.156765e-14   158
  2.596594e-01   5.179804e-13   2.154172e-03   3.528403e-14   120
  2.799969e-01   6.068320e-13   4.814837e-03   3.248141e-14   186
  3.024673e-01   1.060434e-12   6.584405e-03   4.232812e-14   264
  3.207263e-01   1.409021e-12   3.554717e-03   8.747077e-14   168
  3.440233e-01   2.574457e-12   6.353114e-03   1.106793e-13   386
  3.635186e-01   3.290937e-12   3.844319e-03   1.467833e-13   192
  3.827000e-01   4.225464e-12   6.302989e-03   1.686146e-13   390
  4.042493e-01   5.306112e-12   6.599222e-03   1.805662e-13   396
  4.244941e-01   7.165630e-12   6.547168e-03   2.742782e-13   398
  4.467496e-01   1.107026e-11   6.417329e-03   3.546905e-13   576
  4.686509e-01   1.348792e-11   6.510439e-03   5.056556e-13   444
  4.878078e-01   1.512456e-11   5.874003e-03   4.261628e-13   590
  5.096214e-01   2.076326e-11   6.432479e-03   5.974961e-13   648
  5.308979e-01   2.583738e-11   5.692893e-03   7.963017e-13   654
  5.498012e-01   3.256816e-11   4.722042e-03   9.607238e-13   636
  5.709321e-01   3.545117e-11   7.079544e-03   9.199808e-13   830
  5.907593e-01   4.399863e-11   5.095999e-03   1.180392e-12   792
  6.110328e-01   4.874966e-11   5.241142e-03   1.206167e-12   804
  6.317957e-01   6.261171e-11   6.468770e-03   1.366274e-12   1038
  6.518970e-01   7.253477e-11   5.066866e-03   1.777674e-12   936
  6.736843e-01   8.511297e-11   5.928384e-03   1.993217e-12   1130
  6.934320e-01   9.525824e-11   5.498096e-03   1.993649e-12   1104
  7.151093e-01   1.099554e-10   6.116133e-03   2.206335e-12   1230
  7.349322e-01   1.362057e-10   6.212201e-03   2.535280e-12   1260
  7.550713e-01   1.527566e-10   5.367123e-03   3.295357e-12   1286
  7.778485e-01   1.673749e-10   6.513251e-03   2.889342e-12   1728
  7.994312e-01   1.885443e-10   5.758260e-03   3.950420e-12   1392
  8.199441e-01   2.271066e-10   5.472268e-03   4.273492e-12   1626
  8.409694e-01   2.413403e-10   6.465203e-03   4.203368e-12   1760
  8.620805e-01   2.766937e-10   5.346546e-03   4.748791e-12   1686
  8.819823e-01   3.044448e-10   5.438430e-03   5.290161e-12   1812
  9.023318e-01   3.281294e-10   6.263135e-03   5.813753e-12   1862
  9.231285e-01   3.749643e-10   5.577898e-03   5.709512e-12   2160
  9.440529e-01   4.087646e-10   5.701804e-03   7.335665e-12   1956
  9.651054e-01   4.684215e-10   6.405607e-03   6.922946e-12   2454
  9.856496e-01   4.797763e-10   4.996224e-03   7.530785e-12   2048
  1.006269e+00   5.264239e-10   6.503570e-03   7.592176e-12   2538
  1.026621e+00   6.072644e-10   5.450501e-03   9.004793e-12   2400
  1.047192e+00   6.434662e-10   6.493922e-03   9.061018e-12   2526
  1.067717e+00   6.845071e-10   6.428646e-03   9.466529e-12   2856
  1.089126e+00   7.462003e-10   5.998658e-03   1.050343e-11   2804
  1.110271e+00   8.131988e-10   6.270330e-03   1.082981e-11   2958
  1.130394e+00   8.713271e-10   6.081912e-03   1.159911e-11   2976
  1.151629e+00   9.675178e-10   6.085785e-03   1.266880e-11   3194
  1.171511e+00   9.978521e-10   6.051968e-03   1.313429e-11   3120
  1.193046e+00   1.113557e-09   6.150978e-03   1.313292e-11   3606
  1.213599e+00   1.155246e-09   5.612012e-03   1.445948e-11   3276
  1.233622e+00   1.248379e-09   6.332641e-03   1.497450e-11   3600
  1.254220e+00   1.339899e-09   5.572771e-03   1.635736e-11   3638
  1.274050e+00   1.428753e-09   5.957277e-03   1.790816e-11   3744
  1.295503e+00   1.487519e-09   6.169252e-03   1.685302e-11   4170
  1.316011e+00   1.570576e-09   5.820608e-03   1.761908e-11   3984
  1.336899e+00   1.714251e-09   5.879074e-03   1.874919e-11   4334
  1.357509e+00   1.756396e-09   5.433735e-03   1.944367e-11   4284
  1.377862e+00   1.824719e-09   6.586002e-03   2.007927e-11   4374
  1.399143e+00   1.953372e-09   5.852376e-03   1.981240e-11   5016
  1.420103e+00   2.114792e-09   5.650984e-03   2.170065e-11   4580
  1.440995e+00   2.177436e-09   6.618768e-03   2.167215e-11   5142
  1.462309e+00   2.310950e-09   6.371972e-03   2.312381e-11   5184
  1.483176e+00   2.445197e-09   4.984571e-03   2.476251e-11   5058
  1.503228e+00   2.547049e-09   5.897393e-03   2.532159e-11   5384
  1.524670e+00   2.628550e-09   6.695675e-03   2.545128e-11   5622
  1.545353e+00   2.819279e-09   5.640865e-03   2.654049e-11   5736
  1.565950e+00   2.873996e-09   5.092931e-03   2.762066e-11   5596
  1.586643e+00   3.013510e-09   6.374732e-03   2.726354e-11   6070
  1.607167e+00   3.267804e-09   4.962312e-03   3.049076e-11   6096
  1.628581e+00   3.229071e-09   6.133622e-03   2.930892e-11   6474
  1.648392e+00   3.434109e-09   5.864426e-03   3.145695e-11   6024
  1.669580e+00   3.604696e-09   5.925017e-03   3.148524e-11   7070
  1.690573e+00   3.760152e-09   4.809061e-03   3.329961e-11   6516
  1.710709e+00   3.931829e-09   5.782154e-03   3.368930e-11   6936
  1.731727e+00   4.097685e-09   5.905101e-03   3.357350e-11   7110
  1.752060e+00   4.237558e-09   4.416696e-03   3.554732e-11   7244
  1.773569e+00   4.332871e-09   6.424417e-03   3.520312e-11   7878
  1.794402e+00   4.533977e-09   6.149341e-03   3.829012e-11   7344
  1.814575e+00   4.712310e-09   6.435336e-03   3.784748e-11   7694
  1.835593e+00   4.849114e-09   6.177224e-03   3.777206e-11   8412
  1.856699e+00   4.977141e-09   6.452088e-03   3.887829e-11   7920
  1.876759e+00   5.160452e-09   5.417024e-03   4.018614e-11   8118
  1.897178e+00   5.389163e-09   6.304957e-03   4.193022e-11   8548
  1.917951e+00   5.495339e-09   6.416240e-03   4.288592e-11   8710
  1.938549e+00   5.658845e-09   5.618245e-03   4.246733e-11   8928
  1.959695e+00   5.819324e-09   6.075719e-03   4.399749e-11   9186
  1.979980e+00   5.952707e-09   6.651010e-03   4.380544e-11   9200
  2.000891e+00   6.176674e-09   5.739979e-03   4.511290e-11   9438
  2.021278e+00   6.294723e-09   8.001128e-03   4.571882e-11   9564
  2.042231e+00   6.574630e-09   6.148976e-03   4.625282e-11   10296
  2.063682e+00   6.797098e-09   5.376648e-03   4.869642e-11   10126
  2.083777e+00   6.834485e-09   6.730726e-03   4.842707e-11   10024
  2.105151e+00   7.081671e-09   4.712298e-03   4.750221e-11   11082
  2.126137e+00   7.256901e-09   7.303006e-03   4.924152e-11   10632
  2.146648e+00   7.401558e-09   5.326134e-03   5.201147e-11   10734
  2.167370e+00   7.636659e-09   6.445526e-03   5.068802e-11   11276
  2.188085e+00   7.784533e-09   5.817126e-03   5.155073e-11   11352
  2.208991e+00   7.951399e-09   6.081183e-03   5.368912e-11   11550
  2.229512e+00   8.176396e-09   5.690573e-03   5.449983e-11   11772
  2.250338e+00   8.301905e-09   7.077712e-03   5.389032e-11   12038
  2.270908e+00   8.683394e-09   8.649333e-03   5.820702e-11   12096
  2.291762e+00   8.891159e-09   6.910786e-03   5.696629e-11   12582
  2.312386e+00   8.898493e-09   2.192274e-03   5.611272e-11   12620
  2.333484e+00   8.972287e-09   7.304332e-03   5.588692e-11   13320
  2.354132e+00   9.423437e-09   6.663551e-03   5.929709e-11   12654
  2.374385e+00   9.476725e-09   7.704233e-04   5.931522e-11   13236
  2.394940e+00   9.566783e-09   9.584441e-03   5.856727e-11   13438
  2.415712e+00   9.886214e-09   9.416573e-03   5.845988e-11   14344
  2.437236e+00   1.003729e-08   5.947959e-03   6.016162e-11   14226
  2.457572e+00   1.031205e-08   4.728886e-03   6.205546e-11   14088
  2.478175e+00   1.047838e-08   0.000000e+00   6.197336e-11   14328
  2.498827e+00   1.052424e-08   6.531052e-03   6.138445e-11   14954
  2.519760e+00   1.066203e-08   5.086951e-03   6.155682e-11   15480
  2.540776e+00   1.102826e-08   6.739827e-03   6.441214e-11   14862
  2.560688e+00   1.118285e-08   8.137134e-03   6.421641e-11   15296
  2.581598e+00   1.137529e-08   7.633448e-03   6.541986e-11   15954
  2.602086e+00   1.169130e-08   6.443768e-03   6.632923e-11   15720
  2.622579e+00   1.170325e-08   2.700038e-03   6.501230e-11   16296
  2.643690e+00   1.195473e-08   4.134317e-03   6.520818e-11   17010
  2.664189e+00   1.213548e-08   3.379676e-03   6.814113e-11   16328
  2.684811e+00   1.243252e-08   3.231121e-03   6.759042e-11   17094
  2.705495e+00   1.253895e-08   8.519659e-03   6.688396e-11   17436
  2.726416e+00   1.295024e-08   8.666804e-03   7.044097e-11   17862
  2.747423e+00   1.312432e-08   7.353054e-03   6.874605e-11   18200
  2.768585e+00   1.328070e-08   1.351897e-03   6.907123e-11   18450
  2.789287e+00   1.334900e-08   3.724342e-03   6.939335e-11   18384
  2.809940e+00   1.364550e-08   5.648074e-03   7.206484e-11   18504
  2.830568e+00   1.377657e-08   4.464879e-03   7.155521e-11   19142
  2.851613e+00   1.406136e-08   5.808658e-03   7.150434e-11   19692
  2.872433e+00   1.415715e-08   6.063189e-03   7.262075e-11   19062
  2.892804e+00   1.455678e-08   0.000000e+00   7.280667e-11   20184
  2.913860e+00   1.437204e-08   7.387844e-03   7.265906e-11   19970
  2.934397e+00   1.469668e-08   0.000000e+00   7.374197e-11   20496
  2.955536e+00   1.496966e-08   8.630177e-03   7.164288e-11   21456
  2.976109e+00   1.516569e-08   5.866269e-03   7.687547e-11   19650
  2.996304e+00   1.543019e-08   9.594534e-03   7.447831e-11   22040
  3.017594e+00   1.560102e-08   1.286221e-02   7.706653e-11   21558
  3.038152e+00   1.571145e-08   0.000000e+00   7.504730e-11   21804
  3.058764e+00   1.599889e-08   7.896952e-03   7.681883e-11   21926
  3.079308e+00   1.623699e-08   9.566912e-03   7.644170e-11   22416
  3.099937e+00   1.621276e-08   8.466104e-03   7.702998e-11   22776
  3.121147e+00   1.640679e-08   6.541977e-03   7.600056e-11   23874
  3.141984e+00   1.661061e-08   0.000000e+00   7.809029e-11   23104
  3.162701e+00   1.692845e-08   0.000000e+00   7.775531e-11   23974
  3.183467e+00   1.700948e-08   1.379620e-02   7.885991e-11   23892
  3.203873e+00   1.730340e-08   0.000000e+00   8.043210e-11   23550
  3.224418e+00   1.742280e-08   6.668308e-03   7.843092e-11   25320
  3.245288e+00   1.767821e-08   1.188099e-02   8.058659e-11   24428
  3.265710e+00   1.777023e-08   8.102048e-03   8.064944e-11   25254
  3.286619e+00   1.807706e-08   0.000000e+00   7.972134e-11   26016
  3.307231e+00   1.796238e-08   9.349462e-04   8.087550e-11   25182
  3.328033e+00   1.810917e-08   3.839685e-03   7.790868e-11   27428
  3.349136e+00   1.860372e-08   4.844645e-03   8.295272e-11   25974
  3.369438e+00   1.853541e-08   9.033785e-03   8.081799e-11   26904
  3.390059e+00   1.899323e-08   3.311861e-03   8.208353e-11   26730
  3.410702e+00   1.899403e-08   0.000000e+00   8.147289e-11   27896
  3.431860e+00   1.914987e-08   1.035356e-02   8.016129e-11   28992
  3.453271e+00   1.951729e-08   2.404084e-03   8.142557e-11   28698
  3.473700e+00   1.943670e-08   0.000000e+00   8.301685e-11   27816
  3.494571e+00   1.981655e-08   0.000000e+00   8.168082e-11   29774
  3.515450e+00   1.990621e-08   6.793510e-03   8.277154e-11   29148
  3.535861e+00   2.019929e-08   0.000000e+00   8.569438e-11   28806
  3.556422e+00   2.026169e-08   1.128732e-02   8.326491e-11   30408
  3.577217e+00   2.025368e-08   0.000000e+00   8.255062e-11   30320
  3.598192e+00   2.059668e-08   0.000000e+00   8.310365e-11   30930
  3.619128e+00   2.085160e-08   0.000000e+00   8.390973e-11   31656
  3.639581e+00   2.098861e-08   0.000000e+00   8.556870e-11   30086
  3.660127e+00   2.121574e-08   1.349390e-02   8.275843e-11   32724
  3.680837e+00   2.124935e-08   7.578259e-03   8.611650e-11   30846
  3.701403e+00   2.128224e-08   2.505619e-03   8.412706e-11   33480
  3.722425e+00   2.163922e-08   1.082396e-02   8.586729e-11   32724
  3.742979e+00   2.183166e-08   6.985149e-03   8.594153e-11   32894
  3.763828e+00   2.204461e-08   0.000000e+00   8.463149e-11   34200
  3.784682e+00   2.215950e-08   8.733941e-03   8.568967e-11   33594
  3.805162e+00   2.244427e-08   0.000000e+00   8.588190e-11   34336
  3.826056e+00   2.252492e-08   1.742750e-03   8.538033e-11   34822
  3.846791e+00   2.219912e-08   0.000000e+00   8.435593e-11   35472
  3.867411e+00   2.274072e-08   0.000000e+00   8.797403e-11   34404
  3.887970e+00   2.290051e-08   0.000000e+00   8.523275e-11   36222
  3.908577e+00   2.311089e-08   6.537884e-03   8.777919e-11   35984
  3.929394e+00   2.301300e-08   8.673368e-03   8.515110e-11   36570
  3.950032e+00   2.324425e-08   0.000000e+00   8.524967e-11   37176
  3.970895e+00   2.342866e-08   0.000000e+00   8.662735e-11   37406
  3.991673e+00   2.349210e-08   0.000000e+00   8.664284e-11   38052
  4.012283e+00   2.393635e-08   0.000000e+00   8.832228e-11   37590
  4.033174e+00   2.382641e-08   1.058017e-02   8.595650e-11   39480
  4.053855e+00   2.400942e-08   0.000000e+00   8.720338e-11   38260
  4.074528e+00   2.426575e-08   1.042091e-02   8.669511e-11   39646
  4.095623e+00   2.410656e-08   5.625093e-03   8.548068e-11   40944
  4.116542e+00   2.439959e-08   0.000000e+00   8.723179e-11   39678
  4.137150e+00   2.469431e-08   0.000000e+00   8.692516e-11   40804
  4.157880e+00   2.476768e-08   0.000000e+00   8.754741e-11   40606
  4.178646e+00   2.480714e-08   1.406042e-02   8.633159e-11   42216
  4.199539e+00   2.520645e-08   0.000000e+00   8.875607e-11   41532
  4.220177e+00   2.509831e-08   0.000000e+00   8.749212e-11   41990
  4.240665e+00   2.544334e-08   1.470451e-02   8.829766e-11   42360
  4.261571e+00   2.545725e-08   5.408908e-03   8.780623e-11   43530
  4.282349e+00   2.557043e-08   8.195427e-03   8.650948e-11   43848
  4.303061e+00   2.578547e-08   0.000000e+00   8.970369e-11   42870
  4.323842e+00   2.580804e-08   1.407891e-02   8.487160e-11   46160
  4.344700e+00   2.599071e-08   5.455079e-03   8.868488e-11   43380
  4.365240e+00   2.614009e-08   0.000000e+00   8.902685e-11   45294
  4.385850e+00   2.650636e-08   1.309542e-02   8.854480e-11   45744
  4.406925e+00   2.636293e-08   0.000000e+00   8.733957e-11   46682
  4.427542e+00   2.646746e-08   7.142848e-03   8.810019e-11   45840
  4.448226e+00   2.660928e-08   0.000000e+00   8.748835e-11   47118
  4.468865e+00   2.652323e-08   1.937141e-02   8.734103e-11   47124
  4.489588e+00   2.693735e-08   4.999841e-03   8.738135e-11   47984
  4.510730e+00   2.697789e-08   8.807319e-03   8.712339e-11   49566
  4.531117e+00   2.686808e-08   5.552978e-03   8.928727e-11   46284
  4.551570e+00   2.717665e-08   1.393172e-02   8.737433e-11   49966
  4.572384e+00   2.719722e-08   1.022484e-02   8.841852e-11   49360
  4.593072e+00   2.743545e-08   1.801180e-03   8.728198e-11   49806
  4.613927e+00   2.769288e-08   1.122934e-02   8.698717e-11   51492
  4.634556e+00   2.755277e-08   1.501721e-02   8.929851e-11   49496
  4.655358e+00   2.781972e-08   1.529412e-02   8.625515e-11   53190
  4.676337e+00   2.802766e-08   0.000000e+00   8.947039e-11   51060
  4.696902e+00   2.794797e-08   0.000000e+00   8.743269e-11   52134
  4.717534e+00   2.794851e-08   9.665844e-03   8.733325e-11   53088
  4.738328e+00   2.828246e-08   6.809143e-03   8.878390e-11   52706
  4.759059e+00   2.828621e-08   9.885479e-03   8.729472e-11   54936
  4.780122e+00   2.840669e-08   0.000000e+00   8.869913e-11   53886
  4.800724e+00   2.845352e-08   0.000000e+00   8.744637e-11   54436
  4.821321e+00   2.873168e-08   0.000000e+00   8.752262e-11   55096
  4.842331e+00   2.855345e-08   0.000000e+00   8.670241e-11   56358
  4.862918e+00   2.888219e-08   0.000000e+00   8.798489e-11   55632
  4.883674e+00   2.904415e-08   2.006446e-02   8.815763e-11   56530
  4.904377e+00   2.915264e-08   0.000000e+00   8.804193e-11   57232
  4.925004e+00   2.906066e-08   0.000000e+00   8.739705e-11   56766
  4.946156e+00   2.923361e-08   0.000000e+00   8.526887e-11   60804
  4.966740e+00   2.920976e-08   0.000000e+00   8.987634e-11   55536
  4.987401e+00   2.909145e-08   2.507721e-02   8.453866e-11   61166
  5.008143e+00   2.938362e-08   0.000000e+00   8.786289e-11   57396
  5.028656e+00   2.939100e-08   1.212399e-02   8.515467e-11   60870
  5.049484e+00   2.972805e-08   0.000000e+00   8.699760e-11   60224
  5.070205e+00   2.962497e-08   1.756375e-02   8.698327e-11   61002
  5.090996e+00   2.967781e-08   1.586322e-02   8.629932e-11   62016
  5.111676e+00   2.973642e-08   0.000000e+00   8.812177e-11   60768
  5.132189e+00   2.973705e-08   2.336731e-02   8.530215e-11   62870
  5.153160e+00   3.012446e-08   8.550787e-03   8.616594e-11   63804
  5.174011e+00   2.986130e-08   1.116028e-02   8.538473e-11   63054
  5.194387e+00   3.022057e-08   8.853015e-03   8.702506e-11   63024
  5.215202e+00   3.016510e-08   0.000000e+00   8.482374e-11   65018
  5.235782e+00   3.023182e-08   1.516155e-02   8.572877e-11   64608
  5.256577e+00   3.046267e-08   0.000000e+00   8.594605e-11   65688
  5.277311e+00   3.031316e-08   2.250380e-02   8.556460e-11   65994
  5.297978e+00   3.046799e-08   0.000000e+00   8.450915e-11   66648
  5.318871e+00   3.074404e-08   1.553789e-02   8.574497e-11   67310
  5.339462e+00   3.055029e-08   0.000000e+00   8.489559e-11   67224
  5.360199e+00   3.063121e-08   6.473002e-03   8.454143e-11   68034
  5.381014e+00   3.073665e-08   0.000000e+00   8.396565e-11   69744
  5.401831e+00   3.093479e-08   1.140867e-02   8.546809e-11   68654
  5.422854e+00   3.085826e-08   1.562259e-02   8.297791e-11   72132
  5.443654e+00   3.075155e-08   9.588795e-03   8.500381e-11   68520
  5.464158e+00   3.081117e-08   1.503677e-02   8.385285e-11   71070
  5.485072e+00   3.107482e-08   0.000000e+00   8.399040e-11   71948
  5.505774e+00   3.096646e-08   2.275522e-02   8.433270e-11   71598
  5.526655e+00   3.105350e-08   0.000000e+00   8.309538e-11   73536
  5.547362e+00   3.122975e-08   2.774520e-02   8.364954e-11   71802
  5.567856e+00   3.105083e-08   0.000000e+00   8.317845e-11   73280
  5.588593e+00   3.126280e-08   0.000000e+00   8.224261e-11   73992
  5.609518e+00   3.115572e-08   1.307130e-02   8.160578e-11   75966
  5.630238e+00   3.150053e-08   0.000000e+00   8.397727e-11   74364
  5.650981e+00   3.119657e-08   1.567107e-02   8.129017e-11   76094
  5.671665e+00   3.141786e-08   0.000000e+00   8.256285e-11   76224
  5.692416e+00   3.147146e-08   1.040504e-02   8.299776e-11   76242
  5.712949e+00   3.129487e-08   0.000000e+00   8.164291e-11   76944
  5.733683e+00   3.155147e-08   0.000000e+00   8.146281e-11   78680
  5.754737e+00   3.140327e-08   1.788961e-02   8.053101e-11   79962
  5.775390e+00   3.159390e-08   8.946280e-03   8.212217e-11   77760
  5.796021e+00   3.161077e-08   2.095222e-02   8.091460e-11   79590
  5.816768e+00   3.164128e-08   0.000000e+00   8.056104e-11   80732
  5.837569e+00   3.174936e-08   2.670519e-02   8.098305e-11   81174
  5.858318e+00   3.163293e-08   8.840338e-03   8.054032e-11   80832
  5.878648e+00   3.151438e-08   2.705897e-02   8.071593e-11   79992
  5.899507e+00   3.143639e-08   0.000000e+00   7.868956e-11   84314
  5.920439e+00   3.167809e-08   0.000000e+00   7.977300e-11   83592
  5.941250e+00   3.162027e-08   2.012073e-02   8.004177e-11   83838
  5.961944e+00   3.163709e-08   0.000000e+00   7.963651e-11   83676
  5.982556e+00   3.170477e-08   1.348563e-02   7.919299e-11   84950
  6.003229e+00   3.171754e-08   0.000000e+00   7.931998e-11   84912
  6.024026e+00   3.170035e-08   2.412182e-02   7.790796e-11   87162
  6.044870e+00   3.166883e-08   0.000000e+00   7.810868e-11   86440
  6.065493e+00   3.188747e-08   0.000000e+00   7.868401e-11   86560
  6.086294e+00   3.194456e-08   2.699921e-03   7.810799e-11   88698
  6.106998e+00   3.202593e-08   3.019548e-02   7.845432e-11   88920
  6.127980e+00   3.176235e-08   0.000000e+00   7.737767e-11   88814
  6.148557e+00   3.182147e-08   5.933392e-03   7.722312e-11   90336
  6.169520e+00   3.208322e-08   0.000000e+00   7.755426e-11   90282
  6.190226e+00   3.185625e-08   0.000000e+00   7.734831e-11   90840
  6.210762e+00   3.186041e-08   2.239131e-02   7.724280e-11   91128
  6.231705e+00   3.181562e-08   0.000000e+00   7.568888e-11   92690
  6.252313e+00   3.209126e-08   0.000000e+00   7.716674e-11   92160
  6.273109e+00   3.186295e-08   0.000000e+00   7.605037e-11   93534
  6.293743e+00   3.195370e-08   0.000000e+00   7.701626e-11   93484
  6.314477e+00   3.205007e-08   3.893167e-03   7.525515e-11   95206
  6.335383e+00   3.212531e-08   1.035751e-02   7.569050e-11   96048
  6.355953e+00   3.212027e-08   9.187865e-03   7.631110e-11   93600
  6.376648e+00   3.165325e-08   0.000000e+00   7.442774e-11   97410
  6.397376e+00   3.202878e-08   2.786308e-02   7.529665e-11   97856
  6.418315e+00   3.181439e-08   0.000000e+00   7.483893e-11   97278
  6.438965e+00   3.196795e-08   1.687817e-02   7.431127e-11   98916
  6.459629e+00   3.200706e-08   0.000000e+00   7.592509e-11   96894
  6.480183e+00   3.176335e-08   0.000000e+00   7.352033e-11   100976
  6.501130e+00   3.194169e-08   4.573311e-03   7.427377e-11   100164
  6.521749e+00   3.179338e-08   0.000000e+00   7.369499e-11   100014
  6.542241e+00   3.208869e-08   2.003195e-02   7.418832e-11   101040
  6.563073e+00   3.204992e-08   0.000000e+00   7.339200e-11   102338
  6.583707e+00   3.187061e-08   1.245812e-02   7.320189e-11   102912
  6.604645e+00   3.197805e-08   0.000000e+00   7.277354e-11   104238
  6.625221e+00   3.180019e-08   1.948105e-02   7.318055e-11   103104
  6.645985e+00   3.194383e-08   1.763235e-02   7.223618e-11   105404
  6.666802e+00   3.197260e-08   0.000000e+00   7.264681e-11   105198
  6.687510e+00   3.191258e-08   0.000000e+00   7.137158e-11   106632
  6.708328e+00   3.168632e-08   2.563114e-02   7.121419e-11   106706
  6.729022e+00   3.202883e-08   0.000000e+00   7.214888e-11   106992
  6.749962e+00   3.181731e-08   0.000000e+00   7.031683e-11   110118
  6.770697e+00   3.194046e-08   3.182415e-02   7.180837e-11   108084
  6.791317e+00   3.177799e-08   1.109786e-02   7.138836e-11   108222
  6.812161e+00   3.151184e-08   0.000000e+00   6.979253e-11   112160
  6.832812e+00   3.192462e-08   1.833849e-02   7.159541e-11   108492
  6.853557e+00   3.175203e-08   2.271106e-02   7.023400e-11   113262
  6.874381e+00   3.186819e-08   0.000000e+00   7.057082e-11   111360
  6.895231e+00   3.181043e-08   0.000000e+00   7.018889e-11   114182
  6.915921e+00   3.164284e-08   3.319947e-02   6.980010e-11   112884
  6.936683e+00   3.153612e-08   6.542568e-03   6.852409e-11   113934
  6.957294e+00   3.167878e-08   0.000000e+00   6.887239e-11   114504
  6.978241e+00   3.142049e-08   0.000000e+00   6.742147e-11   117500
  6.998909e+00   3.144845e-08   2.386309e-02   6.876737e-11   114102
  7.019595e+00   3.148486e-08   8.435714e-03   6.746705e-11   118584
  7.040400e+00   3.137186e-08   0.000000e+00   6.905912e-11   115546
  7.060873e+00   3.134266e-08   2.165964e-02   6.750421e-11   118984
  7.081860e+00   3.140483e-08   5.752037e-03   6.702716e-11   119526
  7.102512e+00   3.120667e-08   3.233060e-03   6.706222e-11   119436
  7.123150e+00   3.137736e-08   0.000000e+00   6.784424e-11   118632
  7.143815e+00   3.107873e-08   2.414884e-02   6.618798e-11   122510
  7.164668e+00   3.139581e-08   0.000000e+00   6.727301e-11   121680
  7.185450e+00   3.112659e-08   0.000000e+00   6.667026e-11   121434
  7.206003e+00   3.091633e-08   0.000000e+00   6.524997e-11   123928
  7.226827e+00   3.111912e-08   0.000000e+00   6.547356e-11   123910
  7.247601e+00   3.094911e-08   0.000000e+00   6.585716e-11   124452
  7.268316e+00   3.094868e-08   0.000000e+00   6.481839e-11   125376
  7.289032e+00   3.089987e-08   2.079400e-02   6.483685e-11   126638
  7.309761e+00   3.082125e-08   8.629472e-03   6.495135e-11   125844
  7.330506e+00   3.090626e-08   0.000000e+00   6.453293e-11   128142
  7.351275e+00   3.072558e-08   6.098347e-03   6.420664e-11   128136
  7.371903e+00   3.076090e-08   9.441509e-03   6.460632e-11   127642
  7.392693e+00   3.074745e-08   0.000000e+00   6.276313e-11   131968
  7.413715e+00   3.082586e-08   0.000000e+00   6.376947e-11   130326
  7.434331e+00   3.047935e-08   2.161944e-02   6.293905e-11   131688
  7.455057e+00   3.066546e-08   9.613151e-03   6.349730e-11   130212
  7.475703e+00   3.051883e-08   0.000000e+00   6.304770e-11   132686
  7.496604e+00   3.044292e-08   0.000000e+00   6.201515e-11   135960
  7.517413e+00   3.051102e-08   1.632027e-02   6.293686e-11   131562
  7.537786e+00   3.048065e-08   1.231104e-02   6.204092e-11   134016
  7.558657e+00   3.049752e-08   0.000000e+00   6.220340e-11   136478
  7.579403e+00   3.018127e-08   2.803841e-02   6.130905e-11   136812
  7.600229e+00   3.018789e-08   1.858991e-02   6.083992e-11   137856
  7.620980e+00   3.025640e-08   0.000000e+00   6.189535e-11   135862
  7.641612e+00   3.018380e-08   0.000000e+00   6.118071e-11   140056
  7.662506e+00   3.019334e-08   2.437478e-02   6.120271e-11   139602
  7.683199e+00   2.990101e-08   0.000000e+00   6.075904e-11   139080
  7.703880e+00   3.014953e-08   0.000000e+00   6.074218e-11   140678
  7.724644e+00   2.995677e-08   1.338111e-02   6.002446e-11   142884
  7.745326e+00   2.981545e-08   1.118645e-02   6.011950e-11   139992
  7.766053e+00   2.995150e-08   0.000000e+00   5.964563e-11   144966
  7.786897e+00   2.988338e-08   0.000000e+00   5.935732e-11   143364
  7.807548e+00   2.964295e-08   1.918909e-02   5.885482e-11   144518
  7.828229e+00   2.974480e-08   1.996018e-02   5.961905e-11   145200
  7.848878e+00   2.977609e-08   0.000000e+00   6.002806e-11   143466
  7.869472e+00   2.944443e-08   0.000000e+00   5.804624e-11   148824
  7.890216e+00   2.974032e-08   1.585839e-02   5.871212e-11   145544
  7.910804e+00   2.938497e-08   0.000000e+00   5.811251e-11   148590
  7.931652e+00   2.954579e-08   0.000000e+00   5.775653e-11   150540
  7.952469e+00   2.944499e-08   2.797746e-02   5.797454e-11   150134
  7.973199e+00   2.933067e-08   0.000000e+00   5.746618e-11   151296
  7.994125e+00   2.932015e-08   0.000000e+00   5.708536e-11   152058
  8.014651e+00   2.925391e-08   1.750560e-02   5.749438e-11   150864
  8.035390e+00   2.918303e-08   1.546809e-02   5.625929e-11   154310
  8.056341e+00   2.909426e-08   0.000000e+00   5.651126e-11   155172
  8.077064e+00   2.903131e-08   0.000000e+00   5.632419e-11   154128
  8.097989e+00   2.894270e-08   1.260688e-02   5.543942e-11   158310
  8.118629e+00   2.891240e-08   1.867108e-02   5.648664e-11   153436
  8.139286e+00   2.894028e-08   0.000000e+00   5.517094e-11   157726
  8.160231e+00   2.873175e-08   0.000000e+00   5.470300e-11   160368
  8.180873e+00   2.883078e-08   9.906920e-03   5.562843e-11   155718
  8.201480e+00   2.850819e-08   0.000000e+00   5.450666e-11   160028
  8.222226e+00   2.852694e-08   0.000000e+00   5.425765e-11   160920
  8.243007e+00   2.840349e-08   1.345889e-02   5.457087e-11   161070
  8.263783e+00   2.833978e-08   3.059866e-02   5.338888e-11   163428
  8.284440e+00   2.824742e-08   0.000000e+00   5.417265e-11   159574
  8.305243e+00   2.836872e-08   0.000000e+00   5.328058e-11   167392
  8.326056e+00   2.827054e-08   2.444435e-02   5.387029e-11   162258
  8.346723e+00   2.810670e-08   1.381622e-02   5.286515e-11   167472
  8.367536e+00   2.807301e-08   0.000000e+00   5.306855e-11   163664
  8.388105e+00   2.797855e-08   0.000000e+00   5.290449e-11   166986
  8.408897e+00   2.803191e-08   1.756115e-02   5.197881e-11   169968
  8.429854e+00   2.788471e-08   0.000000e+00   5.223900e-11   167646
  8.450318e+00   2.769577e-08   0.000000e+00   5.206622e-11   168080
  8.471076e+00   2.781607e-08   1.721989e-02   5.189199e-11   170826
  8.491846e+00   2.752048e-08   0.000000e+00   5.153962e-11   170928
  8.512426e+00   2.770517e-08   1.700859e-02   5.157303e-11   170640
  8.533267e+00   2.750097e-08   0.000000e+00   5.075643e-11   173954
  8.553926e+00   2.752059e-08   2.635977e-02   5.128418e-11   173232
  8.574736e+00   2.736767e-08   0.000000e+00   5.048265e-11   174150
  8.595484e+00   2.725911e-08   3.685749e-03   4.990725e-11   176364
  8.616201e+00   2.718492e-08   1.671693e-02   4.998779e-11   175302
  8.636930e+00   2.701500e-08   6.451501e-03   4.973548e-11   177392
  8.657596e+00   2.714606e-08   1.802879e-02   4.991467e-11   176352
  8.678421e+00   2.688610e-08   0.000000e+00   4.916146e-11   180330
  8.699244e+00   2.703679e-08   8.773470e-03   4.929549e-11   180712
  8.719974e+00   2.686807e-08   1.493353e-02   4.924829e-11   179350
  8.740767e+00   2.676546e-08   1.420752e-02   4.847326e-11   183396
  8.761614e+00   2.668807e-08   0.000000e+00   4.857489e-11   180390
  8.782097e+00   2.657555e-08   0.000000e+00   4.821012e-11   181944
  8.802930e+00   2.669474e-08   0.000000e+00   4.794132e-11   185450
  8.823812e+00   2.645247e-08   7.568676e-03   4.786542e-11   186192
  8.844457e+00   2.640973e-08   2.018525e-02   4.785948e-11   183432
  8.865128e+00   2.634490e-08   0.000000e+00   4.749605e-11   185362
  8.885757e+00   2.624183e-08   4.234723e-03   4.722922e-11   188464
  8.906657e+00   2.609063e-08   0.000000e+00   4.678755e-11   188046
  8.927419e+00   2.612125e-08   1.325339e-02   4.667348e-11   191304
  8.948112e+00   2.606219e-08   2.478471e-02   4.712370e-11   186690
  8.968904e+00   2.597864e-08   0.000000e+00   4.615432e-11   194072
  8.989559e+00   2.594460e-08   2.168118e-02   4.670389e-11   188688
  9.010217e+00   2.567224e-08   0.000000e+00   4.564051e-11   192786
  9.030896e+00   2.576658e-08   8.058865e-03   4.564738e-11   193352
  9.051797e+00   2.561398e-08   0.000000e+00   4.539343e-11   195702
  9.072475e+00   2.562728e-08   2.852742e-02   4.523380e-11   195132
  9.093242e+00   2.562275e-08   0.000000e+00   4.514019e-11   195726
  9.113933e+00   2.533281e-08   0.000000e+00   4.486989e-11   197416
  9.134634e+00   2.544633e-08   8.299321e-03   4.461145e-11   196564
  9.155405e+00   2.509344e-08   1.993523e-02   4.390836e-11   201198
  9.176135e+00   2.512679e-08   3.578360e-03   4.442135e-11   197136
  9.196709e+00   2.512956e-08   0.000000e+00   4.427144e-11   199358
  9.217374e+00   2.502596e-08   2.787615e-02   4.350922e-11   203532
  9.238270e+00   2.508635e-08   0.000000e+00   4.378434e-11   201438
  9.258959e+00   2.487427e-08   0.000000e+00   4.385918e-11   203664
  9.279644e+00   2.485084e-08   2.808652e-02   4.301912e-11   203972
  9.300373e+00   2.464277e-08   2.142813e-02   4.301458e-11   205974
  9.321187e+00   2.470313e-08   0.000000e+00   4.275286e-11   205752
  9.342029e+00   2.462708e-08   0.000000e+00   4.244884e-11   207810
  9.362528e+00   2.453151e-08   3.622683e-02   4.250329e-11   206384
  9.383442e+00   2.444288e-08   0.000000e+00   4.201569e-11   210966
  9.404243e+00   2.441368e-08   0.000000e+00   4.196901e-11   210516
  9.425014e+00   2.441096e-08   0.000000e+00   4.221563e-11   209766
  9.445649e+00   2.441838e-08   4.067190e-02   4.192297e-11   212376
  9.466450e+00   2.430761e-08   0.000000e+00   4.150149e-11   212960
  9.487360e+00   2.417188e-08   0.000000e+00   4.139705e-11   214626
  9.507987e+00   2.422955e-08   2.962814e-02   4.143270e-11   213696
  9.528714e+00   2.406309e-08   2.951768e-02   4.098275e-11   215734
  9.549396e+00   2.397807e-08   0.000000e+00   4.125434e-11   213220
  9.570088e+00   2.400869e-08   0.000000e+00   4.039831e-11   219102
  9.590897e+00   2.380716e-08   3.428613e-02   4.033848e-11   220872
  9.611602e+00   2.383114e-08   5.012987e-02   4.063913e-11   216556
  9.632324e+00   2.369763e-08   3.887409e-02   3.985667e-11   221494
  9.653000e+00   2.373517e-08   4.210312e-02   4.022580e-11   219096
  9.673802e+00   2.349109e-08   3.110638e-02   3.934720e-11   224262
  9.694676e+00   2.337323e-08   0.000000e+00   3.954799e-11   222508
  9.715413e+00   2.344172e-08   0.000000e+00   3.934111e-11   222502
  9.735990e+00   2.329253e-08   3.990176e-02   3.908164e-11   227280
  9.756820e+00   2.336139e-08   1.923564e-02   3.919357e-11   223644
  9.777525e+00   2.315709e-08   0.000000e+00   3.886903e-11   226222
  9.798257e+00   2.304860e-08   0.000000e+00   3.834446e-11   229840
  9.819050e+00   2.306187e-08   2.635147e-02   3.844458e-11   228042
  9.839637e+00   2.287558e-08   0.000000e+00   3.822613e-11   227472
  9.860350e+00   2.294366e-08   0.000000e+00   3.804970e-11   230990
  9.881122e+00   2.282298e-08   5.050853e-03   3.767226e-11   233532
  9.901848e+00   2.283657e-08   2.956592e-02   3.780346e-11   231288
  9.922670e+00   2.262133e-08   0.000000e+00   3.747849e-11   233718
  9.943260e+00   2.278662e-08   0.000000e+00   3.782514e-11   232704
  9.964036e+00   2.264629e-08   3.122884e-02   3.715314e-11   239282
  9.984850e+00   2.247415e-08   3.783433e-02   3.712879e-11   234912
  1.000569e+01   2.260348e-08   0.000000e+00   3.690503e-11   238278
  1.002625e+01   2.243293e-08   3.670559e-02   3.696577e-11   237460
  1.004683e+01   2.249977e-08   2.789397e-02   3.706814e-11   236662
  1.006780e+01   2.212914e-08   0.000000e+00   3.573513e-11   246336
  1.008877e+01   2.221402e-08   0.000000e+00   3.608974e-11   241092
  1.010938e+01   2.212337e-08   3.456503e-02   3.616715e-11   242414
  1.013016e+01   2.216392e-08   1.380100e-02   3.602504e-11   243552
  1.015096e+01   2.205042e-08   0.000000e+00   3.582486e-11   243474
  1.017150e+01   2.181354e-08   2.442488e-02   3.523438e-11   245112
  1.019231e+01   2.196554e-08   2.658811e-02   3.532770e-11   246894
  1.021302e+01   2.173112e-08   1.870170e-02   3.529081e-11   247448
  1.023384e+01   2.182558e-08   0.000000e+00   3.509051e-11   247404
  1.025443e+01   2.167759e-08   3.941031e-02   3.488478e-11   249990
  1.027508e+01   2.156856e-08   3.784141e-02   3.482053e-11   249512
  1.029605e+01   2.158734e-08   0.000000e+00   3.437178e-11   253890
  1.031676e+01   2.154319e-08   0.000000e+00   3.480233e-11   250728
  1.033733e+01   2.157501e-08   4.808665e-02   3.421887e-11   253950
  1.035815e+01   2.137552e-08   0.000000e+00   3.423898e-11   254140
  1.037892e+01   2.150678e-08   0.000000e+00   3.403036e-11   255880
  1.039970e+01   2.122061e-08   3.145475e-02   3.378203e-11   258942
  1.042027e+01   2.127738e-08   4.574750e-02   3.422859e-11   253836
  1.044111e+01   2.117110e-08   0.000000e+00   3.336596e-11   260534
  1.046192e+01   2.118888e-08   0.000000e+00   3.358258e-11   259992
  1.048247e+01   2.112895e-08   4.705294e-02   3.340241e-11   258894
  1.050325e+01   2.101984e-08   3.727224e-02   3.315255e-11   263364
  1.052405e+01   2.098620e-08   0.000000e+00   3.308341e-11   259536
  1.054453e+01   2.090200e-08   2.087040e-02   3.302149e-11   263438
  1.056525e+01   2.088319e-08   4.211920e-02   3.263043e-11   265740
  1.058609e+01   2.081997e-08   0.000000e+00   3.273866e-11   264894
  1.060688e+01   2.063893e-08   0.000000e+00   3.213447e-11   269184
  1.062757e+01   2.082394e-08   4.006792e-02   3.255991e-11   266138
  1.064825e+01   2.057267e-08   2.833107e-02   3.208499e-11   270528
  1.066913e+01   2.070124e-08   0.000000e+00   3.226289e-11   268182
  1.068974e+01   2.047063e-08   0.000000e+00   3.184612e-11   270960
  1.071041e+01   2.059761e-08   4.908793e-02   3.158045e-11   274580
  1.073153e+01   2.036812e-08   0.000000e+00   3.140755e-11   276078
  1.075230e+01   2.041469e-08   0.000000e+00   3.158696e-11   273600
  1.077293e+01   2.031165e-08   4.060908e-02   3.123542e-11   274698
  1.079362e+01   2.024827e-08   4.396011e-02   3.116638e-11   276920
  1.081449e+01   2.033116e-08   0.000000e+00   3.119466e-11   276774
  1.083523e+01   2.015326e-08   0.000000e+00   3.087437e-11   279972
  1.085576e+01   2.017266e-08   3.535107e-02   3.088194e-11   276144
  1.087655e+01   2.010016e-08   1.735987e-02   3.083968e-11   282590
  1.089739e+01   2.006833e-08   0.000000e+00   3.045950e-11   282300
  1.091813e+01   1.998342e-08   0.000000e+00   3.024643e-11   283926
  1.093866e+01   1.993862e-08   4.723978e-02   3.049973e-11   279792
  1.095956e+01   1.994179e-08   0.000000e+00   2.999802e-11   287870
  1.098041e+01   1.983785e-08   0.000000e+00   3.004436e-11   286428
  1.100093e+01   1.990033e-08   4.599433e-02   3.010498e-11   284808
  1.102168e+01   1.962637e-08   1.610229e-02   2.962679e-11   289158
  1.104256e+01   1.975169e-08   0.000000e+00   2.970117e-11   290204
  1.106327e+01   1.968625e-08   0.000000e+00   2.978749e-11   290382
  1.108392e+01   1.961723e-08   3.211415e-02   2.951646e-11   291912
  1.110477e+01   1.968287e-08   0.000000e+00   2.952953e-11   290754
  1.112541e+01   1.947151e-08   1.588131e-02   2.920525e-11   296096
  1.114626e+01   1.953495e-08   2.574583e-02   2.902367e-11   294552
  1.116687e+01   1.948711e-08   4.698607e-02   2.934462e-11   293466
  1.118757e+01   1.957436e-08   0.000000e+00   2.911932e-11   296904
  1.120838e+01   1.935676e-08   0.000000e+00   2.884154e-11   298358
  1.122888e+01   1.926274e-08   4.563650e-02   2.849508e-11   297840
  1.124975e+01   1.934898e-08   1.832672e-02   2.855535e-11   301338
  1.127058e+01   1.929174e-08   0.000000e+00   2.876439e-11   300336
  1.129110e+01   1.932967e-08   4.924540e-02   2.837547e-11   303584
  1.131196e+01   1.918490e-08   4.096386e-02   2.832652e-11   304098
  1.133284e+01   1.929695e-08   0.000000e+00   2.834381e-11   304488
  1.135346e+01   1.912415e-08   4.470521e-02   2.805745e-11   306678
  1.137426e+01   1.920140e-08   0.000000e+00   2.829116e-11   305732
  1.139499e+01   1.908652e-08   1.632942e-02   2.782758e-11   309894
  1.141580e+01   1.905420e-08   2.488035e-02   2.790357e-11   310200
  1.143654e+01   1.908993e-08   0.000000e+00   2.784681e-11   307074
  1.145717e+01   1.887368e-08   4.684719e-02   2.754020e-11   315656
  1.147809e+01   1.901482e-08   0.000000e+00   2.765454e-11   310704
  1.149891e+01   1.889703e-08   0.000000e+00   2.744966e-11   314310
  1.151930e+01   1.900896e-08   5.468985e-02   2.763266e-11   312412
  1.154021e+01   1.889393e-08   0.000000e+00   2.719193e-11   318310
  1.156105e+01   1.882759e-08   0.000000e+00   2.725474e-11   315648
  1.158162e+01   1.881949e-08   4.346989e-02   2.701686e-11   320610
  1.160233e+01   1.875827e-08   0.000000e+00   2.731979e-11   313944
  1.162309e+01   1.877418e-08   0.000000e+00   2.664871e-11   325880
  1.164386e+01   1.871613e-08   4.350575e-02   2.711224e-11   319146
  1.166462e+01   1.872461e-08   0.000000e+00   2.681594e-11   322896
  1.168519e+01   1.866735e-08   4.838097e-02   2.682487e-11   322206
  1.170600e+01   1.866489e-08   0.000000e+00   2.656744e-11   327416
  1.172694e+01   1.859634e-08   0.000000e+00   2.645490e-11   325602
  1.174741e+01   1.859942e-08   5.879556e-02   2.648444e-11   328248
  1.176822e+01   1.864949e-08   0.000000e+00   2.654926e-11   326088
  1.178913e+01   1.849489e-08   0.000000e+00   2.633162e-11   331658
  1.180961e+01   1.862392e-08   5.315497e-02   2.627617e-11   331584
  1.183048e+01   1.844845e-08   2.539370e-02   2.621656e-11   330630
  1.185130e+01   1.844858e-08   0.000000e+00   2.602605e-11   333204
  1.187174e+01   1.851438e-08   6.040748e-02   2.616699e-11   333470
  1.189271e+01   1.843373e-08   0.000000e+00   2.601471e-11   335688
  1.191332e+01   1.844901e-08   2.155950e-02   2.585073e-11   336828
  1.193402e+01   1.832778e-08   2.802997e-02   2.578991e-11   337662
  1.195492e+01   1.844738e-08   0.000000e+00   2.571726e-11   338960
  1.197533e+01   1.834511e-08   5.495233e-02   2.584694e-11   338262
  1.199617e+01   1.840741e-08   4.645313e-02   2.554385e-11   344388
  1.201721e+01   1.832622e-08   0.000000e+00   2.551770e-11   342486
  1.203755e+01   1.834511e-08   7.004450e-02   2.571943e-11   343592
  1.205855e+01   1.835722e-08   8.687089e-03   2.539109e-11   347130
  1.207947e+01   1.833873e-08   0.000000e+00   2.555957e-11   346152
  1.209988e+01   1.827680e-08   6.632922e-02   2.533321e-11   345856
  1.212085e+01   1.828050e-08   0.000000e+00   2.528697e-11   349354
  1.214164e+01   1.828783e-08   0.000000e+00   2.519798e-11   352032
  1.216224e+01   1.828189e-08   5.557523e-02   2.533606e-11   348582
  1.218318e+01   1.829999e-08   0.000000e+00   2.517310e-11   352244
  1.220354e+01   1.824520e-08   6.805050e-02   2.520088e-11   351582
  1.222445e+01   1.824916e-08   1.281929e-02   2.506285e-11   357144
  1.224543e+01   1.825908e-08   0.000000e+00   2.499376e-11   355560
  1.226585e+01   1.823553e-08   6.311306e-02   2.501455e-11   354551
  1.228673e+01   1.831654e-08   8.573041e-03   2.482576e-11   358044
  1.230769e+01   1.833124e-08   0.000000e+00   2.491428e-11   355272
  1.232802e+01   1.847559e-08   6.970615e-02   2.511644e-11   352044
  1.234886e+01   1.850905e-08   0.000000e+00   2.508419e-11   352344
  1.236968e+01   1.854072e-08   0.000000e+00   2.478316e-11   356516
  1.239028e+01   1.869464e-08   4.844043e-02   2.503759e-11   352848
  1.241136e+01   1.864548e-08   0.000000e+00   2.497319e-11   352980
  1.243181e+01   1.873856e-08   4.180253e-02   2.523113e-11   348948
  1.245252e+01   1.881943e-08   3.582898e-02   2.512269e-11   351692
  1.247361e+01   1.881574e-08   0.000000e+00   2.522527e-11   353064
  1.249398e+01   1.891209e-08   6.193904e-02   2.547534e-11   345624
  1.251469e+01   1.891848e-08   0.000000e+00   2.525609e-11   347844
  1.253566e+01   1.892474e-08   0.000000e+00   2.520952e-11   351020
  1.255612e+01   1.899999e-08   5.772958e-02   2.548398e-11   345852
  1.257696e+01   1.900863e-08   9.903082e-03   2.546211e-11   347040
  1.259782e+01   1.900512e-08   0.000000e+00   2.550541e-11   345928
  1.261828e+01   1.912093e-08   5.776493e-02   2.566501e-11   347020
  1.263923e+01   1.906018e-08   0.000000e+00   2.585548e-11   343032
  1.265989e+01   1.914714e-08   0.000000e+00   2.588252e-11   343620
  1.268045e+01   1.910242e-08   6.004162e-02   2.581529e-11   343988
  1.270157e+01   1.914495e-08   0.000000e+00   2.580667e-11   344556
  1.272211e+01   1.918787e-08   4.344946e-02   2.597194e-11   343632
  1.274299e+01   1.915384e-08   0.000000e+00   2.615636e-11   340392
  1.276384e+01   1.921308e-08   0.000000e+00   2.636684e-11   339408
  1.278421e+01   1.911643e-08   7.436665e-02   2.595352e-11   341864
  1.280526e+01   1.919030e-08   0.000000e+00   2.618629e-11   341964
  1.282609e+01   1.914927e-08   0.000000e+00   2.639204e-11   334380
  1.284629e+01   1.913239e-08   6.941455e-02   2.630300e-11   336504
  1.286732e+01   1.913907e-08   1.715541e-02   2.617889e-11   339560
  1.288814e+01   1.917462e-08   0.000000e+00   2.655413e-11   336384
  1.290870e+01   1.910287e-08   7.301097e-02   2.635501e-11   337404
  1.292968e+01   1.913790e-08   0.000000e+00   2.677572e-11   330156
  1.295012e+01   1.910709e-08   5.757783e-02   2.647247e-11   337808
  1.297104e+01   1.905814e-08   0.000000e+00   2.660670e-11   332748
  1.299195e+01   1.908417e-08   0.000000e+00   2.652076e-11   333612
  1.301237e+01   1.908084e-08   5.820176e-02   2.684719e-11   331860
  1.303319e+01   1.901005e-08   2.713422e-02   2.669334e-11   328376
  1.305399e+01   1.891175e-08   0.000000e+00   2.658171e-11   331140
  1.307454e+01   1.903599e-08   7.074577e-02   2.683564e-11   332988
  1.309538e+01   1.899232e-08   2.798408e-02   2.706259e-11   325224
  1.311629e+01   1.892247e-08   0.000000e+00   2.648010e-11   331544
  1.313681e+01   1.898811e-08   6.615485e-02   2.700790e-11   327264
  1.315764e+01   1.887335e-08   0.000000e+00   2.702196e-11   322308
  1.317828e+01   1.887246e-08   2.468649e-02   2.686743e-11   328136
  1.319883e+01   1.876881e-08   4.988732e-02   2.681075e-11   323172
  1.321986e+01   1.875372e-08   0.000000e+00   2.693188e-11   325248
  1.324037e+01   1.878427e-08   6.187142e-02   2.689524e-11   324096
  1.326115e+01   1.874936e-08   0.000000e+00   2.706795e-11   321540
  1.328214e+01   1.867048e-08   0.000000e+00   2.675031e-11   323744
  1.330244e+01   1.861265e-08   6.951872e-02   2.690058e-11   317400
  1.332329e+01   1.860705e-08   1.659656e-02   2.690091e-11   322560
  1.334431e+01   1.852743e-08   0.000000e+00   2.700166e-11   320076
  1.336469e+01   1.852047e-08   7.183158e-02   2.693244e-11   317204
  1.338583e+01   1.838358e-08   0.000000e+00   2.659782e-11   323064
  1.340666e+01   1.856579e-08   0.000000e+00   2.734057e-11   315204
  1.342698e+01   1.839747e-08   7.798977e-02   2.703804e-11   315416
  1.344820e+01   1.827665e-08   0.000000e+00   2.668143e-11   316884
  1.346864e+01   1.824131e-08   4.694727e-02   2.675824e-11   312876
  1.348936e+01   1.819454e-08   5.481096e-02   2.671161e-11   315540
  1.351047e+01   1.818254e-08   0.000000e+00   2.699193e-11   312576
  1.353075e+01   1.813883e-08   7.767641e-02   2.693765e-11   312140
  1.355170e+01   1.808443e-08   2.116486e-02   2.698362e-11   310356
  1.357265e+01   1.799357e-08   0.000000e+00   2.686113e-11   311232
  1.359293e+01   1.791826e-08   7.003055e-02   2.678180e-11   307584
  1.361391e+01   1.794888e-08   3.240107e-02   2.667719e-11   310616
  1.363471e+01   1.793990e-08   0.000000e+00   2.703396e-11   304200
  1.365500e+01   1.778161e-08   7.786122e-02   2.675580e-11   306792
  1.367616e+01   1.774899e-08   0.000000e+00   2.672514e-11   306168
  1.369665e+01   1.769571e-08   0.000000e+00   2.675512e-11   304448
  1.371746e+01   1.759135e-08   6.757694e-02   2.654960e-11   308580
  1.373853e+01   1.763830e-08   0.000000e+00   2.681554e-11   299568
  1.375881e+01   1.758363e-08   6.631582e-02   2.682403e-11   304416
  1.377983e+01   1.758952e-08   3.679343e-02   2.678641e-11   302216
  1.380074e+01   1.741111e-08   0.000000e+00   2.667272e-11   300084
  1.382112e+01   1.734742e-08   8.448122e-02   2.666588e-11   299340
  1.384196e+01   1.737996e-08   0.000000e+00   2.675532e-11   296688
  1.386284e+01   1.730730e-08   0.000000e+00   2.643581e-11   298820
  1.388319e+01   1.722642e-08   8.083920e-02   2.659695e-11   296916
  1.390426e+01   1.711991e-08   0.000000e+00   2.640441e-11   295920
  1.392487e+01   1.710837e-08   5.864400e-03   2.679354e-11   292692
  1.394531e+01   1.706995e-08   7.486157e-02   2.632002e-11   295892
  1.396657e+01   1.694327e-08   0.000000e+00   2.648110e-11   293064
  1.398701e+01   1.687483e-08   4.052396e-02   2.607698e-11   293220
  1.400767e+01   1.685985e-08   3.667198e-02   2.649186e-11   286804
  1.402862e+01   1.682205e-08   0.000000e+00   2.631525e-11   293080
  1.404914e+01   1.676748e-08   7.372475e-02   2.627577e-11   291816
  1.407016e+01   1.672629e-08   0.000000e+00   2.647992e-11   287784
  1.409099e+01   1.658188e-08   0.000000e+00   2.630571e-11   286760
  1.411134e+01   1.667422e-08   7.808338e-02   2.634949e-11   287088
  1.413232e+01   1.647396e-08   0.000000e+00   2.618956e-11   286176
  1.415322e+01   1.649196e-08   0.000000e+00   2.622300e-11   284184
  1.417351e+01   1.641799e-08   6.885136e-02   2.627490e-11   282220
  1.419470e+01   1.634785e-08   0.000000e+00   2.598655e-11   284452
  1.421523e+01   1.633189e-08   0.000000e+00   2.626679e-11   279516
  1.423582e+01   1.619439e-08   7.496645e-02   2.591643e-11   282696
  1.425703e+01   1.616709e-08   0.000000e+00   2.603790e-11   278676
  1.427731e+01   1.613083e-08   7.716102e-02   2.587894e-11   279512
  1.429821e+01   1.598622e-08   8.769397e-03   2.594875e-11   276672
  1.431915e+01   1.599061e-08   0.000000e+00   2.585364e-11   276036
  1.433934e+01   1.598846e-08   7.552560e-02   2.609641e-11   274416
  1.436032e+01   1.586223e-08   3.468904e-02   2.561585e-11   275384
  1.438130e+01   1.581573e-08   0.000000e+00   2.556051e-11   274560
  1.440166e+01   1.574170e-08   8.305537e-02   2.597796e-11   272220
  1.442275e+01   1.573057e-08   0.000000e+00   2.582649e-11   270492
  1.444339e+01   1.563301e-08   0.000000e+00   2.557361e-11   271532
  1.446406e+01   1.545577e-08   5.016875e-02   2.535697e-11   272052
  1.448504e+01   1.558044e-08   0.000000e+00   2.584929e-11   264372
  1.450534e+01   1.534695e-08   4.520624e-02   2.523887e-11   268652
  1.452626e+01   1.538465e-08   5.145618e-02   2.542696e-11   266760
  1.454710e+01   1.534516e-08   0.000000e+00   2.569645e-11   262536
  1.456750e+01   1.519932e-08   8.223066e-02   2.545663e-11   266460
  1.458842e+01   1.524611e-08   0.000000e+00   2.551487e-11   261560
  1.460924e+01   1.511398e-08   0.000000e+00   2.538180e-11   262236
  1.462972e+01   1.501988e-08   7.381266e-02   2.502298e-11   261708
  1.465061e+01   1.505864e-08   0.000000e+00   2.530025e-11   258960
  1.467144e+01   1.484185e-08   0.000000e+00   2.523090e-11   258376
  1.469182e+01   1.487905e-08   6.970553e-02   2.509592e-11   258304
  1.471306e+01   1.477995e-08   0.000000e+00   2.484206e-11   259368
  1.473359e+01   1.483417e-08   3.392692e-02   2.533056e-11   253332
  1.475414e+01   1.473481e-08   7.335624e-02   2.498332e-11   254448
  1.477531e+01   1.460822e-08   0.000000e+00   2.500934e-11   255248
  1.479573e+01   1.455608e-08   7.600198e-02   2.483389e-11   252180
  1.481667e+01   1.458013e-08   2.920040e-02   2.493089e-11   252744
  1.483756e+01   1.446784e-08   0.000000e+00   2.516577e-11   247348
  1.485783e+01   1.451545e-08   9.159819e-02   2.498298e-11   250432
  1.487882e+01   1.432902e-08   0.000000e+00   2.495929e-11   247860
  1.489979e+01   1.428173e-08   0.000000e+00   2.476466e-11   247716
  1.492007e+01   1.423082e-08   7.683189e-02   2.480599e-11   242472
  1.494121e+01   1.413537e-08   0.000000e+00   2.449885e-11   248672
  1.496182e+01   1.409170e-08   3.268426e-02   2.486193e-11   239352
  1.498230e+01   1.405603e-08   6.167750e-02   2.441912e-11   245088
  1.500346e+01   1.403581e-08   0.000000e+00   2.495435e-11   239232
  1.502374e+01   1.401486e-08   8.163670e-02   2.456283e-11   240320
  1.504476e+01   1.382798e-08   0.000000e+00   2.455809e-11   239340
  1.506573e+01   1.389682e-08   0.000000e+00   2.468239e-11   237636
  1.508593e+01   1.381308e-08   7.793934e-02   2.455176e-11   235980
  1.510691e+01   1.366020e-08   0.000000e+00   2.434114e-11   235304
  1.512784e+01   1.373649e-08   0.000000e+00   2.439862e-11   234576
  1.514818e+01   1.357490e-08   7.210515e-02   2.430835e-11   232788
  1.516915e+01   1.356523e-08   0.000000e+00   2.438364e-11   230400
  1.518986e+01   1.354150e-08   0.000000e+00   2.410894e-11   231836
  1.521043e+01   1.339106e-08   7.749670e-02   2.409932e-11   231288
  1.523163e+01   1.345705e-08   0.000000e+00   2.419015e-11   226536
  1.525193e+01   1.332046e-08   6.109718e-02   2.429518e-11   226084
  1.527263e+01   1.333653e-08   5.193058e-02   2.436752e-11   227116
  1.529375e+01   1.324976e-08   0.000000e+00   2.411217e-11   223800
  1.531406e+01   1.314105e-08   8.314861e-02   2.407640e-11   223884
  1.533496e+01   1.317090e-08   0.000000e+00   2.401693e-11   222360
  1.535591e+01   1.311438e-08   0.000000e+00   2.388117e-11   221156
  1.537635e+01   1.301456e-08   9.247586e-02   2.389295e-11   221724
  1.539739e+01   1.308273e-08   0.000000e+00   2.397021e-11   217584
  1.541815e+01   1.286527e-08   0.000000e+00   2.371305e-11   217576
  1.543850e+01   1.289560e-08   9.573274e-02   2.398190e-11   215464
  1.545963e+01   1.289741e-08   0.000000e+00   2.385049e-11   215472
  1.548021e+01   1.277447e-08   2.500826e-02   2.385693e-11   213768
  1.550072e+01   1.276646e-08   8.286262e-02   2.377377e-11   210956
  1.552176e+01   1.268970e-08   0.000000e+00   2.383986e-11   211788
  1.554231e+01   1.262171e-08   4.592834e-02   2.356015e-11   211092
  1.556319e+01   1.258976e-08   3.323914e-02   2.368333e-11   209556
  1.558420e+01   1.251231e-08   0.000000e+00   2.383951e-11   206700
  1.560442e+01   1.251777e-08   7.759369e-02   2.367224e-11   206048
  1.562536e+01   1.243027e-08   0.000000e+00   2.370623e-11   204744
  1.564625e+01   1.241667e-08   0.000000e+00   2.387600e-11   202992
  1.566646e+01   1.237647e-08   8.676101e-02   2.358482e-11   201944
  1.568771e+01   1.226960e-08   0.000000e+00   2.351522e-11   203304
  1.570852e+01   1.235560e-08   0.000000e+00   2.374586e-11   200484
  1.572878e+01   1.222298e-08   9.288441e-02   2.377649e-11   195516
  1.575002e+01   1.212897e-08   0.000000e+00   2.352221e-11   198860
  1.577038e+01   1.226804e-08   4.271064e-02   2.377935e-11   195264
  1.579114e+01   1.199316e-08   6.171635e-02   2.331413e-11   195984
  1.581224e+01   1.206296e-08   0.000000e+00   2.363924e-11   191808
  1.583234e+01   1.206698e-08   7.138994e-02   2.370441e-11   190776
  1.585324e+01   1.193267e-08   1.761326e-02   2.358280e-11   192032
  1.587428e+01   1.199185e-08   0.000000e+00   2.363704e-11   188628
  1.589451e+01   1.190341e-08   9.854959e-02   2.358629e-11   189444
  1.591566e+01   1.192463e-08   0.000000e+00   2.387389e-11   186260
  1.593629e+01   1.187700e-08   0.000000e+00   2.365386e-11   184560
  1.595675e+01   1.173635e-08   8.939255e-02   2.351094e-11   185832
  1.597806e+01   1.183487e-08   0.000000e+00   2.372204e-11   182400
  1.599845e+01   1.171652e-08   4.161218e-02   2.374633e-11   181380
  1.601905e+01   1.173796e-08   7.559785e-02   2.365335e-11   180332
  1.604022e+01   1.176643e-08   0.000000e+00   2.391919e-11   178236
  1.606064e+01   1.155137e-08   5.319333e-02   2.352941e-11   179184
  1.608144e+01   1.161699e-08   6.838713e-02   2.371715e-11   175028
  1.610242e+01   1.158765e-08   0.000000e+00   2.366644e-11   175440
  1.612292e+01   1.148897e-08   7.385198e-02   2.353688e-11   174828
  1.614383e+01   1.158655e-08   0.000000e+00   2.385365e-11   169896
  1.616453e+01   1.139440e-08   0.000000e+00   2.355822e-11   171708
  1.618501e+01   1.140676e-08   9.508031e-02   2.368591e-11   169328
  1.620602e+01   1.143650e-08   0.000000e+00   2.384710e-11   167364
  1.622676e+01   1.130958e-08   3.429717e-02   2.353963e-11   168192
  1.624722e+01   1.150291e-08   8.479764e-02   2.396810e-11   163188
  1.626845e+01   1.128010e-08   0.000000e+00   2.353927e-11   166184
  1.628902e+01   1.125737e-08   4.275842e-02   2.375368e-11   161460
  1.630953e+01   1.131836e-08   7.843248e-02   2.388113e-11   159972
  1.633055e+01   1.117633e-08   0.000000e+00   2.377909e-11   159488
  1.635092e+01   1.128805e-08   7.374248e-02   2.389476e-11   158148
  1.637193e+01   1.118509e-08   0.000000e+00   2.376839e-11   158100
  1.639291e+01   1.120933e-08   0.000000e+00   2.406925e-11   155232
  1.641299e+01   1.130616e-08   8.474382e-02   2.415503e-11   151216
  1.643412e+01   1.107370e-08   0.000000e+00   2.380297e-11   155560
  1.645510e+01   1.118558e-08   0.000000e+00   2.409383e-11   151404
  1.647532e+01   1.105032e-08   1.009057e-01   2.408946e-11   148356
  1.649648e+01   1.105437e-08   0.000000e+00   2.428611e-11   147164
  1.651692e+01   1.112932e-08   2.722134e-02   2.402034e-11   147384
  1.653757e+01   1.093367e-08   6.867146e-02   2.417185e-11   145992
  1.655885e+01   1.103865e-08   0.000000e+00   2.422226e-11   143856
  1.657890e+01   1.108307e-08   6.687630e-02   2.455788e-11   140384
  1.659987e+01   1.087296e-08   3.476695e-02   2.404425e-11   143856
  1.662094e+01   1.110125e-08   0.000000e+00   2.453141e-11   136968
  1.664106e+01   1.086755e-08   9.209503e-02   2.416916e-11   139536
  1.666229e+01   1.096646e-08   0.000000e+00   2.464743e-11   136916
  1.668291e+01   1.102035e-08   0.000000e+00   2.456450e-11   133032
  1.670327e+01   1.077548e-08   9.317632e-02   2.447228e-11   135540
  1.672466e+01   1.091303e-08   0.000000e+00   2.458371e-11   132096
  1.674503e+01   1.085447e-08   0.000000e+00   2.469919e-11   129540
  1.676560e+01   1.074269e-08   9.049207e-02   2.455629e-11   130640
  1.678678e+01   1.095680e-08   0.000000e+00   2.456541e-11   126276
  1.680721e+01   1.063857e-08   5.475233e-02   2.448750e-11   128484
  1.682826e+01   1.081569e-08   1.520634e-02   2.501580e-11   124168
  1.684902e+01   1.080431e-08   0.000000e+00   2.475359e-11   122224
  1.686947e+01   1.061246e-08   8.117615e-02   2.482244e-11   123156
  1.689051e+01   1.085160e-08   0.000000e+00   2.517691e-11   119688
  1.691105e+01   1.068160e-08   0.000000e+00   2.520316e-11   116640
  1.693153e+01   1.071824e-08   9.499333e-02   2.494490e-11   119696
  1.695264e+01   1.086824e-08   0.000000e+00   2.540403e-11   114276
  1.697330e+01   1.062971e-08   0.000000e+00   2.550630e-11   114060
  1.699376e+01   1.072491e-08   9.066652e-02   2.551280e-11   112536
  1.701493e+01   1.069707e-08   0.000000e+00   2.519087e-11   112196
  1.703562e+01   1.062507e-08   3.900033e-02   2.563957e-11   109404
  1.705610e+01   1.087855e-08   5.023555e-02   2.614482e-11   105900
  1.707694e+01   1.064253e-08   0.000000e+00   2.588220e-11   107176
  1.709749e+01   1.061783e-08   6.670967e-02   2.554473e-11   105088
  1.711840e+01   1.068332e-08   2.476823e-02   2.575605e-11   103800
  1.713937e+01   1.062667e-08   0.000000e+00   2.629328e-11   101340
  1.715970e+01   1.068187e-08   7.501827e-02   2.594318e-11   100036
  1.718052e+01   1.059649e-08   0.000000e+00   2.635668e-11   97672
  1.720141e+01   1.050402e-08   0.000000e+00   2.597146e-11   97908
  1.722188e+01   1.071509e-08   7.876039e-02   2.669824e-11   95328
  1.724285e+01   1.054748e-08   0.000000e+00   2.608726e-11   93600
  1.726350e+01   1.054536e-08   0.000000e+00   2.620832e-11   92312
  1.728413e+01   1.060237e-08   6.667700e-02   2.673936e-11   91044
  1.730514e+01   1.058673e-08   0.000000e+00   2.689897e-11   88500
  1.732538e+01   1.062469e-08   4.861302e-02   2.696796e-11   86216
  1.734623e+01   1.059564e-08   0.000000e+00   2.689505e-11   87159
  1.736748e+01   1.059188e-08   0.000000e+00   2.717177e-11   86064
  1.738789e+01   1.058899e-08   7.896775e-02   2.748067e-11   81648
  1.740859e+01   1.060277e-08   1.349993e-02   2.779026e-11   81654
  1.742958e+01   1.048923e-08   0.000000e+00   2.743784e-11   81284
  1.745016e+01   1.049893e-08   5.718910e-02   2.779755e-11   78888
  1.747089e+01   1.042908e-08   1.914409e-02   2.799898e-11   77250
  1.749148e+01   1.045250e-08   0.000000e+00   2.843059e-11   75942
  1.751208e+01   1.034205e-08   6.122643e-02   2.805240e-11   77042
  1.753325e+01   1.020795e-08   0.000000e+00   2.805813e-11   74094
  1.755392e+01   1.033580e-08   3.269320e-02   2.860878e-11   73818
  1.757461e+01   1.023058e-08   0.000000e+00   2.918675e-11   70998
  1.759538e+01   1.005804e-08   0.000000e+00   2.844817e-11   72044
  1.761609e+01   9.990766e-09   6.456886e-02   2.886006e-11   69426
  1.763696e+01   1.010430e-08   0.000000e+00   2.921870e-11   69288
  1.765765e+01   9.985337e-09   0.000000e+00   2.933269e-11   67068
  1.767810e+01   9.827189e-09   6.750930e-02   2.886311e-11   66926
  1.769903e+01   9.877482e-09   5.602539e-02   2.928369e-11   66348
  1.772006e+01   9.686722e-09   0.000000e+00   2.863354e-11   64728
  1.774050e+01   9.679813e-09   0.000000e+00   2.948621e-11   62820
  1.776121e+01   9.510463e-09   0.000000e+00   2.873938e-11   63716
  1.778217e+01   9.547128e-09   1.029676e-02   2.967278e-11   62160
  1.780285e+01   9.470885e-09   0.000000e+00   2.940502e-11   59940
  1.782337e+01   9.477130e-09   1.417444e-02   2.973654e-11   60112
  1.784408e+01   9.352807e-09   6.349441e-02   2.970202e-11   59668
  1.786510e+01   9.243054e-09   0.000000e+00   2.992971e-11   57618
  1.788559e+01   9.215633e-09   2.085423e-02   2.958097e-11   56868
  1.790612e+01   9.165635e-09   6.031324e-02   2.957778e-11   56684
  1.792695e+01   9.133718e-09   2.789988e-02   3.007409e-11   55536
  1.794783e+01   8.959014e-09   0.000000e+00   2.975962e-11   54342
  1.796859e+01   8.990584e-09   2.240547e-02   2.957942e-11   54768
  1.798914e+01   8.861900e-09   5.985168e-02   3.006179e-11   52094
  1.800988e+01   8.659719e-09   0.000000e+00   2.924177e-11   52224
  1.803092e+01   8.658779e-09   0.000000e+00   2.953754e-11   52188
  1.805153e+01   8.595646e-09   5.366452e-02   2.949696e-11   50190
  1.807201e+01   8.522484e-09   4.464236e-02   2.970991e-11   49224
  1.809290e+01   8.297061e-09   0.000000e+00   2.944652e-11   49094
  1.811386e+01   8.389049e-09   1.619914e-02   2.957694e-11   49488
  1.813461e+01   8.183681e-09   5.606176e-02   2.939871e-11   46830
  1.815507e+01   8.129319e-09   1.525827e-02   2.953719e-11   45860
  1.817589e+01   8.070185e-09   0.000000e+00   2.951484e-11   46770
  1.819678e+01   7.965120e-09   2.486365e-02   2.954354e-11   45468
  1.821749e+01   7.892170e-09   4.017640e-02   2.979067e-11   44130
  1.823812e+01   7.878140e-09   0.000000e+00   2.986217e-11   43230
  1.825888e+01   7.737927e-09   0.000000e+00   2.895897e-11   44108
  1.827980e+01   7.628373e-09   3.633700e-02   2.922433e-11   42162
  1.830047e+01   7.609935e-09   3.766472e-02   2.934330e-11   41358
  1.832098e+01   7.604750e-09   0.000000e+00   2.973826e-11   40456
  1.834174e+01   7.402971e-09   3.627807e-02   2.877183e-11   41230
  1.836283e+01   7.300931e-09   4.623592e-02   2.851631e-11   39906
  1.838361e+01   7.183631e-09   0.000000e+00   2.874409e-11   38508
  1.840402e+01   7.221882e-09   0.000000e+00   2.944949e-11   37854
  1.842462e+01   7.020412e-09   5.601178e-02   2.851194e-11   38162
  1.844571e+01   7.055277e-09   2.805986e-02   2.846218e-11   37212
  1.846653e+01   6.959507e-09   0.000000e+00   2.897824e-11   36450
  1.848684e+01   6.849751e-09   2.922470e-02   2.884153e-11   34718
  1.850743e+01   6.663070e-09   2.412287e-02   2.777056e-11   35814
  1.852854e+01   6.694387e-09   2.377810e-02   2.851716e-11   34896
  1.854938e+01   6.551082e-09   0.000000e+00   2.866520e-11   33822
  1.856963e+01   6.486209e-09   4.324943e-02   2.869507e-11   32522
  1.859043e+01   6.392194e-09   0.000000e+00   2.764526e-11   33630
  1.861153e+01   6.272715e-09   0.000000e+00   2.774260e-11   32166
  1.863205e+01   6.304505e-09   2.219068e-02   2.830016e-11   31200
  1.865239e+01   6.185811e-09   0.000000e+00   2.780447e-11   30598
  1.867318e+01   5.998967e-09   2.063995e-02   2.714378e-11   31138
  1.869443e+01   5.927695e-09   0.000000e+00   2.692659e-11   30510
  1.871513e+01   5.904943e-09   3.223168e-02   2.769362e-11   28998
  1.873545e+01   5.851746e-09   5.517757e-03   2.810649e-11   28290
  1.875621e+01   5.738043e-09   4.445238e-02   2.715110e-11   29126
  1.877748e+01   5.622506e-09   0.000000e+00   2.690412e-11   28008
  1.879820e+01   5.628555e-09   1.160740e-02   2.716725e-11   27222
  1.881869e+01   5.533108e-09   2.222549e-02   2.673306e-11   26426
  1.883943e+01   5.400561e-09   1.414661e-02   2.593530e-11   26694
  1.886042e+01   5.276479e-09   2.459374e-02   2.630455e-11   25734
  1.888124e+01   5.278361e-09   0.000000e+00   2.668008e-11   25458
  1.890165e+01   5.257714e-09   5.366349e-03   2.747568e-11   24198
  1.892250e+01   5.135943e-09   0.000000e+00   2.638432e-11   25034
  1.894357e+01   5.002425e-09   2.218703e-02   2.589034e-11   23718
  1.896415e+01   4.899021e-09   0.000000e+00   2.572761e-11   23094
  1.898439e+01   4.939825e-09   2.762080e-02   2.604402e-11   22416
  1.900523e+01   4.785005e-09   5.031540e-03   2.533027e-11   23078
  1.902662e+01   4.687342e-09   0.000000e+00   2.471028e-11   22386
  1.904734e+01   4.707943e-09   0.000000e+00   2.668062e-11   21126
  1.906740e+01   4.635076e-09   0.000000e+00   2.550493e-11   20366
  1.908807e+01   4.431679e-09   3.838232e-02   2.407280e-11   21354
  1.910952e+01   4.392491e-09   0.000000e+00   2.442058e-11   20478
  1.913020e+01   4.384439e-09   0.000000e+00   2.497636e-11   19458
  1.915026e+01   4.296261e-09   1.736792e-02   2.542360e-11   18758
  1.917096e+01   4.118025e-09   4.230515e-02   2.358743e-11   19566
  1.919237e+01   4.065500e-09   2.599418e-02   2.385054e-11   18858
  1.921315e+01   4.015992e-09   1.196926e-02   2.438212e-11   17790
  1.923316e+01   4.031122e-09   0.000000e+00   2.442924e-11   17114
  1.925389e+01   3.824292e-09   0.000000e+00   2.300093e-11   17982
  1.927528e+01   3.864575e-09   0.000000e+00   2.374751e-11   17190
  1.929611e+01   3.782946e-09   0.000000e+00   2.351886e-11   16458
  1.931611e+01   3.744186e-09   2.930604e-02   2.370314e-11   15494
  1.933679e+01   3.618301e-09   9.274647e-03   2.246654e-11   16374
  1.935831e+01   3.548196e-09   0.000000e+00   2.256395e-11   15858
  1.937917e+01   3.477109e-09   0.000000e+00   2.276200e-11   14862
  1.939908e+01   3.481285e-09   0.000000e+00   2.278464e-11   14082
  1.941986e+01   3.210162e-09   0.000000e+00   2.063897e-11   14990
  1.944144e+01   3.280978e-09   1.645160e-02   2.198906e-11   14358
  1.946223e+01   3.234578e-09   0.000000e+00   2.246158e-11   13386
  1.948193e+01   3.205426e-09   0.000000e+00   2.248756e-11   12678
  1.950273e+01   3.004466e-09   2.351213e-02   2.034052e-11   13700
  1.952444e+01   2.988954e-09   1.582238e-02   2.103022e-11   12942
  1.954529e+01   2.951017e-09   3.805482e-02   2.160067e-11   12198
  1.956477e+01   2.895780e-09   0.000000e+00   2.167551e-11   11106
  1.958543e+01   2.728826e-09   2.271220e-03   1.952400e-11   12494
  1.960722e+01   2.682704e-09   2.735281e-02   2.048871e-11   11610
  1.962822e+01   2.725229e-09   0.000000e+00   2.135401e-11   11094
  1.964771e+01   2.654168e-09   1.637910e-02   2.034740e-11   9902
  1.966828e+01   2.474769e-09   1.480086e-02   1.833646e-11   11226
  1.969007e+01   2.448399e-09   0.000000e+00   1.928714e-11   10326
  1.971110e+01   2.390826e-09   1.976879e-02   1.877131e-11   10074
  1.973074e+01   2.345744e-09   9.756225e-03   1.933473e-11   8766
  1.975114e+01   2.276964e-09   0.000000e+00   1.793766e-11   9950
  1.977288e+01   2.225658e-09   1.325969e-02   1.789832e-11   9252
  1.979391e+01   2.273485e-09   0.000000e+00   1.932280e-11   8886
  1.981353e+01   2.153457e-09   0.000000e+00   1.870165e-11   7850
  1.983411e+01   2.074884e-09   0.000000e+00   1.753529e-11   8886
  1.985590e+01   1.992695e-09   0.000000e+00   1.718669e-11   8142
  1.987667e+01   1.970796e-09   1.865973e-02   1.795051e-11   7746
  1.989608e+01   1.989965e-09   2.044025e-02   1.892232e-11   6926
  1.991706e+01   1.810465e-09   0.000000e+00   1.585968e-11   7974
  1.993892e+01   1.774026e-09   1.896865e-02   1.677316e-11   7074
  1.995945e+01   1.739393e-09   0.000000e+00   1.684546e-11   6744
  1.997876e+01   1.768331e-09   1.969828e-02   1.722910e-11   6114
  2.000009e+01   1.583741e-09   0.000000e+00   1.471974e-11   7094
  2.002234e+01   1.529149e-09   0.000000e+00   1.556020e-11   6174
  2.004262e+01   1.595491e-09   1.695531e-03   1.668926e-11   5754
  2.006140e+01   1.584495e-09   0.000000e+00   1.646153e-11   5214
  2.008302e+01   1.412443e-09   0.000000e+00   1.411201e-11   6338
  2.010586e+01   1.362916e-09   1.062290e-02   1.510675e-11   5352
  2.012591e+01   1.360172e-09   0.000000e+00   1.547491e-11   4830
  2.014382e+01   1.404998e-09   7.776080e-03   1.713503e-11   4338
  2.016557e+01   1.206461e-09   0.000000e+00   1.274247e-11   5558
  2.018939e+01   1.159602e-09   1.579558e-02   1.329419e-11   4866
  2.020984e+01   1.172241e-09   2.409415e-02   1.495623e-11   3846
  2.022612e+01   1.257608e-09   0.000000e+00   1.582518e-11   3518
  2.024795e+01   1.065954e-09   2.177267e-02   1.168062e-11   4812
  2.027247e+01   1.014922e-09   1.255894e-02   1.247361e-11   4278
  2.029372e+01   1.013750e-09   2.027569e-02   1.519762e-11   3174
  2.030844e+01   1.074339e-09   0.000000e+00   1.570704e-11   2738
  2.033020e+01   8.905199e-10   8.404518e-03   1.057111e-11   4086
  2.035522e+01   8.405235e-10   9.553608e-03   1.070762e-11   3666
  2.037748e+01   8.410965e-10   1.590593e-02   1.380471e-11   2712
  2.039076e+01   9.338303e-10   8.257776e-03   1.635820e-11   1998
  2.041239e+01   7.635034e-10   1.159090e-02   1.006941e-11   3434
  2.043794e+01   6.868591e-10   0.000000e+00   9.705787e-12   3078
  2.046126e+01   6.894555e-10   1.013808e-02   1.153863e-11   2334
  2.047313e+01   8.454286e-10   0.000000e+00   1.801163e-11   1340
  2.049457e+01   6.381125e-10   0.000000e+00   9.434728e-12   2838
  2.052072e+01   5.785732e-10   0.000000e+00   9.187755e-12   2538
  2.054514e+01   5.222015e-10   1.016629e-02   9.417290e-12   1974
  2.055491e+01   7.331338e-10   1.293140e-02   1.946474e-11   774
  2.057646e+01   4.996081e-10   0.000000e+00   8.237438e-12   2300
  2.060325e+01   4.573755e-10   1.467581e-02   7.607251e-12   2046
  2.062877e+01   4.084360e-10   4.449757e-03   7.375367e-12   1626
  2.063671e+01   6.390948e-10   7.735646e-03   2.015089e-11   390
  2.065818e+01   3.869901e-10   7.851642e-03   7.232166e-12   1766
  2.068540e+01   3.431527e-10   0.000000e+00   6.368858e-12   1596
  2.071199e+01   3.030483e-10   0.000000e+00   6.135903e-12   1302
  2.071852e+01   4.314740e-10   0.000000e+00   2.455212e-11   150
  2.074003e+01   2.993605e-10   2.644073e-03   6.193167e-12   1298
  2.076735e+01   2.585278e-10   0.000000e+00   5.828152e-12   1158
  2.079453e+01   2.138056e-10   0.000000e+00   4.876553e-12   996
  2.080451e+01   3.090810e-10   1.076411e-02   3.955919e-11   38
  2.082208e+01   1.938878e-10   0.000000e+00   4.883494e-12   894
  2.084944e+01   1.773258e-10   9.709219e-03   5.434994e-12   786
  2.087684e+01   1.568128e-10   0.000000e+00   4.702354e-12   678
  2.090290e+01   6.976235e-11   0.000000e+00   2.397227e-11   8
  2.090427e+01   1.272154e-10   1.309117e-02   4.474412e-12   570
  2.093169e+01   1.034657e-10   9.455694e-03   3.457969e-12   486
  2.095915e+01   8.922380e-11   0.000000e+00   3.573683e-12   402
  2.098585e+01   5.387934e-11   0.000000e+00   1.385672e-11   8
  2.098664e+01   7.004181e-11   1.092789e-02   2.664990e-12   318
  2.101412e+01   6.287145e-11   0.000000e+00   3.504022e-12   258
  2.104164e+01   4.859040e-11   0.000000e+00   2.620653e-12   198
  2.106880e+01   2.035665e-11   0.000000e+00   3.465066e-12   8
  2.106919e+01   3.948301e-11   0.000000e+00   3.045522e-12   138
  2.109671e+01   2.862901e-11   3.586795e-03   2.425664e-12   102
  2.112428e+01   1.720289e-11   6.532758e-03   1.772593e-12   66
  2.115187e+01   1.051553e-11   0.000000e+00   1.857897e-12   38
  2.117947e+01   3.598890e-12   0.000000e+00   6.835354e-13   18
  2.120708e+01   4.486342e-12   0.000000e+00   6.784195e-13   6
