# power spectrum of omega (curl v)
# redshift z=0.791500
# k              Pk             sigma(k)       sigma(Pk)      count
  4.789006e-02   3.902332e-17   1.569186e-05   1.063091e-18   6
  6.772678e-02   1.601865e-16   0.000000e+00   3.435413e-17   12
  8.844750e-02   1.055272e-15   6.350197e-03   2.324052e-16   14
  1.121958e-01   2.287832e-15   5.110132e-03   1.983960e-16   48
  1.413226e-01   9.197732e-15   3.711993e-03   9.051876e-16   42
  1.551375e-01   2.245675e-14   3.695504e-03   2.169719e-15   48
  1.759035e-01   3.173008e-14   4.430317e-03   2.131164e-15   80
  1.993525e-01   7.544588e-14   3.439775e-03   4.319328e-15   90
  2.172926e-01   1.092324e-13   5.401395e-03   6.413727e-15   120
  2.427789e-01   2.636600e-13   4.539269e-03   1.656355e-14   158
  2.596594e-01   3.938207e-13   2.154172e-03   2.627852e-14   120
  2.799969e-01   4.910592e-13   4.814837e-03   2.734077e-14   186
  3.024673e-01   8.087068e-13   6.584405e-03   3.265121e-14   264
  3.207263e-01   1.106481e-12   3.554717e-03   6.494976e-14   168
  3.440233e-01   2.011993e-12   6.353114e-03   8.636245e-14   386
  3.635186e-01   2.515700e-12   3.844319e-03   1.088732e-13   192
  3.827000e-01   3.319324e-12   6.302989e-03   1.330438e-13   390
  4.042493e-01   4.185542e-12   6.599222e-03   1.465473e-13   396
  4.244941e-01   5.580604e-12   6.547168e-03   2.163192e-13   398
  4.467496e-01   8.795890e-12   6.417329e-03   2.796268e-13   576
  4.686509e-01   1.071833e-11   6.510439e-03   4.023201e-13   444
  4.878078e-01   1.199963e-11   5.874003e-03   3.540199e-13   590
  5.096214e-01   1.640745e-11   6.432479e-03   4.749962e-13   648
  5.308979e-01   2.028412e-11   5.692893e-03   6.264600e-13   654
  5.498012e-01   2.593331e-11   4.722042e-03   7.699741e-13   636
  5.709321e-01   2.802756e-11   7.079544e-03   7.123520e-13   830
  5.907593e-01   3.495303e-11   5.095999e-03   9.398060e-13   792
  6.110328e-01   3.853022e-11   5.241142e-03   9.456599e-13   804
  6.317957e-01   5.015283e-11   6.468770e-03   1.084181e-12   1038
  6.518970e-01   5.785769e-11   5.066866e-03   1.421038e-12   936
  6.736843e-01   6.882511e-11   5.928384e-03   1.603104e-12   1130
  6.934320e-01   7.560901e-11   5.498096e-03   1.605849e-12   1104
  7.151093e-01   8.884066e-11   6.116133e-03   1.790450e-12   1230
  7.349322e-01   1.083895e-10   6.212201e-03   2.017854e-12   1260
  7.550713e-01   1.234911e-10   5.367123e-03   2.664751e-12   1286
  7.778485e-01   1.344038e-10   6.513251e-03   2.350247e-12   1728
  7.994312e-01   1.526606e-10   5.761882e-03   3.223518e-12   1392
  8.199441e-01   1.814121e-10   5.472268e-03   3.374920e-12   1626
  8.409694e-01   1.943889e-10   6.465203e-03   3.365608e-12   1760
  8.620805e-01   2.211696e-10   5.346546e-03   3.803961e-12   1686
  8.819823e-01   2.468295e-10   5.438430e-03   4.274529e-12   1812
  9.023318e-01   2.653772e-10   6.264130e-03   4.549346e-12   1862
  9.231285e-01   3.049068e-10   5.577898e-03   4.615028e-12   2160
  9.440529e-01   3.296819e-10   5.701804e-03   5.863952e-12   1956
  9.651054e-01   3.812374e-10   6.405607e-03   5.621065e-12   2454
  9.856496e-01   3.891651e-10   4.996224e-03   6.151331e-12   2048
  1.006269e+00   4.320855e-10   6.496527e-03   6.205700e-12   2538
  1.026621e+00   4.962867e-10   5.450501e-03   7.302374e-12   2400
  1.047192e+00   5.295037e-10   6.482426e-03   7.425498e-12   2526
  1.067717e+00   5.608614e-10   6.428646e-03   7.732751e-12   2856
  1.089126e+00   6.083561e-10   6.005562e-03   8.344637e-12   2804
  1.110271e+00   6.663855e-10   6.287655e-03   8.973604e-12   2958
  1.130394e+00   7.179319e-10   6.090740e-03   9.574715e-12   2976
  1.151629e+00   8.021386e-10   6.073818e-03   1.040019e-11   3194
  1.171511e+00   8.193111e-10   6.068103e-03   1.076737e-11   3120
  1.193046e+00   9.240220e-10   6.150978e-03   1.091493e-11   3606
  1.213599e+00   9.564082e-10   5.624637e-03   1.209714e-11   3276
  1.233621e+00   1.027677e-09   6.355793e-03   1.230333e-11   3600
  1.254220e+00   1.110678e-09   5.572771e-03   1.350187e-11   3638
  1.274050e+00   1.190702e-09   5.946849e-03   1.506798e-11   3744
  1.295503e+00   1.238286e-09   6.160694e-03   1.391760e-11   4170
  1.316011e+00   1.307444e-09   5.820608e-03   1.477967e-11   3984
  1.336899e+00   1.431511e-09   5.905373e-03   1.573307e-11   4334
  1.357509e+00   1.473583e-09   5.433735e-03   1.626221e-11   4284
  1.377862e+00   1.536321e-09   6.555717e-03   1.665309e-11   4374
  1.399143e+00   1.652646e-09   5.839434e-03   1.667702e-11   5016
  1.420103e+00   1.766047e-09   5.618773e-03   1.793971e-11   4580
  1.440995e+00   1.841087e-09   6.605099e-03   1.826107e-11   5142
  1.462309e+00   1.963951e-09   6.349700e-03   1.975611e-11   5184
  1.483176e+00   2.067427e-09   4.966102e-03   2.119460e-11   5058
  1.503228e+00   2.160443e-09   5.897393e-03   2.140942e-11   5384
  1.524670e+00   2.224685e-09   6.731560e-03   2.177383e-11   5622
  1.545353e+00   2.388893e-09   5.687847e-03   2.212526e-11   5736
  1.565950e+00   2.474419e-09   5.060211e-03   2.382689e-11   5596
  1.586643e+00   2.604195e-09   6.395108e-03   2.367600e-11   6070
  1.607167e+00   2.825994e-09   4.920846e-03   2.625015e-11   6096
  1.628581e+00   2.759007e-09   6.089030e-03   2.504954e-11   6474
  1.648392e+00   2.944882e-09   5.917853e-03   2.695867e-11   6024
  1.669580e+00   3.117176e-09   5.902786e-03   2.700350e-11   7070
  1.690573e+00   3.289285e-09   4.809061e-03   2.907362e-11   6516
  1.710708e+00   3.438688e-09   5.863701e-03   3.034939e-11   6936
  1.731727e+00   3.549266e-09   5.905101e-03   2.955471e-11   7110
  1.752060e+00   3.675822e-09   4.474423e-03   3.079341e-11   7244
  1.773569e+00   3.773456e-09   6.386844e-03   3.091181e-11   7878
  1.794402e+00   3.970789e-09   6.188007e-03   3.356463e-11   7344
  1.814575e+00   4.113963e-09   6.376317e-03   3.344191e-11   7694
  1.835593e+00   4.239592e-09   6.160249e-03   3.321907e-11   8412
  1.856699e+00   4.417906e-09   6.414349e-03   3.493074e-11   7920
  1.876759e+00   4.523981e-09   5.459134e-03   3.555232e-11   8118
  1.897178e+00   4.730466e-09   6.287687e-03   3.723755e-11   8548
  1.917951e+00   4.801931e-09   6.449419e-03   3.803541e-11   8710
  1.938549e+00   4.999185e-09   5.618245e-03   3.718067e-11   8928
  1.959695e+00   5.160213e-09   6.200464e-03   3.956167e-11   9186
  1.979980e+00   5.263586e-09   6.761629e-03   3.870180e-11   9200
  2.000891e+00   5.445125e-09   5.739979e-03   4.028922e-11   9438
  2.021277e+00   5.594261e-09   8.018434e-03   4.152322e-11   9564
  2.042231e+00   5.824015e-09   6.148976e-03   4.152408e-11   10296
  2.063682e+00   5.999763e-09   5.425155e-03   4.327817e-11   10126
  2.083777e+00   6.093785e-09   6.703116e-03   4.423756e-11   10024
  2.105151e+00   6.275055e-09   4.712298e-03   4.263040e-11   11082
  2.126137e+00   6.471654e-09   7.326910e-03   4.439102e-11   10632
  2.146648e+00   6.601844e-09   5.276268e-03   4.613181e-11   10734
  2.167370e+00   6.809728e-09   6.519432e-03   4.591160e-11   11276
  2.188085e+00   6.989144e-09   5.845210e-03   4.613708e-11   11352
  2.208991e+00   7.118250e-09   6.005624e-03   4.806696e-11   11550
  2.229512e+00   7.346062e-09   5.612796e-03   4.875249e-11   11772
  2.250338e+00   7.473671e-09   7.010120e-03   4.907029e-11   12038
  2.270908e+00   7.763583e-09   8.697336e-03   5.205790e-11   12096
  2.291762e+00   7.991125e-09   6.910786e-03   5.081257e-11   12582
  2.312387e+00   8.045864e-09   1.810009e-03   5.139758e-11   12620
  2.333484e+00   8.023807e-09   7.304332e-03   4.928017e-11   13320
  2.354132e+00   8.410678e-09   6.632382e-03   5.318212e-11   12654
  2.374385e+00   8.646487e-09   1.010811e-03   5.428680e-11   13236
  2.394941e+00   8.674129e-09   9.471862e-03   5.269908e-11   13438
  2.415712e+00   8.910974e-09   9.353479e-03   5.334601e-11   14344
  2.437236e+00   9.112647e-09   5.903855e-03   5.542771e-11   14226
  2.457572e+00   9.338667e-09   4.615919e-03   5.616957e-11   14088
  2.478175e+00   9.503810e-09   0.000000e+00   5.639530e-11   14328
  2.498827e+00   9.622182e-09   6.447094e-03   5.535174e-11   14954
  2.519760e+00   9.723077e-09   4.986005e-03   5.600479e-11   15480
  2.540776e+00   1.013446e-08   6.821175e-03   5.913124e-11   14862
  2.560688e+00   1.018227e-08   8.102940e-03   5.827027e-11   15296
  2.581597e+00   1.040355e-08   7.726933e-03   5.966610e-11   15954
  2.602086e+00   1.062397e-08   6.443768e-03   6.025935e-11   15720
  2.622579e+00   1.064847e-08   2.524413e-03   5.896781e-11   16296
  2.643690e+00   1.092158e-08   4.186852e-03   6.001180e-11   17010
  2.664189e+00   1.121303e-08   3.576750e-03   6.254944e-11   16328
  2.684811e+00   1.142240e-08   3.416562e-03   6.151465e-11   17094
  2.705495e+00   1.147587e-08   8.616207e-03   6.137294e-11   17436
  2.726416e+00   1.184253e-08   8.714706e-03   6.400878e-11   17862
  2.747423e+00   1.198253e-08   7.457893e-03   6.248552e-11   18200
  2.768585e+00   1.206636e-08   1.351897e-03   6.209853e-11   18450
  2.789287e+00   1.221863e-08   3.712509e-03   6.393275e-11   18384
  2.809940e+00   1.252846e-08   5.648074e-03   6.672560e-11   18504
  2.830568e+00   1.264984e-08   4.389778e-03   6.545099e-11   19142
  2.851613e+00   1.301157e-08   5.873308e-03   6.558226e-11   19692
  2.872433e+00   1.317770e-08   5.998506e-03   6.788146e-11   19062
  2.892804e+00   1.343580e-08   0.000000e+00   6.693942e-11   20184
  2.913860e+00   1.339901e-08   7.438076e-03   6.752530e-11   19970
  2.934397e+00   1.343519e-08   0.000000e+00   6.722568e-11   20496
  2.955536e+00   1.381157e-08   8.651323e-03   6.630472e-11   21456
  2.976109e+00   1.402450e-08   5.930427e-03   7.098396e-11   19650
  2.996304e+00   1.422467e-08   9.594534e-03   6.864081e-11   22040
  3.017594e+00   1.454500e-08   1.280847e-02   7.120440e-11   21558
  3.038151e+00   1.453858e-08   0.000000e+00   6.982767e-11   21804
  3.058764e+00   1.475323e-08   7.981913e-03   7.075664e-11   21926
  3.079309e+00   1.494765e-08   9.464994e-03   7.053022e-11   22416
  3.099937e+00   1.500909e-08   8.466104e-03   7.133007e-11   22776
  3.121146e+00   1.511450e-08   6.624540e-03   6.980094e-11   23874
  3.141984e+00   1.538926e-08   0.000000e+00   7.276057e-11   23104
  3.162701e+00   1.576525e-08   0.000000e+00   7.281668e-11   23974
  3.183467e+00   1.582712e-08   1.379620e-02   7.287053e-11   23892
  3.203873e+00   1.610787e-08   0.000000e+00   7.534689e-11   23550
  3.224418e+00   1.603367e-08   6.579636e-03   7.244963e-11   25320
  3.245288e+00   1.645211e-08   1.188099e-02   7.542344e-11   24428
  3.265711e+00   1.652663e-08   8.032971e-03   7.441032e-11   25254
  3.286619e+00   1.685398e-08   0.000000e+00   7.413608e-11   26016
  3.307230e+00   1.664426e-08   9.040328e-04   7.543171e-11   25182
  3.328033e+00   1.693238e-08   3.485976e-03   7.295747e-11   27428
  3.349135e+00   1.735988e-08   5.408264e-03   7.745146e-11   25974
  3.369438e+00   1.741112e-08   8.972386e-03   7.542526e-11   26904
  3.390060e+00   1.771244e-08   2.826450e-03   7.761901e-11   26730
  3.410702e+00   1.774460e-08   0.000000e+00   7.641102e-11   27896
  3.431859e+00   1.788086e-08   1.040941e-02   7.491798e-11   28992
  3.453270e+00   1.810289e-08   2.854208e-03   7.495322e-11   28698
  3.473701e+00   1.839358e-08   0.000000e+00   8.011838e-11   27816
  3.494571e+00   1.841162e-08   0.000000e+00   7.622257e-11   29774
  3.515450e+00   1.867488e-08   6.717986e-03   7.767248e-11   29148
  3.535862e+00   1.880651e-08   0.000000e+00   8.004206e-11   28806
  3.556422e+00   1.902159e-08   1.141657e-02   7.812138e-11   30408
  3.577217e+00   1.895398e-08   0.000000e+00   7.720982e-11   30320
  3.598192e+00   1.932573e-08   0.000000e+00   7.874006e-11   30930
  3.619128e+00   1.958078e-08   0.000000e+00   7.893751e-11   31656
  3.639581e+00   1.953383e-08   5.317240e-04   7.992308e-11   30086
  3.660128e+00   1.993173e-08   1.339239e-02   7.847232e-11   32724
  3.680836e+00   2.002472e-08   7.843944e-03   8.152836e-11   30846
  3.701403e+00   2.003043e-08   2.130513e-03   7.891276e-11   33480
  3.722425e+00   2.052638e-08   1.082407e-02   8.000466e-11   32724
  3.742979e+00   2.061639e-08   6.854475e-03   8.145918e-11   32894
  3.763829e+00   2.075243e-08   0.000000e+00   7.956059e-11   34200
  3.784682e+00   2.098406e-08   8.683105e-03   8.125004e-11   33594
  3.805163e+00   2.114477e-08   0.000000e+00   8.108194e-11   34336
  3.826056e+00   2.123443e-08   2.178424e-03   8.132914e-11   34822
  3.846790e+00   2.120005e-08   0.000000e+00   8.063152e-11   35472
  3.867411e+00   2.138611e-08   0.000000e+00   8.299398e-11   34404
  3.887970e+00   2.165176e-08   0.000000e+00   8.170801e-11   36222
  3.908577e+00   2.176915e-08   6.410206e-03   8.162914e-11   35984
  3.929394e+00   2.181119e-08   8.579080e-03   8.103734e-11   36570
  3.950033e+00   2.211863e-08   0.000000e+00   8.157744e-11   37176
  3.970896e+00   2.245695e-08   0.000000e+00   8.316732e-11   37406
  3.991674e+00   2.230496e-08   0.000000e+00   8.221342e-11   38052
  4.012282e+00   2.251383e-08   0.000000e+00   8.251372e-11   37590
  4.033175e+00   2.272976e-08   1.054522e-02   8.196770e-11   39480
  4.053854e+00   2.283735e-08   0.000000e+00   8.344219e-11   38260
  4.074527e+00   2.299179e-08   1.039590e-02   8.237514e-11   39646
  4.095623e+00   2.288509e-08   5.927060e-03   8.120339e-11   40944
  4.116542e+00   2.317803e-08   0.000000e+00   8.350199e-11   39678
  4.137149e+00   2.337229e-08   0.000000e+00   8.242021e-11   40804
  4.157880e+00   2.361826e-08   0.000000e+00   8.408505e-11   40606
  4.178646e+00   2.353693e-08   1.406042e-02   8.201155e-11   42216
  4.199539e+00   2.395196e-08   0.000000e+00   8.338967e-11   41532
  4.220177e+00   2.380447e-08   0.000000e+00   8.304135e-11   41990
  4.240665e+00   2.420781e-08   1.479970e-02   8.430917e-11   42360
  4.261571e+00   2.414220e-08   5.408908e-03   8.172431e-11   43530
  4.282349e+00   2.435759e-08   8.359331e-03   8.341792e-11   43848
  4.303062e+00   2.452523e-08   0.000000e+00   8.455578e-11   42870
  4.323842e+00   2.461445e-08   1.403307e-02   8.184215e-11   46160
  4.344700e+00   2.487431e-08   5.579356e-03   8.578028e-11   43380
  4.365241e+00   2.492823e-08   0.000000e+00   8.455386e-11   45294
  4.385850e+00   2.503794e-08   1.314498e-02   8.378935e-11   45744
  4.406925e+00   2.509340e-08   0.000000e+00   8.255605e-11   46682
  4.427542e+00   2.539620e-08   7.608154e-03   8.524734e-11   45840
  4.448226e+00   2.537622e-08   0.000000e+00   8.390614e-11   47118
  4.468866e+00   2.545236e-08   1.924780e-02   8.424635e-11   47124
  4.489588e+00   2.558984e-08   4.999841e-03   8.313257e-11   47984
  4.510730e+00   2.555839e-08   8.807319e-03   8.205815e-11   49566
  4.531118e+00   2.587539e-08   5.214954e-03   8.606266e-11   46284
  4.551570e+00   2.586727e-08   1.373275e-02   8.394926e-11   49966
  4.572384e+00   2.599495e-08   1.045695e-02   8.427522e-11   49360
  4.593072e+00   2.623721e-08   1.999673e-03   8.407269e-11   49806
  4.613927e+00   2.624777e-08   1.148824e-02   8.284313e-11   51492
  4.634555e+00   2.639058e-08   1.533182e-02   8.533869e-11   49496
  4.655358e+00   2.669774e-08   1.527714e-02   8.315946e-11   53190
  4.676336e+00   2.654808e-08   0.000000e+00   8.382462e-11   51060
  4.696902e+00   2.680938e-08   0.000000e+00   8.495880e-11   52134
  4.717532e+00   2.673786e-08   1.067637e-02   8.364334e-11   53088
  4.738328e+00   2.682817e-08   6.383628e-03   8.424955e-11   52706
  4.759059e+00   2.714417e-08   1.010218e-02   8.291298e-11   54936
  4.780123e+00   2.709650e-08   0.000000e+00   8.371866e-11   53886
  4.800723e+00   2.717664e-08   0.000000e+00   8.333627e-11   54436
  4.821321e+00   2.738828e-08   0.000000e+00   8.391391e-11   55096
  4.842331e+00   2.748999e-08   0.000000e+00   8.354122e-11   56358
  4.862919e+00   2.769984e-08   0.000000e+00   8.399050e-11   55632
  4.883675e+00   2.763419e-08   1.976659e-02   8.384432e-11   56530
  4.904377e+00   2.793302e-08   0.000000e+00   8.439847e-11   57232
  4.925004e+00   2.799155e-08   0.000000e+00   8.432541e-11   56766
  4.946157e+00   2.783602e-08   0.000000e+00   8.148413e-11   60804
  4.966740e+00   2.788488e-08   0.000000e+00   8.606244e-11   55536
  4.987401e+00   2.787285e-08   2.499953e-02   8.040617e-11   61166
  5.008144e+00   2.811350e-08   0.000000e+00   8.427963e-11   57396
  5.028657e+00   2.820816e-08   1.158511e-02   8.256128e-11   60870
  5.049483e+00   2.836156e-08   0.000000e+00   8.313758e-11   60224
  5.070206e+00   2.834510e-08   1.743989e-02   8.258084e-11   61002
  5.090995e+00   2.843628e-08   1.623875e-02   8.240942e-11   62016
  5.111676e+00   2.857908e-08   0.000000e+00   8.402517e-11   60768
  5.132188e+00   2.828395e-08   2.345158e-02   8.168078e-11   62870
  5.153159e+00   2.876180e-08   8.984803e-03   8.277728e-11   63804
  5.174011e+00   2.871995e-08   1.116028e-02   8.213527e-11   63054
  5.194387e+00   2.882680e-08   8.637145e-03   8.358719e-11   63024
  5.215203e+00   2.879449e-08   0.000000e+00   8.125783e-11   65018
  5.235783e+00   2.888267e-08   1.491488e-02   8.128829e-11   64608
  5.256575e+00   2.898413e-08   0.000000e+00   8.089572e-11   65688
  5.277312e+00   2.902242e-08   2.246455e-02   8.160476e-11   65994
  5.297977e+00   2.922877e-08   0.000000e+00   8.215208e-11   66648
  5.318871e+00   2.931328e-08   1.520197e-02   8.176771e-11   67310
  5.339463e+00   2.929116e-08   0.000000e+00   8.212639e-11   67224
  5.360199e+00   2.923680e-08   6.473002e-03   8.093121e-11   68034
  5.381014e+00   2.919683e-08   0.000000e+00   7.982177e-11   69744
  5.401830e+00   2.951726e-08   1.183568e-02   8.224577e-11   68654
  5.422855e+00   2.925336e-08   1.552637e-02   7.885909e-11   72132
  5.443654e+00   2.973277e-08   9.588795e-03   8.237387e-11   68520
  5.464157e+00   2.976519e-08   1.545041e-02   8.114859e-11   71070
  5.485072e+00   2.959992e-08   0.000000e+00   7.975239e-11   71948
  5.505774e+00   2.972685e-08   2.288852e-02   8.064285e-11   71598
  5.526655e+00   2.981141e-08   0.000000e+00   7.946235e-11   73536
  5.547364e+00   2.993971e-08   2.735568e-02   8.019327e-11   71802
  5.567855e+00   2.972324e-08   0.000000e+00   7.949253e-11   73280
  5.588594e+00   2.998444e-08   0.000000e+00   7.948533e-11   73992
  5.609518e+00   2.981014e-08   1.258290e-02   7.820813e-11   75966
  5.630238e+00   3.009980e-08   0.000000e+00   8.019774e-11   74364
  5.650981e+00   2.970485e-08   1.557098e-02   7.764435e-11   76094
  5.671667e+00   2.989762e-08   0.000000e+00   7.851652e-11   76224
  5.692418e+00   3.018663e-08   9.245969e-03   7.973788e-11   76242
  5.712949e+00   3.009299e-08   0.000000e+00   7.850078e-11   76944
  5.733683e+00   3.020390e-08   0.000000e+00   7.787224e-11   78680
  5.754738e+00   3.006283e-08   1.766874e-02   7.747366e-11   79962
  5.775390e+00   3.028039e-08   9.062776e-03   7.787681e-11   77760
  5.796021e+00   3.019720e-08   2.121082e-02   7.801695e-11   79590
  5.816768e+00   3.030463e-08   0.000000e+00   7.717209e-11   80732
  5.837570e+00   3.030811e-08   2.650606e-02   7.710773e-11   81174
  5.858317e+00   3.021162e-08   9.616236e-03   7.700613e-11   80832
  5.878647e+00   3.031105e-08   2.709404e-02   7.776258e-11   79992
  5.899507e+00   3.012958e-08   0.000000e+00   7.496988e-11   84314
  5.920440e+00   3.050889e-08   0.000000e+00   7.652369e-11   83592
  5.941251e+00   3.046170e-08   1.953914e-02   7.694194e-11   83838
  5.961944e+00   3.031412e-08   0.000000e+00   7.700305e-11   83676
  5.982556e+00   3.051886e-08   1.353301e-02   7.607647e-11   84950
  6.003231e+00   3.057036e-08   0.000000e+00   7.637082e-11   84912
  6.024026e+00   3.053735e-08   2.429099e-02   7.503021e-11   87162
  6.044869e+00   3.039667e-08   0.000000e+00   7.509682e-11   86440
  6.065493e+00   3.059854e-08   0.000000e+00   7.583169e-11   86560
  6.086296e+00   3.069691e-08   0.000000e+00   7.541694e-11   88698
  6.106998e+00   3.057528e-08   3.045791e-02   7.477248e-11   88920
  6.127979e+00   3.063016e-08   0.000000e+00   7.507259e-11   88814
  6.148557e+00   3.039068e-08   5.471468e-03   7.380369e-11   90336
  6.169523e+00   3.074304e-08   0.000000e+00   7.434869e-11   90282
  6.190225e+00   3.051763e-08   0.000000e+00   7.407549e-11   90840
  6.210762e+00   3.054453e-08   2.244237e-02   7.445622e-11   91128
  6.231707e+00   3.049362e-08   0.000000e+00   7.341676e-11   92690
  6.252316e+00   3.056526e-08   0.000000e+00   7.282158e-11   92160
  6.273109e+00   3.085055e-08   0.000000e+00   7.337157e-11   93534
  6.293745e+00   3.057151e-08   0.000000e+00   7.299705e-11   93484
  6.314477e+00   3.061253e-08   3.187170e-03   7.261467e-11   95206
  6.335382e+00   3.055124e-08   1.090846e-02   7.202137e-11   96048
  6.355953e+00   3.088669e-08   9.699438e-03   7.323974e-11   93600
  6.376648e+00   3.055275e-08   0.000000e+00   7.169981e-11   97410
  6.397377e+00   3.062963e-08   2.783344e-02   7.178100e-11   97856
  6.418315e+00   3.071442e-08   0.000000e+00   7.186602e-11   97278
  6.438964e+00   3.054124e-08   1.706599e-02   7.091557e-11   98916
  6.459629e+00   3.064438e-08   0.000000e+00   7.272244e-11   96894
  6.480183e+00   3.059589e-08   0.000000e+00   7.033269e-11   100976
  6.501132e+00   3.079775e-08   0.000000e+00   7.151919e-11   100164
  6.521747e+00   3.063748e-08   0.000000e+00   7.112429e-11   100014
  6.542241e+00   3.070806e-08   2.003195e-02   7.105772e-11   101040
  6.563073e+00   3.069839e-08   0.000000e+00   7.014098e-11   102338
  6.583708e+00   3.048260e-08   1.204595e-02   6.982234e-11   102912
  6.604644e+00   3.050354e-08   0.000000e+00   6.915421e-11   104238
  6.625220e+00   3.070473e-08   2.018907e-02   7.052319e-11   103104
  6.645988e+00   3.059999e-08   1.700147e-02   6.898935e-11   105404
  6.666801e+00   3.060232e-08   0.000000e+00   6.919976e-11   105198
  6.687510e+00   3.063233e-08   0.000000e+00   6.886021e-11   106632
  6.708326e+00   3.031717e-08   2.586370e-02   6.863486e-11   106706
  6.729024e+00   3.054131e-08   0.000000e+00   6.864540e-11   106992
  6.749962e+00   3.042624e-08   0.000000e+00   6.724535e-11   110118
  6.770697e+00   3.048876e-08   3.182415e-02   6.870459e-11   108084
  6.791315e+00   3.044666e-08   1.223897e-02   6.814697e-11   108222
  6.812161e+00   3.045513e-08   0.000000e+00   6.689197e-11   112160
  6.832814e+00   3.032476e-08   1.789977e-02   6.829248e-11   108492
  6.853557e+00   3.013367e-08   2.280338e-02   6.643801e-11   113262
  6.874381e+00   3.030745e-08   0.000000e+00   6.719660e-11   111360
  6.895229e+00   3.025503e-08   0.000000e+00   6.619171e-11   114182
  6.915921e+00   3.005119e-08   3.321993e-02   6.623064e-11   112884
  6.936683e+00   3.034987e-08   7.239881e-03   6.617419e-11   113934
  6.957293e+00   3.018922e-08   0.000000e+00   6.564606e-11   114504
  6.978243e+00   3.016246e-08   0.000000e+00   6.507667e-11   117500
  6.998910e+00   3.014994e-08   2.344487e-02   6.575041e-11   114102
  7.019593e+00   3.014540e-08   9.406492e-03   6.480012e-11   118584
  7.040399e+00   3.009653e-08   0.000000e+00   6.614573e-11   115546
  7.060875e+00   3.031564e-08   2.073382e-02   6.545994e-11   118984
  7.081861e+00   3.018450e-08   4.427487e-03   6.517278e-11   119526
  7.102512e+00   3.001966e-08   2.618447e-03   6.470262e-11   119436
  7.123149e+00   3.007804e-08   0.000000e+00   6.458572e-11   118632
  7.143816e+00   2.990192e-08   2.387792e-02   6.315727e-11   122510
  7.164668e+00   3.004284e-08   0.000000e+00   6.448838e-11   121680
  7.185447e+00   2.982271e-08   0.000000e+00   6.414603e-11   121434
  7.206003e+00   2.969302e-08   0.000000e+00   6.281363e-11   123928
  7.226828e+00   2.984417e-08   0.000000e+00   6.253770e-11   123910
  7.247600e+00   2.971846e-08   0.000000e+00   6.275785e-11   124452
  7.268315e+00   2.972383e-08   0.000000e+00   6.273605e-11   125376
  7.289032e+00   2.974646e-08   2.023807e-02   6.219966e-11   126638
  7.309761e+00   2.975890e-08   7.944977e-03   6.275517e-11   125844
  7.330506e+00   2.957854e-08   0.000000e+00   6.209894e-11   128142
  7.351277e+00   2.958658e-08   0.000000e+00   6.197472e-11   128136
  7.371904e+00   2.947513e-08   9.220243e-03   6.134958e-11   127642
  7.392694e+00   2.946230e-08   0.000000e+00   6.074701e-11   131968
  7.413717e+00   2.958963e-08   0.000000e+00   6.177699e-11   130326
  7.434332e+00   2.923688e-08   2.145203e-02   6.075114e-11   131688
  7.455057e+00   2.944030e-08   1.051849e-02   6.123355e-11   130212
  7.475704e+00   2.924506e-08   0.000000e+00   6.040507e-11   132686
  7.496605e+00   2.932778e-08   0.000000e+00   5.994198e-11   135960
  7.517414e+00   2.944410e-08   1.587248e-02   6.144131e-11   131562
  7.537784e+00   2.916555e-08   1.325878e-02   5.978749e-11   134016
  7.558656e+00   2.930041e-08   0.000000e+00   5.953982e-11   136478
  7.579403e+00   2.889759e-08   2.803841e-02   5.881672e-11   136812
  7.600229e+00   2.909350e-08   1.840327e-02   5.920799e-11   137856
  7.620980e+00   2.893901e-08   0.000000e+00   5.942597e-11   135862
  7.641612e+00   2.893715e-08   0.000000e+00   5.825504e-11   140056
  7.662506e+00   2.905836e-08   2.465291e-02   5.875360e-11   139602
  7.683198e+00   2.877405e-08   0.000000e+00   5.811983e-11   139080
  7.703881e+00   2.892400e-08   0.000000e+00   5.816591e-11   140678
  7.724645e+00   2.870186e-08   1.265587e-02   5.732680e-11   142884
  7.745326e+00   2.862756e-08   1.148633e-02   5.763888e-11   139992
  7.766054e+00   2.859953e-08   0.000000e+00   5.658352e-11   144966
  7.786898e+00   2.874500e-08   0.000000e+00   5.732570e-11   143364
  7.807548e+00   2.851947e-08   1.918909e-02   5.652103e-11   144518
  7.828230e+00   2.847014e-08   1.999211e-02   5.645099e-11   145200
  7.848878e+00   2.855309e-08   0.000000e+00   5.727203e-11   143466
  7.869472e+00   2.824485e-08   0.000000e+00   5.599481e-11   148824
  7.890216e+00   2.835216e-08   1.550355e-02   5.617691e-11   145544
  7.910805e+00   2.810994e-08   0.000000e+00   5.564013e-11   148590
  7.931652e+00   2.817203e-08   0.000000e+00   5.508231e-11   150540
  7.952470e+00   2.806099e-08   2.777893e-02   5.495410e-11   150134
  7.973199e+00   2.816527e-08   0.000000e+00   5.496106e-11   151296
  7.994126e+00   2.815620e-08   0.000000e+00   5.489992e-11   152058
  8.014652e+00   2.802778e-08   1.702944e-02   5.475781e-11   150864
  8.035389e+00   2.802082e-08   1.560680e-02   5.430505e-11   154310
  8.056340e+00   2.777679e-08   0.000000e+00   5.418694e-11   155172
  8.077064e+00   2.795693e-08   0.000000e+00   5.433145e-11   154128
  8.097990e+00   2.783842e-08   1.174681e-02   5.369283e-11   158310
  8.118629e+00   2.754938e-08   1.895277e-02   5.377679e-11   153436
  8.139285e+00   2.768255e-08   0.000000e+00   5.293632e-11   157726
  8.160231e+00   2.737339e-08   0.000000e+00   5.231371e-11   160368
  8.180874e+00   2.754152e-08   8.395674e-03   5.319092e-11   155718
  8.201481e+00   2.726274e-08   0.000000e+00   5.214830e-11   160028
  8.222226e+00   2.728540e-08   0.000000e+00   5.217106e-11   160920
  8.243006e+00   2.722339e-08   1.423298e-02   5.203607e-11   161070
  8.263783e+00   2.719143e-08   3.082679e-02   5.180095e-11   163428
  8.284440e+00   2.711142e-08   0.000000e+00   5.239906e-11   159574
  8.305243e+00   2.703447e-08   0.000000e+00   5.074518e-11   167392
  8.326056e+00   2.701669e-08   2.473342e-02   5.134620e-11   162258
  8.346724e+00   2.696438e-08   1.259031e-02   5.074120e-11   167472
  8.367536e+00   2.691349e-08   0.000000e+00   5.097516e-11   163664
  8.388104e+00   2.669185e-08   0.000000e+00   5.066040e-11   166986
  8.408897e+00   2.685595e-08   1.796192e-02   5.019839e-11   169968
  8.429854e+00   2.666899e-08   0.000000e+00   5.040563e-11   167646
  8.450318e+00   2.655374e-08   0.000000e+00   5.031400e-11   168080
  8.471077e+00   2.660702e-08   1.654848e-02   4.979093e-11   170826
  8.491848e+00   2.641581e-08   0.000000e+00   4.932207e-11   170928
  8.512425e+00   2.643324e-08   1.759037e-02   4.911678e-11   170640
  8.533267e+00   2.632299e-08   0.000000e+00   4.890807e-11   173954
  8.553926e+00   2.627011e-08   2.625534e-02   4.883226e-11   173232
  8.574736e+00   2.614510e-08   0.000000e+00   4.866704e-11   174150
  8.595484e+00   2.612089e-08   3.685749e-03   4.782081e-11   176364
  8.616200e+00   2.602868e-08   1.695804e-02   4.815378e-11   175302
  8.636930e+00   2.581032e-08   7.581559e-03   4.745005e-11   177392
  8.657595e+00   2.593118e-08   1.853938e-02   4.776870e-11   176352
  8.678421e+00   2.576338e-08   0.000000e+00   4.714931e-11   180330
  8.699244e+00   2.576712e-08   9.068670e-03   4.677004e-11   180712
  8.719974e+00   2.554140e-08   1.528478e-02   4.688129e-11   179350
  8.740767e+00   2.557901e-08   1.420752e-02   4.640495e-11   183396
  8.761612e+00   2.564032e-08   0.000000e+00   4.691615e-11   180390
  8.782097e+00   2.539519e-08   0.000000e+00   4.639348e-11   181944
  8.802931e+00   2.537174e-08   0.000000e+00   4.537645e-11   185450
  8.823813e+00   2.524752e-08   6.387878e-03   4.577235e-11   186192
  8.844456e+00   2.529855e-08   2.054934e-02   4.575293e-11   183432
  8.865128e+00   2.516854e-08   0.000000e+00   4.564817e-11   185362
  8.885756e+00   2.512067e-08   5.189617e-03   4.518875e-11   188464
  8.906658e+00   2.502328e-08   0.000000e+00   4.493910e-11   188046
  8.927419e+00   2.497908e-08   1.325339e-02   4.473763e-11   191304
  8.948113e+00   2.490749e-08   2.474311e-02   4.494939e-11   186690
  8.968904e+00   2.475408e-08   0.000000e+00   4.376801e-11   194072
  8.989560e+00   2.488899e-08   2.130947e-02   4.474613e-11   188688
  9.010216e+00   2.461348e-08   0.000000e+00   4.403796e-11   192786
  9.030896e+00   2.468949e-08   8.358708e-03   4.375206e-11   193352
  9.051797e+00   2.463165e-08   0.000000e+00   4.377566e-11   195702
  9.072475e+00   2.448085e-08   2.835592e-02   4.335596e-11   195132
  9.093243e+00   2.446552e-08   0.000000e+00   4.329073e-11   195726
  9.113935e+00   2.408300e-08   0.000000e+00   4.275995e-11   197416
  9.134634e+00   2.433214e-08   8.299321e-03   4.332408e-11   196564
  9.155405e+00   2.404831e-08   1.993523e-02   4.223037e-11   201198
  9.176135e+00   2.413013e-08   3.101668e-03   4.256658e-11   197136
  9.196708e+00   2.413105e-08   0.000000e+00   4.262334e-11   199358
  9.217375e+00   2.386661e-08   2.726965e-02   4.147536e-11   203532
  9.238269e+00   2.393600e-08   0.000000e+00   4.184375e-11   201438
  9.258960e+00   2.381765e-08   0.000000e+00   4.195810e-11   203664
  9.279645e+00   2.381540e-08   2.742619e-02   4.118472e-11   203972
  9.300373e+00   2.364684e-08   2.142813e-02   4.134207e-11   205974
  9.321187e+00   2.367975e-08   0.000000e+00   4.099276e-11   205752
  9.342029e+00   2.355314e-08   0.000000e+00   4.091912e-11   207810
  9.362528e+00   2.361381e-08   3.635391e-02   4.111414e-11   206384
  9.383441e+00   2.339000e-08   0.000000e+00   4.034665e-11   210966
  9.404243e+00   2.326484e-08   0.000000e+00   4.019689e-11   210516
  9.425015e+00   2.335086e-08   0.000000e+00   4.033838e-11   209766
  9.445651e+00   2.312870e-08   4.028787e-02   3.958145e-11   212376
  9.466452e+00   2.315039e-08   0.000000e+00   3.947712e-11   212960
  9.487360e+00   2.294246e-08   0.000000e+00   3.926959e-11   214626
  9.507988e+00   2.309213e-08   2.959404e-02   3.954195e-11   213696
  9.528715e+00   2.302763e-08   2.915217e-02   3.921084e-11   215734
  9.549396e+00   2.285164e-08   0.000000e+00   3.926760e-11   213220
  9.570088e+00   2.288977e-08   0.000000e+00   3.859210e-11   219102
  9.590897e+00   2.262474e-08   3.428613e-02   3.845605e-11   220872
  9.611603e+00   2.279427e-08   4.972214e-02   3.868057e-11   216556
  9.632325e+00   2.258162e-08   3.861154e-02   3.830374e-11   221494
  9.653000e+00   2.261450e-08   4.189624e-02   3.848805e-11   219096
  9.673802e+00   2.245922e-08   3.096964e-02   3.764696e-11   224262
  9.694676e+00   2.231958e-08   0.000000e+00   3.781221e-11   222508
  9.715414e+00   2.240774e-08   0.000000e+00   3.779524e-11   222502
  9.735990e+00   2.224689e-08   3.990176e-02   3.738876e-11   227280
  9.756819e+00   2.228569e-08   2.021022e-02   3.748866e-11   223644
  9.777525e+00   2.206925e-08   0.000000e+00   3.702775e-11   226222
  9.798257e+00   2.213946e-08   0.000000e+00   3.693429e-11   229840
  9.819050e+00   2.193332e-08   2.650939e-02   3.666881e-11   228042
  9.839635e+00   2.204238e-08   0.000000e+00   3.682170e-11   227472
  9.860349e+00   2.187671e-08   0.000000e+00   3.628788e-11   230990
  9.881122e+00   2.189031e-08   7.068624e-03   3.632553e-11   233532
  9.901848e+00   2.186066e-08   2.942640e-02   3.613811e-11   231288
  9.922671e+00   2.173519e-08   0.000000e+00   3.618647e-11   233718
  9.943259e+00   2.175192e-08   0.000000e+00   3.607123e-11   232704
  9.964036e+00   2.160374e-08   3.122884e-02   3.536482e-11   239282
  9.984851e+00   2.153886e-08   3.768972e-02   3.554826e-11   234912
  1.000569e+01   2.152997e-08   0.000000e+00   3.537667e-11   238278
  1.002625e+01   2.147911e-08   3.695719e-02   3.536379e-11   237460
  1.004683e+01   2.155035e-08   2.742645e-02   3.552165e-11   236662
  1.006780e+01   2.124784e-08   0.000000e+00   3.426778e-11   246336
  1.008877e+01   2.140028e-08   0.000000e+00   3.498439e-11   241092
  1.010938e+01   2.111442e-08   3.515569e-02   3.445454e-11   242414
  1.013016e+01   2.120239e-08   1.408133e-02   3.447313e-11   243552
  1.015096e+01   2.116392e-08   0.000000e+00   3.453129e-11   243474
  1.017150e+01   2.095258e-08   2.408242e-02   3.406144e-11   245112
  1.019231e+01   2.100802e-08   2.629652e-02   3.389714e-11   246894
  1.021302e+01   2.088875e-08   1.956554e-02   3.379504e-11   247448
  1.023384e+01   2.091355e-08   0.000000e+00   3.371592e-11   247404
  1.025443e+01   2.077981e-08   3.941970e-02   3.347655e-11   249990
  1.027508e+01   2.076853e-08   3.731845e-02   3.350584e-11   249512
  1.029605e+01   2.074014e-08   0.000000e+00   3.320619e-11   253890
  1.031676e+01   2.059735e-08   0.000000e+00   3.319405e-11   250728
  1.033733e+01   2.060617e-08   4.808665e-02   3.287917e-11   253950
  1.035815e+01   2.047026e-08   0.000000e+00   3.290969e-11   254140
  1.037892e+01   2.053624e-08   0.000000e+00   3.264173e-11   255880
  1.039970e+01   2.028961e-08   3.049363e-02   3.221939e-11   258942
  1.042027e+01   2.046013e-08   4.574750e-02   3.288336e-11   253836
  1.044111e+01   2.029335e-08   0.000000e+00   3.201324e-11   260534
  1.046192e+01   2.022670e-08   0.000000e+00   3.218390e-11   259992
  1.048247e+01   2.019454e-08   4.697474e-02   3.192848e-11   258894
  1.050325e+01   2.009484e-08   3.698157e-02   3.184903e-11   263364
  1.052405e+01   2.014783e-08   0.000000e+00   3.182048e-11   259536
  1.054453e+01   1.994909e-08   2.121381e-02   3.149527e-11   263438
  1.056525e+01   1.996818e-08   4.220415e-02   3.127604e-11   265740
  1.058609e+01   1.991238e-08   0.000000e+00   3.141824e-11   264894
  1.060688e+01   1.984341e-08   0.000000e+00   3.090697e-11   269184
  1.062757e+01   1.987880e-08   4.094029e-02   3.114677e-11   266138
  1.064825e+01   1.968150e-08   2.881218e-02   3.068027e-11   270528
  1.066913e+01   1.982974e-08   0.000000e+00   3.101370e-11   268182
  1.068974e+01   1.966067e-08   0.000000e+00   3.068141e-11   270960
  1.071041e+01   1.964677e-08   4.915849e-02   3.011199e-11   274580
  1.073153e+01   1.958237e-08   0.000000e+00   3.028563e-11   276078
  1.075230e+01   1.952525e-08   0.000000e+00   3.024209e-11   273600
  1.077293e+01   1.939895e-08   4.110243e-02   2.998474e-11   274698
  1.079362e+01   1.941626e-08   4.411621e-02   2.987625e-11   276920
  1.081449e+01   1.945957e-08   0.000000e+00   2.985713e-11   276774
  1.083523e+01   1.927079e-08   0.000000e+00   2.971494e-11   279972
  1.085575e+01   1.939158e-08   3.534118e-02   2.988080e-11   276144
  1.087656e+01   1.922563e-08   1.662436e-02   2.927943e-11   282590
  1.089739e+01   1.924886e-08   0.000000e+00   2.921339e-11   282300
  1.091813e+01   1.911087e-08   0.000000e+00   2.900955e-11   283926
  1.093867e+01   1.907483e-08   4.724887e-02   2.925152e-11   279792
  1.095956e+01   1.914912e-08   0.000000e+00   2.888127e-11   287870
  1.098041e+01   1.906462e-08   0.000000e+00   2.890203e-11   286428
  1.100093e+01   1.906621e-08   4.599433e-02   2.876230e-11   284808
  1.102168e+01   1.887349e-08   1.610229e-02   2.856085e-11   289158
  1.104256e+01   1.895177e-08   0.000000e+00   2.845954e-11   290204
  1.106327e+01   1.888068e-08   0.000000e+00   2.845392e-11   290382
  1.108392e+01   1.880450e-08   3.100071e-02   2.829858e-11   291912
  1.110477e+01   1.885667e-08   0.000000e+00   2.816840e-11   290754
  1.112541e+01   1.868650e-08   1.729813e-02   2.783031e-11   296096
  1.114626e+01   1.881785e-08   2.596827e-02   2.816087e-11   294552
  1.116687e+01   1.863609e-08   4.710923e-02   2.802777e-11   293466
  1.118757e+01   1.866572e-08   0.000000e+00   2.785740e-11   296904
  1.120838e+01   1.862309e-08   0.000000e+00   2.769030e-11   298358
  1.122888e+01   1.851466e-08   4.575960e-02   2.757277e-11   297840
  1.124975e+01   1.856231e-08   1.666212e-02   2.751305e-11   301338
  1.127058e+01   1.848558e-08   0.000000e+00   2.745587e-11   300336
  1.129110e+01   1.851196e-08   4.922801e-02   2.718369e-11   303584
  1.131196e+01   1.841514e-08   4.043350e-02   2.729702e-11   304098
  1.133284e+01   1.842911e-08   0.000000e+00   2.713827e-11   304488
  1.135346e+01   1.830784e-08   4.454592e-02   2.685071e-11   306678
  1.137426e+01   1.838898e-08   0.000000e+00   2.701138e-11   305732
  1.139499e+01   1.838592e-08   1.695391e-02   2.691081e-11   309894
  1.141580e+01   1.825724e-08   2.395288e-02   2.681775e-11   310200
  1.143654e+01   1.830084e-08   0.000000e+00   2.661950e-11   307074
  1.145717e+01   1.815812e-08   4.684719e-02   2.641031e-11   315656
  1.147809e+01   1.823499e-08   0.000000e+00   2.661323e-11   310704
  1.149891e+01   1.810668e-08   0.000000e+00   2.644764e-11   314310
  1.151930e+01   1.814206e-08   5.504473e-02   2.640172e-11   312412
  1.154022e+01   1.813307e-08   0.000000e+00   2.615006e-11   318310
  1.156105e+01   1.805195e-08   0.000000e+00   2.637096e-11   315648
  1.158162e+01   1.811425e-08   4.333309e-02   2.599229e-11   320610
  1.160233e+01   1.802239e-08   0.000000e+00   2.637366e-11   313944
  1.162309e+01   1.805672e-08   0.000000e+00   2.574295e-11   325880
  1.164386e+01   1.797758e-08   4.381799e-02   2.611261e-11   319146
  1.166463e+01   1.798188e-08   0.000000e+00   2.574522e-11   322896
  1.168519e+01   1.790205e-08   4.845750e-02   2.574349e-11   322206
  1.170600e+01   1.787519e-08   0.000000e+00   2.551958e-11   327416
  1.172694e+01   1.788525e-08   0.000000e+00   2.553372e-11   325602
  1.174741e+01   1.781950e-08   5.845965e-02   2.542313e-11   328248
  1.176822e+01   1.789606e-08   0.000000e+00   2.541604e-11   326088
  1.178913e+01   1.770376e-08   0.000000e+00   2.529365e-11   331658
  1.180961e+01   1.783073e-08   5.337054e-02   2.527910e-11   331584
  1.183047e+01   1.777364e-08   2.597335e-02   2.535368e-11   330630
  1.185129e+01   1.772495e-08   0.000000e+00   2.516768e-11   333204
  1.187174e+01   1.773252e-08   6.025872e-02   2.506229e-11   333470
  1.189271e+01   1.761101e-08   0.000000e+00   2.490480e-11   335688
  1.191332e+01   1.775964e-08   2.060611e-02   2.492423e-11   336828
  1.193402e+01   1.760270e-08   2.751176e-02   2.489730e-11   337662
  1.195492e+01   1.768577e-08   0.000000e+00   2.486616e-11   338960
  1.197532e+01   1.758730e-08   5.521286e-02   2.494303e-11   338262
  1.199617e+01   1.759142e-08   4.572820e-02   2.458651e-11   344388
  1.201720e+01   1.759257e-08   0.000000e+00   2.457272e-11   342486
  1.203755e+01   1.753045e-08   7.004450e-02   2.441008e-11   343592
  1.205855e+01   1.762756e-08   9.296952e-03   2.436906e-11   347130
  1.207947e+01   1.749017e-08   0.000000e+00   2.446922e-11   346152
  1.209988e+01   1.751334e-08   6.649762e-02   2.427389e-11   345856
  1.212085e+01   1.745199e-08   0.000000e+00   2.426581e-11   349354
  1.214164e+01   1.753392e-08   0.000000e+00   2.417781e-11   352032
  1.216224e+01   1.747209e-08   5.557523e-02   2.444427e-11   348582
  1.218317e+01   1.740276e-08   0.000000e+00   2.402227e-11   352244
  1.220354e+01   1.745134e-08   6.765291e-02   2.399096e-11   351582
  1.222445e+01   1.743727e-08   1.339034e-02   2.404344e-11   357144
  1.224542e+01   1.748780e-08   0.000000e+00   2.396895e-11   355560
  1.226585e+01   1.746178e-08   6.403487e-02   2.397443e-11   354551
  1.228673e+01   1.760313e-08   7.928656e-03   2.402628e-11   358044
  1.230769e+01   1.757102e-08   0.000000e+00   2.385512e-11   355272
  1.232802e+01   1.768285e-08   6.978367e-02   2.407301e-11   352044
  1.234885e+01   1.775277e-08   0.000000e+00   2.411388e-11   352344
  1.236968e+01   1.780988e-08   0.000000e+00   2.393372e-11   356516
  1.239028e+01   1.785568e-08   4.854854e-02   2.403093e-11   352848
  1.241136e+01   1.793486e-08   0.000000e+00   2.416398e-11   352980
  1.243181e+01   1.794862e-08   4.134227e-02   2.416827e-11   348948
  1.245251e+01   1.811392e-08   3.612709e-02   2.423104e-11   351692
  1.247361e+01   1.803248e-08   0.000000e+00   2.412088e-11   353064
  1.249398e+01   1.810060e-08   6.212263e-02   2.448486e-11   345624
  1.251470e+01   1.817782e-08   0.000000e+00   2.445684e-11   347844
  1.253566e+01   1.816441e-08   0.000000e+00   2.425091e-11   351020
  1.255612e+01   1.815703e-08   5.821038e-02   2.454077e-11   345852
  1.257696e+01   1.819209e-08   9.914975e-03   2.455962e-11   347040
  1.259782e+01   1.819948e-08   0.000000e+00   2.454606e-11   345928
  1.261828e+01   1.829431e-08   5.861743e-02   2.461981e-11   347020
  1.263923e+01   1.831508e-08   0.000000e+00   2.491939e-11   343032
  1.265989e+01   1.832399e-08   0.000000e+00   2.473727e-11   343620
  1.268045e+01   1.834989e-08   6.004162e-02   2.486695e-11   343988
  1.270157e+01   1.833746e-08   0.000000e+00   2.490778e-11   344556
  1.272211e+01   1.842805e-08   4.383028e-02   2.505931e-11   343632
  1.274299e+01   1.835666e-08   0.000000e+00   2.512322e-11   340392
  1.276384e+01   1.836417e-08   0.000000e+00   2.526844e-11   339408
  1.278421e+01   1.833206e-08   7.421170e-02   2.514538e-11   341864
  1.280526e+01   1.832487e-08   0.000000e+00   2.512110e-11   341964
  1.282609e+01   1.839362e-08   0.000000e+00   2.559959e-11   334380
  1.284629e+01   1.827123e-08   6.957735e-02   2.514238e-11   336504
  1.286732e+01   1.831083e-08   1.715541e-02   2.523556e-11   339560
  1.288814e+01   1.842606e-08   0.000000e+00   2.544701e-11   336384
  1.290870e+01   1.832767e-08   7.368551e-02   2.547157e-11   337404
  1.292968e+01   1.832057e-08   0.000000e+00   2.572386e-11   330156
  1.295011e+01   1.824973e-08   5.797811e-02   2.530060e-11   337808
  1.297104e+01   1.829350e-08   0.000000e+00   2.558723e-11   332748
  1.299195e+01   1.840825e-08   0.000000e+00   2.579712e-11   333612
  1.301237e+01   1.826503e-08   5.820176e-02   2.576495e-11   331860
  1.303320e+01   1.834078e-08   2.622306e-02   2.599661e-11   328376
  1.305399e+01   1.826004e-08   0.000000e+00   2.578003e-11   331140
  1.307454e+01   1.824371e-08   7.036304e-02   2.574210e-11   332988
  1.309538e+01   1.822868e-08   2.772684e-02   2.612752e-11   325224
  1.311629e+01   1.807960e-08   0.000000e+00   2.566889e-11   331544
  1.313681e+01   1.818460e-08   6.643596e-02   2.598389e-11   327264
  1.315764e+01   1.811467e-08   0.000000e+00   2.625813e-11   322308
  1.317828e+01   1.800161e-08   2.492038e-02   2.577751e-11   328136
  1.319883e+01   1.806691e-08   4.988732e-02   2.601538e-11   323172
  1.321986e+01   1.801735e-08   0.000000e+00   2.607882e-11   325248
  1.324036e+01   1.799176e-08   6.236645e-02   2.612054e-11   324096
  1.326115e+01   1.789095e-08   0.000000e+00   2.609375e-11   321540
  1.328214e+01   1.782235e-08   0.000000e+00   2.598986e-11   323744
  1.330245e+01   1.791677e-08   6.894633e-02   2.619465e-11   317400
  1.332329e+01   1.779411e-08   1.729313e-02   2.595965e-11   322560
  1.334431e+01   1.774416e-08   0.000000e+00   2.597954e-11   320076
  1.336469e+01   1.782281e-08   7.188956e-02   2.628413e-11   317204
  1.338583e+01   1.768409e-08   0.000000e+00   2.586729e-11   323064
  1.340666e+01   1.773710e-08   0.000000e+00   2.623034e-11   315204
  1.342698e+01   1.762525e-08   7.814439e-02   2.617169e-11   315416
  1.344819e+01   1.757159e-08   0.000000e+00   2.606556e-11   316884
  1.346864e+01   1.764600e-08   4.694727e-02   2.634994e-11   312876
  1.348936e+01   1.750819e-08   5.444396e-02   2.620411e-11   315540
  1.351047e+01   1.739943e-08   0.000000e+00   2.606530e-11   312576
  1.353075e+01   1.738533e-08   7.775488e-02   2.597057e-11   312140
  1.355170e+01   1.732031e-08   1.922764e-02   2.596755e-11   310356
  1.357265e+01   1.737501e-08   0.000000e+00   2.613731e-11   311232
  1.359293e+01   1.719892e-08   6.955089e-02   2.593309e-11   307584
  1.361391e+01   1.721131e-08   3.129428e-02   2.606587e-11   310616
  1.363471e+01   1.723281e-08   0.000000e+00   2.620162e-11   304200
  1.365500e+01   1.704365e-08   7.786122e-02   2.577918e-11   306792
  1.367616e+01   1.708723e-08   0.000000e+00   2.594361e-11   306168
  1.369665e+01   1.698558e-08   0.000000e+00   2.593062e-11   304448
  1.371746e+01   1.693609e-08   6.708235e-02   2.571758e-11   308580
  1.373853e+01   1.692865e-08   0.000000e+00   2.604604e-11   299568
  1.375881e+01   1.679703e-08   6.650414e-02   2.569999e-11   304416
  1.377983e+01   1.687198e-08   3.679343e-02   2.598517e-11   302216
  1.380074e+01   1.677439e-08   0.000000e+00   2.599305e-11   300084
  1.382112e+01   1.663518e-08   8.455647e-02   2.571514e-11   299340
  1.384196e+01   1.660903e-08   0.000000e+00   2.567508e-11   296688
  1.386283e+01   1.654967e-08   0.000000e+00   2.574828e-11   298820
  1.388319e+01   1.651164e-08   8.071764e-02   2.563962e-11   296916
  1.390426e+01   1.651687e-08   0.000000e+00   2.564753e-11   295920
  1.392487e+01   1.642155e-08   6.091501e-03   2.584267e-11   292692
  1.394531e+01   1.637926e-08   7.472877e-02   2.551135e-11   295892
  1.396657e+01   1.625700e-08   0.000000e+00   2.550467e-11   293064
  1.398701e+01   1.621009e-08   3.971487e-02   2.537284e-11   293220
  1.400767e+01   1.617699e-08   3.649054e-02   2.559498e-11   286804
  1.402862e+01   1.614355e-08   0.000000e+00   2.535981e-11   293080
  1.404914e+01   1.607953e-08   7.386559e-02   2.534229e-11   291816
  1.407016e+01   1.604447e-08   0.000000e+00   2.552642e-11   287784
  1.409099e+01   1.584651e-08   0.000000e+00   2.522132e-11   286760
  1.411134e+01   1.591502e-08   7.770212e-02   2.524423e-11   287088
  1.413232e+01   1.570118e-08   0.000000e+00   2.505334e-11   286176
  1.415322e+01   1.569530e-08   0.000000e+00   2.497423e-11   284184
  1.417351e+01   1.565669e-08   6.940903e-02   2.522374e-11   282220
  1.419470e+01   1.561985e-08   0.000000e+00   2.499865e-11   284452
  1.421522e+01   1.566446e-08   0.000000e+00   2.533009e-11   279516
  1.423581e+01   1.539329e-08   7.511982e-02   2.484658e-11   282696
  1.425703e+01   1.537630e-08   0.000000e+00   2.485644e-11   278676
  1.427730e+01   1.542630e-08   7.749144e-02   2.492056e-11   279512
  1.429820e+01   1.526731e-08   1.014785e-02   2.498065e-11   276672
  1.431915e+01   1.533884e-08   0.000000e+00   2.511081e-11   276036
  1.433935e+01   1.513324e-08   7.526603e-02   2.481018e-11   274416
  1.436033e+01   1.514985e-08   3.450846e-02   2.474365e-11   275384
  1.438130e+01   1.510233e-08   0.000000e+00   2.476657e-11   274560
  1.440167e+01   1.492177e-08   8.273041e-02   2.437312e-11   272220
  1.442275e+01   1.499439e-08   0.000000e+00   2.465552e-11   270492
  1.444339e+01   1.491497e-08   0.000000e+00   2.457945e-11   271532
  1.446406e+01   1.475914e-08   5.016875e-02   2.434801e-11   272052
  1.448504e+01   1.482155e-08   0.000000e+00   2.470430e-11   264372
  1.450534e+01   1.471197e-08   4.535514e-02   2.448667e-11   268652
  1.452626e+01   1.464257e-08   5.131250e-02   2.434232e-11   266760
  1.454710e+01   1.462337e-08   0.000000e+00   2.452464e-11   262536
  1.456750e+01   1.450382e-08   8.231749e-02   2.409344e-11   266460
  1.458842e+01   1.440802e-08   0.000000e+00   2.397497e-11   261560
  1.460924e+01   1.439324e-08   0.000000e+00   2.422127e-11   262236
  1.462972e+01   1.434294e-08   7.361531e-02   2.421131e-11   261708
  1.465061e+01   1.432118e-08   0.000000e+00   2.414902e-11   258960
  1.467144e+01   1.415397e-08   0.000000e+00   2.407165e-11   258376
  1.469182e+01   1.427058e-08   6.981117e-02   2.409431e-11   258304
  1.471306e+01   1.413438e-08   0.000000e+00   2.383545e-11   259368
  1.473359e+01   1.405059e-08   3.370471e-02   2.437098e-11   253332
  1.475414e+01   1.409401e-08   7.325419e-02   2.401591e-11   254448
  1.477531e+01   1.391872e-08   0.000000e+00   2.375518e-11   255248
  1.479573e+01   1.390706e-08   7.579521e-02   2.399475e-11   252180
  1.481667e+01   1.389610e-08   2.919081e-02   2.371371e-11   252744
  1.483756e+01   1.375954e-08   0.000000e+00   2.385031e-11   247348
  1.485783e+01   1.381372e-08   9.160595e-02   2.357699e-11   250432
  1.487882e+01   1.368273e-08   0.000000e+00   2.369118e-11   247860
  1.489979e+01   1.359864e-08   0.000000e+00   2.361948e-11   247716
  1.492008e+01   1.362873e-08   7.640539e-02   2.380979e-11   242472
  1.494121e+01   1.351011e-08   0.000000e+00   2.352728e-11   248672
  1.496181e+01   1.349124e-08   3.349686e-02   2.373795e-11   239352
  1.498230e+01   1.333488e-08   6.117171e-02   2.336646e-11   245088
  1.500346e+01   1.325486e-08   0.000000e+00   2.320106e-11   239232
  1.502374e+01   1.334922e-08   8.152197e-02   2.343424e-11   240320
  1.504476e+01   1.320407e-08   0.000000e+00   2.343805e-11   239340
  1.506573e+01   1.320688e-08   0.000000e+00   2.337037e-11   237636
  1.508593e+01   1.312296e-08   7.818040e-02   2.328219e-11   235980
  1.510691e+01   1.304616e-08   0.000000e+00   2.330065e-11   235304
  1.512784e+01   1.311843e-08   0.000000e+00   2.317664e-11   234576
  1.514818e+01   1.289766e-08   7.211946e-02   2.323175e-11   232788
  1.516915e+01   1.292627e-08   0.000000e+00   2.338602e-11   230400
  1.518986e+01   1.303478e-08   0.000000e+00   2.332988e-11   231836
  1.521043e+01   1.276307e-08   7.773707e-02   2.303309e-11   231288
  1.523163e+01   1.286648e-08   0.000000e+00   2.335950e-11   226536
  1.525193e+01   1.273058e-08   6.061590e-02   2.324926e-11   226084
  1.527263e+01   1.270616e-08   5.054623e-02   2.299823e-11   227116
  1.529375e+01   1.269801e-08   0.000000e+00   2.316883e-11   223800
  1.531406e+01   1.252331e-08   8.352442e-02   2.305923e-11   223884
  1.533496e+01   1.254610e-08   0.000000e+00   2.292973e-11   222360
  1.535591e+01   1.246504e-08   0.000000e+00   2.300025e-11   221156
  1.537635e+01   1.241810e-08   9.278770e-02   2.288238e-11   221724
  1.539739e+01   1.248063e-08   0.000000e+00   2.299299e-11   217584
  1.541815e+01   1.230253e-08   0.000000e+00   2.286784e-11   217576
  1.543850e+01   1.224855e-08   9.548786e-02   2.268757e-11   215464
  1.545963e+01   1.231451e-08   0.000000e+00   2.283809e-11   215472
  1.548021e+01   1.217069e-08   2.639420e-02   2.282518e-11   213768
  1.550072e+01   1.224302e-08   8.286262e-02   2.303225e-11   210956
  1.552176e+01   1.204876e-08   0.000000e+00   2.278185e-11   211788
  1.554232e+01   1.203802e-08   4.519091e-02   2.271818e-11   211092
  1.556319e+01   1.204418e-08   3.296471e-02   2.273164e-11   209556
  1.558420e+01   1.189839e-08   0.000000e+00   2.269684e-11   206700
  1.560442e+01   1.197075e-08   7.843321e-02   2.275739e-11   206048
  1.562536e+01   1.189954e-08   0.000000e+00   2.277887e-11   204744
  1.564625e+01   1.185274e-08   0.000000e+00   2.269098e-11   202992
  1.566646e+01   1.181956e-08   8.647847e-02   2.258526e-11   201944
  1.568770e+01   1.172194e-08   0.000000e+00   2.257741e-11   203304
  1.570852e+01   1.178349e-08   0.000000e+00   2.271848e-11   200484
  1.572878e+01   1.163518e-08   9.263870e-02   2.267351e-11   195516
  1.575002e+01   1.163222e-08   0.000000e+00   2.262514e-11   198860
  1.577039e+01   1.167116e-08   4.131191e-02   2.278756e-11   195264
  1.579115e+01   1.142702e-08   6.049431e-02   2.243596e-11   195984
  1.581224e+01   1.154161e-08   0.000000e+00   2.276933e-11   191808
  1.583234e+01   1.146464e-08   7.072315e-02   2.254767e-11   190776
  1.585324e+01   1.136813e-08   1.836550e-02   2.246082e-11   192032
  1.587428e+01   1.142368e-08   0.000000e+00   2.257054e-11   188628
  1.589451e+01   1.127758e-08   9.875332e-02   2.243388e-11   189444
  1.591566e+01   1.134773e-08   0.000000e+00   2.266862e-11   186260
  1.593629e+01   1.134769e-08   0.000000e+00   2.264195e-11   184560
  1.595675e+01   1.118601e-08   8.950708e-02   2.240047e-11   185832
  1.597806e+01   1.120855e-08   0.000000e+00   2.238014e-11   182400
  1.599845e+01   1.116891e-08   4.304557e-02   2.273559e-11   181380
  1.601905e+01   1.114471e-08   7.498641e-02   2.259459e-11   180332
  1.604022e+01   1.118066e-08   0.000000e+00   2.257625e-11   178236
  1.606064e+01   1.100790e-08   5.359128e-02   2.240043e-11   179184
  1.608144e+01   1.103480e-08   6.834790e-02   2.259040e-11   175028
  1.610242e+01   1.102570e-08   0.000000e+00   2.259780e-11   175440
  1.612292e+01   1.094771e-08   7.385198e-02   2.257904e-11   174828
  1.614384e+01   1.103502e-08   0.000000e+00   2.275768e-11   169896
  1.616453e+01   1.087762e-08   0.000000e+00   2.272759e-11   171708
  1.618501e+01   1.080109e-08   9.489708e-02   2.237491e-11   169328
  1.620602e+01   1.088329e-08   0.000000e+00   2.257555e-11   167364
  1.622676e+01   1.077011e-08   3.298626e-02   2.247423e-11   168192
  1.624722e+01   1.087994e-08   8.501834e-02   2.295881e-11   163188
  1.626845e+01   1.073050e-08   0.000000e+00   2.246596e-11   166184
  1.628902e+01   1.069901e-08   4.236078e-02   2.272955e-11   161460
  1.630953e+01   1.075620e-08   7.890091e-02   2.274279e-11   159972
  1.633055e+01   1.063789e-08   0.000000e+00   2.266569e-11   159488
  1.635092e+01   1.067041e-08   7.306293e-02   2.252892e-11   158148
  1.637193e+01   1.054005e-08   0.000000e+00   2.254292e-11   158100
  1.639291e+01   1.057726e-08   0.000000e+00   2.265094e-11   155232
  1.641299e+01   1.065666e-08   8.433677e-02   2.301428e-11   151216
  1.643412e+01   1.046593e-08   0.000000e+00   2.256330e-11   155560
  1.645510e+01   1.054732e-08   0.000000e+00   2.272401e-11   151404
  1.647532e+01   1.053808e-08   1.004256e-01   2.309583e-11   148356
  1.649648e+01   1.046912e-08   0.000000e+00   2.312436e-11   147164
  1.651692e+01   1.058247e-08   2.845911e-02   2.304175e-11   147384
  1.653757e+01   1.038969e-08   6.781374e-02   2.307213e-11   145992
  1.655885e+01   1.051777e-08   0.000000e+00   2.321963e-11   143856
  1.657890e+01   1.049429e-08   6.705193e-02   2.326221e-11   140384
  1.659987e+01   1.027697e-08   3.374539e-02   2.273502e-11   143856
  1.662093e+01   1.054825e-08   0.000000e+00   2.343378e-11   136968
  1.664106e+01   1.033431e-08   9.224305e-02   2.295611e-11   139536
  1.666229e+01   1.034531e-08   0.000000e+00   2.329771e-11   136916
  1.668291e+01   1.040218e-08   0.000000e+00   2.320796e-11   133032
  1.670327e+01   1.019342e-08   9.360270e-02   2.316512e-11   135540
  1.672465e+01   1.040332e-08   0.000000e+00   2.330177e-11   132096
  1.674503e+01   1.028335e-08   0.000000e+00   2.344577e-11   129540
  1.676560e+01   1.022687e-08   9.032983e-02   2.351594e-11   130640
  1.678678e+01   1.042996e-08   0.000000e+00   2.345282e-11   126276
  1.680721e+01   1.010797e-08   5.475233e-02   2.317097e-11   128484
  1.682826e+01   1.021850e-08   1.816696e-02   2.362188e-11   124168
  1.684902e+01   1.031904e-08   0.000000e+00   2.378355e-11   122224
  1.686947e+01   1.011857e-08   8.117615e-02   2.355979e-11   123156
  1.689051e+01   1.029255e-08   0.000000e+00   2.386069e-11   119688
  1.691106e+01   1.012772e-08   0.000000e+00   2.421722e-11   116640
  1.693152e+01   1.009883e-08   9.590562e-02   2.365617e-11   119696
  1.695264e+01   1.029844e-08   0.000000e+00   2.405014e-11   114276
  1.697330e+01   1.006928e-08   0.000000e+00   2.416385e-11   114060
  1.699377e+01   1.023319e-08   9.004321e-02   2.412460e-11   112536
  1.701493e+01   1.015179e-08   0.000000e+00   2.395957e-11   112196
  1.703561e+01   1.014445e-08   4.052969e-02   2.472342e-11   109404
  1.705610e+01   1.020413e-08   5.005632e-02   2.435766e-11   105900
  1.707694e+01   1.003764e-08   0.000000e+00   2.439469e-11   107176
  1.709749e+01   1.010058e-08   6.704751e-02   2.456967e-11   105088
  1.711840e+01   1.021842e-08   2.115365e-02   2.460986e-11   103800
  1.713937e+01   1.003143e-08   0.000000e+00   2.476973e-11   101340
  1.715971e+01   1.013171e-08   7.435058e-02   2.493793e-11   100036
  1.718052e+01   1.007410e-08   0.000000e+00   2.496100e-11   97672
  1.720141e+01   1.008104e-08   0.000000e+00   2.491567e-11   97908
  1.722188e+01   1.010573e-08   7.910824e-02   2.503071e-11   95328
  1.724284e+01   1.006881e-08   0.000000e+00   2.533037e-11   93600
  1.726350e+01   1.007330e-08   0.000000e+00   2.556424e-11   92312
  1.728414e+01   9.999241e-09   6.599636e-02   2.527532e-11   91044
  1.730515e+01   1.008820e-08   0.000000e+00   2.563796e-11   88500
  1.732537e+01   1.005485e-08   5.041483e-02   2.589228e-11   86216
  1.734623e+01   1.003094e-08   0.000000e+00   2.577845e-11   87159
  1.736748e+01   1.007147e-08   0.000000e+00   2.563056e-11   86064
  1.738789e+01   1.007277e-08   7.911523e-02   2.614101e-11   81648
  1.740859e+01   1.009121e-08   0.000000e+00   2.627489e-11   81654
  1.742958e+01   9.950928e-09   0.000000e+00   2.627294e-11   81284
  1.745017e+01   9.909422e-09   5.609126e-02   2.641643e-11   78888
  1.747089e+01   9.912498e-09   1.914409e-02   2.683751e-11   77250
  1.749148e+01   9.928121e-09   0.000000e+00   2.711312e-11   75942
  1.751208e+01   9.809304e-09   6.122643e-02   2.666223e-11   77042
  1.753325e+01   9.692795e-09   0.000000e+00   2.646165e-11   74094
  1.755392e+01   9.742517e-09   3.334279e-02   2.698407e-11   73818
  1.757461e+01   9.718137e-09   0.000000e+00   2.752946e-11   70998
  1.759538e+01   9.613682e-09   0.000000e+00   2.729620e-11   72044
  1.761609e+01   9.533665e-09   6.460454e-02   2.733286e-11   69426
  1.763696e+01   9.503304e-09   0.000000e+00   2.742449e-11   69288
  1.765765e+01   9.393309e-09   0.000000e+00   2.724318e-11   67068
  1.767810e+01   9.404332e-09   6.625555e-02   2.775261e-11   66926
  1.769904e+01   9.309219e-09   5.603479e-02   2.751779e-11   66348
  1.772006e+01   9.226156e-09   0.000000e+00   2.783325e-11   64728
  1.774050e+01   9.173513e-09   0.000000e+00   2.788165e-11   62820
  1.776120e+01   9.078916e-09   0.000000e+00   2.730503e-11   63716
  1.778217e+01   9.050838e-09   1.522656e-02   2.803909e-11   62160
  1.780285e+01   8.969928e-09   0.000000e+00   2.821033e-11   59940
  1.782337e+01   8.958269e-09   1.525066e-02   2.810791e-11   60112
  1.784408e+01   8.797807e-09   6.349441e-02   2.779923e-11   59668
  1.786510e+01   8.659910e-09   0.000000e+00   2.797400e-11   57618
  1.788559e+01   8.649990e-09   2.003558e-02   2.810344e-11   56868
  1.790611e+01   8.710116e-09   6.122846e-02   2.866607e-11   56684
  1.792695e+01   8.447531e-09   2.739157e-02   2.782807e-11   55536
  1.794783e+01   8.374878e-09   0.000000e+00   2.770354e-11   54342
  1.796859e+01   8.513356e-09   2.331516e-02   2.855854e-11   54768
  1.798914e+01   8.312051e-09   6.015618e-02   2.842667e-11   52094
  1.800988e+01   8.188729e-09   0.000000e+00   2.808908e-11   52224
  1.803092e+01   8.111597e-09   0.000000e+00   2.768268e-11   52188
  1.805152e+01   8.118590e-09   5.410950e-02   2.866940e-11   50190
  1.807201e+01   8.054165e-09   4.507342e-02   2.832254e-11   49224
  1.809290e+01   7.936554e-09   0.000000e+00   2.815663e-11   49094
  1.811386e+01   7.901090e-09   1.619914e-02   2.828042e-11   49488
  1.813461e+01   7.764244e-09   5.696040e-02   2.818154e-11   46830
  1.815507e+01   7.728743e-09   1.874707e-02   2.807851e-11   45860
  1.817589e+01   7.650962e-09   0.000000e+00   2.820840e-11   46770
  1.819678e+01   7.553012e-09   2.297133e-02   2.784215e-11   45468
  1.821749e+01   7.459255e-09   3.896218e-02   2.804241e-11   44130
  1.823812e+01   7.466710e-09   0.000000e+00   2.855633e-11   43230
  1.825887e+01   7.332115e-09   0.000000e+00   2.757897e-11   44108
  1.827980e+01   7.204750e-09   3.664632e-02   2.773014e-11   42162
  1.830047e+01   7.161366e-09   3.586382e-02   2.785961e-11   41358
  1.832098e+01   7.141320e-09   0.000000e+00   2.821707e-11   40456
  1.834174e+01   6.932281e-09   3.371584e-02   2.723473e-11   41230
  1.836283e+01   6.857091e-09   4.623592e-02   2.699284e-11   39906
  1.838361e+01   6.875859e-09   0.000000e+00   2.803486e-11   38508
  1.840402e+01   6.864895e-09   0.000000e+00   2.786716e-11   37854
  1.842462e+01   6.591914e-09   5.578870e-02   2.686275e-11   38162
  1.844571e+01   6.642531e-09   2.840466e-02   2.722131e-11   37212
  1.846654e+01   6.498257e-09   0.000000e+00   2.728401e-11   36450
  1.848684e+01   6.445402e-09   3.143376e-02   2.763710e-11   34718
  1.850743e+01   6.338184e-09   2.314175e-02   2.673902e-11   35814
  1.852854e+01   6.259028e-09   2.091258e-02   2.676988e-11   34896
  1.854938e+01   6.154641e-09   0.000000e+00   2.606144e-11   33822
  1.856963e+01   6.167528e-09   4.256215e-02   2.699150e-11   32522
  1.859043e+01   6.001311e-09   0.000000e+00   2.580369e-11   33630
  1.861153e+01   5.939157e-09   0.000000e+00   2.684871e-11   32166
  1.863205e+01   5.964187e-09   2.286773e-02   2.663142e-11   31200
  1.865238e+01   5.931500e-09   1.278748e-02   2.708699e-11   30598
  1.867317e+01   5.721431e-09   2.355160e-02   2.598639e-11   31138
  1.869444e+01   5.713494e-09   0.000000e+00   2.633981e-11   30510
  1.871513e+01   5.544598e-09   3.273689e-02   2.627234e-11   28998
  1.873545e+01   5.564236e-09   0.000000e+00   2.611996e-11   28290
  1.875621e+01   5.365563e-09   4.371105e-02   2.532162e-11   29126
  1.877748e+01   5.279487e-09   0.000000e+00   2.520010e-11   28008
  1.879820e+01   5.319194e-09   8.049977e-03   2.598039e-11   27222
  1.881869e+01   5.256029e-09   2.119694e-02   2.567124e-11   26426
  1.883943e+01   5.068139e-09   1.414661e-02   2.486149e-11   26694
  1.886042e+01   4.976877e-09   2.459374e-02   2.517910e-11   25734
  1.888124e+01   5.025730e-09   0.000000e+00   2.499512e-11   25458
  1.890165e+01   4.985467e-09   5.366349e-03   2.561803e-11   24198
  1.892250e+01   4.750556e-09   0.000000e+00   2.401900e-11   25034
  1.894357e+01   4.660837e-09   2.218703e-02   2.412273e-11   23718
  1.896415e+01   4.693048e-09   0.000000e+00   2.477074e-11   23094
  1.898439e+01   4.624877e-09   2.817701e-02   2.454257e-11   22416
  1.900523e+01   4.458687e-09   1.038282e-02   2.362182e-11   23078
  1.902662e+01   4.394789e-09   0.000000e+00   2.312109e-11   22386
  1.904734e+01   4.348175e-09   0.000000e+00   2.401807e-11   21126
  1.906740e+01   4.395201e-09   0.000000e+00   2.445120e-11   20366
  1.908807e+01   4.176999e-09   4.012478e-02   2.288722e-11   21354
  1.910952e+01   4.171686e-09   0.000000e+00   2.315188e-11   20478
  1.913020e+01   4.105218e-09   0.000000e+00   2.376283e-11   19458
  1.915027e+01   4.038230e-09   3.217918e-03   2.348610e-11   18758
  1.917096e+01   3.902975e-09   4.230515e-02   2.260206e-11   19566
  1.919237e+01   3.819336e-09   2.599418e-02   2.244063e-11   18858
  1.921315e+01   3.828771e-09   1.098819e-02   2.300897e-11   17790
  1.923316e+01   3.750253e-09   0.000000e+00   2.308937e-11   17114
  1.925389e+01   3.612677e-09   0.000000e+00   2.173017e-11   17982
  1.927528e+01   3.615909e-09   0.000000e+00   2.266025e-11   17190
  1.929611e+01   3.568860e-09   0.000000e+00   2.274729e-11   16458
  1.931610e+01   3.485682e-09   3.089530e-02   2.246060e-11   15494
  1.933679e+01   3.324741e-09   9.274647e-03   2.075332e-11   16374
  1.935831e+01   3.342746e-09   0.000000e+00   2.122148e-11   15858
  1.937918e+01   3.290038e-09   0.000000e+00   2.199174e-11   14862
  1.939908e+01   3.204084e-09   0.000000e+00   2.137220e-11   14082
  1.941986e+01   3.051771e-09   0.000000e+00   2.014205e-11   14990
  1.944144e+01   3.054597e-09   1.510481e-02   2.042538e-11   14358
  1.946223e+01   2.997747e-09   0.000000e+00   2.075603e-11   13386
  1.948193e+01   3.001683e-09   0.000000e+00   2.136648e-11   12678
  1.950273e+01   2.805199e-09   2.351213e-02   1.925197e-11   13700
  1.952445e+01   2.811889e-09   1.392896e-02   1.983524e-11   12942
  1.954529e+01   2.769092e-09   3.805482e-02   2.008001e-11   12198
  1.956477e+01   2.751451e-09   0.000000e+00   2.084553e-11   11106
  1.958543e+01   2.521770e-09   5.489406e-03   1.850153e-11   12494
  1.960722e+01   2.549910e-09   2.809212e-02   1.877403e-11   11610
  1.962823e+01   2.507833e-09   0.000000e+00   1.904420e-11   11094
  1.964771e+01   2.453330e-09   1.755098e-02   1.965185e-11   9902
  1.966828e+01   2.328501e-09   1.676117e-02   1.787050e-11   11226
  1.969007e+01   2.268192e-09   0.000000e+00   1.801021e-11   10326
  1.971110e+01   2.283895e-09   1.771931e-02   1.826452e-11   10074
  1.973074e+01   2.286690e-09   0.000000e+00   1.912046e-11   8766
  1.975114e+01   2.122208e-09   0.000000e+00   1.725921e-11   9950
  1.977289e+01   2.092049e-09   9.204864e-03   1.759582e-11   9252
  1.979391e+01   2.097128e-09   0.000000e+00   1.800408e-11   8886
  1.981353e+01   2.089987e-09   0.000000e+00   1.840235e-11   7850
  1.983411e+01   1.867590e-09   1.180247e-02   1.594151e-11   8886
  1.985590e+01   1.856552e-09   0.000000e+00   1.766734e-11   8142
  1.987667e+01   1.810531e-09   2.023918e-02   1.600220e-11   7746
  1.989608e+01   1.903195e-09   2.234002e-02   1.823501e-11   6926
  1.991706e+01   1.684180e-09   0.000000e+00   1.547506e-11   7974
  1.993892e+01   1.654385e-09   1.896865e-02   1.633191e-11   7074
  1.995945e+01   1.626913e-09   6.967900e-03   1.524420e-11   6744
  1.997876e+01   1.663093e-09   2.098021e-02   1.647300e-11   6114
  2.000009e+01   1.502394e-09   0.000000e+00   1.432460e-11   7094
  2.002234e+01   1.440078e-09   0.000000e+00   1.490011e-11   6174
  2.004261e+01   1.457206e-09   4.516290e-03   1.578743e-11   5754
  2.006139e+01   1.476783e-09   0.000000e+00   1.572985e-11   5214
  2.008301e+01   1.288875e-09   0.000000e+00   1.310025e-11   6338
  2.010586e+01   1.239336e-09   6.692746e-03   1.279608e-11   5352
  2.012591e+01   1.257350e-09   0.000000e+00   1.409159e-11   4830
  2.014382e+01   1.322123e-09   1.175402e-02   1.548719e-11   4338
  2.016557e+01   1.135575e-09   0.000000e+00   1.188530e-11   5558
  2.018939e+01   1.080672e-09   1.500166e-02   1.230252e-11   4866
  2.020984e+01   1.084297e-09   2.546431e-02   1.366908e-11   3846
  2.022612e+01   1.126387e-09   0.000000e+00   1.462747e-11   3518
  2.024795e+01   9.528390e-10   2.119727e-02   1.058220e-11   4812
  2.027247e+01   9.135885e-10   1.139806e-02   1.057619e-11   4278
  2.029372e+01   8.966147e-10   2.027569e-02   1.328341e-11   3174
  2.030844e+01   9.846128e-10   0.000000e+00   1.413345e-11   2738
  2.033020e+01   8.125117e-10   8.404518e-03   1.000848e-11   4086
  2.035522e+01   7.718349e-10   0.000000e+00   1.045284e-11   3666
  2.037748e+01   7.526490e-10   1.446127e-02   1.155888e-11   2712
  2.039076e+01   8.830817e-10   8.257776e-03   1.445719e-11   1998
  2.041240e+01   6.725635e-10   7.190097e-03   8.536640e-12   3434
  2.043794e+01   6.452277e-10   3.361887e-03   8.934127e-12   3078
  2.046126e+01   6.518859e-10   1.013808e-02   1.144631e-11   2334
  2.047313e+01   7.767242e-10   0.000000e+00   1.614518e-11   1340
  2.049457e+01   5.805815e-10   0.000000e+00   8.587688e-12   2838
  2.052072e+01   5.269137e-10   0.000000e+00   7.656473e-12   2538
  2.054514e+01   4.764984e-10   1.155376e-02   8.881796e-12   1974
  2.055491e+01   6.857073e-10   1.293140e-02   1.718512e-11   774
  2.057646e+01   4.503440e-10   0.000000e+00   7.240266e-12   2300
  2.060325e+01   4.215867e-10   1.467581e-02   7.045368e-12   2046
  2.062877e+01   3.863257e-10   4.449757e-03   7.303895e-12   1626
  2.063671e+01   5.932752e-10   7.735646e-03   2.132263e-11   390
  2.065818e+01   3.620667e-10   7.851642e-03   6.392134e-12   1766
  2.068540e+01   3.234400e-10   0.000000e+00   5.774324e-12   1596
  2.071199e+01   3.019762e-10   0.000000e+00   6.345762e-12   1302
  2.071852e+01   4.983374e-10   0.000000e+00   3.190775e-11   150
  2.074003e+01   2.807931e-10   2.644073e-03   5.846043e-12   1298
  2.076735e+01   2.561481e-10   0.000000e+00   5.910644e-12   1158
  2.079453e+01   2.178048e-10   4.394243e-03   5.584357e-12   996
  2.080451e+01   3.416875e-10   1.076411e-02   4.004273e-11   38
  2.082208e+01   1.946717e-10   0.000000e+00   5.209447e-12   894
  2.084944e+01   1.649925e-10   7.511761e-03   4.500887e-12   786
  2.087684e+01   1.469011e-10   0.000000e+00   4.363448e-12   678
  2.090290e+01   8.822918e-11   0.000000e+00   1.033489e-11   8
  2.090428e+01   1.372092e-10   8.810967e-03   4.280998e-12   570
  2.093169e+01   1.114602e-10   9.455694e-03   3.828252e-12   486
  2.095915e+01   9.893761e-11   0.000000e+00   4.301584e-12   402
  2.098585e+01   3.546527e-11   0.000000e+00   1.194129e-11   8
  2.098664e+01   7.324611e-11   6.642308e-03   3.198839e-12   318
  2.101412e+01   6.127424e-11   0.000000e+00   2.947010e-12   258
  2.104164e+01   4.946549e-11   0.000000e+00   2.240623e-12   198
  2.106880e+01   2.224006e-11   0.000000e+00   1.010748e-11   8
  2.106919e+01   3.763823e-11   0.000000e+00   2.501345e-12   138
  2.109671e+01   2.520482e-11   3.586795e-03   1.831171e-12   102
  2.112428e+01   2.116957e-11   6.532758e-03   1.642625e-12   66
  2.115187e+01   9.823448e-12   0.000000e+00   1.238686e-12   38
  2.117947e+01   4.291522e-12   0.000000e+00   8.964525e-13   18
  2.120708e+01   9.958927e-13   0.000000e+00   2.189209e-13   6
