# power spectrum of delta
# redshift z=1.395000
# k              Pk             sigma(k)       sigma(Pk)      count
  4.789006e-02   1.040537e-02   1.569186e-05   3.935468e-03   6
  6.772678e-02   5.613013e-02   0.000000e+00   1.225866e-02   12
  8.844750e-02   6.132332e-02   6.350197e-03   1.120360e-02   14
  1.121958e-01   1.006478e-01   5.110132e-03   1.139510e-02   48
  1.413226e-01   1.294422e-01   3.711993e-03   1.421497e-02   42
  1.551375e-01   1.205919e-01   3.695504e-03   1.644124e-02   48
  1.759035e-01   1.736462e-01   4.430317e-03   1.844622e-02   80
  1.993525e-01   2.396406e-01   3.439775e-03   2.016066e-02   90
  2.172926e-01   2.149837e-01   5.401395e-03   2.192474e-02   120
  2.427789e-01   2.995691e-01   4.539269e-03   2.187863e-02   158
  2.596594e-01   3.244333e-01   2.154172e-03   3.382991e-02   120
  2.799969e-01   3.531578e-01   4.814837e-03   2.437059e-02   186
  3.024673e-01   4.060605e-01   6.584405e-03   2.403224e-02   264
  3.207263e-01   4.860896e-01   3.554717e-03   3.453651e-02   168
  3.440233e-01   5.126485e-01   6.353114e-03   2.841122e-02   386
  3.635186e-01   4.080240e-01   3.844319e-03   2.865521e-02   192
  3.827000e-01   6.058989e-01   6.302989e-03   2.951442e-02   390
  4.042493e-01   5.452303e-01   6.599222e-03   2.869446e-02   396
  4.244941e-01   6.481239e-01   6.547168e-03   3.376732e-02   398
  4.467496e-01   6.639415e-01   6.417329e-03   2.607718e-02   576
  4.686509e-01   6.729089e-01   6.510439e-03   3.306496e-02   444
  4.878078e-01   8.685508e-01   5.874003e-03   3.482081e-02   590
  5.096214e-01   8.530950e-01   6.432479e-03   3.269056e-02   648
  5.308979e-01   9.127666e-01   5.692893e-03   3.849258e-02   654
  5.498012e-01   9.750369e-01   4.722042e-03   3.673762e-02   636
  5.709321e-01   1.017321e+00   7.079544e-03   3.383546e-02   830
  5.907593e-01   1.105503e+00   5.095999e-03   3.852692e-02   792
  6.110328e-01   1.149353e+00   5.241142e-03   4.430449e-02   804
  6.317957e-01   1.232141e+00   6.468770e-03   4.087910e-02   1038
  6.518970e-01   1.270269e+00   5.066866e-03   4.041592e-02   936
  6.736844e-01   1.225175e+00   5.920520e-03   3.593588e-02   1130
  6.934320e-01   1.379361e+00   5.498096e-03   4.137180e-02   1104
  7.151093e-01   1.435539e+00   6.116133e-03   4.208408e-02   1230
  7.349322e-01   1.556352e+00   6.212201e-03   4.219606e-02   1260
  7.550713e-01   1.570162e+00   5.373821e-03   4.339236e-02   1286
  7.778485e-01   1.530846e+00   6.513251e-03   3.718984e-02   1728
  7.994312e-01   1.694821e+00   5.761882e-03   4.783296e-02   1392
  8.199442e-01   1.862556e+00   5.459920e-03   4.519840e-02   1626
  8.409694e-01   1.757869e+00   6.465203e-03   4.307410e-02   1760
  8.620805e-01   1.881712e+00   5.346546e-03   4.701008e-02   1686
  8.819823e-01   1.924860e+00   5.438430e-03   4.586852e-02   1812
  9.023318e-01   2.041937e+00   6.253163e-03   4.519217e-02   1862
  9.231285e-01   2.131407e+00   5.577898e-03   4.476947e-02   2160
  9.440529e-01   2.213218e+00   5.707255e-03   5.261397e-02   1956
  9.651054e-01   2.192621e+00   6.405607e-03   4.334606e-02   2454
  9.856496e-01   2.398570e+00   4.996224e-03   5.133503e-02   2048
  1.006269e+00   2.508091e+00   6.514920e-03   5.040925e-02   2538
  1.026621e+00   2.648821e+00   5.450501e-03   5.311123e-02   2400
  1.047192e+00   2.809347e+00   6.493922e-03   5.734569e-02   2526
  1.067717e+00   2.691102e+00   6.428646e-03   5.063442e-02   2856
  1.089126e+00   2.817345e+00   6.045743e-03   5.315954e-02   2804
  1.110271e+00   2.972125e+00   6.287655e-03   5.672590e-02   2958
  1.130394e+00   3.170400e+00   6.081912e-03   5.680921e-02   2976
  1.151629e+00   3.120342e+00   6.085785e-03   5.528427e-02   3194
  1.171511e+00   3.356893e+00   6.051968e-03   6.091995e-02   3120
  1.193046e+00   3.362142e+00   6.174732e-03   5.767512e-02   3606
  1.213599e+00   3.433139e+00   5.612012e-03   5.998514e-02   3276
  1.233621e+00   3.439804e+00   6.355793e-03   5.687365e-02   3600
  1.254220e+00   3.664028e+00   5.622724e-03   6.217648e-02   3638
  1.274050e+00   3.864109e+00   5.957277e-03   6.119885e-02   3744
  1.295503e+00   3.923017e+00   6.160694e-03   6.222369e-02   4170
  1.316011e+00   3.920579e+00   5.820608e-03   6.378970e-02   3984
  1.336899e+00   4.086632e+00   5.939597e-03   6.378942e-02   4334
  1.357509e+00   4.129241e+00   5.453663e-03   6.301303e-02   4284
  1.377862e+00   4.288464e+00   6.586002e-03   6.477616e-02   4374
  1.399143e+00   4.502928e+00   5.839434e-03   6.533765e-02   5016
  1.420103e+00   4.500147e+00   5.618773e-03   7.112476e-02   4580
  1.440995e+00   4.610733e+00   6.615990e-03   6.590567e-02   5142
  1.462309e+00   4.761472e+00   6.349700e-03   6.826701e-02   5184
  1.483176e+00   4.859518e+00   4.947565e-03   6.966257e-02   5058
  1.503228e+00   4.965130e+00   5.897393e-03   6.653963e-02   5384
  1.524670e+00   4.996486e+00   6.695675e-03   6.763961e-02   5622
  1.545353e+00   5.103067e+00   5.626483e-03   6.715896e-02   5736
  1.565950e+00   5.407693e+00   5.076597e-03   7.293517e-02   5596
  1.586643e+00   5.464544e+00   6.374732e-03   0.000000e+00   6070
  1.607167e+00   5.538523e+00   4.920846e-03   0.000000e+00   6096
  1.628581e+00   5.806118e+00   6.089030e-03   0.000000e+00   6474
  1.648392e+00   5.912305e+00   5.917853e-03   0.000000e+00   6024
  1.669580e+00   6.033313e+00   5.902786e-03   0.000000e+00   7070
  1.690573e+00   6.133654e+00   4.838632e-03   0.000000e+00   6516
  1.710709e+00   6.238827e+00   5.727145e-03   0.000000e+00   6936
  1.731727e+00   6.425128e+00   5.905101e-03   0.000000e+00   7110
  1.752060e+00   6.609451e+00   4.346631e-03   0.000000e+00   7244
  1.773569e+00   6.740916e+00   6.386844e-03   0.000000e+00   7878
  1.794402e+00   6.704391e+00   6.190368e-03   0.000000e+00   7344
  1.814575e+00   6.920458e+00   6.416535e-03   0.000000e+00   7694
  1.835593e+00   7.137024e+00   6.160249e-03   0.000000e+00   8412
  1.856699e+00   7.187467e+00   6.433873e-03   0.000000e+00   7920
  1.876759e+00   7.539010e+00   5.480448e-03   0.000000e+00   8118
  1.897178e+00   7.325391e+00   6.304957e-03   0.000000e+00   8548
  1.917951e+00   7.657961e+00   6.319676e-03   0.000000e+00   8710
  1.938549e+00   8.073123e+00   5.549815e-03   0.000000e+00   8928
  1.959695e+00   8.067316e+00   6.016017e-03   0.000000e+00   9186
  1.979980e+00   8.142837e+00   6.731678e-03   0.000000e+00   9200
  2.000891e+00   8.106573e+00   5.684673e-03   0.000000e+00   9438
  2.021277e+00   8.400640e+00   8.018434e-03   0.000000e+00   9564
  2.042231e+00   8.538811e+00   6.148976e-03   0.000000e+00   10296
  2.063682e+00   8.843471e+00   5.376648e-03   0.000000e+00   10126
  2.083777e+00   8.808873e+00   6.758223e-03   0.000000e+00   10024
  2.105151e+00   9.101216e+00   4.712298e-03   0.000000e+00   11082
  2.126137e+00   9.267663e+00   7.295544e-03   0.000000e+00   10632
  2.146648e+00   9.345233e+00   5.293517e-03   0.000000e+00   10734
  2.167370e+00   9.587392e+00   6.445526e-03   0.000000e+00   11276
  2.188085e+00   9.866208e+00   5.788906e-03   0.000000e+00   11352
  2.208991e+00   9.879920e+00   6.005624e-03   0.000000e+00   11550
  2.229513e+00   9.956534e+00   5.533926e-03   0.000000e+00   11772
  2.250338e+00   1.050856e+01   7.097690e-03   0.000000e+00   12038
  2.270908e+00   1.022364e+01   8.613722e-03   0.000000e+00   12096
  2.291762e+00   1.058695e+01   6.966245e-03   0.000000e+00   12582
  2.312386e+00   1.054165e+01   2.151819e-03   0.000000e+00   12620
  2.333484e+00   1.088286e+01   7.342447e-03   0.000000e+00   13320
  2.354132e+00   1.073288e+01   6.676535e-03   0.000000e+00   12654
  2.374385e+00   1.111916e+01   1.258389e-03   0.000000e+00   13236
  2.394940e+00   1.119080e+01   9.613264e-03   0.000000e+00   13438
  2.415712e+00   1.121665e+01   9.325727e-03   0.000000e+00   14344
  2.437236e+00   1.166509e+01   5.859420e-03   0.000000e+00   14226
  2.457572e+00   1.192673e+01   4.856960e-03   0.000000e+00   14088
  2.478175e+00   1.190124e+01   0.000000e+00   0.000000e+00   14328
  2.498827e+00   1.203300e+01   6.569010e-03   0.000000e+00   14954
  2.519760e+00   1.247285e+01   5.133949e-03   0.000000e+00   15480
  2.540777e+00   1.219933e+01   6.532028e-03   0.000000e+00   14862
  2.560688e+00   1.244454e+01   8.137134e-03   0.000000e+00   15296
  2.581598e+00   1.261685e+01   7.601205e-03   0.000000e+00   15954
  2.602086e+00   1.300929e+01   6.443768e-03   0.000000e+00   15720
  2.622579e+00   1.290731e+01   2.783257e-03   0.000000e+00   16296
  2.643691e+00   1.334734e+01   4.087015e-03   0.000000e+00   17010
  2.664189e+00   1.352734e+01   3.701888e-03   0.000000e+00   16328
  2.684811e+00   1.340164e+01   3.363058e-03   0.000000e+00   17094
  2.705494e+00   1.366970e+01   8.662594e-03   0.000000e+00   17436
  2.726416e+00   1.378710e+01   8.722608e-03   0.000000e+00   17862
  2.747423e+00   1.395927e+01   7.353054e-03   0.000000e+00   18200
  2.768585e+00   1.387217e+01   0.000000e+00   0.000000e+00   18450
  2.789288e+00   1.434523e+01   3.287989e-03   0.000000e+00   18384
  2.809940e+00   1.435889e+01   5.841895e-03   0.000000e+00   18504
  2.830568e+00   1.452708e+01   4.377009e-03   0.000000e+00   19142
  2.851613e+00   1.486370e+01   5.937253e-03   0.000000e+00   19692
  2.872433e+00   1.475306e+01   5.998506e-03   0.000000e+00   19062
  2.892804e+00   1.504499e+01   0.000000e+00   0.000000e+00   20184
  2.913859e+00   1.536074e+01   7.519770e-03   0.000000e+00   19970
  2.934397e+00   1.534383e+01   0.000000e+00   0.000000e+00   20496
  2.955536e+00   1.523918e+01   8.611170e-03   0.000000e+00   21456
  2.976109e+00   1.552365e+01   5.930427e-03   0.000000e+00   19650
  2.996304e+00   1.615886e+01   9.594534e-03   0.000000e+00   22040
  3.017594e+00   1.611506e+01   1.280847e-02   0.000000e+00   21558
  3.038151e+00   1.603497e+01   0.000000e+00   0.000000e+00   21804
  3.058764e+00   1.627792e+01   7.981913e-03   0.000000e+00   21926
  3.079308e+00   1.655432e+01   9.601525e-03   0.000000e+00   22416
  3.099937e+00   1.666968e+01   8.542884e-03   0.000000e+00   22776
  3.121147e+00   1.699395e+01   6.541977e-03   0.000000e+00   23874
  3.141984e+00   1.697943e+01   0.000000e+00   0.000000e+00   23104
  3.162701e+00   1.735441e+01   0.000000e+00   0.000000e+00   23974
  3.183467e+00   1.731402e+01   1.375100e-02   0.000000e+00   23892
  3.203873e+00   1.736519e+01   0.000000e+00   0.000000e+00   23550
  3.224417e+00   1.773691e+01   7.114526e-03   0.000000e+00   25320
  3.245287e+00   1.757318e+01   1.205099e-02   0.000000e+00   24428
  3.265710e+00   1.775489e+01   8.102048e-03   0.000000e+00   25254
  3.286619e+00   1.782309e+01   0.000000e+00   0.000000e+00   26016
  3.307230e+00   1.792299e+01   9.040328e-04   0.000000e+00   25182
  3.328033e+00   1.824309e+01   3.978394e-03   0.000000e+00   27428
  3.349135e+00   1.842271e+01   5.312951e-03   0.000000e+00   25974
  3.369438e+00   1.866270e+01   9.181630e-03   0.000000e+00   26904
  3.390059e+00   1.876238e+01   3.099080e-03   0.000000e+00   26730
  3.410702e+00   1.889746e+01   0.000000e+00   0.000000e+00   27896
  3.431859e+00   1.909632e+01   1.050751e-02   0.000000e+00   28992
  3.453270e+00   1.900577e+01   3.030340e-03   0.000000e+00   28698
  3.473700e+00   1.972882e+01   0.000000e+00   0.000000e+00   27816
  3.494571e+00   1.941509e+01   0.000000e+00   0.000000e+00   29774
  3.515449e+00   1.942222e+01   6.802831e-03   0.000000e+00   29148
  3.535862e+00   1.969050e+01   0.000000e+00   0.000000e+00   28806
  3.556422e+00   2.004948e+01   1.137365e-02   0.000000e+00   30408
  3.577217e+00   1.987673e+01   0.000000e+00   0.000000e+00   30320
  3.598191e+00   2.028286e+01   0.000000e+00   0.000000e+00   30930
  3.619128e+00   2.025401e+01   0.000000e+00   0.000000e+00   31656
  3.639581e+00   2.032710e+01   0.000000e+00   0.000000e+00   30086
  3.660128e+00   2.050940e+01   1.329010e-02   0.000000e+00   32724
  3.680836e+00   2.064939e+01   7.843944e-03   0.000000e+00   30846
  3.701403e+00   2.098043e+01   2.130513e-03   0.000000e+00   33480
  3.722425e+00   2.095737e+01   1.082396e-02   0.000000e+00   32724
  3.742979e+00   2.099884e+01   6.854980e-03   0.000000e+00   32894
  3.763829e+00   2.114769e+01   0.000000e+00   0.000000e+00   34200
  3.784682e+00   2.126716e+01   8.634493e-03   0.000000e+00   33594
  3.805162e+00   2.146356e+01   0.000000e+00   0.000000e+00   34336
  3.826056e+00   2.150340e+01   2.540449e-03   0.000000e+00   34822
  3.846790e+00   2.169431e+01   0.000000e+00   0.000000e+00   35472
  3.867411e+00   2.204991e+01   0.000000e+00   0.000000e+00   34404
  3.887970e+00   2.218167e+01   0.000000e+00   0.000000e+00   36222
  3.908578e+00   2.189580e+01   5.780641e-03   0.000000e+00   35984
  3.929394e+00   2.222470e+01   8.673368e-03   0.000000e+00   36570
  3.950032e+00   2.263747e+01   0.000000e+00   0.000000e+00   37176
  3.970896e+00   2.244721e+01   0.000000e+00   0.000000e+00   37406
  3.991674e+00   2.232943e+01   0.000000e+00   0.000000e+00   38052
  4.012283e+00   2.274118e+01   0.000000e+00   0.000000e+00   37590
  4.033174e+00   2.297775e+01   1.058017e-02   0.000000e+00   39480
  4.053854e+00   2.262421e+01   0.000000e+00   0.000000e+00   38260
  4.074527e+00   2.286617e+01   1.046782e-02   0.000000e+00   39646
  4.095623e+00   2.329419e+01   5.625093e-03   0.000000e+00   40944
  4.116542e+00   2.330921e+01   0.000000e+00   0.000000e+00   39678
  4.137149e+00   2.336046e+01   0.000000e+00   0.000000e+00   40804
  4.157880e+00   2.339067e+01   0.000000e+00   0.000000e+00   40606
  4.178646e+00   2.322159e+01   1.406042e-02   0.000000e+00   42216
  4.199539e+00   2.358751e+01   0.000000e+00   0.000000e+00   41532
  4.220177e+00   2.361850e+01   0.000000e+00   0.000000e+00   41990
  4.240665e+00   2.386546e+01   1.470451e-02   0.000000e+00   42360
  4.261570e+00   2.421322e+01   5.952201e-03   0.000000e+00   43530
  4.282349e+00   2.408424e+01   8.399372e-03   0.000000e+00   43848
  4.303062e+00   2.400942e+01   0.000000e+00   0.000000e+00   42870
  4.323842e+00   2.451925e+01   1.403307e-02   0.000000e+00   46160
  4.344700e+00   2.438719e+01   6.111005e-03   0.000000e+00   43380
  4.365241e+00   2.465592e+01   0.000000e+00   0.000000e+00   45294
  4.385850e+00   2.442314e+01   1.335590e-02   0.000000e+00   45744
  4.406925e+00   2.488988e+01   0.000000e+00   0.000000e+00   46682
  4.427542e+00   2.453585e+01   7.309802e-03   0.000000e+00   45840
  4.448227e+00   2.462019e+01   0.000000e+00   0.000000e+00   47118
  4.468866e+00   2.504642e+01   1.912339e-02   0.000000e+00   47124
  4.489588e+00   2.508941e+01   4.269129e-03   0.000000e+00   47984
  4.510731e+00   2.500764e+01   8.149886e-03   0.000000e+00   49566
  4.531117e+00   2.537770e+01   5.779804e-03   0.000000e+00   46284
  4.551570e+00   2.526623e+01   1.373275e-02   0.000000e+00   49966
  4.572384e+00   2.536804e+01   1.022484e-02   0.000000e+00   49360
  4.593072e+00   2.532959e+01   0.000000e+00   0.000000e+00   49806
  4.613927e+00   2.555445e+01   1.148824e-02   0.000000e+00   51492
  4.634556e+00   2.572793e+01   1.501721e-02   0.000000e+00   49496
  4.655358e+00   2.584317e+01   1.542286e-02   0.000000e+00   53190
  4.676337e+00   2.582032e+01   0.000000e+00   0.000000e+00   51060
  4.696901e+00   2.585919e+01   0.000000e+00   0.000000e+00   52134
  4.717533e+00   2.600396e+01   9.921504e-03   0.000000e+00   53088
  4.738328e+00   2.597250e+01   6.641314e-03   0.000000e+00   52706
  4.759059e+00   2.591650e+01   1.024967e-02   0.000000e+00   54936
  4.780122e+00   2.618119e+01   0.000000e+00   0.000000e+00   53886
  4.800724e+00   2.609491e+01   0.000000e+00   0.000000e+00   54436
  4.821321e+00   2.604538e+01   0.000000e+00   0.000000e+00   55096
  4.842331e+00   2.633906e+01   0.000000e+00   0.000000e+00   56358
  4.862919e+00   2.626563e+01   0.000000e+00   0.000000e+00   55632
  4.883673e+00   2.660810e+01   2.018570e-02   0.000000e+00   56530
  4.904377e+00   2.671872e+01   0.000000e+00   0.000000e+00   57232
  4.925004e+00   2.648416e+01   0.000000e+00   0.000000e+00   56766
  4.946156e+00   2.661107e+01   0.000000e+00   0.000000e+00   60804
  4.966740e+00   2.684394e+01   0.000000e+00   0.000000e+00   55536
  4.987401e+00   2.676162e+01   2.508552e-02   0.000000e+00   61166
  5.008144e+00   2.669364e+01   0.000000e+00   0.000000e+00   57396
  5.028656e+00   2.676893e+01   1.193661e-02   0.000000e+00   60870
  5.049485e+00   2.675508e+01   0.000000e+00   0.000000e+00   60224
  5.070206e+00   2.702837e+01   1.732769e-02   0.000000e+00   61002
  5.090994e+00   2.684609e+01   1.630439e-02   0.000000e+00   62016
  5.111674e+00   2.716892e+01   0.000000e+00   0.000000e+00   60768
  5.132188e+00   2.688325e+01   2.349189e-02   0.000000e+00   62870
  5.153160e+00   2.733775e+01   8.201751e-03   0.000000e+00   63804
  5.174012e+00   2.724240e+01   1.088668e-02   0.000000e+00   63054
  5.194386e+00   2.729694e+01   9.597767e-03   0.000000e+00   63024
  5.215203e+00   2.732116e+01   0.000000e+00   0.000000e+00   65018
  5.235782e+00   2.733350e+01   1.540513e-02   0.000000e+00   64608
  5.256576e+00   2.725442e+01   0.000000e+00   0.000000e+00   65688
  5.277311e+00   2.740708e+01   2.246371e-02   0.000000e+00   65994
  5.297978e+00   2.756613e+01   0.000000e+00   0.000000e+00   66648
  5.318871e+00   2.753633e+01   1.525542e-02   0.000000e+00   67310
  5.339462e+00   2.749463e+01   0.000000e+00   0.000000e+00   67224
  5.360199e+00   2.767319e+01   6.196951e-03   0.000000e+00   68034
  5.381015e+00   2.728834e+01   0.000000e+00   0.000000e+00   69744
  5.401830e+00   2.736950e+01   1.139486e-02   0.000000e+00   68654
  5.422854e+00   2.776737e+01   1.570863e-02   0.000000e+00   72132
  5.443654e+00   2.765225e+01   9.219516e-03   0.000000e+00   68520
  5.464159e+00   2.787097e+01   1.483882e-02   0.000000e+00   71070
  5.485072e+00   2.780995e+01   0.000000e+00   0.000000e+00   71948
  5.505774e+00   2.772878e+01   2.295488e-02   0.000000e+00   71598
  5.526656e+00   2.775754e+01   0.000000e+00   0.000000e+00   73536
  5.547363e+00   2.788570e+01   2.741091e-02   0.000000e+00   71802
  5.567855e+00   2.798091e+01   0.000000e+00   0.000000e+00   73280
  5.588593e+00   2.786316e+01   0.000000e+00   0.000000e+00   73992
  5.609518e+00   2.832201e+01   1.293431e-02   0.000000e+00   75966
  5.630237e+00   2.787177e+01   0.000000e+00   0.000000e+00   74364
  5.650980e+00   2.805480e+01   1.602464e-02   0.000000e+00   76094
  5.671666e+00   2.815142e+01   0.000000e+00   0.000000e+00   76224
  5.692418e+00   2.785491e+01   9.600430e-03   0.000000e+00   76242
  5.712949e+00   2.802972e+01   0.000000e+00   0.000000e+00   76944
  5.733684e+00   2.815318e+01   0.000000e+00   0.000000e+00   78680
  5.754737e+00   2.820767e+01   1.772249e-02   0.000000e+00   79962
  5.775391e+00   2.850636e+01   8.446107e-03   0.000000e+00   77760
  5.796021e+00   2.820554e+01   2.128118e-02   0.000000e+00   79590
  5.816768e+00   2.828825e+01   0.000000e+00   0.000000e+00   80732
  5.837571e+00   2.819600e+01   2.632688e-02   0.000000e+00   81174
  5.858317e+00   2.838226e+01   9.044941e-03   0.000000e+00   80832
  5.878649e+00   2.831240e+01   2.682284e-02   0.000000e+00   79992
  5.899507e+00   2.837175e+01   0.000000e+00   0.000000e+00   84314
  5.920439e+00   2.847291e+01   0.000000e+00   0.000000e+00   83592
  5.941250e+00   2.832378e+01   1.997917e-02   0.000000e+00   83838
  5.961944e+00   2.843591e+01   0.000000e+00   0.000000e+00   83676
  5.982557e+00   2.830570e+01   1.250647e-02   0.000000e+00   84950
  6.003230e+00   2.839474e+01   0.000000e+00   0.000000e+00   84912
  6.024025e+00   2.844350e+01   2.445941e-02   0.000000e+00   87162
  6.044869e+00   2.833496e+01   0.000000e+00   0.000000e+00   86440
  6.065493e+00   2.845281e+01   0.000000e+00   0.000000e+00   86560
  6.086295e+00   2.871776e+01   0.000000e+00   0.000000e+00   88698
  6.106998e+00   2.849057e+01   3.036993e-02   0.000000e+00   88920
  6.127982e+00   2.840233e+01   0.000000e+00   0.000000e+00   88814
  6.148556e+00   2.824073e+01   7.003318e-03   0.000000e+00   90336
  6.169521e+00   2.839830e+01   0.000000e+00   0.000000e+00   90282
  6.190226e+00   2.849819e+01   0.000000e+00   0.000000e+00   90840
  6.210763e+00   2.857667e+01   2.190847e-02   0.000000e+00   91128
  6.231709e+00   2.878623e+01   0.000000e+00   0.000000e+00   92690
  6.252316e+00   2.873594e+01   0.000000e+00   0.000000e+00   92160
  6.273110e+00   2.866292e+01   0.000000e+00   0.000000e+00   93534
  6.293744e+00   2.865921e+01   0.000000e+00   0.000000e+00   93484
  6.314476e+00   2.846094e+01   5.230924e-03   0.000000e+00   95206
  6.335384e+00   2.837011e+01   9.635936e-03   0.000000e+00   96048
  6.355953e+00   2.864252e+01   9.048460e-03   0.000000e+00   93600
  6.376648e+00   2.861718e+01   0.000000e+00   0.000000e+00   97410
  6.397377e+00   2.859200e+01   2.756929e-02   0.000000e+00   97856
  6.418315e+00   2.849138e+01   0.000000e+00   0.000000e+00   97278
  6.438964e+00   2.850233e+01   1.734390e-02   0.000000e+00   98916
  6.459625e+00   2.830540e+01   0.000000e+00   0.000000e+00   96894
  6.480183e+00   2.872071e+01   0.000000e+00   0.000000e+00   100976
  6.501132e+00   2.863198e+01   0.000000e+00   0.000000e+00   100164
  6.521748e+00   2.867748e+01   0.000000e+00   0.000000e+00   100014
  6.542243e+00   2.848174e+01   1.941233e-02   0.000000e+00   101040
  6.563073e+00   2.854602e+01   0.000000e+00   0.000000e+00   102338
  6.583707e+00   2.856031e+01   1.245812e-02   0.000000e+00   102912
  6.604644e+00   2.827615e+01   0.000000e+00   0.000000e+00   104238
  6.625221e+00   2.853049e+01   1.974829e-02   0.000000e+00   103104
  6.645987e+00   2.847568e+01   1.736026e-02   0.000000e+00   105404
  6.666801e+00   2.847014e+01   0.000000e+00   0.000000e+00   105198
  6.687510e+00   2.854938e+01   0.000000e+00   0.000000e+00   106632
  6.708326e+00   2.841647e+01   2.594977e-02   0.000000e+00   106706
  6.729024e+00   2.827823e+01   0.000000e+00   0.000000e+00   106992
  6.749964e+00   2.860109e+01   0.000000e+00   0.000000e+00   110118
  6.770697e+00   2.859363e+01   3.168549e-02   0.000000e+00   108084
  6.791315e+00   2.859785e+01   1.205798e-02   0.000000e+00   108222
  6.812162e+00   2.829238e+01   0.000000e+00   0.000000e+00   112160
  6.832813e+00   2.842693e+01   1.807247e-02   0.000000e+00   108492
  6.853557e+00   2.833700e+01   2.258914e-02   0.000000e+00   113262
  6.874381e+00   2.849107e+01   0.000000e+00   0.000000e+00   111360
  6.895228e+00   2.818556e+01   0.000000e+00   0.000000e+00   114182
  6.915920e+00   2.812818e+01   3.323015e-02   0.000000e+00   112884
  6.936682e+00   2.832022e+01   7.326151e-03   0.000000e+00   113934
  6.957293e+00   2.830066e+01   0.000000e+00   0.000000e+00   114504
  6.978243e+00   2.839539e+01   0.000000e+00   0.000000e+00   117500
  6.998910e+00   2.833908e+01   2.326629e-02   0.000000e+00   114102
  7.019592e+00   2.823281e+01   1.013089e-02   0.000000e+00   118584
  7.040401e+00   2.817486e+01   0.000000e+00   0.000000e+00   115546
  7.060875e+00   2.825420e+01   2.092584e-02   0.000000e+00   118984
  7.081860e+00   2.809520e+01   5.012257e-03   0.000000e+00   119526
  7.102514e+00   2.828372e+01   0.000000e+00   0.000000e+00   119436
  7.123148e+00   2.812706e+01   0.000000e+00   0.000000e+00   118632
  7.143816e+00   2.820119e+01   2.372612e-02   0.000000e+00   122510
  7.164669e+00   2.828515e+01   0.000000e+00   0.000000e+00   121680
  7.185449e+00   2.822480e+01   0.000000e+00   0.000000e+00   121434
  7.206004e+00   2.819931e+01   0.000000e+00   0.000000e+00   123928
  7.226828e+00   2.802149e+01   0.000000e+00   0.000000e+00   123910
  7.247602e+00   2.799648e+01   0.000000e+00   0.000000e+00   124452
  7.268316e+00   2.793731e+01   0.000000e+00   0.000000e+00   125376
  7.289032e+00   2.779974e+01   2.098649e-02   0.000000e+00   126638
  7.309762e+00   2.783912e+01   7.915259e-03   0.000000e+00   125844
  7.330505e+00   2.780787e+01   0.000000e+00   0.000000e+00   128142
  7.351277e+00   2.800357e+01   0.000000e+00   0.000000e+00   128136
  7.371905e+00   2.795565e+01   8.580627e-03   0.000000e+00   127642
  7.392693e+00   2.804194e+01   0.000000e+00   0.000000e+00   131968
  7.413714e+00   2.779158e+01   0.000000e+00   0.000000e+00   130326
  7.434330e+00   2.759888e+01   2.194968e-02   0.000000e+00   131688
  7.455057e+00   2.774033e+01   1.034563e-02   0.000000e+00   130212
  7.475704e+00   2.768120e+01   0.000000e+00   0.000000e+00   132686
  7.496603e+00   2.775702e+01   0.000000e+00   0.000000e+00   135960
  7.517413e+00   2.759382e+01   1.632027e-02   0.000000e+00   131562
  7.537783e+00   2.757570e+01   1.364890e-02   0.000000e+00   134016
  7.558657e+00   2.742136e+01   0.000000e+00   0.000000e+00   136478
  7.579402e+00   2.749272e+01   2.852011e-02   0.000000e+00   136812
  7.600229e+00   2.749066e+01   1.830924e-02   0.000000e+00   137856
  7.620981e+00   2.735316e+01   0.000000e+00   0.000000e+00   135862
  7.641613e+00   2.734583e+01   0.000000e+00   0.000000e+00   140056
  7.662506e+00   2.736214e+01   2.437478e-02   0.000000e+00   139602
  7.683198e+00   2.735282e+01   0.000000e+00   0.000000e+00   139080
  7.703880e+00   2.719176e+01   0.000000e+00   0.000000e+00   140678
  7.724646e+00   2.704329e+01   1.216346e-02   0.000000e+00   142884
  7.745327e+00   2.727589e+01   1.027648e-02   0.000000e+00   139992
  7.766054e+00   2.714022e+01   0.000000e+00   0.000000e+00   144966
  7.786900e+00   2.709587e+01   0.000000e+00   0.000000e+00   143364
  7.807548e+00   2.683362e+01   1.901671e-02   0.000000e+00   144518
  7.828229e+00   2.706220e+01   2.012372e-02   0.000000e+00   145200
  7.848877e+00   2.687000e+01   0.000000e+00   0.000000e+00   143466
  7.869472e+00   2.685269e+01   0.000000e+00   0.000000e+00   148824
  7.890216e+00   2.701077e+01   1.507583e-02   0.000000e+00   145544
  7.910805e+00   2.680611e+01   0.000000e+00   0.000000e+00   148590
  7.931652e+00   2.674731e+01   0.000000e+00   0.000000e+00   150540
  7.952469e+00   2.686433e+01   2.786393e-02   0.000000e+00   150134
  7.973198e+00   2.656271e+01   0.000000e+00   0.000000e+00   151296
  7.994126e+00   2.665463e+01   0.000000e+00   0.000000e+00   152058
  8.014653e+00   2.661042e+01   1.670446e-02   0.000000e+00   150864
  8.035390e+00   2.679170e+01   1.506404e-02   0.000000e+00   154310
  8.056338e+00   2.653584e+01   1.186413e-03   0.000000e+00   155172
  8.077064e+00   2.653070e+01   0.000000e+00   0.000000e+00   154128
  8.097989e+00   2.650407e+01   1.284312e-02   0.000000e+00   158310
  8.118629e+00   2.625625e+01   1.927729e-02   0.000000e+00   153436
  8.139285e+00   2.655654e+01   0.000000e+00   0.000000e+00   157726
  8.160230e+00   2.636652e+01   0.000000e+00   0.000000e+00   160368
  8.180875e+00   2.631603e+01   8.861975e-03   0.000000e+00   155718
  8.201481e+00   2.635326e+01   0.000000e+00   0.000000e+00   160028
  8.222226e+00   2.631347e+01   0.000000e+00   0.000000e+00   160920
  8.243007e+00   2.609267e+01   1.367666e-02   0.000000e+00   161070
  8.263783e+00   2.634747e+01   3.063728e-02   0.000000e+00   163428
  8.284440e+00   2.613084e+01   0.000000e+00   0.000000e+00   159574
  8.305241e+00   2.618182e+01   0.000000e+00   0.000000e+00   167392
  8.326056e+00   2.602346e+01   2.485172e-02   0.000000e+00   162258
  8.346723e+00   2.618944e+01   1.289096e-02   0.000000e+00   167472
  8.367536e+00   2.594826e+01   0.000000e+00   0.000000e+00   163664
  8.388103e+00   2.601234e+01   0.000000e+00   0.000000e+00   166986
  8.408898e+00   2.574055e+01   1.702465e-02   0.000000e+00   169968
  8.429854e+00   2.577462e+01   0.000000e+00   0.000000e+00   167646
  8.450318e+00   2.573372e+01   0.000000e+00   0.000000e+00   168080
  8.471078e+00   2.552286e+01   1.584865e-02   0.000000e+00   170826
  8.491847e+00   2.581689e+01   0.000000e+00   0.000000e+00   170928
  8.512425e+00   2.562957e+01   1.774821e-02   0.000000e+00   170640
  8.533267e+00   2.545252e+01   0.000000e+00   0.000000e+00   173954
  8.553926e+00   2.560831e+01   2.646654e-02   0.000000e+00   173232
  8.574733e+00   2.558055e+01   0.000000e+00   0.000000e+00   174150
  8.595485e+00   2.541472e+01   0.000000e+00   0.000000e+00   176364
  8.616199e+00   2.538239e+01   1.743025e-02   0.000000e+00   175302
  8.636930e+00   2.530334e+01   7.581559e-03   0.000000e+00   177392
  8.657595e+00   2.516126e+01   1.846843e-02   0.000000e+00   176352
  8.678421e+00   2.519368e+01   0.000000e+00   0.000000e+00   180330
  8.699244e+00   2.508630e+01   8.773470e-03   0.000000e+00   180712
  8.719973e+00   2.515721e+01   1.501534e-02   0.000000e+00   179350
  8.740767e+00   2.507408e+01   1.383741e-02   0.000000e+00   183396
  8.761614e+00   2.494525e+01   0.000000e+00   0.000000e+00   180390
  8.782098e+00   2.501160e+01   0.000000e+00   0.000000e+00   181944
  8.802930e+00   2.509453e+01   0.000000e+00   0.000000e+00   185450
  8.823812e+00   2.482744e+01   7.287954e-03   0.000000e+00   186192
  8.844459e+00   2.493550e+01   1.949381e-02   0.000000e+00   183432
  8.865128e+00   2.460240e+01   0.000000e+00   0.000000e+00   185362
  8.885756e+00   2.463687e+01   7.147199e-03   0.000000e+00   188464
  8.906658e+00   2.461512e+01   0.000000e+00   0.000000e+00   188046
  8.927419e+00   2.462977e+01   1.325339e-02   0.000000e+00   191304
  8.948112e+00   2.441463e+01   2.517336e-02   0.000000e+00   186690
  8.968904e+00   2.443696e+01   0.000000e+00   0.000000e+00   194072
  8.989560e+00   2.440140e+01   2.107142e-02   0.000000e+00   188688
  9.010215e+00   2.433250e+01   2.140929e-03   0.000000e+00   192786
  9.030896e+00   2.435310e+01   9.388232e-03   0.000000e+00   193352
  9.051798e+00   2.427076e+01   0.000000e+00   0.000000e+00   195702
  9.072476e+00   2.431051e+01   2.818076e-02   0.000000e+00   195132
  9.093242e+00   2.411833e+01   0.000000e+00   0.000000e+00   195726
  9.113934e+00   2.411387e+01   0.000000e+00   0.000000e+00   197416
  9.134634e+00   2.409457e+01   8.299321e-03   0.000000e+00   196564
  9.155406e+00   2.399501e+01   1.978003e-02   0.000000e+00   201198
  9.176135e+00   2.392497e+01   5.667226e-03   0.000000e+00   197136
  9.196709e+00   2.400147e+01   0.000000e+00   0.000000e+00   199358
  9.217374e+00   2.399122e+01   2.770788e-02   0.000000e+00   203532
  9.238268e+00   2.387630e+01   0.000000e+00   0.000000e+00   201438
  9.258960e+00   2.374256e+01   0.000000e+00   0.000000e+00   203664
  9.279645e+00   2.372386e+01   2.742619e-02   0.000000e+00   203972
  9.300373e+00   2.370711e+01   2.142813e-02   0.000000e+00   205974
  9.321187e+00   2.370690e+01   0.000000e+00   0.000000e+00   205752
  9.342031e+00   2.368370e+01   0.000000e+00   0.000000e+00   207810
  9.362529e+00   2.350289e+01   3.590197e-02   0.000000e+00   206384
  9.383442e+00   2.343254e+01   0.000000e+00   0.000000e+00   210966
  9.404244e+00   2.334061e+01   0.000000e+00   0.000000e+00   210516
  9.425015e+00   2.332270e+01   0.000000e+00   0.000000e+00   209766
  9.445648e+00   2.331303e+01   4.094303e-02   0.000000e+00   212376
  9.466451e+00   2.326291e+01   0.000000e+00   0.000000e+00   212960
  9.487359e+00   2.314098e+01   0.000000e+00   0.000000e+00   214626
  9.507988e+00   2.315370e+01   2.944315e-02   0.000000e+00   213696
  9.528714e+00   2.297798e+01   2.951768e-02   0.000000e+00   215734
  9.549395e+00   2.311194e+01   0.000000e+00   0.000000e+00   213220
  9.570088e+00   2.294224e+01   0.000000e+00   0.000000e+00   219102
  9.590898e+00   2.291489e+01   3.398648e-02   0.000000e+00   220872
  9.611602e+00   2.277710e+01   5.030492e-02   0.000000e+00   216556
  9.632325e+00   2.275573e+01   3.861154e-02   0.000000e+00   221494
  9.652999e+00   2.291353e+01   4.224660e-02   0.000000e+00   219096
  9.673801e+00   2.279113e+01   3.128838e-02   0.000000e+00   224262
  9.694676e+00   2.264637e+01   0.000000e+00   0.000000e+00   222508
  9.715413e+00   2.263053e+01   0.000000e+00   0.000000e+00   222502
  9.735990e+00   2.266240e+01   3.990176e-02   0.000000e+00   227280
  9.756820e+00   2.244200e+01   1.967316e-02   0.000000e+00   223644
  9.777525e+00   2.247876e+01   0.000000e+00   0.000000e+00   226222
  9.798257e+00   2.238208e+01   0.000000e+00   0.000000e+00   229840
  9.819050e+00   2.233090e+01   2.650939e-02   0.000000e+00   228042
  9.839637e+00   2.239482e+01   0.000000e+00   0.000000e+00   227472
  9.860349e+00   2.228053e+01   0.000000e+00   0.000000e+00   230990
  9.881120e+00   2.223951e+01   8.382312e-03   0.000000e+00   233532
  9.901848e+00   2.222949e+01   2.970478e-02   0.000000e+00   231288
  9.922670e+00   2.211248e+01   0.000000e+00   0.000000e+00   233718
  9.943260e+00   2.194145e+01   0.000000e+00   0.000000e+00   232704
  9.964037e+00   2.200358e+01   3.080736e-02   0.000000e+00   239282
  9.984850e+00   2.202861e+01   3.783433e-02   0.000000e+00   234912
  1.000569e+01   2.179537e+01   0.000000e+00   0.000000e+00   238278
  1.002625e+01   2.171975e+01   3.706549e-02   0.000000e+00   237460
  1.004683e+01   2.174119e+01   2.693476e-02   0.000000e+00   236662
  1.006780e+01   2.183663e+01   0.000000e+00   0.000000e+00   246336
  1.008877e+01   2.166002e+01   0.000000e+00   0.000000e+00   241092
  1.010938e+01   2.174574e+01   3.515569e-02   0.000000e+00   242414
  1.013016e+01   2.165269e+01   1.287735e-02   0.000000e+00   243552
  1.015096e+01   2.156883e+01   0.000000e+00   0.000000e+00   243474
  1.017150e+01   2.148605e+01   2.392063e-02   0.000000e+00   245112
  1.019231e+01   2.143890e+01   2.644272e-02   0.000000e+00   246894
  1.021302e+01   2.147654e+01   2.033672e-02   0.000000e+00   247448
  1.023384e+01   2.136912e+01   0.000000e+00   0.000000e+00   247404
  1.025443e+01   2.126079e+01   3.991362e-02   0.000000e+00   249990
  1.027508e+01   2.142031e+01   3.784141e-02   0.000000e+00   249512
  1.029605e+01   2.122844e+01   0.000000e+00   0.000000e+00   253890
  1.031676e+01   2.123186e+01   0.000000e+00   0.000000e+00   250728
  1.033733e+01   2.109083e+01   4.776626e-02   0.000000e+00   253950
  1.035815e+01   2.116434e+01   0.000000e+00   0.000000e+00   254140
  1.037892e+01   2.106094e+01   0.000000e+00   0.000000e+00   255880
  1.039970e+01   2.094014e+01   3.061839e-02   0.000000e+00   258942
  1.042027e+01   2.105733e+01   4.574750e-02   0.000000e+00   253836
  1.044111e+01   2.100835e+01   0.000000e+00   0.000000e+00   260534
  1.046193e+01   2.089207e+01   0.000000e+00   0.000000e+00   259992
  1.048247e+01   2.082890e+01   4.705294e-02   0.000000e+00   258894
  1.050325e+01   2.086428e+01   3.717650e-02   0.000000e+00   263364
  1.052405e+01   2.061304e+01   0.000000e+00   0.000000e+00   259536
  1.054453e+01   2.068086e+01   2.034704e-02   0.000000e+00   263438
  1.056525e+01   2.064495e+01   4.287093e-02   0.000000e+00   265740
  1.058609e+01   2.050145e+01   0.000000e+00   0.000000e+00   264894
  1.060688e+01   2.063216e+01   0.000000e+00   0.000000e+00   269184
  1.062757e+01   2.053198e+01   4.058936e-02   0.000000e+00   266138
  1.064825e+01   2.057732e+01   2.857836e-02   0.000000e+00   270528
  1.066913e+01   2.057652e+01   0.000000e+00   0.000000e+00   268182
  1.068974e+01   2.054201e+01   0.000000e+00   0.000000e+00   270960
  1.071041e+01   2.029936e+01   4.902367e-02   0.000000e+00   274580
  1.073153e+01   2.025673e+01   0.000000e+00   0.000000e+00   276078
  1.075230e+01   2.036012e+01   0.000000e+00   0.000000e+00   273600
  1.077293e+01   2.019225e+01   4.044591e-02   0.000000e+00   274698
  1.079362e+01   2.013634e+01   4.351375e-02   0.000000e+00   276920
  1.081449e+01   2.025046e+01   0.000000e+00   0.000000e+00   276774
  1.083523e+01   2.015988e+01   0.000000e+00   0.000000e+00   279972
  1.085575e+01   2.010146e+01   3.534118e-02   0.000000e+00   276144
  1.087655e+01   1.996904e+01   1.735987e-02   0.000000e+00   282590
  1.089739e+01   2.002127e+01   0.000000e+00   0.000000e+00   282300
  1.091813e+01   1.985215e+01   0.000000e+00   0.000000e+00   283926
  1.093866e+01   1.995218e+01   4.751793e-02   0.000000e+00   279792
  1.095956e+01   1.990465e+01   0.000000e+00   0.000000e+00   287870
  1.098041e+01   1.985545e+01   0.000000e+00   0.000000e+00   286428
  1.100093e+01   1.981882e+01   4.613942e-02   0.000000e+00   284808
  1.102168e+01   1.984905e+01   1.646877e-02   0.000000e+00   289158
  1.104256e+01   1.973648e+01   0.000000e+00   0.000000e+00   290204
  1.106327e+01   1.979995e+01   0.000000e+00   0.000000e+00   290382
  1.108392e+01   1.966991e+01   3.137625e-02   0.000000e+00   291912
  1.110477e+01   1.964838e+01   0.000000e+00   0.000000e+00   290754
  1.112541e+01   1.968376e+01   1.628110e-02   0.000000e+00   296096
  1.114626e+01   1.960467e+01   2.707933e-02   0.000000e+00   294552
  1.116687e+01   1.964225e+01   4.636537e-02   0.000000e+00   293466
  1.118757e+01   1.961963e+01   0.000000e+00   0.000000e+00   296904
  1.120838e+01   1.957236e+01   0.000000e+00   0.000000e+00   298358
  1.122888e+01   1.944950e+01   4.589906e-02   0.000000e+00   297840
  1.124975e+01   1.943726e+01   1.762383e-02   0.000000e+00   301338
  1.127058e+01   1.937400e+01   0.000000e+00   0.000000e+00   300336
  1.129110e+01   1.933401e+01   4.880361e-02   0.000000e+00   303584
  1.131196e+01   1.943607e+01   4.085306e-02   0.000000e+00   304098
  1.133284e+01   1.939667e+01   0.000000e+00   0.000000e+00   304488
  1.135346e+01   1.932665e+01   4.468505e-02   0.000000e+00   306678
  1.137426e+01   1.929019e+01   0.000000e+00   0.000000e+00   305732
  1.139500e+01   1.930156e+01   1.493943e-02   0.000000e+00   309894
  1.141580e+01   1.927146e+01   2.395288e-02   0.000000e+00   310200
  1.143654e+01   1.911224e+01   0.000000e+00   0.000000e+00   307074
  1.145717e+01   1.926095e+01   4.682536e-02   0.000000e+00   315656
  1.147809e+01   1.921808e+01   0.000000e+00   0.000000e+00   310704
  1.149891e+01   1.914258e+01   0.000000e+00   0.000000e+00   314310
  1.151930e+01   1.912888e+01   5.504473e-02   0.000000e+00   312412
  1.154021e+01   1.901521e+01   0.000000e+00   0.000000e+00   318310
  1.156105e+01   1.907841e+01   0.000000e+00   0.000000e+00   315648
  1.158162e+01   1.904775e+01   4.369268e-02   0.000000e+00   320610
  1.160233e+01   1.907856e+01   0.000000e+00   0.000000e+00   313944
  1.162309e+01   1.893234e+01   0.000000e+00   0.000000e+00   325880
  1.164386e+01   1.899522e+01   4.345674e-02   0.000000e+00   319146
  1.166462e+01   1.893499e+01   0.000000e+00   0.000000e+00   322896
  1.168519e+01   1.895747e+01   4.805908e-02   0.000000e+00   322206
  1.170600e+01   1.897754e+01   0.000000e+00   0.000000e+00   327416
  1.172694e+01   1.896054e+01   0.000000e+00   0.000000e+00   325602
  1.174741e+01   1.887880e+01   5.843967e-02   0.000000e+00   328248
  1.176822e+01   1.880026e+01   0.000000e+00   0.000000e+00   326088
  1.178913e+01   1.887348e+01   0.000000e+00   0.000000e+00   331658
  1.180961e+01   1.890051e+01   5.302929e-02   0.000000e+00   331584
  1.183047e+01   1.875748e+01   2.575073e-02   0.000000e+00   330630
  1.185129e+01   1.876729e+01   0.000000e+00   0.000000e+00   333204
  1.187174e+01   1.882673e+01   6.025872e-02   0.000000e+00   333470
  1.189271e+01   1.880297e+01   0.000000e+00   0.000000e+00   335688
  1.191332e+01   1.867974e+01   2.017468e-02   0.000000e+00   336828
  1.193402e+01   1.875947e+01   2.834055e-02   0.000000e+00   337662
  1.195492e+01   1.876600e+01   0.000000e+00   0.000000e+00   338960
  1.197533e+01   1.879682e+01   5.473686e-02   0.000000e+00   338262
  1.199617e+01   1.877290e+01   4.608940e-02   0.000000e+00   344388
  1.201720e+01   1.871289e+01   0.000000e+00   0.000000e+00   342486
  1.203755e+01   1.882365e+01   7.004450e-02   0.000000e+00   343592
  1.205856e+01   1.874752e+01   6.489075e-03   0.000000e+00   347130
  1.207947e+01   1.878342e+01   0.000000e+00   0.000000e+00   346152
  1.209988e+01   1.877038e+01   6.649762e-02   0.000000e+00   345856
  1.212085e+01   1.885215e+01   0.000000e+00   0.000000e+00   349354
  1.214163e+01   1.884381e+01   0.000000e+00   0.000000e+00   352032
  1.216224e+01   1.885159e+01   5.503092e-02   0.000000e+00   348582
  1.218317e+01   1.879714e+01   0.000000e+00   0.000000e+00   352244
  1.220354e+01   1.873672e+01   6.812863e-02   0.000000e+00   351582
  1.222445e+01   1.886643e+01   1.339034e-02   0.000000e+00   357144
  1.224542e+01   1.882699e+01   0.000000e+00   0.000000e+00   355560
  1.226585e+01   1.875730e+01   6.361785e-02   0.000000e+00   354551
  1.228673e+01   1.876537e+01   9.734678e-03   0.000000e+00   358044
  1.230769e+01   1.868822e+01   0.000000e+00   0.000000e+00   355272
  1.232802e+01   1.860032e+01   7.001409e-02   0.000000e+00   352044
  1.234885e+01   1.854914e+01   0.000000e+00   0.000000e+00   352344
  1.236968e+01   1.849854e+01   0.000000e+00   0.000000e+00   356516
  1.239028e+01   1.844303e+01   4.877029e-02   0.000000e+00   352848
  1.241136e+01   1.840074e+01   0.000000e+00   0.000000e+00   352980
  1.243181e+01   1.835124e+01   4.193283e-02   0.000000e+00   348948
  1.245251e+01   1.828859e+01   3.686589e-02   0.000000e+00   351692
  1.247361e+01   1.821171e+01   0.000000e+00   0.000000e+00   353064
  1.249397e+01   1.817157e+01   6.256735e-02   0.000000e+00   345624
  1.251469e+01   1.811072e+01   0.000000e+00   0.000000e+00   347844
  1.253566e+01   1.803434e+01   0.000000e+00   0.000000e+00   351020
  1.255612e+01   1.803886e+01   5.801793e-02   0.000000e+00   345852
  1.257696e+01   1.794462e+01   1.146535e-02   0.000000e+00   347040
  1.259782e+01   1.794042e+01   0.000000e+00   0.000000e+00   345928
  1.261828e+01   1.790997e+01   5.833396e-02   0.000000e+00   347020
  1.263923e+01   1.775303e+01   0.000000e+00   0.000000e+00   343032
  1.265989e+01   1.781630e+01   0.000000e+00   0.000000e+00   343620
  1.268045e+01   1.775539e+01   6.013816e-02   0.000000e+00   343988
  1.270157e+01   1.767456e+01   0.000000e+00   0.000000e+00   344556
  1.272211e+01   1.762779e+01   4.371023e-02   0.000000e+00   343632
  1.274299e+01   1.753233e+01   0.000000e+00   0.000000e+00   340392
  1.276384e+01   1.752070e+01   0.000000e+00   0.000000e+00   339408
  1.278421e+01   1.737381e+01   7.421674e-02   0.000000e+00   341864
  1.280526e+01   1.740751e+01   0.000000e+00   0.000000e+00   341964
  1.282609e+01   1.739530e+01   0.000000e+00   0.000000e+00   334380
  1.284629e+01   1.725424e+01   6.974918e-02   0.000000e+00   336504
  1.286732e+01   1.725263e+01   1.611472e-02   0.000000e+00   339560
  1.288814e+01   1.717811e+01   0.000000e+00   0.000000e+00   336384
  1.290870e+01   1.718316e+01   7.285625e-02   0.000000e+00   337404
  1.292968e+01   1.705745e+01   0.000000e+00   0.000000e+00   330156
  1.295012e+01   1.705236e+01   5.717475e-02   0.000000e+00   337808
  1.297104e+01   1.700034e+01   0.000000e+00   0.000000e+00   332748
  1.299195e+01   1.697249e+01   0.000000e+00   0.000000e+00   333612
  1.301237e+01   1.687796e+01   5.870809e-02   0.000000e+00   331860
  1.303319e+01   1.687944e+01   2.755819e-02   0.000000e+00   328376
  1.305399e+01   1.681053e+01   0.000000e+00   0.000000e+00   331140
  1.307454e+01   1.678275e+01   7.028175e-02   0.000000e+00   332988
  1.309538e+01   1.672679e+01   2.839932e-02   0.000000e+00   325224
  1.311629e+01   1.659015e+01   0.000000e+00   0.000000e+00   331544
  1.313681e+01   1.664874e+01   6.606685e-02   0.000000e+00   327264
  1.315764e+01   1.655509e+01   0.000000e+00   0.000000e+00   322308
  1.317828e+01   1.649601e+01   2.303480e-02   0.000000e+00   328136
  1.319883e+01   1.640631e+01   4.965061e-02   0.000000e+00   323172
  1.321986e+01   1.637895e+01   0.000000e+00   0.000000e+00   325248
  1.324036e+01   1.633335e+01   6.236645e-02   0.000000e+00   324096
  1.326115e+01   1.636161e+01   0.000000e+00   0.000000e+00   321540
  1.328214e+01   1.624734e+01   0.000000e+00   0.000000e+00   323744
  1.330244e+01   1.624710e+01   6.951872e-02   0.000000e+00   317400
  1.332329e+01   1.616939e+01   1.957482e-02   0.000000e+00   322560
  1.334431e+01   1.603659e+01   0.000000e+00   0.000000e+00   320076
  1.336469e+01   1.612892e+01   7.172241e-02   0.000000e+00   317204
  1.338584e+01   1.596744e+01   0.000000e+00   0.000000e+00   323064
  1.340666e+01   1.594261e+01   0.000000e+00   0.000000e+00   315204
  1.342698e+01   1.596281e+01   7.806712e-02   0.000000e+00   315416
  1.344819e+01   1.584697e+01   0.000000e+00   0.000000e+00   316884
  1.346864e+01   1.577789e+01   4.776331e-02   0.000000e+00   312876
  1.348936e+01   1.581879e+01   5.455466e-02   0.000000e+00   315540
  1.351047e+01   1.579888e+01   0.000000e+00   0.000000e+00   312576
  1.353075e+01   1.569665e+01   7.775488e-02   0.000000e+00   312140
  1.355170e+01   1.556968e+01   1.997202e-02   0.000000e+00   310356
  1.357265e+01   1.557863e+01   0.000000e+00   0.000000e+00   311232
  1.359293e+01   1.562188e+01   7.003055e-02   0.000000e+00   307584
  1.361391e+01   1.547326e+01   3.277718e-02   0.000000e+00   310616
  1.363471e+01   1.547707e+01   0.000000e+00   0.000000e+00   304200
  1.365500e+01   1.541892e+01   7.774815e-02   0.000000e+00   306792
  1.367616e+01   1.548588e+01   0.000000e+00   0.000000e+00   306168
  1.369665e+01   1.534700e+01   0.000000e+00   0.000000e+00   304448
  1.371746e+01   1.536535e+01   6.739411e-02   0.000000e+00   308580
  1.373853e+01   1.526236e+01   0.000000e+00   0.000000e+00   299568
  1.375881e+01   1.521279e+01   6.687921e-02   0.000000e+00   304416
  1.377983e+01   1.519084e+01   3.721382e-02   0.000000e+00   302216
  1.380074e+01   1.518549e+01   0.000000e+00   0.000000e+00   300084
  1.382112e+01   1.515048e+01   8.433054e-02   0.000000e+00   299340
  1.384195e+01   1.511909e+01   0.000000e+00   0.000000e+00   296688
  1.386283e+01   1.504911e+01   0.000000e+00   0.000000e+00   298820
  1.388319e+01   1.491474e+01   8.075985e-02   0.000000e+00   296916
  1.390426e+01   1.496999e+01   0.000000e+00   0.000000e+00   295920
  1.392486e+01   1.491378e+01   9.149139e-03   0.000000e+00   292692
  1.394531e+01   1.479816e+01   7.438362e-02   0.000000e+00   295892
  1.396657e+01   1.472073e+01   0.000000e+00   0.000000e+00   293064
  1.398701e+01   1.472162e+01   4.036344e-02   0.000000e+00   293220
  1.400767e+01   1.471126e+01   3.660969e-02   0.000000e+00   286804
  1.402862e+01   1.469576e+01   0.000000e+00   0.000000e+00   293080
  1.404914e+01   1.462686e+01   7.386559e-02   0.000000e+00   291816
  1.407017e+01   1.469139e+01   0.000000e+00   0.000000e+00   287784
  1.409099e+01   1.459266e+01   0.000000e+00   0.000000e+00   286760
  1.411134e+01   1.455658e+01   7.778741e-02   0.000000e+00   287088
  1.413232e+01   1.454089e+01   0.000000e+00   0.000000e+00   286176
  1.415322e+01   1.443323e+01   0.000000e+00   0.000000e+00   284184
  1.417351e+01   1.431826e+01   6.939520e-02   0.000000e+00   282220
  1.419470e+01   1.434530e+01   0.000000e+00   0.000000e+00   284452
  1.421523e+01   1.435078e+01   0.000000e+00   0.000000e+00   279516
  1.423581e+01   1.432022e+01   7.511982e-02   0.000000e+00   282696
  1.425703e+01   1.419475e+01   0.000000e+00   0.000000e+00   278676
  1.427730e+01   1.423535e+01   7.740349e-02   0.000000e+00   279512
  1.429821e+01   1.414691e+01   8.769397e-03   0.000000e+00   276672
  1.431915e+01   1.407371e+01   0.000000e+00   0.000000e+00   276036
  1.433935e+01   1.415796e+01   7.517380e-02   0.000000e+00   274416
  1.436033e+01   1.406770e+01   3.470819e-02   0.000000e+00   275384
  1.438130e+01   1.402395e+01   0.000000e+00   0.000000e+00   274560
  1.440167e+01   1.406736e+01   8.264586e-02   0.000000e+00   272220
  1.442275e+01   1.402337e+01   0.000000e+00   0.000000e+00   270492
  1.444339e+01   1.386257e+01   0.000000e+00   0.000000e+00   271532
  1.446406e+01   1.392608e+01   5.030803e-02   0.000000e+00   272052
  1.448505e+01   1.389142e+01   0.000000e+00   0.000000e+00   264372
  1.450534e+01   1.379641e+01   4.536271e-02   0.000000e+00   268652
  1.452626e+01   1.376134e+01   5.239912e-02   0.000000e+00   266760
  1.454710e+01   1.375138e+01   0.000000e+00   0.000000e+00   262536
  1.456750e+01   1.378291e+01   8.206236e-02   0.000000e+00   266460
  1.458842e+01   1.366528e+01   0.000000e+00   0.000000e+00   261560
  1.460923e+01   1.360322e+01   0.000000e+00   0.000000e+00   262236
  1.462973e+01   1.373849e+01   7.351577e-02   0.000000e+00   261708
  1.465061e+01   1.358063e+01   0.000000e+00   0.000000e+00   258960
  1.467144e+01   1.355580e+01   0.000000e+00   0.000000e+00   258376
  1.469181e+01   1.350434e+01   6.991979e-02   0.000000e+00   258304
  1.471306e+01   1.352818e+01   0.000000e+00   0.000000e+00   259368
  1.473359e+01   1.344753e+01   3.370471e-02   0.000000e+00   253332
  1.475414e+01   1.344931e+01   7.314579e-02   0.000000e+00   254448
  1.477531e+01   1.339969e+01   0.000000e+00   0.000000e+00   255248
  1.479573e+01   1.337402e+01   7.610124e-02   0.000000e+00   252180
  1.481667e+01   1.334557e+01   2.998291e-02   0.000000e+00   252744
  1.483756e+01   1.334151e+01   0.000000e+00   0.000000e+00   247348
  1.485783e+01   1.334118e+01   9.159819e-02   0.000000e+00   250432
  1.487882e+01   1.323665e+01   0.000000e+00   0.000000e+00   247860
  1.489979e+01   1.330385e+01   0.000000e+00   0.000000e+00   247716
  1.492007e+01   1.324617e+01   7.705252e-02   0.000000e+00   242472
  1.494121e+01   1.311843e+01   0.000000e+00   0.000000e+00   248672
  1.496182e+01   1.320481e+01   3.268426e-02   0.000000e+00   239352
  1.498229e+01   1.307555e+01   6.195503e-02   0.000000e+00   245088
  1.500346e+01   1.301983e+01   0.000000e+00   0.000000e+00   239232
  1.502374e+01   1.304888e+01   8.205897e-02   0.000000e+00   240320
  1.504476e+01   1.303650e+01   0.000000e+00   0.000000e+00   239340
  1.506573e+01   1.293649e+01   0.000000e+00   0.000000e+00   237636
  1.508593e+01   1.293376e+01   7.830636e-02   0.000000e+00   235980
  1.510691e+01   1.292715e+01   0.000000e+00   0.000000e+00   235304
  1.512784e+01   1.294813e+01   0.000000e+00   0.000000e+00   234576
  1.514818e+01   1.292906e+01   7.199166e-02   0.000000e+00   232788
  1.516915e+01   1.284934e+01   0.000000e+00   0.000000e+00   230400
  1.518986e+01   1.286724e+01   0.000000e+00   0.000000e+00   231836
  1.521043e+01   1.273035e+01   7.797670e-02   0.000000e+00   231288
  1.523163e+01   1.278704e+01   0.000000e+00   0.000000e+00   226536
  1.525193e+01   1.284644e+01   6.075465e-02   0.000000e+00   226084
  1.527263e+01   1.273966e+01   5.214133e-02   0.000000e+00   227116
  1.529375e+01   1.266829e+01   0.000000e+00   0.000000e+00   223800
  1.531406e+01   1.266443e+01   8.314861e-02   0.000000e+00   223884
  1.533496e+01   1.265144e+01   0.000000e+00   0.000000e+00   222360
  1.535591e+01   1.263145e+01   0.000000e+00   0.000000e+00   221156
  1.537635e+01   1.263654e+01   9.223910e-02   0.000000e+00   221724
  1.539739e+01   1.265156e+01   0.000000e+00   0.000000e+00   217584
  1.541815e+01   1.257166e+01   0.000000e+00   0.000000e+00   217576
  1.543850e+01   1.260342e+01   9.567273e-02   0.000000e+00   215464
  1.545963e+01   1.251657e+01   0.000000e+00   0.000000e+00   215472
  1.548021e+01   1.251426e+01   2.555333e-02   0.000000e+00   213768
  1.550072e+01   1.253882e+01   8.259153e-02   0.000000e+00   210956
  1.552176e+01   1.246743e+01   0.000000e+00   0.000000e+00   211788
  1.554232e+01   1.248932e+01   4.519091e-02   0.000000e+00   211092
  1.556319e+01   1.246919e+01   3.198514e-02   0.000000e+00   209556
  1.558420e+01   1.244895e+01   0.000000e+00   0.000000e+00   206700
  1.560442e+01   1.237995e+01   7.759369e-02   0.000000e+00   206048
  1.562536e+01   1.245572e+01   0.000000e+00   0.000000e+00   204744
  1.564625e+01   1.236104e+01   0.000000e+00   0.000000e+00   202992
  1.566646e+01   1.240699e+01   8.676101e-02   0.000000e+00   201944
  1.568771e+01   1.236983e+01   0.000000e+00   0.000000e+00   203304
  1.570852e+01   1.228417e+01   0.000000e+00   0.000000e+00   200484
  1.572878e+01   1.227903e+01   9.295582e-02   0.000000e+00   195516
  1.575002e+01   1.232807e+01   0.000000e+00   0.000000e+00   198860
  1.577038e+01   1.223804e+01   4.271064e-02   0.000000e+00   195264
  1.579115e+01   1.228360e+01   6.033353e-02   0.000000e+00   195984
  1.581224e+01   1.225421e+01   0.000000e+00   0.000000e+00   191808
  1.583233e+01   1.224083e+01   7.163387e-02   0.000000e+00   190776
  1.585324e+01   1.220001e+01   1.836550e-02   0.000000e+00   192032
  1.587428e+01   1.210348e+01   0.000000e+00   0.000000e+00   188628
  1.589451e+01   1.221755e+01   9.865151e-02   0.000000e+00   189444
  1.591566e+01   1.213131e+01   0.000000e+00   0.000000e+00   186260
  1.593629e+01   1.214684e+01   0.000000e+00   0.000000e+00   184560
  1.595674e+01   1.212318e+01   8.976215e-02   0.000000e+00   185832
  1.597807e+01   1.209811e+01   0.000000e+00   0.000000e+00   182400
  1.599845e+01   1.208772e+01   4.293687e-02   0.000000e+00   181380
  1.601905e+01   1.201365e+01   7.470433e-02   0.000000e+00   180332
  1.604022e+01   1.195559e+01   0.000000e+00   0.000000e+00   178236
  1.606064e+01   1.208014e+01   5.378916e-02   0.000000e+00   179184
  1.608143e+01   1.209672e+01   6.874349e-02   0.000000e+00   175028
  1.610242e+01   1.204988e+01   0.000000e+00   0.000000e+00   175440
  1.612292e+01   1.201449e+01   7.385198e-02   0.000000e+00   174828
  1.614384e+01   1.195452e+01   0.000000e+00   0.000000e+00   169896
  1.616453e+01   1.203094e+01   0.000000e+00   0.000000e+00   171708
  1.618501e+01   1.199596e+01   9.519847e-02   0.000000e+00   169328
  1.620602e+01   1.191359e+01   0.000000e+00   0.000000e+00   167364
  1.622675e+01   1.206310e+01   3.506019e-02   0.000000e+00   168192
  1.624722e+01   1.191269e+01   8.507232e-02   0.000000e+00   163188
  1.626845e+01   1.196379e+01   0.000000e+00   0.000000e+00   166184
  1.628902e+01   1.192609e+01   4.320378e-02   0.000000e+00   161460
  1.630953e+01   1.194652e+01   7.920198e-02   0.000000e+00   159972
  1.633054e+01   1.197715e+01   0.000000e+00   0.000000e+00   159488
  1.635092e+01   1.199080e+01   7.401256e-02   0.000000e+00   158148
  1.637192e+01   1.196709e+01   0.000000e+00   0.000000e+00   158100
  1.639290e+01   1.189915e+01   0.000000e+00   0.000000e+00   155232
  1.641299e+01   1.187516e+01   8.463477e-02   0.000000e+00   151216
  1.643412e+01   1.193298e+01   0.000000e+00   0.000000e+00   155560
  1.645510e+01   1.184689e+01   0.000000e+00   0.000000e+00   151404
  1.647532e+01   1.182983e+01   1.007785e-01   0.000000e+00   148356
  1.649648e+01   1.182622e+01   0.000000e+00   0.000000e+00   147164
  1.651692e+01   1.185668e+01   2.722134e-02   0.000000e+00   147384
  1.653757e+01   1.192781e+01   6.867146e-02   0.000000e+00   145992
  1.655886e+01   1.180467e+01   0.000000e+00   0.000000e+00   143856
  1.657891e+01   1.178288e+01   6.571691e-02   0.000000e+00   140384
  1.659987e+01   1.188891e+01   3.413527e-02   0.000000e+00   143856
  1.662094e+01   1.175157e+01   0.000000e+00   0.000000e+00   136968
  1.664106e+01   1.194166e+01   9.224305e-02   0.000000e+00   139536
  1.666229e+01   1.182643e+01   0.000000e+00   0.000000e+00   136916
  1.668291e+01   1.174296e+01   0.000000e+00   0.000000e+00   133032
  1.670327e+01   1.182903e+01   9.390231e-02   0.000000e+00   135540
  1.672466e+01   1.178353e+01   0.000000e+00   0.000000e+00   132096
  1.674503e+01   1.172774e+01   0.000000e+00   0.000000e+00   129540
  1.676560e+01   1.176368e+01   9.016838e-02   0.000000e+00   130640
  1.678679e+01   1.158449e+01   0.000000e+00   0.000000e+00   126276
  1.680721e+01   1.187469e+01   5.448106e-02   0.000000e+00   128484
  1.682826e+01   1.171860e+01   1.416230e-02   0.000000e+00   124168
  1.684902e+01   1.162446e+01   0.000000e+00   0.000000e+00   122224
  1.686947e+01   1.173071e+01   8.195852e-02   0.000000e+00   123156
  1.689051e+01   1.156036e+01   0.000000e+00   0.000000e+00   119688
  1.691106e+01   1.176135e+01   0.000000e+00   0.000000e+00   116640
  1.693152e+01   1.158429e+01   9.608703e-02   0.000000e+00   119696
  1.695264e+01   1.144835e+01   0.000000e+00   0.000000e+00   114276
  1.697330e+01   1.171801e+01   0.000000e+00   0.000000e+00   114060
  1.699377e+01   1.151134e+01   9.023087e-02   0.000000e+00   112536
  1.701493e+01   1.141266e+01   0.000000e+00   0.000000e+00   112196
  1.703561e+01   1.151505e+01   4.031447e-02   0.000000e+00   109404
  1.705610e+01   1.138847e+01   4.996204e-02   0.000000e+00   105900
  1.707694e+01   1.168003e+01   0.000000e+00   0.000000e+00   107176
  1.709749e+01   1.145827e+01   6.791916e-02   0.000000e+00   105088
  1.711840e+01   1.133713e+01   2.439520e-02   0.000000e+00   103800
  1.713936e+01   1.148112e+01   0.000000e+00   0.000000e+00   101340
  1.715970e+01   1.130128e+01   7.534990e-02   0.000000e+00   100036
  1.718052e+01   1.131313e+01   0.000000e+00   0.000000e+00   97672
  1.720141e+01   1.126797e+01   0.000000e+00   0.000000e+00   97908
  1.722188e+01   1.124828e+01   7.953306e-02   0.000000e+00   95328
  1.724285e+01   1.130918e+01   0.000000e+00   0.000000e+00   93600
  1.726350e+01   1.115987e+01   0.000000e+00   0.000000e+00   92312
  1.728413e+01   1.117093e+01   6.801789e-02   0.000000e+00   91044
  1.730515e+01   1.099512e+01   0.000000e+00   0.000000e+00   88500
  1.732537e+01   1.092157e+01   4.997494e-02   0.000000e+00   86216
  1.734623e+01   1.098769e+01   0.000000e+00   0.000000e+00   87159
  1.736749e+01   1.083199e+01   0.000000e+00   0.000000e+00   86064
  1.738789e+01   1.087554e+01   7.881802e-02   0.000000e+00   81648
  1.740859e+01   1.087337e+01   0.000000e+00   0.000000e+00   81654
  1.742958e+01   1.067849e+01   0.000000e+00   0.000000e+00   81284
  1.745016e+01   1.073788e+01   5.785062e-02   0.000000e+00   78888
  1.747089e+01   1.059895e+01   2.281028e-02   0.000000e+00   77250
  1.749148e+01   1.067887e+01   0.000000e+00   0.000000e+00   75942
  1.751208e+01   1.052753e+01   6.122643e-02   0.000000e+00   77042
  1.753324e+01   1.059022e+01   0.000000e+00   0.000000e+00   74094
  1.755392e+01   1.064088e+01   3.334279e-02   0.000000e+00   73818
  1.757460e+01   1.048262e+01   0.000000e+00   0.000000e+00   70998
  1.759538e+01   1.045706e+01   0.000000e+00   0.000000e+00   72044
  1.761609e+01   1.041141e+01   6.353463e-02   0.000000e+00   69426
  1.763695e+01   1.048012e+01   0.000000e+00   0.000000e+00   69288
  1.765765e+01   1.049337e+01   0.000000e+00   0.000000e+00   67068
  1.767810e+01   1.036068e+01   6.708664e-02   0.000000e+00   66926
  1.769904e+01   1.045500e+01   5.448994e-02   0.000000e+00   66348
  1.772006e+01   1.027552e+01   0.000000e+00   0.000000e+00   64728
  1.774050e+01   1.030622e+01   0.000000e+00   0.000000e+00   62820
  1.776121e+01   1.036174e+01   0.000000e+00   0.000000e+00   63716
  1.778217e+01   1.035147e+01   1.635428e-02   0.000000e+00   62160
  1.780285e+01   1.022781e+01   0.000000e+00   0.000000e+00   59940
  1.782337e+01   1.026812e+01   1.625579e-02   0.000000e+00   60112
  1.784408e+01   1.019820e+01   6.349441e-02   0.000000e+00   59668
  1.786510e+01   1.011003e+01   0.000000e+00   0.000000e+00   57618
  1.788559e+01   1.019386e+01   1.977928e-02   0.000000e+00   56868
  1.790611e+01   1.030903e+01   6.131406e-02   0.000000e+00   56684
  1.792695e+01   1.010764e+01   2.739157e-02   0.000000e+00   55536
  1.794783e+01   1.009737e+01   0.000000e+00   0.000000e+00   54342
  1.796859e+01   1.011589e+01   2.331516e-02   0.000000e+00   54768
  1.798913e+01   1.006879e+01   6.091558e-02   0.000000e+00   52094
  1.800988e+01   9.998032e+00   0.000000e+00   0.000000e+00   52224
  1.803091e+01   9.977390e+00   0.000000e+00   0.000000e+00   52188
  1.805152e+01   9.889226e+00   5.435227e-02   0.000000e+00   50190
  1.807201e+01   9.964207e+00   4.620161e-02   0.000000e+00   49224
  1.809290e+01   9.985433e+00   0.000000e+00   0.000000e+00   49094
  1.811386e+01   9.929900e+00   1.619914e-02   0.000000e+00   49488
  1.813461e+01   9.849320e+00   5.620638e-02   0.000000e+00   46830
  1.815507e+01   9.917650e+00   1.383132e-02   0.000000e+00   45860
  1.817589e+01   9.925776e+00   0.000000e+00   0.000000e+00   46770
  1.819679e+01   9.898498e+00   2.090844e-02   0.000000e+00   45468
  1.821749e+01   9.960052e+00   4.070970e-02   0.000000e+00   44130
  1.823812e+01   9.922179e+00   0.000000e+00   0.000000e+00   43230
  1.825888e+01   9.891973e+00   0.000000e+00   0.000000e+00   44108
  1.827979e+01   9.883357e+00   3.698626e-02   0.000000e+00   42162
  1.830047e+01   9.787247e+00   3.748570e-02   0.000000e+00   41358
  1.832098e+01   9.870160e+00   0.000000e+00   0.000000e+00   40456
  1.834174e+01   9.873029e+00   3.595848e-02   0.000000e+00   41230
  1.836282e+01   9.724125e+00   4.748969e-02   0.000000e+00   39906
  1.838362e+01   9.769599e+00   0.000000e+00   0.000000e+00   38508
  1.840401e+01   9.847176e+00   0.000000e+00   0.000000e+00   37854
  1.842462e+01   9.725166e+00   5.520987e-02   0.000000e+00   38162
  1.844572e+01   9.637842e+00   2.553850e-02   0.000000e+00   37212
  1.846654e+01   9.719088e+00   0.000000e+00   0.000000e+00   36450
  1.848684e+01   9.829088e+00   3.009709e-02   0.000000e+00   34718
  1.850743e+01   9.614152e+00   2.256023e-02   0.000000e+00   35814
  1.852854e+01   9.596615e+00   2.384795e-02   0.000000e+00   34896
  1.854938e+01   9.786349e+00   0.000000e+00   0.000000e+00   33822
  1.856963e+01   9.812442e+00   4.392595e-02   0.000000e+00   32522
  1.859043e+01   9.644169e+00   0.000000e+00   0.000000e+00   33630
  1.861153e+01   9.711256e+00   0.000000e+00   0.000000e+00   32166
  1.863205e+01   9.700275e+00   2.286773e-02   0.000000e+00   31200
  1.865238e+01   9.816244e+00   1.616331e-02   0.000000e+00   30598
  1.867318e+01   9.678666e+00   2.144237e-02   0.000000e+00   31138
  1.869443e+01   9.679981e+00   0.000000e+00   0.000000e+00   30510
  1.871513e+01   9.764065e+00   3.385093e-02   0.000000e+00   28998
  1.873545e+01   9.657901e+00   0.000000e+00   0.000000e+00   28290
  1.875621e+01   9.493166e+00   4.445238e-02   0.000000e+00   29126
  1.877748e+01   9.623082e+00   0.000000e+00   0.000000e+00   28008
  1.879820e+01   9.769549e+00   1.302676e-02   0.000000e+00   27222
  1.881869e+01   9.657702e+00   2.160089e-02   0.000000e+00   26426
  1.883943e+01   9.649891e+00   1.282460e-02   0.000000e+00   26694
  1.886042e+01   9.701596e+00   2.459374e-02   0.000000e+00   25734
  1.888124e+01   9.676908e+00   0.000000e+00   0.000000e+00   25458
  1.890165e+01   9.741101e+00   0.000000e+00   0.000000e+00   24198
  1.892250e+01   9.632324e+00   0.000000e+00   0.000000e+00   25034
  1.894357e+01   9.834817e+00   1.888282e-02   0.000000e+00   23718
  1.896415e+01   9.706678e+00   0.000000e+00   0.000000e+00   23094
  1.898439e+01   9.573845e+00   2.762080e-02   0.000000e+00   22416
  1.900523e+01   9.735199e+00   0.000000e+00   0.000000e+00   23078
  1.902662e+01   9.774067e+00   0.000000e+00   0.000000e+00   22386
  1.904734e+01   9.850021e+00   0.000000e+00   0.000000e+00   21126
  1.906740e+01   9.731666e+00   0.000000e+00   0.000000e+00   20366
  1.908807e+01   9.643093e+00   3.809089e-02   0.000000e+00   21354
  1.910952e+01   9.853479e+00   0.000000e+00   0.000000e+00   20478
  1.913020e+01   9.691920e+00   0.000000e+00   0.000000e+00   19458
  1.915026e+01   9.740003e+00   1.197140e-02   0.000000e+00   18758
  1.917096e+01   9.780675e+00   4.152912e-02   0.000000e+00   19566
  1.919237e+01   9.650081e+00   2.682440e-02   0.000000e+00   18858
  1.921315e+01   9.738035e+00   4.480822e-03   0.000000e+00   17790
  1.923316e+01   9.943520e+00   0.000000e+00   0.000000e+00   17114
  1.925389e+01   9.752032e+00   0.000000e+00   0.000000e+00   17982
  1.927528e+01   9.856557e+00   0.000000e+00   0.000000e+00   17190
  1.929611e+01   9.686419e+00   0.000000e+00   0.000000e+00   16458
  1.931611e+01   9.940759e+00   2.930604e-02   0.000000e+00   15494
  1.933679e+01   9.696983e+00   9.274647e-03   0.000000e+00   16374
  1.935831e+01   9.807266e+00   3.457816e-03   0.000000e+00   15858
  1.937917e+01   9.838283e+00   0.000000e+00   0.000000e+00   14862
  1.939908e+01   9.881206e+00   0.000000e+00   0.000000e+00   14082
  1.941986e+01   9.726023e+00   0.000000e+00   0.000000e+00   14990
  1.944144e+01   1.005874e+01   1.645160e-02   0.000000e+00   14358
  1.946223e+01   9.865499e+00   0.000000e+00   0.000000e+00   13386
  1.948193e+01   9.941758e+00   0.000000e+00   0.000000e+00   12678
  1.950273e+01   9.808286e+00   2.276143e-02   0.000000e+00   13700
  1.952445e+01   1.004915e+01   1.551025e-02   0.000000e+00   12942
  1.954529e+01   9.973425e+00   3.856403e-02   0.000000e+00   12198
  1.956477e+01   9.806762e+00   0.000000e+00   0.000000e+00   11106
  1.958543e+01   9.850398e+00   0.000000e+00   0.000000e+00   12494
  1.960722e+01   1.005175e+01   2.939165e-02   0.000000e+00   11610
  1.962822e+01   1.002291e+01   0.000000e+00   0.000000e+00   11094
  1.964771e+01   1.004077e+01   1.822272e-02   0.000000e+00   9902
  1.966828e+01   1.015035e+01   1.616968e-02   0.000000e+00   11226
  1.969007e+01   9.902416e+00   0.000000e+00   0.000000e+00   10326
  1.971110e+01   1.020155e+01   1.976879e-02   0.000000e+00   10074
  1.973074e+01   1.023312e+01   0.000000e+00   0.000000e+00   8766
  1.975114e+01   1.004474e+01   0.000000e+00   0.000000e+00   9950
  1.977289e+01   1.034478e+01   9.204864e-03   0.000000e+00   9252
  1.979391e+01   1.016867e+01   0.000000e+00   0.000000e+00   8886
  1.981353e+01   1.047438e+01   0.000000e+00   0.000000e+00   7850
  1.983411e+01   1.047109e+01   8.076962e-03   0.000000e+00   8886
  1.985590e+01   1.032899e+01   0.000000e+00   0.000000e+00   8142
  1.987667e+01   1.075734e+01   1.865973e-02   0.000000e+00   7746
  1.989608e+01   1.047787e+01   2.234002e-02   0.000000e+00   6926
  1.991706e+01   1.069649e+01   0.000000e+00   0.000000e+00   7974
  1.993892e+01   1.052297e+01   1.896865e-02   0.000000e+00   7074
  1.995945e+01   1.065161e+01   0.000000e+00   0.000000e+00   6744
  1.997876e+01   1.046101e+01   2.188809e-02   0.000000e+00   6114
  2.000009e+01   1.026781e+01   1.004974e-02   0.000000e+00   7094
  2.002234e+01   1.053062e+01   0.000000e+00   0.000000e+00   6174
  2.004261e+01   1.042865e+01   7.858193e-03   0.000000e+00   5754
  2.006139e+01   1.077792e+01   0.000000e+00   0.000000e+00   5214
  2.008302e+01   1.075090e+01   0.000000e+00   0.000000e+00   6338
  2.010586e+01   1.052572e+01   6.692746e-03   0.000000e+00   5352
  2.012591e+01   1.074499e+01   0.000000e+00   0.000000e+00   4830
  2.014382e+01   1.103785e+01   2.369449e-03   0.000000e+00   4338
  2.016557e+01   1.074104e+01   0.000000e+00   0.000000e+00   5558
  2.018939e+01   1.118447e+01   1.500166e-02   0.000000e+00   4866
  2.020984e+01   1.091727e+01   2.665147e-02   0.000000e+00   3846
  2.022612e+01   1.161942e+01   0.000000e+00   0.000000e+00   3518
  2.024795e+01   1.131691e+01   2.119727e-02   0.000000e+00   4812
  2.027247e+01   1.111147e+01   1.139806e-02   0.000000e+00   4278
  2.029372e+01   1.109115e+01   2.027569e-02   0.000000e+00   3174
  2.030844e+01   1.147492e+01   0.000000e+00   0.000000e+00   2738
  2.033020e+01   1.094015e+01   8.404518e-03   0.000000e+00   4086
  2.035522e+01   1.150644e+01   0.000000e+00   0.000000e+00   3666
  2.037748e+01   1.134717e+01   1.590593e-02   0.000000e+00   2712
  2.039076e+01   1.263883e+01   8.257776e-03   0.000000e+00   1998
  2.041240e+01   1.150724e+01   9.292152e-03   0.000000e+00   3434
  2.043794e+01   1.180416e+01   0.000000e+00   0.000000e+00   3078
  2.046126e+01   1.160311e+01   1.013808e-02   0.000000e+00   2334
  2.047313e+01   1.100272e+01   0.000000e+00   3.099937e-01   1340
  2.049457e+01   1.176225e+01   0.000000e+00   0.000000e+00   2838
  2.052072e+01   1.193441e+01   0.000000e+00   0.000000e+00   2538
  2.054514e+01   1.219858e+01   8.556732e-03   0.000000e+00   1974
  2.055491e+01   1.134835e+01   1.293140e-02   4.035747e-01   774
  2.057646e+01   1.180826e+01   0.000000e+00   0.000000e+00   2300
  2.060325e+01   1.219769e+01   1.364933e-02   0.000000e+00   2046
  2.062877e+01   1.256718e+01   4.449757e-03   0.000000e+00   1626
  2.063671e+01   1.196069e+01   7.735646e-03   5.320933e-01   390
  2.065818e+01   1.238395e+01   7.851642e-03   0.000000e+00   1766
  2.068540e+01   1.227979e+01   0.000000e+00   0.000000e+00   1596
  2.071199e+01   1.279474e+01   0.000000e+00   0.000000e+00   1302
  2.071852e+01   1.304504e+01   0.000000e+00   1.078627e+00   150
  2.074003e+01   1.296967e+01   2.644073e-03   0.000000e+00   1298
  2.076735e+01   1.297528e+01   0.000000e+00   0.000000e+00   1158
  2.079453e+01   1.280973e+01   4.394243e-03   3.736348e-01   996
  2.080451e+01   1.168638e+01   1.076411e-02   1.730168e+00   38
  2.082208e+01   1.226762e+01   0.000000e+00   4.259951e-01   894
  2.084944e+01   1.395226e+01   9.709219e-03   4.746434e-01   786
  2.087684e+01   1.307689e+01   0.000000e+00   4.775904e-01   678
  2.090290e+01   2.371575e+01   0.000000e+00   5.961495e+00   8
  2.090428e+01   1.510992e+01   8.810967e-03   6.247607e-01   570
  2.093169e+01   1.354725e+01   1.240509e-02   6.426715e-01   486
  2.095915e+01   1.436791e+01   0.000000e+00   7.055840e-01   402
  2.098585e+01   1.198746e+01   0.000000e+00   4.310890e+00   8
  2.098664e+01   1.517041e+01   1.092789e-02   8.580045e-01   318
  2.101412e+01   1.377197e+01   0.000000e+00   8.979159e-01   258
  2.104164e+01   1.324614e+01   0.000000e+00   9.269998e-01   198
  2.106880e+01   1.136005e+01   0.000000e+00   2.387405e+00   8
  2.106919e+01   1.743506e+01   0.000000e+00   1.212639e+00   138
  2.109671e+01   1.267270e+01   3.586795e-03   1.186919e+00   102
  2.112428e+01   1.658606e+01   6.532758e-03   1.820412e+00   66
  2.115187e+01   1.632220e+01   0.000000e+00   1.777031e+00   38
  2.117947e+01   1.032573e+01   0.000000e+00   1.769045e+00   18
  2.120708e+01   2.673160e+01   0.000000e+00   8.263980e+00   6
