# power spectrum of theta (div v)
# redshift z=1.395000
# k              Pk             sigma(k)       sigma(Pk)      count
  4.789006e-02   3.975585e-10   1.569186e-05   1.442785e-10   6
  6.772678e-02   2.053645e-09   0.000000e+00   4.686795e-10   12
  8.844750e-02   2.164459e-09   6.350197e-03   4.128535e-10   14
  1.121958e-01   3.353742e-09   5.110132e-03   3.748506e-10   48
  1.413226e-01   4.298658e-09   3.711993e-03   4.772373e-10   42
  1.551375e-01   3.996657e-09   3.695504e-03   5.334936e-10   48
  1.759035e-01   5.881483e-09   4.430317e-03   6.269055e-10   80
  1.993525e-01   7.897671e-09   3.439775e-03   6.663782e-10   90
  2.172926e-01   6.676615e-09   5.401395e-03   6.836077e-10   120
  2.427789e-01   9.331552e-09   4.539269e-03   6.392309e-10   158
  2.596594e-01   9.700438e-09   2.154172e-03   9.970895e-10   120
  2.799969e-01   1.041730e-08   4.814837e-03   7.064011e-10   186
  3.024673e-01   1.156955e-08   6.584405e-03   7.178834e-10   264
  3.207263e-01   1.406140e-08   3.554717e-03   1.033317e-09   168
  3.440233e-01   1.387259e-08   6.353114e-03   7.248917e-10   386
  3.635186e-01   1.154316e-08   3.844319e-03   7.631236e-10   192
  3.827000e-01   1.583398e-08   6.302989e-03   7.519717e-10   390
  4.042493e-01   1.350271e-08   6.599222e-03   7.048249e-10   396
  4.244941e-01   1.682901e-08   6.547168e-03   8.463760e-10   398
  4.467496e-01   1.610355e-08   6.417329e-03   6.325492e-10   576
  4.686509e-01   1.736355e-08   6.510439e-03   8.312076e-10   444
  4.878078e-01   2.070867e-08   5.874003e-03   8.162164e-10   590
  5.096214e-01   1.890277e-08   6.432479e-03   7.329994e-10   648
  5.308979e-01   1.978311e-08   5.692893e-03   8.223835e-10   654
  5.498012e-01   2.093199e-08   4.722042e-03   7.723006e-10   636
  5.709321e-01   2.100043e-08   7.079544e-03   7.311808e-10   830
  5.907593e-01   2.155123e-08   5.095999e-03   7.264011e-10   792
  6.110328e-01   2.303688e-08   5.241142e-03   8.602775e-10   804
  6.317957e-01   2.317690e-08   6.468770e-03   7.869782e-10   1038
  6.518970e-01   2.358208e-08   5.066866e-03   7.402686e-10   936
  6.736844e-01   2.332164e-08   5.920520e-03   6.774443e-10   1130
  6.934320e-01   2.453596e-08   5.498096e-03   7.319534e-10   1104
  7.151093e-01   2.575425e-08   6.116133e-03   7.542001e-10   1230
  7.349322e-01   2.702547e-08   6.212201e-03   7.611254e-10   1260
  7.550713e-01   2.667401e-08   5.367123e-03   7.430759e-10   1286
  7.778485e-01   2.596748e-08   6.513251e-03   6.187946e-10   1728
  7.994312e-01   2.766066e-08   5.761882e-03   7.631103e-10   1392
  8.199441e-01   2.843809e-08   5.478794e-03   7.213097e-10   1626
  8.409694e-01   2.746647e-08   6.465203e-03   6.446393e-10   1760
  8.620805e-01   2.822142e-08   5.346546e-03   6.711307e-10   1686
  8.819823e-01   2.745806e-08   5.438430e-03   6.267973e-10   1812
  9.023318e-01   2.884301e-08   6.253163e-03   6.656116e-10   1862
  9.231285e-01   2.876107e-08   5.573074e-03   5.960255e-10   2160
  9.440529e-01   3.023301e-08   5.701804e-03   7.494006e-10   1956
  9.651054e-01   2.931782e-08   6.405607e-03   5.726678e-10   2454
  9.856496e-01   3.218303e-08   5.007566e-03   6.997037e-10   2048
  1.006269e+00   3.114657e-08   6.507889e-03   6.224441e-10   2538
  1.026621e+00   3.178891e-08   5.450501e-03   6.343982e-10   2400
  1.047192e+00   3.275858e-08   6.493922e-03   6.558279e-10   2526
  1.067717e+00   3.143601e-08   6.428646e-03   6.056464e-10   2856
  1.089126e+00   3.224713e-08   5.998658e-03   6.183936e-10   2804
  1.110271e+00   3.227323e-08   6.252958e-03   5.851310e-10   2958
  1.130394e+00   3.385028e-08   6.090740e-03   5.935485e-10   2976
  1.151629e+00   3.257154e-08   6.085785e-03   5.855251e-10   3194
  1.171511e+00   3.428606e-08   6.068103e-03   6.061995e-10   3120
  1.193046e+00   3.336330e-08   6.127131e-03   5.603689e-10   3606
  1.213598e+00   3.342899e-08   5.627794e-03   5.992815e-10   3276
  1.233621e+00   3.276601e-08   6.355793e-03   5.575675e-10   3600
  1.254220e+00   3.439830e-08   5.572771e-03   5.668796e-10   3638
  1.274050e+00   3.559044e-08   5.946849e-03   5.729881e-10   3744
  1.295503e+00   3.523856e-08   6.160694e-03   5.444953e-10   4170
  1.316011e+00   3.343676e-08   5.820608e-03   5.344702e-10   3984
  1.336899e+00   3.436592e-08   5.905373e-03   5.246989e-10   4334
  1.357509e+00   3.412336e-08   5.453663e-03   5.265685e-10   4284
  1.377862e+00   3.457908e-08   6.555717e-03   5.349278e-10   4374
  1.399143e+00   3.523995e-08   5.839434e-03   4.934080e-10   5016
  1.420103e+00   3.515759e-08   5.618773e-03   5.347061e-10   4580
  1.440995e+00   3.504189e-08   6.605099e-03   4.891321e-10   5142
  1.462309e+00   3.615914e-08   6.349700e-03   5.082573e-10   5184
  1.483176e+00   3.515840e-08   4.984571e-03   4.899032e-10   5058
  1.503228e+00   3.626998e-08   5.897393e-03   4.769644e-10   5384
  1.524670e+00   3.559724e-08   6.731560e-03   4.668743e-10   5622
  1.545353e+00   3.418837e-08   5.626483e-03   4.555531e-10   5736
  1.565950e+00   3.570128e-08   5.108038e-03   4.749561e-10   5596
  1.586643e+00   3.533738e-08   6.407070e-03   4.578353e-10   6070
  1.607167e+00   3.541155e-08   4.962312e-03   4.420950e-10   6096
  1.628581e+00   3.485354e-08   6.065405e-03   4.259839e-10   6474
  1.648392e+00   3.446346e-08   5.828536e-03   4.314010e-10   6024
  1.669580e+00   3.543234e-08   5.854508e-03   4.363814e-10   7070
  1.690573e+00   3.504587e-08   4.771623e-03   4.368519e-10   6516
  1.710708e+00   3.527736e-08   5.890632e-03   4.265352e-10   6936
  1.731728e+00   3.523331e-08   5.828075e-03   4.170367e-10   7110
  1.752060e+00   3.599090e-08   4.279343e-03   4.234604e-10   7244
  1.773569e+00   3.526864e-08   6.348308e-03   4.065066e-10   7878
  1.794402e+00   3.500509e-08   6.149341e-03   3.977549e-10   7344
  1.814575e+00   3.367681e-08   6.416535e-03   3.770142e-10   7694
  1.835593e+00   3.511295e-08   6.142285e-03   3.794568e-10   8412
  1.856699e+00   3.485767e-08   6.432620e-03   3.887459e-10   7920
  1.876759e+00   3.440304e-08   5.501301e-03   3.800821e-10   8118
  1.897179e+00   3.364646e-08   6.238493e-03   3.601212e-10   8548
  1.917951e+00   3.391716e-08   6.382889e-03   3.546761e-10   8710
  1.938549e+00   3.425145e-08   5.581060e-03   3.707996e-10   8928
  1.959695e+00   3.380601e-08   6.167740e-03   3.598858e-10   9186
  1.979980e+00   3.291957e-08   6.651010e-03   3.373247e-10   9200
  2.000891e+00   3.346920e-08   5.705561e-03   3.382347e-10   9438
  2.021278e+00   3.278767e-08   7.976797e-03   3.285418e-10   9564
  2.042231e+00   3.354859e-08   6.148976e-03   3.309833e-10   10296
  2.063682e+00   3.235591e-08   5.425155e-03   3.175950e-10   10126
  2.083777e+00   3.293662e-08   6.758223e-03   3.316338e-10   10024
  2.105151e+00   3.269985e-08   4.642113e-03   3.096437e-10   11082
  2.126137e+00   3.230999e-08   7.295544e-03   3.100998e-10   10632
  2.146648e+00   3.201931e-08   5.392469e-03   3.117171e-10   10734
  2.167370e+00   3.157276e-08   6.445526e-03   2.966063e-10   11276
  2.188085e+00   3.186048e-08   5.817126e-03   2.981737e-10   11352
  2.208991e+00   3.130367e-08   6.081183e-03   2.922957e-10   11550
  2.229513e+00   3.149659e-08   5.465247e-03   2.799688e-10   11772
  2.250338e+00   3.180203e-08   7.121216e-03   2.884682e-10   12038
  2.270908e+00   3.126503e-08   8.649333e-03   2.867105e-10   12096
  2.291762e+00   3.038767e-08   6.867894e-03   2.764814e-10   12582
  2.312386e+00   2.995049e-08   2.010248e-03   2.625739e-10   12620
  2.333484e+00   3.068189e-08   7.342447e-03   2.708868e-10   13320
  2.354132e+00   3.003632e-08   6.561585e-03   2.652918e-10   12654
  2.374385e+00   3.091312e-08   1.258389e-03   2.746125e-10   13236
  2.394940e+00   2.951938e-08   9.613264e-03   2.532640e-10   13438
  2.415712e+00   2.924285e-08   9.353479e-03   2.469061e-10   14344
  2.437236e+00   2.928502e-08   5.903855e-03   2.471292e-10   14226
  2.457572e+00   2.934852e-08   4.615919e-03   2.467368e-10   14088
  2.478175e+00   2.937297e-08   0.000000e+00   2.433360e-10   14328
  2.498827e+00   2.884582e-08   6.569010e-03   2.336615e-10   14954
  2.519760e+00   2.847363e-08   4.986005e-03   2.254414e-10   15480
  2.540776e+00   2.870122e-08   6.739827e-03   2.308726e-10   14862
  2.560688e+00   2.900996e-08   8.102940e-03   2.367433e-10   15296
  2.581598e+00   2.846186e-08   7.539637e-03   2.240057e-10   15954
  2.602086e+00   2.844816e-08   6.443768e-03   2.242178e-10   15720
  2.622579e+00   2.776377e-08   2.700038e-03   2.172236e-10   16296
  2.643690e+00   2.777777e-08   4.081105e-03   2.137163e-10   17010
  2.664189e+00   2.829340e-08   3.512510e-03   2.226361e-10   16328
  2.684811e+00   2.735894e-08   3.657430e-03   2.057229e-10   17094
  2.705495e+00   2.789871e-08   8.569570e-03   2.103431e-10   17436
  2.726415e+00   2.765134e-08   8.805818e-03   2.080126e-10   17862
  2.747423e+00   2.741323e-08   7.457893e-03   2.027728e-10   18200
  2.768585e+00   2.719182e-08   6.292874e-04   2.016786e-10   18450
  2.789287e+00   2.656875e-08   3.601910e-03   1.949129e-10   18384
  2.809940e+00   2.623729e-08   5.648074e-03   1.922461e-10   18504
  2.830568e+00   2.673512e-08   4.300374e-03   1.923009e-10   19142
  2.851613e+00   2.640621e-08   5.989937e-03   1.907256e-10   19692
  2.872433e+00   2.637456e-08   6.172798e-03   1.966554e-10   19062
  2.892804e+00   2.624217e-08   0.000000e+00   1.840149e-10   20184
  2.913859e+00   2.639531e-08   7.519770e-03   1.864654e-10   19970
  2.934397e+00   2.581753e-08   0.000000e+00   1.791959e-10   20496
  2.955536e+00   2.598583e-08   8.691291e-03   1.807534e-10   21456
  2.976109e+00   2.601791e-08   5.866269e-03   1.872330e-10   19650
  2.996304e+00   2.518904e-08   9.594534e-03   1.717923e-10   22040
  3.017595e+00   2.545976e-08   1.275341e-02   1.715224e-10   21558
  3.038151e+00   2.540203e-08   0.000000e+00   1.731712e-10   21804
  3.058764e+00   2.563358e-08   8.107916e-03   1.717856e-10   21926
  3.079308e+00   2.480074e-08   9.566912e-03   1.642428e-10   22416
  3.099937e+00   2.497444e-08   8.542884e-03   1.668336e-10   22776
  3.121146e+00   2.510412e-08   6.624540e-03   1.633474e-10   23874
  3.141984e+00   2.472423e-08   7.809107e-04   1.652004e-10   23104
  3.162701e+00   2.504436e-08   0.000000e+00   1.626725e-10   23974
  3.183467e+00   2.476826e-08   1.386628e-02   1.604400e-10   23892
  3.203873e+00   2.477377e-08   0.000000e+00   1.624056e-10   23550
  3.224418e+00   2.441805e-08   6.755817e-03   1.543221e-10   25320
  3.245287e+00   2.451744e-08   1.194953e-02   1.577443e-10   24428
  3.265710e+00   2.472982e-08   8.263533e-03   1.571820e-10   25254
  3.286619e+00   2.477377e-08   0.000000e+00   1.536924e-10   26016
  3.307231e+00   2.421860e-08   9.349462e-04   1.518503e-10   25182
  3.328033e+00   2.443152e-08   3.978394e-03   1.478432e-10   27428
  3.349135e+00   2.408410e-08   5.312951e-03   1.477532e-10   25974
  3.369438e+00   2.402166e-08   8.834682e-03   1.450226e-10   26904
  3.390059e+00   2.402939e-08   3.700901e-03   1.467068e-10   26730
  3.410701e+00   2.392410e-08   0.000000e+00   1.422399e-10   27896
  3.431859e+00   2.418579e-08   1.045857e-02   1.423919e-10   28992
  3.453270e+00   2.424664e-08   2.854208e-03   1.416750e-10   28698
  3.473701e+00   2.419961e-08   0.000000e+00   1.466474e-10   27816
  3.494571e+00   2.372403e-08   0.000000e+00   1.385790e-10   29774
  3.515450e+00   2.382906e-08   6.717986e-03   1.414013e-10   29148
  3.535862e+00   2.422609e-08   0.000000e+00   1.445647e-10   28806
  3.556422e+00   2.410513e-08   1.133392e-02   1.378033e-10   30408
  3.577217e+00   2.431733e-08   0.000000e+00   1.419294e-10   30320
  3.598191e+00   2.388913e-08   0.000000e+00   1.365241e-10   30930
  3.619128e+00   2.402111e-08   0.000000e+00   1.344918e-10   31656
  3.639581e+00   2.378846e-08   5.317240e-04   1.389312e-10   30086
  3.660128e+00   2.385020e-08   1.332425e-02   1.334634e-10   32724
  3.680836e+00   2.385700e-08   7.905171e-03   1.381773e-10   30846
  3.701404e+00   2.381447e-08   1.030050e-03   1.300766e-10   33480
  3.722425e+00   2.398970e-08   1.082396e-02   1.335447e-10   32724
  3.742979e+00   2.387145e-08   6.985149e-03   1.320161e-10   32894
  3.763828e+00   2.401823e-08   0.000000e+00   1.297892e-10   34200
  3.784682e+00   2.386659e-08   8.631972e-03   1.314783e-10   33594
  3.805163e+00   2.391959e-08   0.000000e+00   1.312075e-10   34336
  3.826056e+00   2.400065e-08   1.742750e-03   1.313131e-10   34822
  3.846790e+00   2.394218e-08   0.000000e+00   1.286991e-10   35472
  3.867411e+00   2.405184e-08   0.000000e+00   1.292930e-10   34404
  3.887971e+00   2.396901e-08   0.000000e+00   1.274986e-10   36222
  3.908577e+00   2.410585e-08   6.035452e-03   1.283961e-10   35984
  3.929395e+00   2.434302e-08   8.143264e-03   1.294373e-10   36570
  3.950032e+00   2.415860e-08   0.000000e+00   1.247658e-10   37176
  3.970896e+00   2.433020e-08   0.000000e+00   1.257695e-10   37406
  3.991674e+00   2.439515e-08   0.000000e+00   1.265796e-10   38052
  4.012284e+00   2.425342e-08   0.000000e+00   1.275764e-10   37590
  4.033175e+00   2.437912e-08   1.040135e-02   1.239504e-10   39480
  4.053854e+00   2.441879e-08   0.000000e+00   1.268716e-10   38260
  4.074527e+00   2.460160e-08   1.039590e-02   1.243771e-10   39646
  4.095623e+00   2.449782e-08   6.214370e-03   1.216299e-10   40944
  4.116542e+00   2.450888e-08   0.000000e+00   1.244224e-10   39678
  4.137150e+00   2.468899e-08   0.000000e+00   1.236074e-10   40804
  4.157880e+00   2.475837e-08   0.000000e+00   1.234364e-10   40606
  4.178646e+00   2.448348e-08   1.401022e-02   1.208057e-10   42216
  4.199540e+00   2.485732e-08   0.000000e+00   1.232075e-10   41532
  4.220177e+00   2.501210e-08   0.000000e+00   1.250487e-10   41990
  4.240666e+00   2.507108e-08   1.456692e-02   1.247739e-10   42360
  4.261571e+00   2.519708e-08   5.533795e-03   1.233484e-10   43530
  4.282349e+00   2.523641e-08   8.399372e-03   1.207642e-10   43848
  4.303062e+00   2.563784e-08   0.000000e+00   1.251765e-10   42870
  4.323842e+00   2.555777e-08   1.427252e-02   1.217032e-10   46160
  4.344700e+00   2.555436e-08   5.700925e-03   1.263027e-10   43380
  4.365241e+00   2.563363e-08   0.000000e+00   1.219135e-10   45294
  4.385850e+00   2.526922e-08   1.314498e-02   1.195795e-10   45744
  4.406924e+00   2.533776e-08   0.000000e+00   1.177330e-10   46682
  4.427542e+00   2.585489e-08   7.485230e-03   1.217140e-10   45840
  4.448227e+00   2.563639e-08   0.000000e+00   1.180860e-10   47118
  4.468866e+00   2.556583e-08   1.924780e-02   1.187346e-10   47124
  4.489589e+00   2.588951e-08   4.215681e-03   1.197730e-10   47984
  4.510731e+00   2.618843e-08   8.439275e-03   1.198939e-10   49566
  4.531117e+00   2.622511e-08   5.552978e-03   1.233330e-10   46284
  4.551570e+00   2.611350e-08   1.393172e-02   1.195670e-10   49966
  4.572384e+00   2.641571e-08   1.034105e-02   1.215181e-10   49360
  4.593072e+00   2.618477e-08   1.783680e-03   1.196449e-10   49806
  4.613927e+00   2.691079e-08   1.181278e-02   1.205992e-10   51492
  4.634556e+00   2.658492e-08   1.504313e-02   1.204894e-10   49496
  4.655358e+00   2.685550e-08   1.536707e-02   1.167277e-10   53190
  4.676336e+00   2.696373e-08   0.000000e+00   1.202687e-10   51060
  4.696903e+00   2.670163e-08   0.000000e+00   1.174286e-10   52134
  4.717534e+00   2.686475e-08   9.494021e-03   1.185757e-10   53088
  4.738327e+00   2.713326e-08   7.012223e-03   1.189337e-10   52706
  4.759058e+00   2.732263e-08   1.029036e-02   1.183893e-10   54936
  4.780122e+00   2.728783e-08   0.000000e+00   1.202800e-10   53886
  4.800723e+00   2.768290e-08   0.000000e+00   1.210359e-10   54436
  4.821321e+00   2.764627e-08   0.000000e+00   1.202125e-10   55096
  4.842331e+00   2.761456e-08   0.000000e+00   1.177391e-10   56358
  4.862918e+00   2.789319e-08   0.000000e+00   1.208304e-10   55632
  4.883674e+00   2.790471e-08   2.006446e-02   1.190636e-10   56530
  4.904377e+00   2.766731e-08   0.000000e+00   1.184423e-10   57232
  4.925004e+00   2.774460e-08   0.000000e+00   1.176347e-10   56766
  4.946156e+00   2.827921e-08   0.000000e+00   1.164706e-10   60804
  4.966740e+00   2.819478e-08   0.000000e+00   1.215019e-10   55536
  4.987401e+00   2.812297e-08   2.503840e-02   1.159159e-10   61166
  5.008144e+00   2.842521e-08   0.000000e+00   1.209848e-10   57396
  5.028656e+00   2.833921e-08   1.219205e-02   1.160161e-10   60870
  5.049483e+00   2.830099e-08   0.000000e+00   1.176681e-10   60224
  5.070205e+00   2.853017e-08   1.745235e-02   1.170712e-10   61002
  5.090995e+00   2.880693e-08   1.623875e-02   1.165396e-10   62016
  5.111675e+00   2.881569e-08   0.000000e+00   1.175336e-10   60768
  5.132188e+00   2.870919e-08   2.357231e-02   1.187563e-10   62870
  5.153160e+00   2.897848e-08   8.659139e-03   1.168892e-10   63804
  5.174011e+00   2.909813e-08   1.089350e-02   1.182248e-10   63054
  5.194388e+00   2.895127e-08   8.513915e-03   1.173848e-10   63024
  5.215203e+00   2.928399e-08   0.000000e+00   1.165915e-10   65018
  5.235782e+00   2.906433e-08   1.503960e-02   1.161463e-10   64608
  5.256576e+00   2.924105e-08   0.000000e+00   1.156502e-10   65688
  5.277312e+00   2.926142e-08   2.250464e-02   1.171816e-10   65994
  5.297978e+00   2.932145e-08   0.000000e+00   1.151150e-10   66648
  5.318871e+00   2.965790e-08   1.514373e-02   1.160995e-10   67310
  5.339462e+00   2.941891e-08   0.000000e+00   1.163844e-10   67224
  5.360200e+00   2.990941e-08   5.929712e-03   1.162885e-10   68034
  5.381015e+00   2.977920e-08   0.000000e+00   1.159625e-10   69744
  5.401830e+00   2.965422e-08   1.154594e-02   1.157853e-10   68654
  5.422854e+00   2.982047e-08   1.570863e-02   1.130771e-10   72132
  5.443653e+00   2.990479e-08   9.744949e-03   1.156082e-10   68520
  5.464159e+00   3.012547e-08   1.483882e-02   1.164335e-10   71070
  5.485072e+00   3.042707e-08   0.000000e+00   1.153109e-10   71948
  5.505774e+00   2.990994e-08   2.302716e-02   1.148297e-10   71598
  5.526656e+00   3.019518e-08   0.000000e+00   1.143605e-10   73536
  5.547363e+00   3.058054e-08   2.753155e-02   1.167296e-10   71802
  5.567855e+00   3.041950e-08   0.000000e+00   1.147896e-10   73280
  5.588593e+00   3.031264e-08   0.000000e+00   1.129542e-10   73992
  5.609519e+00   3.039140e-08   1.265107e-02   1.136459e-10   75966
  5.630237e+00   3.044424e-08   0.000000e+00   1.134982e-10   74364
  5.650980e+00   3.075637e-08   1.582830e-02   1.143716e-10   76094
  5.671666e+00   3.064617e-08   0.000000e+00   1.145683e-10   76224
  5.692417e+00   3.098227e-08   9.694044e-03   1.138646e-10   76242
  5.712948e+00   3.076136e-08   0.000000e+00   1.137343e-10   76944
  5.733683e+00   3.085166e-08   0.000000e+00   1.115228e-10   78680
  5.754737e+00   3.068490e-08   1.821926e-02   1.113929e-10   79962
  5.775390e+00   3.097106e-08   9.230061e-03   1.133239e-10   77760
  5.796021e+00   3.086455e-08   2.121082e-02   1.120866e-10   79590
  5.816769e+00   3.109195e-08   0.000000e+00   1.120518e-10   80732
  5.837569e+00   3.080293e-08   2.670519e-02   1.103516e-10   81174
  5.858317e+00   3.085257e-08   9.364750e-03   1.106896e-10   80832
  5.878648e+00   3.125475e-08   2.674723e-02   1.127670e-10   79992
  5.899507e+00   3.121351e-08   0.000000e+00   1.095046e-10   84314
  5.920440e+00   3.126125e-08   0.000000e+00   1.110279e-10   83592
  5.941250e+00   3.131747e-08   1.997917e-02   1.096759e-10   83838
  5.961943e+00   3.134212e-08   0.000000e+00   1.102356e-10   83676
  5.982557e+00   3.120597e-08   1.277866e-02   1.100890e-10   84950
  6.003230e+00   3.148010e-08   0.000000e+00   1.111244e-10   84912
  6.024026e+00   3.112482e-08   2.434712e-02   1.068245e-10   87162
  6.044869e+00   3.152232e-08   0.000000e+00   1.099909e-10   86440
  6.065493e+00   3.167765e-08   0.000000e+00   1.109037e-10   86560
  6.086295e+00   3.156275e-08   1.429538e-03   1.082117e-10   88698
  6.106998e+00   3.178048e-08   3.045791e-02   1.097190e-10   88920
  6.127980e+00   3.156256e-08   0.000000e+00   1.088466e-10   88814
  6.148554e+00   3.187699e-08   8.342795e-03   1.094026e-10   90336
  6.169522e+00   3.195234e-08   0.000000e+00   1.095518e-10   90282
  6.190226e+00   3.135741e-08   0.000000e+00   1.070971e-10   90840
  6.210763e+00   3.192487e-08   2.213828e-02   1.087226e-10   91128
  6.231707e+00   3.156061e-08   0.000000e+00   1.058267e-10   92690
  6.252316e+00   3.186430e-08   0.000000e+00   1.074553e-10   92160
  6.273110e+00   3.178071e-08   0.000000e+00   1.067602e-10   93534
  6.293743e+00   3.174510e-08   0.000000e+00   1.063028e-10   93484
  6.314476e+00   3.204882e-08   4.953574e-03   1.068484e-10   95206
  6.335385e+00   3.199712e-08   9.143968e-03   1.069985e-10   96048
  6.355953e+00   3.214346e-08   9.567490e-03   1.069172e-10   93600
  6.376647e+00   3.192691e-08   0.000000e+00   1.053950e-10   97410
  6.397378e+00   3.186777e-08   2.753934e-02   1.055630e-10   97856
  6.418316e+00   3.191101e-08   0.000000e+00   1.055797e-10   97278
  6.438966e+00   3.205581e-08   1.639922e-02   1.043049e-10   98916
  6.459629e+00   3.195476e-08   0.000000e+00   1.067667e-10   96894
  6.480183e+00   3.216720e-08   0.000000e+00   1.053305e-10   100976
  6.501132e+00   3.208758e-08   0.000000e+00   1.041226e-10   100164
  6.521747e+00   3.201588e-08   0.000000e+00   1.053280e-10   100014
  6.542239e+00   3.218520e-08   2.078050e-02   1.041120e-10   101040
  6.563074e+00   3.208604e-08   0.000000e+00   1.040751e-10   102338
  6.583707e+00   3.200514e-08   1.227112e-02   1.035280e-10   102912
  6.604644e+00   3.217085e-08   0.000000e+00   1.033786e-10   104238
  6.625220e+00   3.228901e-08   1.985399e-02   1.039568e-10   103104
  6.645985e+00   3.210724e-08   1.812048e-02   1.021205e-10   105404
  6.666801e+00   3.202616e-08   0.000000e+00   1.020719e-10   105198
  6.687508e+00   3.212963e-08   0.000000e+00   1.017315e-10   106632
  6.708326e+00   3.209935e-08   2.586370e-02   1.012286e-10   106706
  6.729023e+00   3.209717e-08   0.000000e+00   1.013096e-10   106992
  6.749963e+00   3.231434e-08   0.000000e+00   1.013641e-10   110118
  6.770696e+00   3.204319e-08   3.176964e-02   1.004392e-10   108084
  6.791315e+00   3.237854e-08   1.164781e-02   1.017814e-10   108222
  6.812161e+00   3.187497e-08   0.000000e+00   9.855646e-11   112160
  6.832811e+00   3.201186e-08   1.904725e-02   9.981346e-11   108492
  6.853557e+00   3.185052e-08   2.230838e-02   9.865867e-11   113262
  6.874380e+00   3.229513e-08   0.000000e+00   1.002297e-10   111360
  6.895229e+00   3.237192e-08   0.000000e+00   9.897654e-11   114182
  6.915922e+00   3.199368e-08   3.306197e-02   9.940670e-11   112884
  6.936683e+00   3.220776e-08   5.869509e-03   9.886992e-11   113934
  6.957296e+00   3.186013e-08   0.000000e+00   9.802597e-11   114504
  6.978242e+00   3.213543e-08   0.000000e+00   9.736777e-11   117500
  6.998909e+00   3.209202e-08   2.356000e-02   9.900924e-11   114102
  7.019591e+00   3.220198e-08   1.015173e-02   9.736836e-11   118584
  7.040400e+00   3.190263e-08   0.000000e+00   9.717341e-11   115546
  7.060874e+00   3.201058e-08   2.094525e-02   9.650578e-11   118984
  7.081859e+00   3.216485e-08   6.795926e-03   9.658214e-11   119526
  7.102513e+00   3.220519e-08   1.306545e-03   9.762095e-11   119436
  7.123148e+00   3.224259e-08   0.000000e+00   9.697836e-11   118632
  7.143816e+00   3.191654e-08   2.405135e-02   9.474169e-11   122510
  7.164668e+00   3.176726e-08   0.000000e+00   9.487150e-11   121680
  7.185450e+00   3.206679e-08   0.000000e+00   9.560307e-11   121434
  7.206002e+00   3.193505e-08   0.000000e+00   9.493627e-11   123928
  7.226829e+00   3.199445e-08   0.000000e+00   9.494798e-11   123910
  7.247602e+00   3.175989e-08   0.000000e+00   9.465661e-11   124452
  7.268318e+00   3.164240e-08   0.000000e+00   9.261958e-11   125376
  7.289031e+00   3.161133e-08   2.125649e-02   9.298478e-11   126638
  7.309762e+00   3.158638e-08   7.422123e-03   9.277911e-11   125844
  7.330506e+00   3.173620e-08   0.000000e+00   9.274496e-11   128142
  7.351275e+00   3.166874e-08   3.838649e-03   9.263014e-11   128136
  7.371904e+00   3.146739e-08   9.626533e-03   9.207316e-11   127642
  7.392694e+00   3.139749e-08   0.000000e+00   9.071572e-11   131968
  7.413715e+00   3.164373e-08   0.000000e+00   9.151754e-11   130326
  7.434330e+00   3.131812e-08   2.219375e-02   9.088710e-11   131688
  7.455058e+00   3.157825e-08   9.608128e-03   9.166640e-11   130212
  7.475703e+00   3.126848e-08   0.000000e+00   8.972665e-11   132686
  7.496604e+00   3.137114e-08   0.000000e+00   8.908437e-11   135960
  7.517413e+00   3.128894e-08   1.632027e-02   9.068337e-11   131562
  7.537785e+00   3.142214e-08   1.229835e-02   9.050367e-11   134016
  7.558656e+00   3.141034e-08   0.000000e+00   8.993085e-11   136478
  7.579401e+00   3.117033e-08   2.869231e-02   8.912703e-11   136812
  7.600230e+00   3.108790e-08   1.804304e-02   8.745154e-11   137856
  7.620980e+00   3.103247e-08   0.000000e+00   8.871972e-11   135862
  7.641613e+00   3.084228e-08   0.000000e+00   8.625052e-11   140056
  7.662506e+00   3.101637e-08   2.423452e-02   8.767908e-11   139602
  7.683198e+00   3.110213e-08   0.000000e+00   8.807273e-11   139080
  7.703880e+00   3.089628e-08   0.000000e+00   8.678409e-11   140678
  7.724644e+00   3.063793e-08   1.312984e-02   8.536491e-11   142884
  7.745327e+00   3.048268e-08   1.060213e-02   8.575138e-11   139992
  7.766053e+00   3.067277e-08   0.000000e+00   8.449986e-11   144966
  7.786899e+00   3.065924e-08   0.000000e+00   8.528006e-11   143364
  7.807548e+00   3.045885e-08   1.918909e-02   8.502761e-11   144518
  7.828229e+00   3.052802e-08   2.012372e-02   8.477460e-11   145200
  7.848877e+00   3.040981e-08   0.000000e+00   8.579766e-11   143466
  7.869472e+00   3.020948e-08   0.000000e+00   8.268658e-11   148824
  7.890216e+00   3.009837e-08   1.529119e-02   8.344864e-11   145544
  7.910805e+00   3.014472e-08   0.000000e+00   8.292294e-11   148590
  7.931652e+00   3.004454e-08   0.000000e+00   8.182385e-11   150540
  7.952469e+00   2.989536e-08   2.786393e-02   8.130663e-11   150134
  7.973199e+00   2.974489e-08   0.000000e+00   8.092648e-11   151296
  7.994126e+00   3.003158e-08   0.000000e+00   8.197950e-11   152058
  8.014653e+00   2.986878e-08   1.651454e-02   8.142843e-11   150864
  8.035390e+00   2.965300e-08   1.546809e-02   8.037871e-11   154310
  8.056340e+00   2.947747e-08   0.000000e+00   7.940793e-11   155172
  8.077063e+00   2.971387e-08   0.000000e+00   8.115207e-11   154128
  8.097989e+00   2.936387e-08   1.284312e-02   7.836805e-11   158310
  8.118629e+00   2.944792e-08   1.895277e-02   8.050323e-11   153436
  8.139284e+00   2.929346e-08   0.000000e+00   7.859281e-11   157726
  8.160231e+00   2.933825e-08   0.000000e+00   7.794841e-11   160368
  8.180874e+00   2.944888e-08   9.094621e-03   7.953888e-11   155718
  8.201480e+00   2.911330e-08   0.000000e+00   7.806737e-11   160028
  8.222226e+00   2.917603e-08   0.000000e+00   7.779451e-11   160920
  8.243007e+00   2.897198e-08   1.291183e-02   7.778173e-11   161070
  8.263782e+00   2.904628e-08   3.088380e-02   7.696542e-11   163428
  8.284440e+00   2.863928e-08   0.000000e+00   7.670821e-11   159574
  8.305241e+00   2.875510e-08   0.000000e+00   7.531779e-11   167392
  8.326056e+00   2.871087e-08   2.461455e-02   7.640317e-11   162258
  8.346724e+00   2.859966e-08   1.259031e-02   7.528104e-11   167472
  8.367537e+00   2.853868e-08   0.000000e+00   7.507206e-11   163664
  8.388105e+00   2.810011e-08   0.000000e+00   7.408805e-11   166986
  8.408898e+00   2.833536e-08   1.735046e-02   7.357719e-11   169968
  8.429854e+00   2.807453e-08   0.000000e+00   7.425799e-11   167646
  8.450317e+00   2.800094e-08   0.000000e+00   7.351563e-11   168080
  8.471078e+00   2.814266e-08   1.602346e-02   7.327201e-11   170826
  8.491848e+00   2.797286e-08   0.000000e+00   7.296326e-11   170928
  8.512426e+00   2.786067e-08   1.725865e-02   7.286267e-11   170640
  8.533268e+00   2.771379e-08   0.000000e+00   7.180392e-11   173954
  8.553926e+00   2.760546e-08   2.693094e-02   7.108344e-11   173232
  8.574734e+00   2.753560e-08   0.000000e+00   7.189496e-11   174150
  8.595484e+00   2.744256e-08   3.685749e-03   7.093638e-11   176364
  8.616199e+00   2.737476e-08   1.773902e-02   7.092301e-11   175302
  8.636930e+00   2.729212e-08   7.235539e-03   7.002980e-11   177392
  8.657596e+00   2.704549e-08   1.802879e-02   6.994419e-11   176352
  8.678421e+00   2.700821e-08   0.000000e+00   6.896678e-11   180330
  8.699243e+00   2.705045e-08   9.604925e-03   6.955925e-11   180712
  8.719973e+00   2.658578e-08   1.569335e-02   6.765624e-11   179350
  8.740767e+00   2.674719e-08   1.402369e-02   6.764424e-11   183396
  8.761614e+00   2.663515e-08   0.000000e+00   6.824537e-11   180390
  8.782097e+00   2.644111e-08   0.000000e+00   6.727145e-11   181944
  8.802931e+00   2.647806e-08   0.000000e+00   6.654526e-11   185450
  8.823813e+00   2.634570e-08   7.492727e-03   6.690578e-11   186192
  8.844457e+00   2.643251e-08   2.018525e-02   6.774302e-11   183432
  8.865127e+00   2.600577e-08   0.000000e+00   6.565547e-11   185362
  8.885757e+00   2.611167e-08   3.589223e-03   6.533803e-11   188464
  8.906657e+00   2.604926e-08   0.000000e+00   6.536797e-11   188046
  8.927418e+00   2.576922e-08   1.400377e-02   6.422314e-11   191304
  8.948113e+00   2.583819e-08   2.484592e-02   6.516088e-11   186690
  8.968904e+00   2.570500e-08   0.000000e+00   6.426049e-11   194072
  8.989560e+00   2.558184e-08   2.142750e-02   6.444759e-11   188688
  9.010215e+00   2.539792e-08   2.140929e-03   6.353876e-11   192786
  9.030896e+00   2.529402e-08   9.646844e-03   6.297479e-11   193352
  9.051796e+00   2.528351e-08   0.000000e+00   6.266328e-11   195702
  9.072475e+00   2.507779e-08   2.852742e-02   6.233636e-11   195132
  9.093242e+00   2.509732e-08   0.000000e+00   6.246662e-11   195726
  9.113934e+00   2.484859e-08   0.000000e+00   6.185978e-11   197416
  9.134634e+00   2.482236e-08   8.299321e-03   6.094955e-11   196564
  9.155407e+00   2.460978e-08   1.922136e-02   6.035842e-11   201198
  9.176134e+00   2.469623e-08   5.941529e-03   6.106783e-11   197136
  9.196707e+00   2.438183e-08   0.000000e+00   6.037650e-11   199358
  9.217373e+00   2.429466e-08   2.830499e-02   5.926645e-11   203532
  9.238268e+00   2.428784e-08   0.000000e+00   5.965859e-11   201438
  9.258959e+00   2.409941e-08   0.000000e+00   5.900022e-11   203664
  9.279645e+00   2.412584e-08   2.742619e-02   5.957058e-11   203972
  9.300372e+00   2.392107e-08   2.217953e-02   5.846593e-11   205974
  9.321187e+00   2.393487e-08   0.000000e+00   5.842003e-11   205752
  9.342028e+00   2.370719e-08   0.000000e+00   5.781651e-11   207810
  9.362528e+00   2.359381e-08   3.622683e-02   5.757933e-11   206384
  9.383442e+00   2.352309e-08   0.000000e+00   5.712288e-11   210966
  9.404244e+00   2.351085e-08   0.000000e+00   5.742275e-11   210516
  9.425014e+00   2.337440e-08   0.000000e+00   5.682872e-11   209766
  9.445651e+00   2.317779e-08   4.039896e-02   5.636394e-11   212376
  9.466452e+00   2.321436e-08   0.000000e+00   5.590313e-11   212960
  9.487360e+00   2.290905e-08   0.000000e+00   5.503845e-11   214626
  9.507988e+00   2.288712e-08   2.974417e-02   5.532905e-11   213696
  9.528715e+00   2.272319e-08   2.915217e-02   5.445418e-11   215734
  9.549396e+00   2.263782e-08   0.000000e+00   5.495820e-11   213220
  9.570088e+00   2.256224e-08   0.000000e+00   5.368536e-11   219102
  9.590897e+00   2.227124e-08   3.441159e-02   5.305504e-11   220872
  9.611603e+00   2.225679e-08   4.981045e-02   5.361235e-11   216556
  9.632324e+00   2.214174e-08   3.887409e-02   5.290601e-11   221494
  9.652997e+00   2.198159e-08   4.295861e-02   5.262428e-11   219096
  9.673802e+00   2.204359e-08   3.096964e-02   5.203890e-11   224262
  9.694675e+00   2.172959e-08   0.000000e+00   5.176572e-11   222508
  9.715413e+00   2.180523e-08   0.000000e+00   5.201219e-11   222502
  9.735990e+00   2.169314e-08   3.990176e-02   5.128628e-11   227280
  9.756820e+00   2.161517e-08   1.945563e-02   5.148235e-11   223644
  9.777525e+00   2.144672e-08   0.000000e+00   5.130918e-11   226222
  9.798256e+00   2.134161e-08   0.000000e+00   5.025556e-11   229840
  9.819050e+00   2.112158e-08   2.650939e-02   4.975085e-11   228042
  9.839635e+00   2.103455e-08   0.000000e+00   4.964892e-11   227472
  9.860349e+00   2.091568e-08   0.000000e+00   4.914386e-11   230990
  9.881122e+00   2.087059e-08   6.466375e-03   4.944675e-11   233532
  9.901848e+00   2.078273e-08   2.956592e-02   4.849236e-11   231288
  9.922670e+00   2.048728e-08   0.000000e+00   4.820088e-11   233718
  9.943259e+00   2.058674e-08   0.000000e+00   4.843475e-11   232704
  9.964036e+00   2.046304e-08   3.135596e-02   4.773116e-11   239282
  9.984850e+00   2.035826e-08   3.794127e-02   4.798693e-11   234912
  1.000569e+01   2.022999e-08   0.000000e+00   4.693725e-11   238278
  1.002625e+01   2.003760e-08   3.706549e-02   4.665331e-11   237460
  1.004683e+01   2.020646e-08   2.693476e-02   4.731539e-11   236662
  1.006780e+01   1.983314e-08   0.000000e+00   4.563314e-11   246336
  1.008877e+01   1.980952e-08   0.000000e+00   4.617433e-11   241092
  1.010938e+01   1.968550e-08   3.445125e-02   4.574497e-11   242414
  1.013016e+01   1.951559e-08   1.317734e-02   4.529389e-11   243552
  1.015096e+01   1.949582e-08   0.000000e+00   4.546105e-11   243474
  1.017150e+01   1.923086e-08   2.408242e-02   4.453341e-11   245112
  1.019231e+01   1.922989e-08   2.550636e-02   4.435971e-11   246894
  1.021302e+01   1.913900e-08   1.997774e-02   4.420859e-11   247448
  1.023384e+01   1.902776e-08   0.000000e+00   4.394339e-11   247404
  1.025443e+01   1.884669e-08   4.000890e-02   4.338789e-11   249990
  1.027508e+01   1.874660e-08   3.752233e-02   4.326179e-11   249512
  1.029605e+01   1.860658e-08   0.000000e+00   4.272836e-11   253890
  1.031676e+01   1.848545e-08   0.000000e+00   4.254287e-11   250728
  1.033733e+01   1.849367e-08   4.792294e-02   4.237479e-11   253950
  1.035815e+01   1.834812e-08   0.000000e+00   4.239951e-11   254140
  1.037892e+01   1.828008e-08   0.000000e+00   4.175840e-11   255880
  1.039970e+01   1.816815e-08   3.037285e-02   4.179542e-11   258942
  1.042027e+01   1.805029e-08   4.582940e-02   4.171798e-11   253836
  1.044111e+01   1.796169e-08   0.000000e+00   4.092486e-11   260534
  1.046192e+01   1.774001e-08   0.000000e+00   4.053673e-11   259992
  1.048247e+01   1.774340e-08   4.689444e-02   4.077605e-11   258894
  1.050325e+01   1.752940e-08   3.698157e-02   3.985576e-11   263364
  1.052405e+01   1.751249e-08   0.000000e+00   3.989999e-11   259536
  1.054453e+01   1.730997e-08   2.069656e-02   3.949939e-11   263438
  1.056525e+01   1.731073e-08   4.211920e-02   3.924214e-11   265740
  1.058609e+01   1.719472e-08   0.000000e+00   3.909896e-11   264894
  1.060688e+01   1.700083e-08   0.000000e+00   3.815930e-11   269184
  1.062757e+01   1.698789e-08   4.050513e-02   3.875099e-11   266138
  1.064825e+01   1.690050e-08   2.857836e-02   3.820159e-11   270528
  1.066913e+01   1.680693e-08   0.000000e+00   3.818232e-11   268182
  1.068974e+01   1.661159e-08   0.000000e+00   3.781964e-11   270960
  1.071041e+01   1.656862e-08   4.895291e-02   3.712374e-11   274580
  1.073153e+01   1.645844e-08   0.000000e+00   3.728326e-11   276078
  1.075230e+01   1.640507e-08   0.000000e+00   3.702430e-11   273600
  1.077293e+01   1.618838e-08   4.093349e-02   3.663629e-11   274698
  1.079362e+01   1.617223e-08   4.351375e-02   3.649783e-11   276920
  1.081449e+01   1.609159e-08   0.000000e+00   3.628462e-11   276774
  1.083523e+01   1.586835e-08   0.000000e+00   3.582454e-11   279972
  1.085575e+01   1.572961e-08   3.494889e-02   3.543912e-11   276144
  1.087656e+01   1.572501e-08   1.582399e-02   3.508802e-11   282590
  1.089739e+01   1.566203e-08   0.000000e+00   3.512477e-11   282300
  1.091813e+01   1.559021e-08   0.000000e+00   3.493938e-11   283926
  1.093866e+01   1.549014e-08   4.751793e-02   3.482460e-11   279792
  1.095956e+01   1.537514e-08   0.000000e+00   3.397776e-11   287870
  1.098042e+01   1.520372e-08   0.000000e+00   3.394844e-11   286428
  1.100093e+01   1.515865e-08   4.599433e-02   3.375359e-11   284808
  1.102168e+01   1.498936e-08   1.534310e-02   3.352472e-11   289158
  1.104255e+01   1.496719e-08   0.000000e+00   3.329538e-11   290204
  1.106327e+01   1.489072e-08   0.000000e+00   3.314734e-11   290382
  1.108392e+01   1.475953e-08   3.156234e-02   3.278396e-11   291912
  1.110477e+01   1.463368e-08   0.000000e+00   3.249359e-11   290754
  1.112541e+01   1.449314e-08   1.729813e-02   3.197166e-11   296096
  1.114626e+01   1.458912e-08   2.640753e-02   3.229611e-11   294552
  1.116687e+01   1.424845e-08   4.697133e-02   3.191165e-11   293466
  1.118757e+01   1.426405e-08   0.000000e+00   3.168126e-11   296904
  1.120838e+01   1.426157e-08   0.000000e+00   3.149713e-11   298358
  1.122888e+01   1.408420e-08   4.589906e-02   3.138294e-11   297840
  1.124975e+01   1.408669e-08   1.823683e-02   3.098769e-11   301338
  1.127058e+01   1.385177e-08   0.000000e+00   3.064524e-11   300336
  1.129110e+01   1.392116e-08   4.876852e-02   3.049980e-11   303584
  1.131196e+01   1.366737e-08   4.085306e-02   3.002043e-11   304098
  1.133284e+01   1.367056e-08   0.000000e+00   3.002816e-11   304488
  1.135346e+01   1.343644e-08   4.440635e-02   2.956305e-11   306678
  1.137426e+01   1.346320e-08   0.000000e+00   2.974731e-11   305732
  1.139499e+01   1.337859e-08   1.561959e-02   2.928262e-11   309894
  1.141580e+01   1.320097e-08   2.329429e-02   2.891086e-11   310200
  1.143654e+01   1.318025e-08   0.000000e+00   2.887881e-11   307074
  1.145716e+01   1.308389e-08   4.703879e-02   2.855630e-11   315656
  1.147809e+01   1.305064e-08   0.000000e+00   2.871794e-11   310704
  1.149891e+01   1.287438e-08   0.000000e+00   2.829814e-11   314310
  1.151930e+01   1.283294e-08   5.515531e-02   2.812397e-11   312412
  1.154021e+01   1.269609e-08   0.000000e+00   2.761382e-11   318310
  1.156105e+01   1.262974e-08   0.000000e+00   2.754415e-11   315648
  1.158162e+01   1.254080e-08   4.346989e-02   2.710423e-11   320610
  1.160233e+01   1.239614e-08   0.000000e+00   2.722772e-11   313944
  1.162309e+01   1.243037e-08   0.000000e+00   2.681079e-11   325880
  1.164387e+01   1.227955e-08   4.300341e-02   2.690936e-11   319146
  1.166462e+01   1.218710e-08   0.000000e+00   2.630097e-11   322896
  1.168519e+01   1.213380e-08   4.838097e-02   2.631898e-11   322206
  1.170600e+01   1.203066e-08   0.000000e+00   2.602084e-11   327416
  1.172694e+01   1.201992e-08   0.000000e+00   2.589758e-11   325602
  1.174741e+01   1.183425e-08   5.859796e-02   2.564630e-11   328248
  1.176822e+01   1.181392e-08   0.000000e+00   2.545164e-11   326088
  1.178913e+01   1.164004e-08   0.000000e+00   2.511748e-11   331658
  1.180961e+01   1.166458e-08   5.337054e-02   2.513211e-11   331584
  1.183048e+01   1.156815e-08   2.521329e-02   2.484342e-11   330630
  1.185129e+01   1.142938e-08   0.000000e+00   2.456700e-11   333204
  1.187174e+01   1.137382e-08   6.055588e-02   2.436198e-11   333470
  1.189271e+01   1.125112e-08   0.000000e+00   2.407100e-11   335688
  1.191332e+01   1.117547e-08   2.155950e-02   2.389097e-11   336828
  1.193402e+01   1.112097e-08   2.739827e-02   2.384217e-11   337662
  1.195492e+01   1.110204e-08   0.000000e+00   2.371858e-11   338960
  1.197533e+01   1.094440e-08   5.473686e-02   2.346758e-11   338262
  1.199617e+01   1.092416e-08   4.584891e-02   2.317181e-11   344388
  1.201720e+01   1.087403e-08   0.000000e+00   2.306606e-11   342486
  1.203755e+01   1.074922e-08   7.012356e-02   2.286970e-11   343592
  1.205856e+01   1.074054e-08   7.300885e-03   2.269100e-11   347130
  1.207947e+01   1.056256e-08   0.000000e+00   2.240226e-11   346152
  1.209988e+01   1.056305e-08   6.624619e-02   2.245345e-11   345856
  1.212085e+01   1.047308e-08   0.000000e+00   2.212362e-11   349354
  1.214164e+01   1.044406e-08   0.000000e+00   2.189784e-11   352032
  1.216224e+01   1.035359e-08   5.557523e-02   2.184482e-11   348582
  1.218318e+01   1.027533e-08   0.000000e+00   2.164296e-11   352244
  1.220354e+01   1.024589e-08   6.797089e-02   2.152518e-11   351582
  1.222445e+01   1.012008e-08   1.195883e-02   2.100368e-11   357144
  1.224543e+01   1.012066e-08   0.000000e+00   2.121323e-11   355560
  1.226585e+01   9.999596e-09   6.345243e-02   2.094578e-11   354551
  1.228673e+01   9.965261e-09   1.022929e-02   2.062930e-11   358044
  1.230769e+01   9.995489e-09   0.000000e+00   2.080727e-11   355272
  1.232802e+01   9.968839e-09   6.951444e-02   2.074293e-11   352044
  1.234885e+01   9.936019e-09   0.000000e+00   2.058378e-11   352344
  1.236968e+01   9.920041e-09   0.000000e+00   2.039784e-11   356516
  1.239028e+01   9.913220e-09   4.832892e-02   2.022919e-11   352848
  1.241136e+01   9.853212e-09   0.000000e+00   2.020327e-11   352980
  1.243181e+01   9.881912e-09   4.147336e-02   2.019597e-11   348948
  1.245251e+01   9.872283e-09   3.642276e-02   2.001768e-11   351692
  1.247361e+01   9.807439e-09   0.000000e+00   1.977924e-11   353064
  1.249398e+01   9.760763e-09   6.247627e-02   1.989735e-11   345624
  1.251469e+01   9.805362e-09   0.000000e+00   1.984581e-11   347844
  1.253566e+01   9.740510e-09   0.000000e+00   1.957855e-11   351020
  1.255612e+01   9.700992e-09   5.801793e-02   1.945021e-11   345852
  1.257696e+01   9.708517e-09   1.193419e-02   1.947403e-11   347040
  1.259782e+01   9.726406e-09   0.000000e+00   1.944061e-11   345928
  1.261828e+01   9.675721e-09   5.823985e-02   1.930215e-11   347020
  1.263923e+01   9.638356e-09   4.041964e-03   1.913847e-11   343032
  1.265989e+01   9.620039e-09   0.000000e+00   1.915884e-11   343620
  1.268045e+01   9.676509e-09   6.023011e-02   1.919319e-11   343988
  1.270157e+01   9.645823e-09   0.000000e+00   1.923257e-11   344556
  1.272211e+01   9.579054e-09   4.396297e-02   1.896358e-11   343632
  1.274299e+01   9.530586e-09   0.000000e+00   1.890537e-11   340392
  1.276383e+01   9.522277e-09   0.000000e+00   1.881111e-11   339408
  1.278421e+01   9.532794e-09   7.413662e-02   1.879504e-11   341864
  1.280526e+01   9.461653e-09   0.000000e+00   1.846971e-11   341964
  1.282609e+01   9.428418e-09   0.000000e+00   1.861720e-11   334380
  1.284629e+01   9.454098e-09   6.949599e-02   1.860945e-11   336504
  1.286732e+01   9.411385e-09   1.645893e-02   1.833204e-11   339560
  1.288814e+01   9.374598e-09   0.000000e+00   1.836736e-11   336384
  1.290870e+01   9.291573e-09   7.317367e-02   1.812674e-11   337404
  1.292968e+01   9.316246e-09   0.000000e+00   1.834147e-11   330156
  1.295011e+01   9.321846e-09   5.778339e-02   1.811922e-11   337808
  1.297104e+01   9.262569e-09   0.000000e+00   1.815607e-11   332748
  1.299195e+01   9.274681e-09   0.000000e+00   1.804522e-11   333612
  1.301237e+01   9.170360e-09   5.841422e-02   1.791332e-11   331860
  1.303320e+01   9.214733e-09   2.709291e-02   1.804256e-11   328376
  1.305399e+01   9.190425e-09   0.000000e+00   1.787134e-11   331140
  1.307454e+01   9.063482e-09   7.066492e-02   1.754884e-11   332988
  1.309538e+01   9.100301e-09   2.798408e-02   1.781688e-11   325224
  1.311629e+01   9.055019e-09   0.000000e+00   1.760174e-11   331544
  1.313681e+01   9.033704e-09   6.643596e-02   1.758464e-11   327264
  1.315764e+01   9.011344e-09   0.000000e+00   1.755895e-11   322308
  1.317828e+01   8.923805e-09   2.421193e-02   1.728547e-11   328136
  1.319883e+01   8.982393e-09   4.953182e-02   1.754860e-11   323172
  1.321986e+01   8.883703e-09   0.000000e+00   1.723722e-11   325248
  1.324036e+01   8.868183e-09   6.276407e-02   1.730290e-11   324096
  1.326115e+01   8.867875e-09   0.000000e+00   1.724521e-11   321540
  1.328214e+01   8.804356e-09   0.000000e+00   1.709399e-11   323744
  1.330244e+01   8.722602e-09   6.949253e-02   1.703740e-11   317400
  1.332329e+01   8.754698e-09   1.896226e-02   1.700131e-11   322560
  1.334431e+01   8.678049e-09   0.000000e+00   1.688596e-11   320076
  1.336469e+01   8.660241e-09   7.235648e-02   1.696789e-11   317204
  1.338584e+01   8.621670e-09   0.000000e+00   1.667651e-11   323064
  1.340666e+01   8.574709e-09   0.000000e+00   1.690551e-11   315204
  1.342698e+01   8.592512e-09   7.806712e-02   1.672252e-11   315416
  1.344819e+01   8.528914e-09   0.000000e+00   1.665654e-11   316884
  1.346864e+01   8.497201e-09   4.707669e-02   1.669699e-11   312876
  1.348936e+01   8.428167e-09   5.528475e-02   1.652411e-11   315540
  1.351047e+01   8.431503e-09   0.000000e+00   1.644931e-11   312576
  1.353075e+01   8.405175e-09   7.778306e-02   1.639883e-11   312140
  1.355170e+01   8.317215e-09   1.954404e-02   1.636158e-11   310356
  1.357265e+01   8.320252e-09   0.000000e+00   1.630099e-11   311232
  1.359293e+01   8.257926e-09   7.003055e-02   1.632846e-11   307584
  1.361391e+01   8.245070e-09   3.156256e-02   1.614669e-11   310616
  1.363471e+01   8.242087e-09   0.000000e+00   1.635693e-11   304200
  1.365500e+01   8.175885e-09   7.766829e-02   1.617256e-11   306792
  1.367616e+01   8.119862e-09   0.000000e+00   1.607441e-11   306168
  1.369665e+01   8.039623e-09   0.000000e+00   1.594313e-11   304448
  1.371746e+01   8.059515e-09   6.748559e-02   1.593139e-11   308580
  1.373853e+01   8.005967e-09   0.000000e+00   1.597879e-11   299568
  1.375881e+01   7.983501e-09   6.650414e-02   1.582598e-11   304416
  1.377983e+01   7.944465e-09   3.696423e-02   1.576914e-11   302216
  1.380074e+01   7.908071e-09   0.000000e+00   1.580294e-11   300084
  1.382112e+01   7.897839e-09   8.440591e-02   1.571314e-11   299340
  1.384196e+01   7.848400e-09   0.000000e+00   1.574603e-11   296688
  1.386283e+01   7.787329e-09   0.000000e+00   1.557957e-11   298820
  1.388319e+01   7.747255e-09   8.055864e-02   1.546889e-11   296916
  1.390426e+01   7.702513e-09   0.000000e+00   1.543098e-11   295920
  1.392487e+01   7.670806e-09   8.725219e-03   1.555300e-11   292692
  1.394531e+01   7.675556e-09   7.424997e-02   1.549692e-11   295892
  1.396657e+01   7.589962e-09   0.000000e+00   1.538940e-11   293064
  1.398701e+01   7.541501e-09   4.036344e-02   1.533204e-11   293220
  1.400767e+01   7.551627e-09   3.645925e-02   1.541274e-11   286804
  1.402862e+01   7.499276e-09   0.000000e+00   1.518562e-11   293080
  1.404914e+01   7.465776e-09   7.354756e-02   1.513207e-11   291816
  1.407016e+01   7.478442e-09   0.000000e+00   1.536624e-11   287784
  1.409099e+01   7.375643e-09   0.000000e+00   1.508762e-11   286760
  1.411134e+01   7.397505e-09   7.770212e-02   1.515418e-11   287088
  1.413232e+01   7.267944e-09   0.000000e+00   1.487571e-11   286176
  1.415322e+01   7.299104e-09   0.000000e+00   1.498835e-11   284184
  1.417351e+01   7.243944e-09   6.949233e-02   1.496883e-11   282220
  1.419470e+01   7.175615e-09   0.000000e+00   1.473929e-11   284452
  1.421523e+01   7.182114e-09   0.000000e+00   1.490658e-11   279516
  1.423581e+01   7.094776e-09   7.554078e-02   1.457677e-11   282696
  1.425703e+01   7.103653e-09   0.000000e+00   1.480370e-11   278676
  1.427730e+01   7.052923e-09   7.732641e-02   1.467295e-11   279512
  1.429821e+01   6.987579e-09   7.946160e-03   1.474302e-11   276672
  1.431915e+01   6.983664e-09   0.000000e+00   1.462485e-11   276036
  1.433935e+01   6.924627e-09   7.508148e-02   1.460189e-11   274416
  1.436033e+01   6.878436e-09   3.450846e-02   1.448956e-11   275384
  1.438130e+01   6.881093e-09   0.000000e+00   1.443766e-11   274560
  1.440166e+01   6.797012e-09   8.305537e-02   1.443753e-11   272220
  1.442275e+01   6.791757e-09   0.000000e+00   1.443168e-11   270492
  1.444339e+01   6.727496e-09   0.000000e+00   1.426821e-11   271532
  1.446406e+01   6.708385e-09   5.003927e-02   1.420017e-11   272052
  1.448505e+01   6.650783e-09   0.000000e+00   1.425576e-11   264372
  1.450534e+01   6.579342e-09   4.443105e-02   1.402687e-11   268652
  1.452626e+01   6.604157e-09   5.199846e-02   1.417457e-11   266760
  1.454710e+01   6.559365e-09   0.000000e+00   1.413264e-11   262536
  1.456750e+01   6.498644e-09   8.188806e-02   1.404171e-11   266460
  1.458842e+01   6.469059e-09   0.000000e+00   1.405174e-11   261560
  1.460924e+01   6.397291e-09   0.000000e+00   1.386829e-11   262236
  1.462972e+01   6.399294e-09   7.381266e-02   1.391874e-11   261708
  1.465061e+01   6.386013e-09   0.000000e+00   1.395346e-11   258960
  1.467144e+01   6.276413e-09   0.000000e+00   1.386652e-11   258376
  1.469181e+01   6.290453e-09   6.991979e-02   1.376690e-11   258304
  1.471306e+01   6.243660e-09   0.000000e+00   1.376140e-11   259368
  1.473359e+01   6.160490e-09   3.370471e-02   1.364254e-11   253332
  1.475414e+01   6.168522e-09   7.335624e-02   1.357244e-11   254448
  1.477531e+01   6.101542e-09   0.000000e+00   1.356539e-11   255248
  1.479573e+01   6.100522e-09   7.589474e-02   1.353861e-11   252180
  1.481667e+01   6.047194e-09   3.025160e-02   1.348297e-11   252744
  1.483756e+01   5.999644e-09   0.000000e+00   1.360286e-11   247348
  1.485783e+01   6.024269e-09   9.151516e-02   1.346895e-11   250432
  1.487883e+01   5.913508e-09   0.000000e+00   1.339493e-11   247860
  1.489979e+01   5.890550e-09   0.000000e+00   1.333293e-11   247716
  1.492008e+01   5.892246e-09   7.650808e-02   1.350878e-11   242472
  1.494121e+01   5.811688e-09   0.000000e+00   1.312550e-11   248672
  1.496181e+01   5.809908e-09   3.424599e-02   1.340138e-11   239352
  1.498229e+01   5.758207e-09   6.248910e-02   1.322743e-11   245088
  1.500346e+01   5.716066e-09   0.000000e+00   1.324872e-11   239232
  1.502374e+01   5.725145e-09   8.183054e-02   1.317507e-11   240320
  1.504476e+01   5.605780e-09   0.000000e+00   1.300924e-11   239340
  1.506573e+01   5.620159e-09   0.000000e+00   1.299415e-11   237636
  1.508593e+01   5.538296e-09   7.807715e-02   1.291987e-11   235980
  1.510691e+01   5.536378e-09   0.000000e+00   1.298746e-11   235304
  1.512784e+01   5.512335e-09   0.000000e+00   1.283207e-11   234576
  1.514818e+01   5.452388e-09   7.223276e-02   1.293566e-11   232788
  1.516915e+01   5.438066e-09   0.000000e+00   1.297056e-11   230400
  1.518986e+01   5.423429e-09   0.000000e+00   1.280400e-11   231836
  1.521043e+01   5.341006e-09   7.809624e-02   1.267008e-11   231288
  1.523163e+01   5.334142e-09   0.000000e+00   1.282004e-11   226536
  1.525193e+01   5.270919e-09   6.119096e-02   1.273575e-11   226084
  1.527263e+01   5.298069e-09   5.214133e-02   1.275172e-11   227116
  1.529375e+01   5.243782e-09   0.000000e+00   1.268239e-11   223800
  1.531406e+01   5.172890e-09   8.338773e-02   1.255191e-11   223884
  1.533496e+01   5.155600e-09   0.000000e+00   1.261001e-11   222360
  1.535591e+01   5.119354e-09   0.000000e+00   1.260168e-11   221156
  1.537635e+01   5.100831e-09   9.238297e-02   1.240555e-11   221724
  1.539739e+01   5.090388e-09   0.000000e+00   1.256063e-11   217584
  1.541815e+01   4.956600e-09   0.000000e+00   1.221615e-11   217576
  1.543850e+01   4.994701e-09   9.582498e-02   1.240918e-11   215464
  1.545963e+01   4.980122e-09   0.000000e+00   1.236243e-11   215472
  1.548021e+01   4.903536e-09   2.639420e-02   1.231407e-11   213768
  1.550072e+01   4.898549e-09   8.291545e-02   1.222125e-11   210956
  1.552176e+01   4.855849e-09   0.000000e+00   1.218339e-11   211788
  1.554231e+01   4.830614e-09   4.592834e-02   1.221876e-11   211092
  1.556319e+01   4.822788e-09   3.418280e-02   1.220192e-11   209556
  1.558420e+01   4.737011e-09   0.000000e+00   1.210086e-11   206700
  1.560442e+01   4.776480e-09   7.759369e-02   1.219772e-11   206048
  1.562536e+01   4.691189e-09   0.000000e+00   1.208106e-11   204744
  1.564625e+01   4.673833e-09   0.000000e+00   1.212597e-11   202992
  1.566646e+01   4.661727e-09   8.729115e-02   1.201885e-11   201944
  1.568771e+01   4.608138e-09   0.000000e+00   1.196493e-11   203304
  1.570852e+01   4.586135e-09   0.000000e+00   1.191623e-11   200484
  1.572878e+01   4.530661e-09   9.320068e-02   1.197640e-11   195516
  1.575002e+01   4.503057e-09   0.000000e+00   1.190416e-11   198860
  1.577038e+01   4.534087e-09   4.248176e-02   1.191505e-11   195264
  1.579115e+01   4.428120e-09   6.113521e-02   1.173000e-11   195984
  1.581224e+01   4.426751e-09   0.000000e+00   1.181716e-11   191808
  1.583233e+01   4.402693e-09   7.149444e-02   1.180588e-11   190776
  1.585324e+01   4.360025e-09   1.870505e-02   1.169538e-11   192032
  1.587428e+01   4.350900e-09   0.000000e+00   1.166160e-11   188628
  1.589451e+01   4.305795e-09   9.865151e-02   1.158884e-11   189444
  1.591566e+01   4.278822e-09   0.000000e+00   1.169985e-11   186260
  1.593629e+01   4.277519e-09   0.000000e+00   1.164419e-11   184560
  1.595675e+01   4.209900e-09   8.994335e-02   1.157394e-11   185832
  1.597807e+01   4.203185e-09   0.000000e+00   1.159304e-11   182400
  1.599845e+01   4.151703e-09   4.293687e-02   1.154000e-11   181380
  1.601906e+01   4.176233e-09   7.370923e-02   1.157410e-11   180332
  1.604022e+01   4.147149e-09   0.000000e+00   1.154765e-11   178236
  1.606064e+01   4.086516e-09   5.206626e-02   1.141787e-11   179184
  1.608143e+01   4.102100e-09   6.909801e-02   1.155879e-11   175028
  1.610242e+01   4.050133e-09   0.000000e+00   1.140777e-11   175440
  1.612292e+01   4.010328e-09   7.314850e-02   1.127257e-11   174828
  1.614384e+01   3.995758e-09   0.000000e+00   1.135509e-11   169896
  1.616453e+01   3.943554e-09   0.000000e+00   1.126757e-11   171708
  1.618501e+01   3.933593e-09   9.513373e-02   1.127845e-11   169328
  1.620602e+01   3.931215e-09   0.000000e+00   1.130441e-11   167364
  1.622675e+01   3.861199e-09   3.473587e-02   1.117321e-11   168192
  1.624722e+01   3.894832e-09   8.507232e-02   1.130651e-11   163188
  1.626845e+01   3.809479e-09   0.000000e+00   1.103622e-11   166184
  1.628902e+01   3.811650e-09   4.293002e-02   1.125923e-11   161460
  1.630953e+01   3.811730e-09   7.920198e-02   1.124604e-11   159972
  1.633055e+01   3.764675e-09   0.000000e+00   1.121567e-11   159488
  1.635092e+01   3.782979e-09   7.374248e-02   1.124437e-11   158148
  1.637192e+01   3.730540e-09   0.000000e+00   1.112424e-11   158100
  1.639290e+01   3.725573e-09   0.000000e+00   1.116431e-11   155232
  1.641299e+01   3.708776e-09   8.424710e-02   1.116061e-11   151216
  1.643412e+01   3.674161e-09   0.000000e+00   1.102059e-11   155560
  1.645510e+01   3.716730e-09   0.000000e+00   1.121506e-11   151404
  1.647532e+01   3.645578e-09   1.006511e-01   1.112411e-11   148356
  1.649648e+01   3.602092e-09   0.000000e+00   1.099808e-11   147164
  1.651692e+01   3.622620e-09   2.845911e-02   1.103759e-11   147384
  1.653757e+01   3.559102e-09   6.867146e-02   1.102839e-11   145992
  1.655885e+01   3.582911e-09   0.000000e+00   1.104917e-11   143856
  1.657890e+01   3.549509e-09   6.707875e-02   1.107449e-11   140384
  1.659987e+01   3.484840e-09   3.445256e-02   1.082402e-11   143856
  1.662094e+01   3.561665e-09   0.000000e+00   1.118252e-11   136968
  1.664106e+01   3.489060e-09   9.239083e-02   1.092664e-11   139536
  1.666229e+01   3.460675e-09   0.000000e+00   1.098642e-11   136916
  1.668291e+01   3.508053e-09   0.000000e+00   1.124723e-11   133032
  1.670326e+01   3.412238e-09   9.433033e-02   1.084867e-11   135540
  1.672466e+01   3.427806e-09   0.000000e+00   1.086105e-11   132096
  1.674503e+01   3.421985e-09   0.000000e+00   1.101646e-11   129540
  1.676560e+01   3.373273e-09   9.000555e-02   1.088709e-11   130640
  1.678678e+01   3.442420e-09   0.000000e+00   1.107422e-11   126276
  1.680721e+01   3.333460e-09   5.503311e-02   1.079134e-11   128484
  1.682826e+01   3.360491e-09   1.165490e-02   1.103433e-11   124168
  1.684902e+01   3.383380e-09   0.000000e+00   1.107690e-11   122224
  1.686947e+01   3.316031e-09   8.136635e-02   1.099024e-11   123156
  1.689050e+01   3.380746e-09   0.000000e+00   1.103356e-11   119688
  1.691105e+01   3.280523e-09   0.000000e+00   1.101467e-11   116640
  1.693152e+01   3.291829e-09   9.608703e-02   1.090069e-11   119696
  1.695264e+01   3.326483e-09   0.000000e+00   1.100968e-11   114276
  1.697330e+01   3.257503e-09   0.000000e+00   1.106951e-11   114060
  1.699376e+01   3.272099e-09   9.061931e-02   1.092235e-11   112536
  1.701493e+01   3.271539e-09   0.000000e+00   1.096779e-11   112196
  1.703562e+01   3.263390e-09   3.966391e-02   1.113687e-11   109404
  1.705610e+01   3.301196e-09   4.987644e-02   1.124598e-11   105900
  1.707694e+01   3.219347e-09   0.000000e+00   1.094071e-11   107176
  1.709749e+01   3.245286e-09   6.698066e-02   1.119625e-11   105088
  1.711839e+01   3.267183e-09   2.542164e-02   1.112904e-11   103800
  1.713937e+01   3.214806e-09   0.000000e+00   1.115673e-11   101340
  1.715971e+01   3.244517e-09   7.435058e-02   1.110033e-11   100036
  1.718052e+01   3.218783e-09   0.000000e+00   1.128457e-11   97672
  1.720141e+01   3.179317e-09   0.000000e+00   1.106152e-11   97908
  1.722188e+01   3.207727e-09   8.004922e-02   1.121700e-11   95328
  1.724285e+01   3.171095e-09   0.000000e+00   1.110949e-11   93600
  1.726350e+01   3.208440e-09   0.000000e+00   1.124260e-11   92312
  1.728413e+01   3.180318e-09   6.636269e-02   1.118352e-11   91044
  1.730515e+01   3.193032e-09   0.000000e+00   1.136641e-11   88500
  1.732537e+01   3.177000e-09   5.041483e-02   1.141566e-11   86216
  1.734623e+01   3.176589e-09   0.000000e+00   1.135677e-11   87159
  1.736748e+01   3.154932e-09   0.000000e+00   1.124718e-11   86064
  1.738789e+01   3.166751e-09   7.852165e-02   1.150077e-11   81648
  1.740859e+01   3.140348e-09   5.732438e-03   1.133394e-11   81654
  1.742958e+01   3.146383e-09   0.000000e+00   1.128866e-11   81284
  1.745016e+01   3.137174e-09   5.781855e-02   1.145467e-11   78888
  1.747089e+01   3.118879e-09   2.170309e-02   1.155542e-11   77250
  1.749148e+01   3.139838e-09   0.000000e+00   1.180229e-11   75942
  1.751208e+01   3.069515e-09   6.036210e-02   1.125194e-11   77042
  1.753324e+01   3.055534e-09   0.000000e+00   1.154281e-11   74094
  1.755392e+01   3.044330e-09   3.229640e-02   1.140399e-11   73818
  1.757460e+01   3.053296e-09   0.000000e+00   1.169282e-11   70998
  1.759537e+01   3.008792e-09   0.000000e+00   1.132878e-11   72044
  1.761609e+01   3.011141e-09   6.478084e-02   1.159376e-11   69426
  1.763696e+01   2.985957e-09   0.000000e+00   1.154862e-11   69288
  1.765765e+01   3.001155e-09   0.000000e+00   1.174237e-11   67068
  1.767810e+01   2.955667e-09   6.708664e-02   1.151432e-11   66926
  1.769904e+01   2.951797e-09   5.552040e-02   1.157009e-11   66348
  1.772006e+01   2.936187e-09   0.000000e+00   1.171087e-11   64728
  1.774050e+01   2.892824e-09   0.000000e+00   1.179708e-11   62820
  1.776120e+01   2.871841e-09   0.000000e+00   1.147548e-11   63716
  1.778217e+01   2.879592e-09   1.538954e-02   1.154737e-11   62160
  1.780285e+01   2.845589e-09   0.000000e+00   1.168662e-11   59940
  1.782337e+01   2.832863e-09   1.625579e-02   1.162409e-11   60112
  1.784408e+01   2.806188e-09   6.349441e-02   1.164063e-11   59668
  1.786510e+01   2.796481e-09   0.000000e+00   1.182339e-11   57618
  1.788559e+01   2.748454e-09   1.977928e-02   1.167353e-11   56868
  1.790611e+01   2.759318e-09   6.154471e-02   1.170879e-11   56684
  1.792695e+01   2.716220e-09   2.739157e-02   1.170046e-11   55536
  1.794783e+01   2.698236e-09   0.000000e+00   1.188650e-11   54342
  1.796859e+01   2.663909e-09   2.177340e-02   1.143085e-11   54768
  1.798914e+01   2.631430e-09   5.985168e-02   1.162169e-11   52094
  1.800988e+01   2.594104e-09   0.000000e+00   1.151216e-11   52224
  1.803091e+01   2.596055e-09   0.000000e+00   1.143839e-11   52188
  1.805153e+01   2.584696e-09   5.295304e-02   1.172641e-11   50190
  1.807201e+01   2.572576e-09   4.564100e-02   1.180257e-11   49224
  1.809290e+01   2.520835e-09   0.000000e+00   1.163554e-11   49094
  1.811386e+01   2.484538e-09   1.619914e-02   1.135617e-11   49488
  1.813461e+01   2.482606e-09   5.606176e-02   1.177010e-11   46830
  1.815507e+01   2.453525e-09   1.271401e-02   1.150943e-11   45860
  1.817589e+01   2.422981e-09   0.000000e+00   1.141881e-11   46770
  1.819678e+01   2.413950e-09   2.424929e-02   1.151771e-11   45468
  1.821749e+01   2.425008e-09   4.148904e-02   1.190396e-11   44130
  1.823812e+01   2.352289e-09   0.000000e+00   1.152857e-11   43230
  1.825888e+01   2.355533e-09   0.000000e+00   1.149042e-11   44108
  1.827979e+01   2.317605e-09   3.896671e-02   1.156761e-11   42162
  1.830047e+01   2.329209e-09   3.735797e-02   1.174777e-11   41358
  1.832098e+01   2.301545e-09   0.000000e+00   1.155524e-11   40456
  1.834174e+01   2.252296e-09   3.595848e-02   1.150751e-11   41230
  1.836283e+01   2.232585e-09   4.564287e-02   1.154569e-11   39906
  1.838361e+01   2.230470e-09   0.000000e+00   1.163317e-11   38508
  1.840402e+01   2.215664e-09   0.000000e+00   1.165660e-11   37854
  1.842462e+01   2.148222e-09   5.578870e-02   1.128286e-11   38162
  1.844572e+01   2.121611e-09   2.503272e-02   1.127824e-11   37212
  1.846653e+01   2.130858e-09   0.000000e+00   1.143297e-11   36450
  1.848684e+01   2.102829e-09   2.875183e-02   1.136119e-11   34718
  1.850743e+01   2.070659e-09   2.314175e-02   1.138412e-11   35814
  1.852854e+01   2.055858e-09   2.155485e-02   1.143461e-11   34896
  1.854938e+01   2.013444e-09   0.000000e+00   1.121159e-11   33822
  1.856963e+01   2.017622e-09   4.358646e-02   1.151516e-11   32522
  1.859043e+01   1.982967e-09   0.000000e+00   1.116843e-11   33630
  1.861153e+01   1.953159e-09   0.000000e+00   1.139440e-11   32166
  1.863205e+01   1.916074e-09   2.352530e-02   1.118886e-11   31200
  1.865238e+01   1.938437e-09   1.616331e-02   1.143421e-11   30598
  1.867318e+01   1.883323e-09   2.144237e-02   1.100541e-11   31138
  1.869443e+01   1.834016e-09   0.000000e+00   1.069978e-11   30510
  1.871513e+01   1.847901e-09   3.105961e-02   1.133597e-11   28998
  1.873545e+01   1.791522e-09   6.410683e-03   1.096331e-11   28290
  1.875621e+01   1.774874e-09   4.371105e-02   1.088623e-11   29126
  1.877748e+01   1.758160e-09   0.000000e+00   1.108760e-11   28008
  1.879820e+01   1.720830e-09   1.160740e-02   1.097531e-11   27222
  1.881869e+01   1.724752e-09   2.054109e-02   1.095944e-11   26426
  1.883943e+01   1.667381e-09   1.535523e-02   1.061000e-11   26694
  1.886042e+01   1.649700e-09   2.361686e-02   1.064319e-11   25734
  1.888123e+01   1.652873e-09   0.000000e+00   1.079843e-11   25458
  1.890165e+01   1.648719e-09   0.000000e+00   1.109498e-11   24198
  1.892250e+01   1.566561e-09   0.000000e+00   1.033290e-11   25034
  1.894357e+01   1.588866e-09   1.888282e-02   1.083854e-11   23718
  1.896415e+01   1.557571e-09   0.000000e+00   1.071837e-11   23094
  1.898439e+01   1.532587e-09   2.762080e-02   1.071897e-11   22416
  1.900523e+01   1.494151e-09   1.038282e-02   1.037792e-11   23078
  1.902662e+01   1.456761e-09   0.000000e+00   1.017883e-11   22386
  1.904734e+01   1.451432e-09   0.000000e+00   1.032055e-11   21126
  1.906740e+01   1.475063e-09   0.000000e+00   1.097612e-11   20366
  1.908807e+01   1.414159e-09   3.809089e-02   1.019884e-11   21354
  1.910952e+01   1.363901e-09   0.000000e+00   1.003157e-11   20478
  1.913020e+01   1.360495e-09   0.000000e+00   1.015844e-11   19458
  1.915026e+01   1.369695e-09   1.197140e-02   1.047340e-11   18758
  1.917096e+01   1.296833e-09   4.182094e-02   9.836054e-12   19566
  1.919237e+01   1.294941e-09   2.928691e-02   9.861240e-12   18858
  1.921315e+01   1.295659e-09   4.480822e-03   1.024811e-11   17790
  1.923316e+01   1.248263e-09   0.000000e+00   9.846770e-12   17114
  1.925389e+01   1.220349e-09   0.000000e+00   9.661367e-12   17982
  1.927528e+01   1.213656e-09   0.000000e+00   9.950571e-12   17190
  1.929612e+01   1.153977e-09   0.000000e+00   9.567032e-12   16458
  1.931610e+01   1.186447e-09   3.039414e-02   1.003738e-11   15494
  1.933679e+01   1.121376e-09   9.274647e-03   9.200380e-12   16374
  1.935831e+01   1.117717e-09   0.000000e+00   9.269502e-12   15858
  1.937918e+01   1.088574e-09   0.000000e+00   9.409236e-12   14862
  1.939908e+01   1.089499e-09   0.000000e+00   9.610502e-12   14082
  1.941986e+01   1.024004e-09   0.000000e+00   8.843626e-12   14990
  1.944144e+01   1.020763e-09   1.396459e-02   9.117738e-12   14358
  1.946223e+01   1.017685e-09   0.000000e+00   9.439306e-12   13386
  1.948193e+01   1.006931e-09   0.000000e+00   9.286140e-12   12678
  1.950273e+01   9.412795e-10   2.351213e-02   8.568446e-12   13700
  1.952444e+01   9.439123e-10   1.694461e-02   8.572457e-12   12942
  1.954529e+01   9.508414e-10   3.906661e-02   9.190886e-12   12198
  1.956477e+01   9.236496e-10   0.000000e+00   9.315646e-12   11106
  1.958543e+01   8.739732e-10   0.000000e+00   8.284897e-12   12494
  1.960722e+01   8.608048e-10   2.735281e-02   8.425717e-12   11610
  1.962823e+01   8.535653e-10   0.000000e+00   8.609812e-12   11094
  1.964771e+01   8.607492e-10   1.755098e-02   8.816170e-12   9902
  1.966828e+01   8.054972e-10   1.371604e-02   7.998197e-12   11226
  1.969007e+01   7.887063e-10   0.000000e+00   8.281186e-12   10326
  1.971110e+01   7.703087e-10   1.771931e-02   8.477623e-12   10074
  1.973074e+01   7.789521e-10   4.368223e-03   8.950484e-12   8766
  1.975115e+01   7.056609e-10   0.000000e+00   7.474116e-12   9950
  1.977288e+01   7.142260e-10   1.419642e-02   7.924065e-12   9252
  1.979390e+01   7.076706e-10   0.000000e+00   8.190821e-12   8886
  1.981353e+01   6.992656e-10   0.000000e+00   8.335152e-12   7850
  1.983411e+01   6.554863e-10   1.373580e-02   7.500238e-12   8886
  1.985590e+01   6.280528e-10   0.000000e+00   7.539173e-12   8142
  1.987667e+01   6.353958e-10   1.865973e-02   7.682472e-12   7746
  1.989608e+01   6.285172e-10   2.234002e-02   8.011216e-12   6926
  1.991706e+01   5.929058e-10   0.000000e+00   7.178141e-12   7974
  1.993892e+01   5.632293e-10   2.092170e-02   7.511336e-12   7074
  1.995945e+01   5.593368e-10   0.000000e+00   7.194948e-12   6744
  1.997875e+01   5.663333e-10   2.304855e-02   7.696503e-12   6114
  2.000009e+01   5.079024e-10   1.004974e-02   6.555606e-12   7094
  2.002234e+01   4.907704e-10   0.000000e+00   6.759828e-12   6174
  2.004261e+01   5.026222e-10   4.516290e-03   7.107646e-12   5754
  2.006139e+01   5.017519e-10   0.000000e+00   7.596655e-12   5214
  2.008302e+01   4.430430e-10   0.000000e+00   5.981028e-12   6338
  2.010586e+01   4.120687e-10   9.447402e-03   5.852263e-12   5352
  2.012591e+01   4.254039e-10   0.000000e+00   6.551905e-12   4830
  2.014382e+01   4.433914e-10   7.776080e-03   7.038546e-12   4338
  2.016557e+01   3.798101e-10   0.000000e+00   5.380904e-12   5558
  2.018939e+01   3.695411e-10   1.416330e-02   5.752473e-12   4866
  2.020984e+01   3.567400e-10   2.472778e-02   6.160815e-12   3846
  2.022612e+01   4.057349e-10   0.000000e+00   7.435306e-12   3518
  2.024795e+01   3.311610e-10   2.177267e-02   5.153219e-12   4812
  2.027247e+01   3.076158e-10   1.139806e-02   5.307507e-12   4278
  2.029372e+01   3.241339e-10   1.932922e-02   6.106916e-12   3174
  2.030844e+01   3.431745e-10   0.000000e+00   6.699876e-12   2738
  2.033019e+01   2.711014e-10   1.135846e-02   4.267963e-12   4086
  2.035522e+01   2.688019e-10   7.669249e-03   4.838233e-12   3666
  2.037748e+01   2.496869e-10   1.366529e-02   4.820837e-12   2712
  2.039076e+01   2.857281e-10   8.257776e-03   6.676134e-12   1998
  2.041239e+01   2.264085e-10   1.159090e-02   4.123635e-12   3434
  2.043794e+01   2.163087e-10   0.000000e+00   4.204048e-12   3078
  2.046126e+01   2.122685e-10   1.013808e-02   4.913151e-12   2334
  2.047313e+01   2.452049e-10   0.000000e+00   6.624110e-12   1340
  2.049457e+01   1.933383e-10   0.000000e+00   3.587791e-12   2838
  2.052072e+01   1.657297e-10   0.000000e+00   3.400616e-12   2538
  2.054513e+01   1.627875e-10   1.515076e-02   4.522304e-12   1974
  2.055491e+01   2.151661e-10   1.293140e-02   8.223684e-12   774
  2.057646e+01   1.519814e-10   0.000000e+00   3.285416e-12   2300
  2.060325e+01   1.312572e-10   1.364933e-02   2.937554e-12   2046
  2.062877e+01   1.239735e-10   4.449757e-03   3.406421e-12   1626
  2.063671e+01   1.991289e-10   7.735646e-03   8.931862e-12   390
  2.065818e+01   1.237304e-10   7.851642e-03   3.484747e-12   1766
  2.068540e+01   1.074987e-10   0.000000e+00   2.864377e-12   1596
  2.071199e+01   9.040207e-11   0.000000e+00   2.537709e-12   1302
  2.071852e+01   1.595232e-10   0.000000e+00   1.243818e-11   150
  2.074003e+01   8.872279e-11   2.644073e-03   2.604291e-12   1298
  2.076735e+01   7.981799e-11   0.000000e+00   2.211818e-12   1158
  2.079453e+01   7.111779e-11   4.394243e-03   2.257105e-12   996
  2.080451e+01   1.054936e-10   1.076411e-02   1.310336e-11   38
  2.082208e+01   6.375803e-11   0.000000e+00   2.143721e-12   894
  2.084944e+01   6.140193e-11   9.709219e-03   2.212839e-12   786
  2.087684e+01   4.665196e-11   0.000000e+00   2.098198e-12   678
  2.090290e+01   1.593668e-11   0.000000e+00   4.819009e-12   8
  2.090428e+01   4.717376e-11   8.810967e-03   2.119966e-12   570
  2.093169e+01   3.629073e-11   1.240509e-02   1.781694e-12   486
  2.095915e+01   2.524067e-11   0.000000e+00   1.346150e-12   402
  2.098585e+01   2.025527e-11   0.000000e+00   2.946004e-12   8
  2.098664e+01   2.269337e-11   1.092789e-02   1.274905e-12   318
  2.101412e+01   1.967727e-11   0.000000e+00   1.219181e-12   258
  2.104164e+01   1.288795e-11   0.000000e+00   9.981257e-13   198
  2.106880e+01   8.663574e-12   0.000000e+00   1.287620e-12   8
  2.106919e+01   1.097371e-11   0.000000e+00   9.847104e-13   138
  2.109671e+01   7.677333e-12   3.586795e-03   8.175132e-13   102
  2.112428e+01   5.084380e-12   6.532758e-03   7.113311e-13   66
  2.115187e+01   4.995360e-12   0.000000e+00   6.056878e-13   38
  2.117947e+01   2.195191e-12   0.000000e+00   4.505301e-13   18
  2.120708e+01   4.776196e-13   0.000000e+00   1.853648e-13   6
