# power spectrum of omega (curl v)
# redshift z=0.892300
# k              Pk             sigma(k)       sigma(Pk)      count
  4.789006e-02   1.783289e-17   1.569186e-05   1.191783e-18   6
  6.772678e-02   1.414978e-16   0.000000e+00   2.744179e-17   12
  8.844750e-02   8.583452e-16   6.350197e-03   1.962342e-16   14
  1.121958e-01   1.763505e-15   5.110132e-03   1.779430e-16   48
  1.413226e-01   6.993433e-15   3.711993e-03   6.941642e-16   42
  1.551375e-01   1.718539e-14   3.695504e-03   1.538687e-15   48
  1.759035e-01   2.462424e-14   4.430317e-03   1.688676e-15   80
  1.993525e-01   5.667085e-14   3.439775e-03   3.363676e-15   90
  2.172926e-01   8.733194e-14   5.401395e-03   4.905027e-15   120
  2.427789e-01   2.006544e-13   4.539269e-03   1.188011e-14   158
  2.596594e-01   3.027084e-13   2.154172e-03   1.940885e-14   120
  2.799969e-01   3.891613e-13   4.814837e-03   2.232227e-14   186
  3.024673e-01   6.220819e-13   6.584405e-03   2.566349e-14   264
  3.207263e-01   8.830808e-13   3.554717e-03   4.999196e-14   168
  3.440233e-01   1.547779e-12   6.353114e-03   6.370923e-14   386
  3.635186e-01   1.914813e-12   3.844319e-03   7.885626e-14   192
  3.827000e-01   2.597576e-12   6.302989e-03   1.018775e-13   390
  4.042493e-01   3.309268e-12   6.599222e-03   1.175218e-13   396
  4.244941e-01   4.319814e-12   6.547168e-03   1.641897e-13   398
  4.467496e-01   6.883132e-12   6.417329e-03   2.103905e-13   576
  4.686509e-01   8.462637e-12   6.510439e-03   3.080969e-13   444
  4.878078e-01   9.386495e-12   5.874003e-03   2.838494e-13   590
  5.096214e-01   1.279946e-11   6.432479e-03   3.645704e-13   648
  5.308979e-01   1.576356e-11   5.692893e-03   4.736802e-13   654
  5.498012e-01   2.044369e-11   4.722042e-03   6.069576e-13   636
  5.709321e-01   2.195772e-11   7.079544e-03   5.478255e-13   830
  5.907593e-01   2.739023e-11   5.095999e-03   7.198905e-13   792
  6.110328e-01   3.017914e-11   5.241142e-03   7.360158e-13   804
  6.317957e-01   3.952009e-11   6.468770e-03   8.437840e-13   1038
  6.518970e-01   4.620084e-11   5.066866e-03   1.142301e-12   936
  6.736844e-01   5.450855e-11   5.920520e-03   1.249239e-12   1130
  6.934320e-01   5.954721e-11   5.498096e-03   1.295211e-12   1104
  7.151093e-01   7.075237e-11   6.112917e-03   1.437402e-12   1230
  7.349322e-01   8.476455e-11   6.212201e-03   1.583762e-12   1260
  7.550713e-01   9.820859e-11   5.367123e-03   2.087044e-12   1286
  7.778485e-01   1.072534e-10   6.513251e-03   1.864760e-12   1728
  7.994312e-01   1.214607e-10   5.761882e-03   2.536729e-12   1392
  8.199443e-01   1.427288e-10   5.451671e-03   2.583993e-12   1626
  8.409694e-01   1.558027e-10   6.470306e-03   2.668518e-12   1760
  8.620805e-01   1.753060e-10   5.346546e-03   2.973922e-12   1686
  8.819823e-01   1.979481e-10   5.438430e-03   3.340378e-12   1812
  9.023318e-01   2.128692e-10   6.253163e-03   3.523380e-12   1862
  9.231285e-01   2.438460e-10   5.568747e-03   3.659918e-12   2160
  9.440529e-01   2.623050e-10   5.707255e-03   4.591171e-12   1956
  9.651054e-01   3.056798e-10   6.405607e-03   4.421930e-12   2454
  9.856496e-01   3.114707e-10   4.996224e-03   4.913933e-12   2048
  1.006269e+00   3.489351e-10   6.503570e-03   4.886632e-12   2538
  1.026621e+00   4.001774e-10   5.450501e-03   5.816058e-12   2400
  1.047192e+00   4.311260e-10   6.493922e-03   5.940086e-12   2526
  1.067717e+00   4.550283e-10   6.428646e-03   6.125221e-12   2856
  1.089126e+00   4.929049e-10   6.045743e-03   6.587715e-12   2804
  1.110271e+00   5.428964e-10   6.287655e-03   7.269716e-12   2958
  1.130394e+00   5.855673e-10   6.090740e-03   7.857561e-12   2976
  1.151629e+00   6.570872e-10   6.085785e-03   8.325424e-12   3194
  1.171511e+00   6.659909e-10   6.051968e-03   8.652001e-12   3120
  1.193046e+00   7.521063e-10   6.150978e-03   8.828868e-12   3606
  1.213599e+00   7.834821e-10   5.612012e-03   9.924481e-12   3276
  1.233622e+00   8.390744e-10   6.332641e-03   9.973101e-12   3600
  1.254220e+00   9.161775e-10   5.572771e-03   1.093386e-11   3638
  1.274050e+00   9.807701e-10   5.946849e-03   1.219033e-11   3744
  1.295503e+00   1.027470e-09   6.187291e-03   1.127889e-11   4170
  1.316011e+00   1.084735e-09   5.789618e-03   1.222742e-11   3984
  1.336899e+00   1.188478e-09   5.879074e-03   1.299997e-11   4334
  1.357509e+00   1.229920e-09   5.453663e-03   1.317638e-11   4284
  1.377862e+00   1.287699e-09   6.586002e-03   1.351635e-11   4374
  1.399143e+00   1.384494e-09   5.855279e-03   1.392975e-11   5016
  1.420102e+00   1.466660e-09   5.667020e-03   1.476593e-11   4580
  1.440995e+00   1.542949e-09   6.615990e-03   1.511097e-11   5142
  1.462309e+00   1.654552e-09   6.349700e-03   1.657577e-11   5184
  1.483176e+00   1.735741e-09   4.984571e-03   1.768611e-11   5058
  1.503228e+00   1.830770e-09   5.897393e-03   1.792404e-11   5384
  1.524670e+00   1.886056e-09   6.695675e-03   1.844347e-11   5622
  1.545353e+00   2.008441e-09   5.687847e-03   1.841867e-11   5736
  1.565950e+00   2.108175e-09   5.060211e-03   2.025557e-11   5596
  1.586643e+00   2.229490e-09   6.415419e-03   2.018123e-11   6070
  1.607167e+00   2.418131e-09   4.962312e-03   2.219779e-11   6096
  1.628581e+00   2.370288e-09   6.133622e-03   2.135691e-11   6474
  1.648392e+00   2.513554e-09   5.838056e-03   2.292416e-11   6024
  1.669580e+00   2.677275e-09   5.899251e-03   2.311512e-11   7070
  1.690573e+00   2.843023e-09   4.838632e-03   2.477257e-11   6516
  1.710708e+00   2.977682e-09   5.863701e-03   2.643750e-11   6936
  1.731727e+00   3.035052e-09   5.905101e-03   2.561129e-11   7110
  1.752059e+00   3.165352e-09   4.510460e-03   2.639419e-11   7244
  1.773569e+00   3.259302e-09   6.386844e-03   2.646461e-11   7878
  1.794402e+00   3.452177e-09   6.121567e-03   2.875003e-11   7344
  1.814575e+00   3.544732e-09   6.397680e-03   2.864637e-11   7694
  1.835593e+00   3.690637e-09   6.142285e-03   2.868601e-11   8412
  1.856699e+00   3.878492e-09   6.432620e-03   3.041544e-11   7920
  1.876759e+00   3.913002e-09   5.480448e-03   3.109613e-11   8118
  1.897178e+00   4.102075e-09   6.287687e-03   3.218142e-11   8548
  1.917951e+00   4.169447e-09   6.416240e-03   3.248085e-11   8710
  1.938549e+00   4.378712e-09   5.618245e-03   3.279265e-11   8928
  1.959695e+00   4.499881e-09   6.167740e-03   3.417730e-11   9186
  1.979980e+00   4.622327e-09   6.761629e-03   3.414034e-11   9200
  2.000891e+00   4.782777e-09   5.705561e-03   3.558197e-11   9438
  2.021277e+00   4.907040e-09   8.018434e-03   3.654361e-11   9564
  2.042231e+00   5.096931e-09   6.218670e-03   3.655001e-11   10296
  2.063682e+00   5.266401e-09   5.425155e-03   3.797833e-11   10126
  2.083777e+00   5.338297e-09   6.825170e-03   3.880852e-11   10024
  2.105151e+00   5.550464e-09   4.712298e-03   3.773034e-11   11082
  2.126137e+00   5.714485e-09   7.350734e-03   3.958022e-11   10632
  2.146648e+00   5.868507e-09   5.424491e-03   4.057744e-11   10734
  2.167370e+00   6.031912e-09   6.519432e-03   4.050683e-11   11276
  2.188085e+00   6.235164e-09   5.747932e-03   4.126690e-11   11352
  2.208991e+00   6.316514e-09   6.107592e-03   4.237815e-11   11550
  2.229513e+00   6.595400e-09   5.562389e-03   4.347022e-11   11772
  2.250338e+00   6.696813e-09   7.010120e-03   4.408944e-11   12038
  2.270908e+00   6.913105e-09   8.625232e-03   4.530080e-11   12096
  2.291762e+00   7.081064e-09   6.910786e-03   4.476709e-11   12582
  2.312386e+00   7.192742e-09   1.857922e-03   4.595643e-11   12620
  2.333484e+00   7.202590e-09   7.266017e-03   4.415475e-11   13320
  2.354132e+00   7.485344e-09   6.619310e-03   4.739490e-11   12654
  2.374385e+00   7.810356e-09   1.310404e-03   4.875664e-11   13236
  2.394941e+00   7.780458e-09   9.471862e-03   4.709078e-11   13438
  2.415712e+00   8.001083e-09   9.353479e-03   4.807795e-11   14344
  2.437237e+00   8.245160e-09   5.800992e-03   4.959308e-11   14226
  2.457572e+00   8.455650e-09   4.728886e-03   5.047932e-11   14088
  2.478175e+00   8.526876e-09   0.000000e+00   5.055253e-11   14328
  2.498827e+00   8.773148e-09   6.531052e-03   5.054671e-11   14954
  2.519760e+00   8.876028e-09   5.039515e-03   5.087692e-11   15480
  2.540776e+00   9.163314e-09   6.821175e-03   5.319145e-11   14862
  2.560688e+00   9.185846e-09   8.072887e-03   5.276555e-11   15296
  2.581598e+00   9.460628e-09   7.663917e-03   5.377476e-11   15954
  2.602086e+00   9.568039e-09   6.557528e-03   5.349987e-11   15720
  2.622579e+00   9.679369e-09   2.783257e-03   5.322379e-11   16296
  2.643690e+00   9.947454e-09   4.134317e-03   5.479904e-11   17010
  2.664189e+00   1.021184e-08   3.512510e-03   5.731486e-11   16328
  2.684811e+00   1.042210e-08   3.163090e-03   5.578190e-11   17094
  2.705495e+00   1.044593e-08   8.519659e-03   5.638867e-11   17436
  2.726415e+00   1.079407e-08   8.758414e-03   5.732838e-11   17862
  2.747423e+00   1.081118e-08   7.408410e-03   5.699462e-11   18200
  2.768585e+00   1.100553e-08   6.292874e-04   5.680929e-11   18450
  2.789287e+00   1.119433e-08   3.712509e-03   5.923620e-11   18384
  2.809940e+00   1.146365e-08   5.656220e-03   6.096894e-11   18504
  2.830568e+00   1.157831e-08   4.389778e-03   5.942418e-11   19142
  2.851613e+00   1.201631e-08   5.937253e-03   6.024034e-11   19692
  2.872433e+00   1.205351e-08   6.163913e-03   6.189028e-11   19062
  2.892804e+00   1.217741e-08   0.000000e+00   6.055614e-11   20184
  2.913859e+00   1.231364e-08   7.569126e-03   6.113194e-11   19970
  2.934397e+00   1.230729e-08   0.000000e+00   6.129050e-11   20496
  2.955536e+00   1.264703e-08   8.611170e-03   6.066818e-11   21456
  2.976109e+00   1.277426e-08   5.930427e-03   6.412819e-11   19650
  2.996304e+00   1.298788e-08   9.594534e-03   6.213444e-11   22040
  3.017594e+00   1.327238e-08   1.291681e-02   6.447581e-11   21558
  3.038152e+00   1.334857e-08   0.000000e+00   6.424542e-11   21804
  3.058764e+00   1.352155e-08   8.024289e-03   6.387320e-11   21926
  3.079309e+00   1.368543e-08   9.499978e-03   6.476129e-11   22416
  3.099937e+00   1.382203e-08   8.542884e-03   6.572641e-11   22776
  3.121146e+00   1.394808e-08   6.624540e-03   6.400582e-11   23874
  3.141984e+00   1.427291e-08   0.000000e+00   6.763220e-11   23104
  3.162701e+00   1.447883e-08   1.207449e-03   6.682070e-11   23974
  3.183467e+00   1.467467e-08   1.386628e-02   6.699983e-11   23892
  3.203873e+00   1.492273e-08   0.000000e+00   6.889429e-11   23550
  3.224418e+00   1.484012e-08   6.642348e-03   6.659519e-11   25320
  3.245288e+00   1.527458e-08   1.193212e-02   6.987216e-11   24428
  3.265710e+00   1.538059e-08   8.242303e-03   6.866955e-11   25254
  3.286619e+00   1.557202e-08   0.000000e+00   6.813017e-11   26016
  3.307230e+00   1.550495e-08   9.040328e-04   6.954107e-11   25182
  3.328033e+00   1.581522e-08   3.784298e-03   6.858163e-11   27428
  3.349135e+00   1.605207e-08   5.513118e-03   7.048197e-11   25974
  3.369439e+00   1.623850e-08   8.617017e-03   6.981545e-11   26904
  3.390059e+00   1.640084e-08   3.099080e-03   7.224096e-11   26730
  3.410702e+00   1.651766e-08   0.000000e+00   7.082163e-11   27896
  3.431859e+00   1.672525e-08   1.052021e-02   7.016459e-11   28992
  3.453271e+00   1.678819e-08   2.610761e-03   6.998644e-11   28698
  3.473700e+00   1.706646e-08   0.000000e+00   7.393073e-11   27816
  3.494571e+00   1.711235e-08   0.000000e+00   7.058016e-11   29774
  3.515449e+00   1.740164e-08   6.877425e-03   7.214607e-11   29148
  3.535861e+00   1.750755e-08   0.000000e+00   7.441787e-11   28806
  3.556422e+00   1.771053e-08   1.151183e-02   7.165374e-11   30408
  3.577217e+00   1.775972e-08   0.000000e+00   7.336133e-11   30320
  3.598191e+00   1.802492e-08   0.000000e+00   7.335145e-11   30930
  3.619128e+00   1.825279e-08   0.000000e+00   7.297363e-11   31656
  3.639581e+00   1.806487e-08   5.317240e-04   7.342899e-11   30086
  3.660128e+00   1.860406e-08   1.342628e-02   7.292448e-11   32724
  3.680837e+00   1.880326e-08   7.578259e-03   7.592037e-11   30846
  3.701404e+00   1.879097e-08   2.139363e-03   7.299077e-11   33480
  3.722425e+00   1.912632e-08   1.082396e-02   7.516288e-11   32724
  3.742979e+00   1.928846e-08   6.854475e-03   7.551742e-11   32894
  3.763829e+00   1.937738e-08   0.000000e+00   7.361971e-11   34200
  3.784682e+00   1.956230e-08   8.733941e-03   7.595759e-11   33594
  3.805163e+00   1.980529e-08   0.000000e+00   7.610478e-11   34336
  3.826057e+00   1.978318e-08   0.000000e+00   7.541049e-11   34822
  3.846791e+00   1.997443e-08   0.000000e+00   7.523457e-11   35472
  3.867411e+00   2.017372e-08   0.000000e+00   7.708849e-11   34404
  3.887970e+00   2.026348e-08   0.000000e+00   7.608809e-11   36222
  3.908577e+00   2.055648e-08   6.170888e-03   7.711113e-11   35984
  3.929394e+00   2.041978e-08   8.673368e-03   7.617290e-11   36570
  3.950033e+00   2.081323e-08   0.000000e+00   7.621238e-11   37176
  3.970896e+00   2.126878e-08   0.000000e+00   7.908795e-11   37406
  3.991674e+00   2.098597e-08   0.000000e+00   7.711295e-11   38052
  4.012283e+00   2.125353e-08   0.000000e+00   7.816065e-11   37590
  4.033175e+00   2.125883e-08   1.035344e-02   7.651673e-11   39480
  4.053854e+00   2.155485e-08   0.000000e+00   7.861988e-11   38260
  4.074528e+00   2.171044e-08   1.027591e-02   7.750557e-11   39646
  4.095623e+00   2.169141e-08   5.625093e-03   7.745557e-11   40944
  4.116542e+00   2.179777e-08   0.000000e+00   7.873437e-11   39678
  4.137150e+00   2.209483e-08   0.000000e+00   7.748970e-11   40804
  4.157881e+00   2.221568e-08   0.000000e+00   7.868481e-11   40606
  4.178646e+00   2.217068e-08   1.384182e-02   7.750591e-11   42216
  4.199539e+00   2.259228e-08   0.000000e+00   7.860752e-11   41532
  4.220177e+00   2.255620e-08   0.000000e+00   7.830334e-11   41990
  4.240665e+00   2.286595e-08   1.464131e-02   7.855820e-11   42360
  4.261571e+00   2.276083e-08   4.357071e-03   7.733162e-11   43530
  4.282349e+00   2.310215e-08   8.399372e-03   7.872949e-11   43848
  4.303061e+00   2.317419e-08   0.000000e+00   7.977089e-11   42870
  4.323842e+00   2.344508e-08   1.425356e-02   7.801388e-11   46160
  4.344701e+00   2.368514e-08   5.258964e-03   8.124716e-11   43380
  4.365241e+00   2.341073e-08   0.000000e+00   7.785102e-11   45294
  4.385851e+00   2.361990e-08   1.300247e-02   7.864022e-11   45744
  4.406925e+00   2.371703e-08   0.000000e+00   7.811704e-11   46682
  4.427541e+00   2.392753e-08   7.681094e-03   8.067545e-11   45840
  4.448226e+00   2.406663e-08   0.000000e+00   7.953632e-11   47118
  4.468865e+00   2.412458e-08   1.933879e-02   7.948174e-11   47124
  4.489588e+00   2.430402e-08   4.411940e-03   7.895888e-11   47984
  4.510730e+00   2.432511e-08   8.669977e-03   7.777399e-11   49566
  4.531118e+00   2.456835e-08   4.853446e-03   8.218554e-11   46284
  4.551570e+00   2.456147e-08   1.373275e-02   7.897613e-11   49966
  4.572384e+00   2.457495e-08   1.045695e-02   7.914394e-11   49360
  4.593072e+00   2.492124e-08   2.962480e-03   8.025080e-11   49806
  4.613927e+00   2.487020e-08   1.135953e-02   7.842113e-11   51492
  4.634555e+00   2.518731e-08   1.533182e-02   8.127051e-11   49496
  4.655357e+00   2.518109e-08   1.552867e-02   7.815473e-11   53190
  4.676336e+00   2.509332e-08   0.000000e+00   7.939582e-11   51060
  4.696902e+00   2.535248e-08   0.000000e+00   8.032935e-11   52134
  4.717533e+00   2.537681e-08   1.019654e-02   7.894829e-11   53088
  4.738327e+00   2.548825e-08   7.209587e-03   7.990473e-11   52706
  4.759059e+00   2.583027e-08   9.994419e-03   7.891494e-11   54936
  4.780123e+00   2.573064e-08   0.000000e+00   7.886900e-11   53886
  4.800723e+00   2.577365e-08   0.000000e+00   7.916673e-11   54436
  4.821321e+00   2.606157e-08   0.000000e+00   7.916025e-11   55096
  4.842331e+00   2.603817e-08   0.000000e+00   7.866188e-11   56358
  4.862919e+00   2.614120e-08   0.000000e+00   7.878702e-11   55632
  4.883674e+00   2.608231e-08   1.994248e-02   7.906286e-11   56530
  4.904376e+00   2.648207e-08   0.000000e+00   7.958299e-11   57232
  4.925004e+00   2.644748e-08   0.000000e+00   7.931039e-11   56766
  4.946156e+00   2.642841e-08   0.000000e+00   7.736952e-11   60804
  4.966739e+00   2.648630e-08   3.038454e-03   8.160414e-11   55536
  4.987401e+00   2.637590e-08   2.487696e-02   7.691710e-11   61166
  5.008143e+00   2.680522e-08   0.000000e+00   8.048521e-11   57396
  5.028656e+00   2.679178e-08   1.193661e-02   7.790014e-11   60870
  5.049484e+00   2.686060e-08   0.000000e+00   7.788306e-11   60224
  5.070205e+00   2.690849e-08   1.767444e-02   7.785138e-11   61002
  5.090995e+00   2.702991e-08   1.605038e-02   7.737147e-11   62016
  5.111675e+00   2.706986e-08   0.000000e+00   7.952105e-11   60768
  5.132188e+00   2.695105e-08   2.345158e-02   7.796705e-11   62870
  5.153160e+00   2.738357e-08   8.435046e-03   7.775478e-11   63804
  5.174011e+00   2.722354e-08   1.107542e-02   7.809996e-11   63054
  5.194388e+00   2.724160e-08   8.289220e-03   7.824579e-11   63024
  5.215203e+00   2.730050e-08   0.000000e+00   7.715024e-11   65018
  5.235782e+00   2.732562e-08   1.503960e-02   7.656829e-11   64608
  5.256576e+00   2.752686e-08   0.000000e+00   7.750486e-11   65688
  5.277311e+00   2.760311e-08   2.262282e-02   7.699815e-11   65994
  5.297979e+00   2.773274e-08   0.000000e+00   7.719192e-11   66648
  5.318871e+00   2.768358e-08   1.553789e-02   7.648828e-11   67310
  5.339463e+00   2.791622e-08   0.000000e+00   7.807509e-11   67224
  5.360200e+00   2.795302e-08   5.627071e-03   7.767233e-11   68034
  5.381015e+00   2.766851e-08   0.000000e+00   7.569535e-11   69744
  5.401831e+00   2.809715e-08   1.126273e-02   7.758252e-11   68654
  5.422854e+00   2.785826e-08   1.562259e-02   7.465062e-11   72132
  5.443654e+00   2.807344e-08   9.588795e-03   7.772104e-11   68520
  5.464158e+00   2.816767e-08   1.514770e-02   7.610714e-11   71070
  5.485072e+00   2.808757e-08   0.000000e+00   7.581653e-11   71948
  5.505774e+00   2.815625e-08   2.290081e-02   7.583124e-11   71598
  5.526655e+00   2.824653e-08   0.000000e+00   7.508139e-11   73536
  5.547363e+00   2.845373e-08   2.741091e-02   7.623234e-11   71802
  5.567856e+00   2.833600e-08   0.000000e+00   7.558719e-11   73280
  5.588593e+00   2.834100e-08   0.000000e+00   7.492480e-11   73992
  5.609518e+00   2.830399e-08   1.270676e-02   7.423152e-11   75966
  5.630238e+00   2.855494e-08   0.000000e+00   7.546360e-11   74364
  5.650980e+00   2.837591e-08   1.595399e-02   7.343230e-11   76094
  5.671666e+00   2.850068e-08   0.000000e+00   7.483006e-11   76224
  5.692417e+00   2.874885e-08   9.531709e-03   7.558945e-11   76242
  5.712949e+00   2.877879e-08   0.000000e+00   7.536481e-11   76944
  5.733684e+00   2.867491e-08   0.000000e+00   7.441646e-11   78680
  5.754738e+00   2.877787e-08   1.766874e-02   7.323442e-11   79962
  5.775390e+00   2.901428e-08   9.282032e-03   7.553559e-11   77760
  5.796021e+00   2.875464e-08   2.128118e-02   7.364986e-11   79590
  5.816768e+00   2.898873e-08   0.000000e+00   7.435829e-11   80732
  5.837570e+00   2.894590e-08   2.656130e-02   7.348892e-11   81174
  5.858317e+00   2.900006e-08   9.106319e-03   7.385213e-11   80832
  5.878648e+00   2.897114e-08   2.680278e-02   7.459512e-11   79992
  5.899506e+00   2.870958e-08   0.000000e+00   7.113189e-11   84314
  5.920440e+00   2.906323e-08   0.000000e+00   7.315809e-11   83592
  5.941251e+00   2.903406e-08   1.968386e-02   7.328237e-11   83838
  5.961944e+00   2.900305e-08   0.000000e+00   7.266444e-11   83676
  5.982557e+00   2.891509e-08   1.305439e-02   7.193164e-11   84950
  6.003230e+00   2.903361e-08   0.000000e+00   7.284586e-11   84912
  6.024026e+00   2.918351e-08   2.429099e-02   7.180785e-11   87162
  6.044868e+00   2.896491e-08   0.000000e+00   7.079749e-11   86440
  6.065492e+00   2.920454e-08   0.000000e+00   7.209682e-11   86560
  6.086296e+00   2.903388e-08   0.000000e+00   7.155529e-11   88698
  6.106998e+00   2.909557e-08   3.028398e-02   7.088166e-11   88920
  6.127981e+00   2.914148e-08   0.000000e+00   7.158570e-11   88814
  6.148555e+00   2.905246e-08   7.529293e-03   7.052392e-11   90336
  6.169522e+00   2.926321e-08   0.000000e+00   7.062744e-11   90282
  6.190226e+00   2.914797e-08   0.000000e+00   7.058177e-11   90840
  6.210762e+00   2.918236e-08   2.233293e-02   7.089444e-11   91128
  6.231707e+00   2.910639e-08   0.000000e+00   6.959277e-11   92690
  6.252315e+00   2.913479e-08   0.000000e+00   6.965299e-11   92160
  6.273109e+00   2.930191e-08   0.000000e+00   7.013924e-11   93534
  6.293744e+00   2.917255e-08   0.000000e+00   7.012050e-11   93484
  6.314477e+00   2.941244e-08   4.201916e-03   7.015079e-11   95206
  6.335383e+00   2.919133e-08   1.010398e-02   6.864333e-11   96048
  6.355953e+00   2.929102e-08   9.187865e-03   6.973092e-11   93600
  6.376648e+00   2.908454e-08   0.000000e+00   6.838107e-11   97410
  6.397378e+00   2.911139e-08   2.736217e-02   6.780900e-11   97856
  6.418314e+00   2.927374e-08   0.000000e+00   6.887474e-11   97278
  6.438964e+00   2.906355e-08   1.706599e-02   6.757488e-11   98916
  6.459628e+00   2.917941e-08   0.000000e+00   6.868884e-11   96894
  6.480185e+00   2.910000e-08   0.000000e+00   6.717473e-11   100976
  6.501132e+00   2.933089e-08   0.000000e+00   6.837441e-11   100164
  6.521749e+00   2.923654e-08   0.000000e+00   6.814463e-11   100014
  6.542242e+00   2.907333e-08   1.964698e-02   6.711018e-11   101040
  6.563074e+00   2.925570e-08   0.000000e+00   6.727736e-11   102338
  6.583706e+00   2.891448e-08   1.262597e-02   6.641067e-11   102912
  6.604643e+00   2.907972e-08   0.000000e+00   6.644468e-11   104238
  6.625222e+00   2.908733e-08   1.925382e-02   6.668613e-11   103104
  6.645987e+00   2.922482e-08   1.736026e-02   6.626862e-11   105404
  6.666802e+00   2.920702e-08   0.000000e+00   6.620695e-11   105198
  6.687509e+00   2.905563e-08   0.000000e+00   6.548697e-11   106632
  6.708327e+00   2.885296e-08   2.570434e-02   6.488361e-11   106706
  6.729024e+00   2.900951e-08   0.000000e+00   6.568461e-11   106992
  6.749963e+00   2.904672e-08   0.000000e+00   6.468719e-11   110118
  6.770696e+00   2.890691e-08   3.193727e-02   6.469677e-11   108084
  6.791314e+00   2.877761e-08   1.266667e-02   6.455772e-11   108222
  6.812162e+00   2.901541e-08   0.000000e+00   6.375885e-11   112160
  6.832812e+00   2.888795e-08   1.833849e-02   6.514256e-11   108492
  6.853556e+00   2.859242e-08   2.272561e-02   6.301906e-11   113262
  6.874380e+00   2.886754e-08   0.000000e+00   6.381258e-11   111360
  6.895230e+00   2.875276e-08   0.000000e+00   6.329786e-11   114182
  6.915920e+00   2.871421e-08   3.344023e-02   6.321416e-11   112884
  6.936682e+00   2.881148e-08   7.875695e-03   6.330316e-11   113934
  6.957294e+00   2.876462e-08   0.000000e+00   6.298187e-11   114504
  6.978242e+00   2.881929e-08   0.000000e+00   6.210765e-11   117500
  6.998909e+00   2.881253e-08   2.374944e-02   6.360678e-11   114102
  7.019593e+00   2.857121e-08   8.969706e-03   6.179462e-11   118584
  7.040400e+00   2.868316e-08   0.000000e+00   6.289535e-11   115546
  7.060875e+00   2.875805e-08   2.121061e-02   6.187262e-11   118984
  7.081860e+00   2.857971e-08   5.394843e-03   6.131001e-11   119526
  7.102512e+00   2.842961e-08   3.233060e-03   6.130948e-11   119436
  7.123151e+00   2.846349e-08   0.000000e+00   6.086292e-11   118632
  7.143815e+00   2.851191e-08   2.398744e-02   6.087657e-11   122510
  7.164669e+00   2.841606e-08   0.000000e+00   6.053601e-11   121680
  7.185447e+00   2.833890e-08   0.000000e+00   6.051410e-11   121434
  7.206002e+00   2.818259e-08   0.000000e+00   5.975889e-11   123928
  7.226827e+00   2.829644e-08   0.000000e+00   5.981001e-11   123910
  7.247601e+00   2.819104e-08   0.000000e+00   5.950137e-11   124452
  7.268316e+00   2.831719e-08   0.000000e+00   5.932039e-11   125376
  7.289031e+00   2.808179e-08   2.107896e-02   5.955196e-11   126638
  7.309762e+00   2.814901e-08   6.893801e-03   5.916820e-11   125844
  7.330506e+00   2.796855e-08   0.000000e+00   5.813340e-11   128142
  7.351276e+00   2.785025e-08   4.689686e-03   5.787074e-11   128136
  7.371905e+00   2.796223e-08   8.580627e-03   5.838107e-11   127642
  7.392694e+00   2.799869e-08   0.000000e+00   5.769367e-11   131968
  7.413718e+00   2.792376e-08   0.000000e+00   5.793912e-11   130326
  7.434330e+00   2.765808e-08   2.203108e-02   5.719967e-11   131688
  7.455056e+00   2.767589e-08   1.136036e-02   5.740786e-11   130212
  7.475704e+00   2.770620e-08   0.000000e+00   5.744188e-11   132686
  7.496604e+00   2.776951e-08   0.000000e+00   5.661855e-11   135960
  7.517412e+00   2.779040e-08   1.653880e-02   5.753747e-11   131562
  7.537784e+00   2.756458e-08   1.339203e-02   5.661400e-11   134016
  7.558656e+00   2.766684e-08   0.000000e+00   5.639349e-11   136478
  7.579402e+00   2.739038e-08   2.839788e-02   5.590830e-11   136812
  7.600229e+00   2.740017e-08   1.849683e-02   5.507165e-11   137856
  7.620979e+00   2.743544e-08   0.000000e+00   5.610368e-11   135862
  7.641612e+00   2.739362e-08   0.000000e+00   5.481160e-11   140056
  7.662506e+00   2.749490e-08   2.490286e-02   5.558514e-11   139602
  7.683198e+00   2.733731e-08   0.000000e+00   5.542147e-11   139080
  7.703881e+00   2.736540e-08   0.000000e+00   5.490960e-11   140678
  7.724644e+00   2.717078e-08   1.338111e-02   5.426690e-11   142884
  7.745327e+00   2.715443e-08   1.060213e-02   5.476364e-11   139992
  7.766054e+00   2.702760e-08   0.000000e+00   5.339609e-11   144966
  7.786899e+00   2.708289e-08   0.000000e+00   5.395134e-11   143364
  7.807548e+00   2.706025e-08   1.884275e-02   5.393993e-11   144518
  7.828229e+00   2.698381e-08   2.012372e-02   5.383550e-11   145200
  7.848879e+00   2.684157e-08   0.000000e+00   5.353704e-11   143466
  7.869472e+00   2.680437e-08   0.000000e+00   5.254882e-11   148824
  7.890216e+00   2.676671e-08   1.585839e-02   5.313719e-11   145544
  7.910805e+00   2.663621e-08   0.000000e+00   5.222134e-11   148590
  7.931653e+00   2.661657e-08   0.000000e+00   5.173779e-11   150540
  7.952469e+00   2.663193e-08   2.797746e-02   5.227892e-11   150134
  7.973199e+00   2.668213e-08   0.000000e+00   5.238954e-11   151296
  7.994126e+00   2.660704e-08   0.000000e+00   5.153120e-11   152058
  8.014653e+00   2.645987e-08   1.670446e-02   5.175180e-11   150864
  8.035390e+00   2.646526e-08   1.526740e-02   5.145055e-11   154310
  8.056340e+00   2.633536e-08   0.000000e+00   5.095568e-11   155172
  8.077064e+00   2.631418e-08   0.000000e+00   5.096914e-11   154128
  8.097989e+00   2.601746e-08   1.284312e-02   4.971605e-11   158310
  8.118629e+00   2.620314e-08   1.900041e-02   5.089763e-11   153436
  8.139285e+00   2.609632e-08   0.000000e+00   5.019887e-11   157726
  8.160229e+00   2.589873e-08   0.000000e+00   4.957069e-11   160368
  8.180874e+00   2.586683e-08   9.094621e-03   4.983499e-11   155718
  8.201480e+00   2.583364e-08   0.000000e+00   4.945241e-11   160028
  8.222226e+00   2.590958e-08   0.000000e+00   4.958422e-11   160920
  8.243007e+00   2.569068e-08   1.345889e-02   4.913646e-11   161070
  8.263783e+00   2.571514e-08   3.082679e-02   4.860592e-11   163428
  8.284440e+00   2.579969e-08   0.000000e+00   4.959705e-11   159574
  8.305243e+00   2.558416e-08   0.000000e+00   4.800877e-11   167392
  8.326056e+00   2.560993e-08   2.444435e-02   4.872554e-11   162258
  8.346723e+00   2.554593e-08   1.310955e-02   4.790143e-11   167472
  8.367537e+00   2.558314e-08   0.000000e+00   4.864963e-11   163664
  8.388105e+00   2.535680e-08   0.000000e+00   4.768539e-11   166986
  8.408898e+00   2.530360e-08   1.735046e-02   4.711608e-11   169968
  8.429854e+00   2.524825e-08   0.000000e+00   4.722207e-11   167646
  8.450318e+00   2.508351e-08   0.000000e+00   4.704304e-11   168080
  8.471077e+00   2.517969e-08   1.611614e-02   4.664560e-11   170826
  8.491848e+00   2.504407e-08   0.000000e+00   4.669408e-11   170928
  8.512426e+00   2.502157e-08   1.757887e-02   4.649784e-11   170640
  8.533267e+00   2.492430e-08   0.000000e+00   4.609233e-11   173954
  8.553926e+00   2.479432e-08   2.672614e-02   4.595485e-11   173232
  8.574735e+00   2.477013e-08   0.000000e+00   4.580778e-11   174150
  8.595484e+00   2.471045e-08   3.685749e-03   4.560518e-11   176364
  8.616200e+00   2.469021e-08   1.695804e-02   4.523943e-11   175302
  8.636930e+00   2.468897e-08   6.451501e-03   4.507982e-11   177392
  8.657596e+00   2.454710e-08   1.817785e-02   4.515487e-11   176352
  8.678422e+00   2.451952e-08   0.000000e+00   4.487497e-11   180330
  8.699243e+00   2.449888e-08   1.025485e-02   4.450908e-11   180712
  8.719973e+00   2.430910e-08   1.586153e-02   4.465662e-11   179350
  8.740767e+00   2.433294e-08   1.402369e-02   4.389886e-11   183396
  8.761614e+00   2.422534e-08   0.000000e+00   4.423499e-11   180390
  8.782097e+00   2.413286e-08   0.000000e+00   4.414753e-11   181944
  8.802931e+00   2.408118e-08   0.000000e+00   4.341434e-11   185450
  8.823812e+00   2.403697e-08   7.958533e-03   4.345799e-11   186192
  8.844458e+00   2.404539e-08   1.994498e-02   4.355972e-11   183432
  8.865128e+00   2.392668e-08   0.000000e+00   4.342744e-11   185362
  8.885756e+00   2.373977e-08   6.401698e-03   4.265061e-11   188464
  8.906656e+00   2.384263e-08   0.000000e+00   4.315313e-11   188046
  8.927418e+00   2.364121e-08   1.313466e-02   4.219273e-11   191304
  8.948113e+00   2.377231e-08   2.463987e-02   4.291871e-11   186690
  8.968904e+00   2.359678e-08   0.000000e+00   4.184759e-11   194072
  8.989560e+00   2.365509e-08   2.119078e-02   4.266994e-11   188688
  9.010216e+00   2.333323e-08   0.000000e+00   4.180810e-11   192786
  9.030896e+00   2.335853e-08   7.747427e-03   4.164072e-11   193352
  9.051798e+00   2.331017e-08   0.000000e+00   4.125109e-11   195702
  9.072475e+00   2.324894e-08   2.852742e-02   4.122308e-11   195132
  9.093242e+00   2.319165e-08   0.000000e+00   4.104933e-11   195726
  9.113935e+00   2.293632e-08   0.000000e+00   4.020576e-11   197416
  9.134634e+00   2.316678e-08   8.299321e-03   4.081038e-11   196564
  9.155405e+00   2.296369e-08   1.945483e-02   4.031560e-11   201198
  9.176135e+00   2.289598e-08   5.667226e-03   4.043885e-11   197136
  9.196708e+00   2.280999e-08   0.000000e+00   3.991777e-11   199358
  9.217376e+00   2.274584e-08   2.704788e-02   3.953048e-11   203532
  9.238268e+00   2.274157e-08   0.000000e+00   3.963583e-11   201438
  9.258961e+00   2.263789e-08   0.000000e+00   3.955935e-11   203664
  9.279644e+00   2.275231e-08   2.775225e-02   3.949024e-11   203972
  9.300373e+00   2.250236e-08   2.148686e-02   3.921924e-11   205974
  9.321185e+00   2.247727e-08   0.000000e+00   3.903339e-11   205752
  9.342029e+00   2.234337e-08   0.000000e+00   3.859258e-11   207810
  9.362528e+00   2.237791e-08   3.622683e-02   3.880065e-11   206384
  9.383440e+00   2.234760e-08   0.000000e+00   3.813379e-11   210966
  9.404245e+00   2.211358e-08   0.000000e+00   3.799539e-11   210516
  9.425014e+00   2.220603e-08   0.000000e+00   3.812832e-11   209766
  9.445648e+00   2.204169e-08   4.094303e-02   3.793846e-11   212376
  9.466450e+00   2.213190e-08   0.000000e+00   3.781766e-11   212960
  9.487359e+00   2.186782e-08   0.000000e+00   3.743341e-11   214626
  9.507989e+00   2.195872e-08   2.925699e-02   3.774095e-11   213696
  9.528715e+00   2.185040e-08   2.900043e-02   3.720519e-11   215734
  9.549396e+00   2.172387e-08   0.000000e+00   3.731403e-11   213220
  9.570089e+00   2.181324e-08   0.000000e+00   3.666352e-11   219102
  9.590897e+00   2.159452e-08   3.428613e-02   3.643297e-11   220872
  9.611603e+00   2.168865e-08   4.989862e-02   3.686148e-11   216556
  9.632325e+00   2.148563e-08   3.861154e-02   3.607872e-11   221494
  9.653000e+00   2.143354e-08   4.210312e-02   3.630536e-11   219096
  9.673802e+00   2.144315e-08   3.096964e-02   3.604587e-11   224262
  9.694675e+00   2.125559e-08   0.000000e+00   3.581650e-11   222508
  9.715415e+00   2.132916e-08   0.000000e+00   3.564648e-11   222502
  9.735990e+00   2.121196e-08   4.011111e-02   3.541926e-11   227280
  9.756820e+00   2.118946e-08   1.923564e-02   3.563618e-11   223644
  9.777526e+00   2.110840e-08   0.000000e+00   3.543442e-11   226222
  9.798258e+00   2.102617e-08   0.000000e+00   3.475067e-11   229840
  9.819051e+00   2.094788e-08   2.598476e-02   3.514127e-11   228042
  9.839637e+00   2.087517e-08   0.000000e+00   3.487499e-11   227472
  9.860350e+00   2.088257e-08   0.000000e+00   3.449535e-11   230990
  9.881121e+00   2.078167e-08   7.753341e-03   3.445525e-11   233532
  9.901848e+00   2.071690e-08   2.956592e-02   3.412787e-11   231288
  9.922670e+00   2.068529e-08   0.000000e+00   3.423055e-11   233718
  9.943259e+00   2.063064e-08   0.000000e+00   3.412143e-11   232704
  9.964037e+00   2.060303e-08   3.093621e-02   3.363618e-11   239282
  9.984851e+00   2.054557e-08   3.768972e-02   3.388255e-11   234912
  1.000569e+01   2.049318e-08   0.000000e+00   3.353104e-11   238278
  1.002625e+01   2.033153e-08   3.706549e-02   3.343363e-11   237460
  1.004683e+01   2.037993e-08   2.693476e-02   3.338738e-11   236662
  1.006780e+01   2.024570e-08   0.000000e+00   3.274746e-11   246336
  1.008877e+01   2.028415e-08   0.000000e+00   3.285893e-11   241092
  1.010938e+01   2.009654e-08   3.479147e-02   3.277664e-11   242414
  1.013016e+01   2.017888e-08   1.408133e-02   3.277961e-11   243552
  1.015096e+01   2.008858e-08   0.000000e+00   3.258812e-11   243474
  1.017150e+01   1.994534e-08   2.442488e-02   3.233107e-11   245112
  1.019231e+01   1.993784e-08   2.629652e-02   3.222064e-11   246894
  1.021302e+01   1.981160e-08   2.014669e-02   3.209321e-11   247448
  1.023384e+01   1.986800e-08   0.000000e+00   3.177770e-11   247404
  1.025443e+01   1.969945e-08   3.941031e-02   3.175478e-11   249990
  1.027508e+01   1.974270e-08   3.774048e-02   3.178348e-11   249512
  1.029605e+01   1.973247e-08   0.000000e+00   3.132162e-11   253890
  1.031676e+01   1.955658e-08   0.000000e+00   3.145848e-11   250728
  1.033733e+01   1.967633e-08   4.816453e-02   3.132000e-11   253950
  1.035815e+01   1.945636e-08   0.000000e+00   3.106919e-11   254140
  1.037892e+01   1.950012e-08   0.000000e+00   3.094449e-11   255880
  1.039970e+01   1.936478e-08   3.049363e-02   3.078625e-11   258942
  1.042027e+01   1.944776e-08   4.566547e-02   3.094815e-11   253836
  1.044111e+01   1.927110e-08   0.000000e+00   3.039317e-11   260534
  1.046193e+01   1.921270e-08   0.000000e+00   3.031392e-11   259992
  1.048247e+01   1.917302e-08   4.689444e-02   3.021789e-11   258894
  1.050325e+01   1.911600e-08   3.707917e-02   3.008633e-11   263364
  1.052405e+01   1.923213e-08   0.000000e+00   3.038709e-11   259536
  1.054453e+01   1.903592e-08   2.121381e-02   2.994600e-11   263438
  1.056525e+01   1.905385e-08   4.211920e-02   2.991520e-11   265740
  1.058609e+01   1.883871e-08   0.000000e+00   2.972224e-11   264894
  1.060688e+01   1.894942e-08   0.000000e+00   2.938728e-11   269184
  1.062757e+01   1.888372e-08   4.033081e-02   2.948597e-11   266138
  1.064825e+01   1.883831e-08   2.833107e-02   2.931591e-11   270528
  1.066913e+01   1.884438e-08   0.000000e+00   2.939833e-11   268182
  1.068974e+01   1.867549e-08   0.000000e+00   2.921288e-11   270960
  1.071041e+01   1.870947e-08   4.908793e-02   2.866737e-11   274580
  1.073153e+01   1.867376e-08   0.000000e+00   2.876268e-11   276078
  1.075230e+01   1.864704e-08   0.000000e+00   2.876809e-11   273600
  1.077293e+01   1.853893e-08   4.101805e-02   2.861417e-11   274698
  1.079362e+01   1.855440e-08   4.367144e-02   2.851019e-11   276920
  1.081449e+01   1.851409e-08   0.000000e+00   2.835676e-11   276774
  1.083523e+01   1.842753e-08   0.000000e+00   2.833093e-11   279972
  1.085576e+01   1.841017e-08   3.515552e-02   2.837823e-11   276144
  1.087656e+01   1.830504e-08   1.662436e-02   2.788388e-11   282590
  1.089739e+01   1.832498e-08   0.000000e+00   2.795163e-11   282300
  1.091813e+01   1.820367e-08   0.000000e+00   2.758410e-11   283926
  1.093866e+01   1.814836e-08   4.709553e-02   2.778611e-11   279792
  1.095956e+01   1.817658e-08   0.000000e+00   2.734734e-11   287870
  1.098041e+01   1.807264e-08   0.000000e+00   2.737003e-11   286428
  1.100093e+01   1.811794e-08   4.599433e-02   2.754012e-11   284808
  1.102168e+01   1.794944e-08   1.610229e-02   2.721850e-11   289158
  1.104256e+01   1.808334e-08   0.000000e+00   2.725514e-11   290204
  1.106327e+01   1.795160e-08   0.000000e+00   2.702728e-11   290382
  1.108392e+01   1.786998e-08   3.193127e-02   2.672619e-11   291912
  1.110477e+01   1.794752e-08   0.000000e+00   2.686799e-11   290754
  1.112541e+01   1.775984e-08   1.628110e-02   2.646348e-11   296096
  1.114626e+01   1.784254e-08   2.707933e-02   2.658494e-11   294552
  1.116687e+01   1.772904e-08   4.684781e-02   2.660685e-11   293466
  1.118757e+01   1.773876e-08   0.000000e+00   2.642158e-11   296904
  1.120838e+01   1.774583e-08   0.000000e+00   2.641451e-11   298358
  1.122889e+01   1.763758e-08   4.515771e-02   2.612724e-11   297840
  1.124975e+01   1.769193e-08   1.819172e-02   2.628555e-11   301338
  1.127058e+01   1.753799e-08   0.000000e+00   2.612279e-11   300336
  1.129110e+01   1.769114e-08   4.935522e-02   2.603746e-11   303584
  1.131196e+01   1.752228e-08   4.085306e-02   2.586594e-11   304098
  1.133284e+01   1.757761e-08   0.000000e+00   2.592079e-11   304488
  1.135346e+01   1.737868e-08   4.529475e-02   2.551195e-11   306678
  1.137426e+01   1.750245e-08   0.000000e+00   2.590742e-11   305732
  1.139499e+01   1.741730e-08   1.594880e-02   2.543340e-11   309894
  1.141580e+01   1.737730e-08   2.395288e-02   2.533878e-11   310200
  1.143654e+01   1.742050e-08   0.000000e+00   2.553004e-11   307074
  1.145717e+01   1.721610e-08   4.682536e-02   2.504165e-11   315656
  1.147809e+01   1.738155e-08   0.000000e+00   2.538569e-11   310704
  1.149891e+01   1.728177e-08   0.000000e+00   2.513989e-11   314310
  1.151930e+01   1.723701e-08   5.504473e-02   2.512585e-11   312412
  1.154021e+01   1.721768e-08   0.000000e+00   2.471553e-11   318310
  1.156105e+01   1.713649e-08   0.000000e+00   2.494058e-11   315648
  1.158162e+01   1.721901e-08   4.324596e-02   2.456150e-11   320610
  1.160233e+01   1.708010e-08   0.000000e+00   2.481117e-11   313944
  1.162309e+01   1.709654e-08   0.000000e+00   2.437424e-11   325880
  1.164386e+01   1.707585e-08   4.373040e-02   2.475329e-11   319146
  1.166462e+01   1.710548e-08   0.000000e+00   2.449022e-11   322896
  1.168519e+01   1.703211e-08   4.845750e-02   2.440489e-11   322206
  1.170600e+01   1.704299e-08   0.000000e+00   2.425288e-11   327416
  1.172694e+01   1.708643e-08   0.000000e+00   2.438732e-11   325602
  1.174741e+01   1.694204e-08   5.875582e-02   2.422001e-11   328248
  1.176822e+01   1.705361e-08   0.000000e+00   2.440033e-11   326088
  1.178913e+01   1.691276e-08   0.000000e+00   2.411740e-11   331658
  1.180961e+01   1.694019e-08   5.292091e-02   2.406400e-11   331584
  1.183048e+01   1.686430e-08   2.484854e-02   2.403972e-11   330630
  1.185130e+01   1.689931e-08   0.000000e+00   2.389185e-11   333204
  1.187174e+01   1.691835e-08   6.016391e-02   2.393077e-11   333470
  1.189271e+01   1.679757e-08   0.000000e+00   2.379845e-11   335688
  1.191332e+01   1.690447e-08   2.087858e-02   2.376795e-11   336828
  1.193402e+01   1.679248e-08   2.686787e-02   2.380308e-11   337662
  1.195492e+01   1.692199e-08   0.000000e+00   2.383311e-11   338960
  1.197533e+01   1.680078e-08   5.499840e-02   2.374874e-11   338262
  1.199617e+01   1.675175e-08   4.608940e-02   2.336662e-11   344388
  1.201720e+01   1.678129e-08   0.000000e+00   2.349832e-11   342486
  1.203755e+01   1.676591e-08   6.980270e-02   2.353251e-11   343592
  1.205856e+01   1.680736e-08   8.016901e-03   2.328752e-11   347130
  1.207947e+01   1.664160e-08   0.000000e+00   2.332137e-11   346152
  1.209988e+01   1.674007e-08   6.616306e-02   2.337405e-11   345856
  1.212085e+01   1.670472e-08   0.000000e+00   2.322110e-11   349354
  1.214164e+01   1.670914e-08   0.000000e+00   2.306915e-11   352032
  1.216224e+01   1.670447e-08   5.547688e-02   2.326550e-11   348582
  1.218317e+01   1.669181e-08   0.000000e+00   2.303486e-11   352244
  1.220354e+01   1.669148e-08   6.805050e-02   2.316762e-11   351582
  1.222445e+01   1.661719e-08   1.378265e-02   2.283907e-11   357144
  1.224542e+01   1.674658e-08   0.000000e+00   2.302343e-11   355560
  1.226585e+01   1.669451e-08   6.344883e-02   2.300106e-11   354551
  1.228673e+01   1.677937e-08   1.022929e-02   2.290967e-11   358044
  1.230769e+01   1.680478e-08   0.000000e+00   2.289201e-11   355272
  1.232802e+01   1.688229e-08   6.962853e-02   2.296872e-11   352044
  1.234885e+01   1.693810e-08   0.000000e+00   2.291303e-11   352344
  1.236968e+01   1.697078e-08   0.000000e+00   2.283780e-11   356516
  1.239028e+01   1.701613e-08   4.855167e-02   2.298372e-11   352848
  1.241136e+01   1.709091e-08   0.000000e+00   2.291809e-11   352980
  1.243181e+01   1.712724e-08   4.167183e-02   2.326960e-11   348948
  1.245252e+01   1.722426e-08   3.552555e-02   2.311178e-11   351692
  1.247361e+01   1.719703e-08   0.000000e+00   2.305352e-11   353064
  1.249398e+01   1.725166e-08   6.238805e-02   2.322790e-11   345624
  1.251469e+01   1.728405e-08   0.000000e+00   2.326801e-11   347844
  1.253566e+01   1.728379e-08   0.000000e+00   2.320548e-11   351020
  1.255612e+01   1.740615e-08   5.782788e-02   2.347469e-11   345852
  1.257696e+01   1.731260e-08   8.072122e-03   2.333843e-11   347040
  1.259782e+01   1.735183e-08   0.000000e+00   2.347346e-11   345928
  1.261828e+01   1.742915e-08   5.842793e-02   2.349885e-11   347020
  1.263924e+01   1.742766e-08   0.000000e+00   2.367121e-11   343032
  1.265989e+01   1.749587e-08   0.000000e+00   2.376068e-11   343620
  1.268045e+01   1.749335e-08   5.994938e-02   2.377834e-11   343988
  1.270157e+01   1.744127e-08   0.000000e+00   2.367774e-11   344556
  1.272211e+01   1.754462e-08   4.396297e-02   2.387925e-11   343632
  1.274299e+01   1.743786e-08   0.000000e+00   2.374852e-11   340392
  1.276384e+01   1.752790e-08   0.000000e+00   2.403379e-11   339408
  1.278421e+01   1.747514e-08   7.398625e-02   2.405188e-11   341864
  1.280526e+01   1.748048e-08   0.000000e+00   2.401910e-11   341964
  1.282610e+01   1.747482e-08   0.000000e+00   2.432943e-11   334380
  1.284629e+01   1.747427e-08   6.983025e-02   2.426079e-11   336504
  1.286732e+01   1.745919e-08   1.573164e-02   2.413893e-11   339560
  1.288814e+01   1.749310e-08   0.000000e+00   2.432076e-11   336384
  1.290870e+01   1.748880e-08   7.317367e-02   2.434651e-11   337404
  1.292968e+01   1.745487e-08   0.000000e+00   2.456717e-11   330156
  1.295012e+01   1.739394e-08   5.727322e-02   2.416427e-11   337808
  1.297104e+01   1.736810e-08   0.000000e+00   2.439349e-11   332748
  1.299195e+01   1.747651e-08   0.000000e+00   2.454101e-11   333612
  1.301237e+01   1.735649e-08   5.882129e-02   2.455512e-11   331860
  1.303320e+01   1.742928e-08   2.644320e-02   2.479200e-11   328376
  1.305399e+01   1.732607e-08   0.000000e+00   2.448481e-11   331140
  1.307453e+01   1.730084e-08   7.091922e-02   2.446265e-11   332988
  1.309538e+01   1.736036e-08   2.860469e-02   2.489420e-11   325224
  1.311629e+01   1.725318e-08   0.000000e+00   2.450865e-11   331544
  1.313681e+01   1.729489e-08   6.617278e-02   2.483490e-11   327264
  1.315764e+01   1.723263e-08   0.000000e+00   2.478233e-11   322308
  1.317828e+01   1.719244e-08   2.468649e-02   2.473835e-11   328136
  1.319883e+01   1.719609e-08   5.003406e-02   2.484350e-11   323172
  1.321986e+01   1.712939e-08   0.000000e+00   2.470289e-11   325248
  1.324036e+01   1.713390e-08   6.227220e-02   2.477827e-11   324096
  1.326115e+01   1.709282e-08   0.000000e+00   2.471833e-11   321540
  1.328214e+01   1.698974e-08   0.000000e+00   2.479484e-11   323744
  1.330244e+01   1.705874e-08   6.923312e-02   2.503981e-11   317400
  1.332329e+01   1.700852e-08   1.737851e-02   2.488127e-11   322560
  1.334431e+01   1.694684e-08   0.000000e+00   2.487111e-11   320076
  1.336469e+01   1.701390e-08   7.174798e-02   2.509582e-11   317204
  1.338583e+01   1.681894e-08   0.000000e+00   2.468648e-11   323064
  1.340666e+01   1.681046e-08   0.000000e+00   2.469971e-11   315204
  1.342698e+01   1.683450e-08   7.806712e-02   2.505656e-11   315416
  1.344819e+01   1.674526e-08   0.000000e+00   2.481233e-11   316884
  1.346864e+01   1.671079e-08   4.793515e-02   2.484706e-11   312876
  1.348936e+01   1.663589e-08   5.553767e-02   2.471706e-11   315540
  1.351047e+01   1.661623e-08   0.000000e+00   2.475295e-11   312576
  1.353075e+01   1.655955e-08   7.767641e-02   2.472118e-11   312140
  1.355170e+01   1.652345e-08   1.997202e-02   2.490994e-11   310356
  1.357265e+01   1.646560e-08   0.000000e+00   2.476489e-11   311232
  1.359293e+01   1.640551e-08   6.900472e-02   2.487137e-11   307584
  1.361391e+01   1.636151e-08   3.175613e-02   2.463383e-11   310616
  1.363471e+01   1.641215e-08   0.000000e+00   2.498374e-11   304200
  1.365500e+01   1.624039e-08   7.774815e-02   2.473154e-11   306792
  1.367616e+01   1.623424e-08   0.000000e+00   2.463268e-11   306168
  1.369665e+01   1.618835e-08   0.000000e+00   2.465818e-11   304448
  1.371746e+01   1.608253e-08   6.757694e-02   2.449958e-11   308580
  1.373853e+01   1.611729e-08   0.000000e+00   2.494777e-11   299568
  1.375881e+01   1.602703e-08   6.650414e-02   2.461474e-11   304416
  1.377983e+01   1.597606e-08   3.704417e-02   2.448219e-11   302216
  1.380074e+01   1.590531e-08   0.000000e+00   2.470354e-11   300084
  1.382112e+01   1.583498e-08   8.421712e-02   2.457660e-11   299340
  1.384196e+01   1.588808e-08   0.000000e+00   2.475793e-11   296688
  1.386283e+01   1.577868e-08   0.000000e+00   2.451367e-11   298820
  1.388319e+01   1.570965e-08   8.099766e-02   2.458573e-11   296916
  1.390426e+01   1.565418e-08   0.000000e+00   2.446527e-11   295920
  1.392486e+01   1.557512e-08   7.595483e-03   2.458417e-11   292692
  1.394531e+01   1.561123e-08   7.494745e-02   2.446144e-11   295892
  1.396657e+01   1.546251e-08   0.000000e+00   2.447057e-11   293064
  1.398701e+01   1.541986e-08   4.052396e-02   2.422337e-11   293220
  1.400767e+01   1.536679e-08   3.597246e-02   2.435985e-11   286804
  1.402862e+01   1.530472e-08   0.000000e+00   2.413424e-11   293080
  1.404914e+01   1.529900e-08   7.363621e-02   2.429132e-11   291816
  1.407016e+01   1.514386e-08   0.000000e+00   2.410940e-11   287784
  1.409099e+01   1.509525e-08   0.000000e+00   2.422388e-11   286760
  1.411134e+01   1.513479e-08   7.792815e-02   2.422166e-11   287088
  1.413232e+01   1.503794e-08   0.000000e+00   2.412831e-11   286176
  1.415322e+01   1.497527e-08   0.000000e+00   2.410530e-11   284184
  1.417351e+01   1.489828e-08   6.913076e-02   2.391671e-11   282220
  1.419470e+01   1.486631e-08   0.000000e+00   2.400732e-11   284452
  1.421523e+01   1.481660e-08   0.000000e+00   2.403314e-11   279516
  1.423582e+01   1.467221e-08   7.487657e-02   2.377454e-11   282696
  1.425703e+01   1.467595e-08   0.000000e+00   2.389367e-11   278676
  1.427730e+01   1.466982e-08   7.723828e-02   2.381081e-11   279512
  1.429821e+01   1.453839e-08   7.129219e-03   2.372397e-11   276672
  1.431915e+01   1.453631e-08   0.000000e+00   2.372002e-11   276036
  1.433934e+01   1.444483e-08   7.561739e-02   2.378350e-11   274416
  1.436032e+01   1.434721e-08   3.488774e-02   2.359112e-11   275384
  1.438130e+01   1.442999e-08   0.000000e+00   2.370410e-11   274560
  1.440167e+01   1.428515e-08   8.265211e-02   2.364332e-11   272220
  1.442275e+01   1.426898e-08   0.000000e+00   2.363599e-11   270492
  1.444339e+01   1.418534e-08   0.000000e+00   2.334524e-11   271532
  1.446406e+01   1.408363e-08   4.975881e-02   2.334069e-11   272052
  1.448504e+01   1.411014e-08   0.000000e+00   2.354330e-11   264372
  1.450534e+01   1.400396e-08   4.536271e-02   2.341089e-11   268652
  1.452626e+01   1.393792e-08   5.213551e-02   2.315704e-11   266760
  1.454710e+01   1.390956e-08   0.000000e+00   2.337104e-11   262536
  1.456750e+01   1.375001e-08   8.205954e-02   2.296442e-11   266460
  1.458842e+01   1.380767e-08   0.000000e+00   2.319965e-11   261560
  1.460923e+01   1.368622e-08   0.000000e+00   2.310043e-11   262236
  1.462973e+01   1.368818e-08   7.311894e-02   2.318812e-11   261708
  1.465061e+01   1.360308e-08   0.000000e+00   2.294774e-11   258960
  1.467144e+01   1.347890e-08   0.000000e+00   2.293588e-11   258376
  1.469181e+01   1.351175e-08   6.991979e-02   2.294594e-11   258304
  1.471306e+01   1.347136e-08   0.000000e+00   2.283429e-11   259368
  1.473359e+01   1.335098e-08   3.368920e-02   2.299235e-11   253332
  1.475414e+01   1.339240e-08   7.335624e-02   2.283519e-11   254448
  1.477531e+01   1.319539e-08   0.000000e+00   2.270924e-11   255248
  1.479573e+01   1.320282e-08   7.620819e-02   2.272471e-11   252180
  1.481667e+01   1.320871e-08   2.919081e-02   2.264757e-11   252744
  1.483756e+01   1.305723e-08   0.000000e+00   2.285501e-11   247348
  1.485783e+01   1.314816e-08   9.133721e-02   2.264933e-11   250432
  1.487883e+01   1.296233e-08   0.000000e+00   2.253473e-11   247860
  1.489979e+01   1.289359e-08   0.000000e+00   2.237539e-11   247716
  1.492008e+01   1.293061e-08   7.661063e-02   2.265410e-11   242472
  1.494121e+01   1.285732e-08   0.000000e+00   2.238629e-11   248672
  1.496181e+01   1.283903e-08   3.373345e-02   2.268555e-11   239352
  1.498229e+01   1.274141e-08   6.182954e-02   2.225420e-11   245088
  1.500346e+01   1.269307e-08   0.000000e+00   2.253296e-11   239232
  1.502374e+01   1.271031e-08   8.161908e-02   2.256205e-11   240320
  1.504476e+01   1.255774e-08   0.000000e+00   2.244488e-11   239340
  1.506573e+01   1.256185e-08   0.000000e+00   2.226216e-11   237636
  1.508594e+01   1.253924e-08   7.760517e-02   2.253306e-11   235980
  1.510691e+01   1.240266e-08   0.000000e+00   2.221607e-11   235304
  1.512783e+01   1.248871e-08   0.000000e+00   2.238927e-11   234576
  1.514818e+01   1.230223e-08   7.196300e-02   2.222323e-11   232788
  1.516915e+01   1.229314e-08   0.000000e+00   2.224687e-11   230400
  1.518986e+01   1.235985e-08   0.000000e+00   2.226440e-11   231836
  1.521043e+01   1.215546e-08   7.749670e-02   2.217122e-11   231288
  1.523163e+01   1.219774e-08   0.000000e+00   2.222735e-11   226536
  1.525193e+01   1.213311e-08   6.047683e-02   2.214918e-11   226084
  1.527263e+01   1.210461e-08   5.128090e-02   2.200723e-11   227116
  1.529375e+01   1.205530e-08   0.000000e+00   2.197829e-11   223800
  1.531406e+01   1.188763e-08   8.332058e-02   2.192491e-11   223884
  1.533496e+01   1.191571e-08   0.000000e+00   2.195994e-11   222360
  1.535591e+01   1.182107e-08   0.000000e+00   2.181108e-11   221156
  1.537635e+01   1.182990e-08   9.256865e-02   2.181593e-11   221724
  1.539739e+01   1.183809e-08   0.000000e+00   2.178626e-11   217584
  1.541815e+01   1.166737e-08   0.000000e+00   2.189180e-11   217576
  1.543850e+01   1.170007e-08   9.550790e-02   2.188947e-11   215464
  1.545963e+01   1.167412e-08   0.000000e+00   2.177919e-11   215472
  1.548021e+01   1.156793e-08   2.520243e-02   2.176771e-11   213768
  1.550072e+01   1.167944e-08   8.302421e-02   2.194315e-11   210956
  1.552176e+01   1.147383e-08   0.000000e+00   2.178743e-11   211788
  1.554232e+01   1.150026e-08   4.543805e-02   2.164571e-11   211092
  1.556319e+01   1.148323e-08   3.351132e-02   2.164216e-11   209556
  1.558420e+01   1.133437e-08   0.000000e+00   2.164471e-11   206700
  1.560442e+01   1.135826e-08   7.843321e-02   2.152251e-11   206048
  1.562536e+01   1.127302e-08   0.000000e+00   2.167721e-11   204744
  1.564625e+01   1.125827e-08   0.000000e+00   2.173885e-11   202992
  1.566646e+01   1.121695e-08   8.697803e-02   2.147010e-11   201944
  1.568771e+01   1.119985e-08   0.000000e+00   2.157797e-11   203304
  1.570852e+01   1.115536e-08   0.000000e+00   2.158975e-11   200484
  1.572878e+01   1.109870e-08   9.306050e-02   2.176389e-11   195516
  1.575002e+01   1.104352e-08   0.000000e+00   2.140047e-11   198860
  1.577038e+01   1.108443e-08   4.248176e-02   2.141548e-11   195264
  1.579114e+01   1.088176e-08   6.161202e-02   2.134232e-11   195984
  1.581224e+01   1.094789e-08   0.000000e+00   2.157911e-11   191808
  1.583234e+01   1.089368e-08   7.125003e-02   2.148987e-11   190776
  1.585324e+01   1.077075e-08   1.922772e-02   2.124244e-11   192032
  1.587428e+01   1.081806e-08   0.000000e+00   2.128878e-11   188628
  1.589451e+01   1.078205e-08   9.854959e-02   2.146741e-11   189444
  1.591566e+01   1.074604e-08   0.000000e+00   2.153472e-11   186260
  1.593629e+01   1.073513e-08   0.000000e+00   2.146088e-11   184560
  1.595675e+01   1.060410e-08   8.950708e-02   2.130280e-11   185832
  1.597807e+01   1.064582e-08   0.000000e+00   2.122218e-11   182400
  1.599845e+01   1.056116e-08   4.269174e-02   2.136248e-11   181380
  1.601905e+01   1.055071e-08   7.416333e-02   2.135477e-11   180332
  1.604022e+01   1.059723e-08   0.000000e+00   2.128671e-11   178236
  1.606064e+01   1.040054e-08   5.378916e-02   2.136631e-11   179184
  1.608143e+01   1.050636e-08   6.874349e-02   2.147532e-11   175028
  1.610242e+01   1.048157e-08   0.000000e+00   2.143470e-11   175440
  1.612292e+01   1.035672e-08   7.388870e-02   2.130341e-11   174828
  1.614383e+01   1.045542e-08   0.000000e+00   2.154818e-11   169896
  1.616453e+01   1.028375e-08   0.000000e+00   2.135149e-11   171708
  1.618501e+01   1.031121e-08   9.513373e-02   2.153460e-11   169328
  1.620603e+01   1.030597e-08   0.000000e+00   2.150708e-11   167364
  1.622676e+01   1.024233e-08   3.366550e-02   2.154977e-11   168192
  1.624723e+01   1.029668e-08   8.474127e-02   2.151847e-11   163188
  1.626845e+01   1.015651e-08   0.000000e+00   2.123898e-11   166184
  1.628902e+01   1.015028e-08   4.275842e-02   2.159549e-11   161460
  1.630953e+01   1.022370e-08   7.905160e-02   2.170138e-11   159972
  1.633054e+01   1.012242e-08   0.000000e+00   2.182198e-11   159488
  1.635092e+01   1.012493e-08   7.341530e-02   2.151733e-11   158148
  1.637193e+01   1.009833e-08   0.000000e+00   2.162512e-11   158100
  1.639291e+01   1.007091e-08   0.000000e+00   2.166830e-11   155232
  1.641299e+01   1.007063e-08   8.383764e-02   2.161760e-11   151216
  1.643412e+01   9.932225e-09   0.000000e+00   2.153673e-11   155560
  1.645510e+01   1.002950e-08   0.000000e+00   2.173735e-11   151404
  1.647532e+01   9.975208e-09   1.003424e-01   2.176960e-11   148356
  1.649648e+01   9.929703e-09   0.000000e+00   2.199573e-11   147164
  1.651691e+01   9.995007e-09   2.925520e-02   2.162695e-11   147384
  1.653757e+01   9.799618e-09   6.886107e-02   2.166748e-11   145992
  1.655885e+01   9.891058e-09   0.000000e+00   2.177665e-11   143856
  1.657890e+01   9.919394e-09   6.667322e-02   2.204662e-11   140384
  1.659987e+01   9.705182e-09   3.374539e-02   2.146076e-11   143856
  1.662094e+01   9.875120e-09   0.000000e+00   2.197568e-11   136968
  1.664106e+01   9.770332e-09   9.224305e-02   2.182114e-11   139536
  1.666229e+01   9.784561e-09   0.000000e+00   2.197220e-11   136916
  1.668291e+01   9.866421e-09   0.000000e+00   2.209831e-11   133032
  1.670327e+01   9.711107e-09   9.287437e-02   2.211514e-11   135540
  1.672465e+01   9.828283e-09   0.000000e+00   2.205415e-11   132096
  1.674503e+01   9.700615e-09   0.000000e+00   2.212337e-11   129540
  1.676560e+01   9.615543e-09   9.081355e-02   2.206888e-11   130640
  1.678678e+01   9.880788e-09   0.000000e+00   2.224999e-11   126276
  1.680721e+01   9.578773e-09   5.475233e-02   2.195213e-11   128484
  1.682826e+01   9.757820e-09   1.720368e-02   2.256191e-11   124168
  1.684902e+01   9.725464e-09   0.000000e+00   2.233265e-11   122224
  1.686947e+01   9.594495e-09   8.176971e-02   2.252316e-11   123156
  1.689050e+01   9.741285e-09   0.000000e+00   2.247488e-11   119688
  1.691105e+01   9.547374e-09   0.000000e+00   2.264821e-11   116640
  1.693152e+01   9.616262e-09   9.535929e-02   2.257746e-11   119696
  1.695264e+01   9.704982e-09   0.000000e+00   2.270332e-11   114276
  1.697330e+01   9.493870e-09   0.000000e+00   2.260685e-11   114060
  1.699376e+01   9.626957e-09   9.061931e-02   2.277455e-11   112536
  1.701494e+01   9.633467e-09   0.000000e+00   2.283207e-11   112196
  1.703561e+01   9.521159e-09   4.154564e-02   2.296680e-11   109404
  1.705610e+01   9.664936e-09   5.067650e-02   2.285894e-11   105900
  1.707694e+01   9.444168e-09   0.000000e+00   2.281160e-11   107176
  1.709749e+01   9.489070e-09   6.731714e-02   2.310707e-11   105088
  1.711839e+01   9.603277e-09   2.718255e-02   2.321201e-11   103800
  1.713937e+01   9.448339e-09   0.000000e+00   2.319158e-11   101340
  1.715970e+01   9.559839e-09   7.617265e-02   2.330196e-11   100036
  1.718052e+01   9.503434e-09   0.000000e+00   2.364868e-11   97672
  1.720141e+01   9.434761e-09   0.000000e+00   2.329952e-11   97908
  1.722188e+01   9.581073e-09   7.828356e-02   2.381780e-11   95328
  1.724284e+01   9.522120e-09   0.000000e+00   2.408229e-11   93600
  1.726350e+01   9.544634e-09   0.000000e+00   2.392509e-11   92312
  1.728413e+01   9.525812e-09   6.719539e-02   2.414329e-11   91044
  1.730515e+01   9.519449e-09   0.000000e+00   2.422490e-11   88500
  1.732537e+01   9.570486e-09   5.041483e-02   2.472077e-11   86216
  1.734623e+01   9.399389e-09   0.000000e+00   2.393335e-11   87159
  1.736749e+01   9.532045e-09   0.000000e+00   2.462796e-11   86064
  1.738788e+01   9.465364e-09   7.967553e-02   2.489201e-11   81648
  1.740859e+01   9.481311e-09   0.000000e+00   2.481353e-11   81654
  1.742958e+01   9.371414e-09   0.000000e+00   2.465086e-11   81284
  1.745016e+01   9.338507e-09   5.743198e-02   2.491744e-11   78888
  1.747089e+01   9.278541e-09   1.848928e-02   2.520079e-11   77250
  1.749148e+01   9.278470e-09   0.000000e+00   2.517724e-11   75942
  1.751208e+01   9.194492e-09   6.036210e-02   2.495865e-11   77042
  1.753324e+01   9.086142e-09   0.000000e+00   2.497883e-11   74094
  1.755392e+01   9.082537e-09   3.347269e-02   2.522283e-11   73818
  1.757460e+01   9.124753e-09   0.000000e+00   2.581222e-11   70998
  1.759538e+01   9.036534e-09   0.000000e+00   2.542271e-11   72044
  1.761608e+01   8.968909e-09   6.517916e-02   2.606433e-11   69426
  1.763696e+01   8.950760e-09   0.000000e+00   2.574539e-11   69288
  1.765765e+01   8.879218e-09   0.000000e+00   2.592069e-11   67068
  1.767810e+01   8.820904e-09   6.771964e-02   2.602305e-11   66926
  1.769903e+01   8.795498e-09   5.602539e-02   2.632251e-11   66348
  1.772006e+01   8.702856e-09   0.000000e+00   2.600658e-11   64728
  1.774050e+01   8.665356e-09   0.000000e+00   2.634220e-11   62820
  1.776120e+01   8.642220e-09   0.000000e+00   2.633118e-11   63716
  1.778217e+01   8.555713e-09   1.635428e-02   2.649078e-11   62160
  1.780285e+01   8.483924e-09   0.000000e+00   2.683818e-11   59940
  1.782338e+01   8.378839e-09   1.123161e-02   2.609644e-11   60112
  1.784408e+01   8.403831e-09   6.374515e-02   2.660874e-11   59668
  1.786510e+01   8.233645e-09   0.000000e+00   2.650477e-11   57618
  1.788559e+01   8.210035e-09   2.073154e-02   2.628184e-11   56868
  1.790612e+01   8.210553e-09   6.091056e-02   2.676058e-11   56684
  1.792695e+01   8.012498e-09   2.587276e-02   2.635485e-11   55536
  1.794782e+01   7.932524e-09   0.000000e+00   2.656992e-11   54342
  1.796860e+01   8.001267e-09   1.631325e-02   2.669511e-11   54768
  1.798913e+01   7.825737e-09   6.061490e-02   2.661389e-11   52094
  1.800988e+01   7.770477e-09   0.000000e+00   2.675850e-11   52224
  1.803091e+01   7.701792e-09   0.000000e+00   2.616834e-11   52188
  1.805153e+01   7.669907e-09   5.295304e-02   2.714929e-11   50190
  1.807201e+01   7.565626e-09   4.406191e-02   2.650541e-11   49224
  1.809290e+01   7.505589e-09   0.000000e+00   2.653032e-11   49094
  1.811386e+01   7.434096e-09   1.619914e-02   2.615710e-11   49488
  1.813461e+01   7.414669e-09   5.688909e-02   2.722349e-11   46830
  1.815507e+01   7.261205e-09   1.709192e-02   2.657979e-11   45860
  1.817589e+01   7.255116e-09   0.000000e+00   2.647375e-11   46770
  1.819679e+01   7.151180e-09   2.140319e-02   2.629839e-11   45468
  1.821749e+01   7.060176e-09   3.977578e-02   2.678698e-11   44130
  1.823812e+01   7.092654e-09   0.000000e+00   2.709118e-11   43230
  1.825887e+01   6.895786e-09   0.000000e+00   2.608787e-11   44108
  1.827980e+01   6.896669e-09   3.664632e-02   2.692150e-11   42162
  1.830047e+01   6.839517e-09   3.649988e-02   2.654624e-11   41358
  1.832098e+01   6.806375e-09   0.000000e+00   2.695185e-11   40456
  1.834174e+01   6.664497e-09   3.439373e-02   2.629037e-11   41230
  1.836283e+01   6.544167e-09   4.538084e-02   2.613542e-11   39906
  1.838361e+01   6.490259e-09   0.000000e+00   2.664210e-11   38508
  1.840402e+01   6.469239e-09   0.000000e+00   2.691685e-11   37854
  1.842462e+01   6.330993e-09   5.578870e-02   2.603559e-11   38162
  1.844571e+01   6.260445e-09   2.760032e-02   2.597580e-11   37212
  1.846653e+01   6.176961e-09   0.000000e+00   2.620272e-11   36450
  1.848684e+01   6.159875e-09   3.306242e-02   2.634131e-11   34718
  1.850743e+01   5.973388e-09   2.412287e-02   2.507009e-11   35814
  1.852854e+01   5.971792e-09   2.326905e-02   2.597689e-11   34896
  1.854938e+01   5.862537e-09   0.000000e+00   2.542585e-11   33822
  1.856963e+01   5.818526e-09   4.256215e-02   2.544808e-11   32522
  1.859043e+01   5.692465e-09   0.000000e+00   2.491298e-11   33630
  1.861153e+01   5.641134e-09   0.000000e+00   2.554201e-11   32166
  1.863205e+01   5.579548e-09   1.986890e-02   2.488584e-11   31200
  1.865238e+01   5.614742e-09   1.410811e-02   2.580908e-11   30598
  1.867318e+01   5.389177e-09   2.144237e-02   2.435231e-11   31138
  1.869443e+01   5.383104e-09   0.000000e+00   2.487191e-11   30510
  1.871513e+01   5.368218e-09   3.105961e-02   2.543113e-11   28998
  1.873545e+01   5.231444e-09   0.000000e+00   2.475181e-11   28290
  1.875621e+01   5.097077e-09   4.490953e-02   2.377324e-11   29126
  1.877748e+01   5.048391e-09   0.000000e+00   2.437476e-11   28008
  1.879820e+01   4.976878e-09   1.160740e-02   2.384407e-11   27222
  1.881869e+01   4.934166e-09   2.054109e-02   2.448648e-11   26426
  1.883943e+01   4.853819e-09   1.414661e-02   2.381778e-11   26694
  1.886042e+01   4.764640e-09   2.605428e-02   2.397647e-11   25734
  1.888123e+01   4.708362e-09   0.000000e+00   2.391306e-11   25458
  1.890165e+01   4.646175e-09   5.366349e-03   2.385307e-11   24198
  1.892250e+01   4.568163e-09   0.000000e+00   2.294182e-11   25034
  1.894358e+01   4.452924e-09   1.813393e-02   2.282486e-11   23718
  1.896415e+01   4.420863e-09   0.000000e+00   2.291166e-11   23094
  1.898439e+01   4.430711e-09   2.817701e-02   2.332202e-11   22416
  1.900523e+01   4.171764e-09   9.512395e-03   2.222245e-11   23078
  1.902662e+01   4.231512e-09   0.000000e+00   2.249066e-11   22386
  1.904734e+01   4.108333e-09   0.000000e+00   2.245561e-11   21126
  1.906740e+01   4.146431e-09   0.000000e+00   2.347614e-11   20366
  1.908808e+01   3.952217e-09   3.822682e-02   2.153182e-11   21354
  1.910952e+01   3.925954e-09   0.000000e+00   2.223386e-11   20478
  1.913020e+01   3.865906e-09   0.000000e+00   2.216377e-11   19458
  1.915026e+01   3.793401e-09   1.197140e-02   2.174779e-11   18758
  1.917096e+01   3.687026e-09   4.230515e-02   2.138041e-11   19566
  1.919237e+01   3.644918e-09   2.928691e-02   2.152659e-11   18858
  1.921315e+01   3.648845e-09   0.000000e+00   2.189982e-11   17790
  1.923316e+01   3.547926e-09   0.000000e+00   2.131825e-11   17114
  1.925389e+01   3.405655e-09   0.000000e+00   2.047807e-11   17982
  1.927528e+01   3.414263e-09   0.000000e+00   2.111334e-11   17190
  1.929611e+01   3.343236e-09   0.000000e+00   2.090584e-11   16458
  1.931611e+01   3.305929e-09   3.033604e-02   2.058570e-11   15494
  1.933679e+01   3.131247e-09   7.546811e-03   1.956277e-11   16374
  1.935831e+01   3.111464e-09   0.000000e+00   2.045714e-11   15858
  1.937918e+01   3.079190e-09   0.000000e+00   2.008373e-11   14862
  1.939908e+01   3.128359e-09   0.000000e+00   2.092924e-11   14082
  1.941986e+01   2.894483e-09   0.000000e+00   1.904740e-11   14990
  1.944144e+01   2.905540e-09   1.396459e-02   1.910347e-11   14358
  1.946223e+01   2.857975e-09   0.000000e+00   1.969013e-11   13386
  1.948193e+01   2.850343e-09   0.000000e+00   2.021147e-11   12678
  1.950273e+01   2.667923e-09   2.351213e-02   1.790367e-11   13700
  1.952444e+01   2.595448e-09   1.582238e-02   1.827223e-11   12942
  1.954529e+01   2.606187e-09   3.735995e-02   1.894400e-11   12198
  1.956477e+01   2.608920e-09   0.000000e+00   1.953624e-11   11106
  1.958543e+01   2.438339e-09   5.489406e-03   1.705590e-11   12494
  1.960722e+01   2.382429e-09   2.735281e-02   1.757839e-11   11610
  1.962822e+01   2.361951e-09   0.000000e+00   1.809143e-11   11094
  1.964771e+01   2.366319e-09   1.968655e-02   1.913573e-11   9902
  1.966828e+01   2.197531e-09   1.123646e-02   1.683456e-11   11226
  1.969007e+01   2.141345e-09   0.000000e+00   1.672451e-11   10326
  1.971110e+01   2.212132e-09   1.976879e-02   1.754298e-11   10074
  1.973074e+01   2.164659e-09   4.368223e-03   1.873449e-11   8766
  1.975115e+01   2.006403e-09   0.000000e+00   1.621530e-11   9950
  1.977289e+01   1.962656e-09   3.669543e-03   1.622388e-11   9252
  1.979391e+01   1.975340e-09   0.000000e+00   1.665231e-11   8886
  1.981353e+01   1.933623e-09   0.000000e+00   1.731237e-11   7850
  1.983411e+01   1.835829e-09   6.201526e-03   1.618864e-11   8886
  1.985590e+01   1.777627e-09   0.000000e+00   1.620444e-11   8142
  1.987667e+01   1.741132e-09   2.023918e-02   1.592997e-11   7746
  1.989608e+01   1.738292e-09   2.044025e-02   1.639039e-11   6926
  1.991706e+01   1.585857e-09   0.000000e+00   1.431012e-11   7974
  1.993892e+01   1.549584e-09   1.983551e-02   1.512978e-11   7074
  1.995945e+01   1.554334e-09   6.967900e-03   1.492897e-11   6744
  1.997876e+01   1.585320e-09   1.969828e-02   1.604478e-11   6114
  2.000009e+01   1.351852e-09   0.000000e+00   1.273161e-11   7094
  2.002234e+01   1.355052e-09   0.000000e+00   1.361317e-11   6174
  2.004262e+01   1.378208e-09   1.695531e-03   1.410253e-11   5754
  2.006140e+01   1.397379e-09   0.000000e+00   1.506472e-11   5214
  2.008302e+01   1.255277e-09   0.000000e+00   1.294400e-11   6338
  2.010586e+01   1.227264e-09   6.692746e-03   1.347884e-11   5352
  2.012591e+01   1.184227e-09   0.000000e+00   1.387740e-11   4830
  2.014382e+01   1.244892e-09   7.776080e-03   1.474186e-11   4338
  2.016557e+01   1.061563e-09   0.000000e+00   1.129958e-11   5558
  2.018939e+01   1.037401e-09   1.356048e-02   1.167346e-11   4866
  2.020984e+01   1.039048e-09   2.409415e-02   1.322039e-11   3846
  2.022612e+01   1.072868e-09   0.000000e+00   1.419816e-11   3518
  2.024795e+01   9.002516e-10   2.119727e-02   1.034584e-11   4812
  2.027247e+01   8.805450e-10   1.139806e-02   1.118157e-11   4278
  2.029372e+01   8.613449e-10   2.027569e-02   1.197036e-11   3174
  2.030844e+01   9.668653e-10   0.000000e+00   1.370555e-11   2738
  2.033020e+01   7.636162e-10   8.404518e-03   9.918952e-12   4086
  2.035522e+01   7.293244e-10   7.669249e-03   9.318434e-12   3666
  2.037748e+01   7.356348e-10   1.722989e-02   1.207367e-11   2712
  2.039076e+01   8.365000e-10   8.257776e-03   1.403651e-11   1998
  2.041239e+01   6.490462e-10   1.159090e-02   8.283681e-12   3434
  2.043794e+01   6.222750e-10   0.000000e+00   8.284425e-12   3078
  2.046126e+01   5.785163e-10   1.132556e-02   9.521473e-12   2334
  2.047313e+01   7.419123e-10   0.000000e+00   1.478563e-11   1340
  2.049457e+01   5.179853e-10   0.000000e+00   7.431384e-12   2838
  2.052072e+01   4.858630e-10   0.000000e+00   7.553279e-12   2538
  2.054513e+01   4.545150e-10   1.292341e-02   7.797589e-12   1974
  2.055491e+01   6.041709e-10   1.293140e-02   1.514880e-11   774
  2.057645e+01   4.180897e-10   6.132263e-03   6.566052e-12   2300
  2.060325e+01   3.849220e-10   1.253909e-02   6.784349e-12   2046
  2.062877e+01   3.584987e-10   4.449757e-03   6.612727e-12   1626
  2.063671e+01   5.099884e-10   7.735646e-03   1.816102e-11   390
  2.065818e+01   3.371009e-10   7.851642e-03   5.765445e-12   1766
  2.068540e+01   3.065056e-10   0.000000e+00   5.760702e-12   1596
  2.071199e+01   2.691719e-10   0.000000e+00   5.868339e-12   1302
  2.071852e+01   4.327929e-10   0.000000e+00   2.682659e-11   150
  2.074003e+01   2.535082e-10   2.644073e-03   5.320965e-12   1298
  2.076735e+01   2.089415e-10   0.000000e+00   4.995837e-12   1158
  2.079453e+01   1.840767e-10   4.394243e-03   4.138486e-12   996
  2.080451e+01   2.732645e-10   1.076411e-02   2.902570e-11   38
  2.082208e+01   1.713215e-10   0.000000e+00   4.474735e-12   894
  2.084944e+01   1.540188e-10   9.709219e-03   4.298210e-12   786
  2.087684e+01   1.316176e-10   0.000000e+00   3.717115e-12   678
  2.090290e+01   5.015574e-11   0.000000e+00   7.232671e-12   8
  2.090427e+01   1.165175e-10   1.309117e-02   3.533997e-12   570
  2.093169e+01   9.345628e-11   1.240509e-02   2.806072e-12   486
  2.095915e+01   8.072786e-11   0.000000e+00   2.968473e-12   402
  2.098585e+01   3.417635e-11   0.000000e+00   7.075554e-12   8
  2.098664e+01   7.353779e-11   1.092789e-02   3.380843e-12   318
  2.101412e+01   4.941791e-11   0.000000e+00   2.435544e-12   258
  2.104164e+01   4.156394e-11   0.000000e+00   2.167439e-12   198
  2.106880e+01   2.965318e-11   0.000000e+00   5.886085e-12   8
  2.106919e+01   2.892173e-11   0.000000e+00   2.028784e-12   138
  2.109671e+01   1.810165e-11   3.586795e-03   1.163923e-12   102
  2.112428e+01   1.659400e-11   6.532758e-03   1.593479e-12   66
  2.115187e+01   7.851325e-12   0.000000e+00   7.523709e-13   38
  2.117947e+01   4.262251e-12   0.000000e+00   7.353459e-13   18
  2.120708e+01   8.107874e-13   0.000000e+00   2.025099e-13   6
