# power spectrum of velocity
# redshift z=1.696000
# k              Pk             sigma(k)       sigma(Pk)      count
  4.789006e-02   3.284381e-07   1.569186e-05   1.193190e-07   6
  6.772678e-02   8.527986e-07   0.000000e+00   1.940588e-07   12
  8.844750e-02   5.349414e-07   6.350197e-03   1.058649e-07   14
  1.121958e-01   5.126634e-07   5.110132e-03   5.595301e-08   48
  1.413226e-01   4.041638e-07   3.711993e-03   4.400336e-08   42
  1.551375e-01   3.163795e-07   3.695504e-03   4.184389e-08   48
  1.759035e-01   3.691962e-07   4.430317e-03   4.207619e-08   80
  1.993525e-01   3.842919e-07   3.439775e-03   3.219818e-08   90
  2.172926e-01   2.709582e-07   5.401395e-03   2.734641e-08   120
  2.427789e-01   3.082385e-07   4.539269e-03   2.106978e-08   158
  2.596594e-01   2.776763e-07   2.154172e-03   2.887658e-08   120
  2.799969e-01   2.592375e-07   4.814837e-03   1.783084e-08   186
  3.024673e-01   2.461993e-07   6.584405e-03   1.532032e-08   264
  3.207263e-01   2.659948e-07   3.554717e-03   1.964177e-08   168
  3.440233e-01   2.297438e-07   6.353114e-03   1.212907e-08   386
  3.635186e-01   1.701687e-07   3.844319e-03   1.115829e-08   192
  3.827000e-01   2.075431e-07   6.302989e-03   9.716471e-09   390
  4.042493e-01   1.579294e-07   6.599222e-03   8.236866e-09   396
  4.244941e-01   1.821689e-07   6.547168e-03   9.285521e-09   398
  4.467496e-01   1.600529e-07   6.417329e-03   6.359837e-09   576
  4.686509e-01   1.568237e-07   6.510439e-03   7.501296e-09   444
  4.878078e-01   1.696970e-07   5.874003e-03   6.689781e-09   590
  5.096214e-01   1.441001e-07   6.432479e-03   5.724090e-09   648
  5.308979e-01   1.387495e-07   5.692893e-03   5.725569e-09   654
  5.498012e-01   1.363958e-07   4.722042e-03   5.050443e-09   636
  5.709321e-01   1.254883e-07   7.079544e-03   4.374160e-09   830
  5.907593e-01   1.208635e-07   5.095999e-03   4.039137e-09   792
  6.110328e-01   1.207661e-07   5.241142e-03   4.484672e-09   804
  6.317957e-01   1.128950e-07   6.468770e-03   3.796367e-09   1038
  6.518970e-01   1.104686e-07   5.066866e-03   3.500082e-09   936
  6.736844e-01   1.024638e-07   5.920520e-03   2.929343e-09   1130
  6.934320e-01   1.009469e-07   5.498096e-03   3.015819e-09   1104
  7.151093e-01   1.004692e-07   6.112917e-03   2.938208e-09   1230
  7.349322e-01   1.005298e-07   6.212201e-03   2.855969e-09   1260
  7.550713e-01   9.211558e-08   5.373821e-03   2.541591e-09   1286
  7.778485e-01   8.422486e-08   6.513251e-03   2.025726e-09   1728
  7.994312e-01   8.641104e-08   5.761882e-03   2.377832e-09   1392
  8.199442e-01   8.295574e-08   5.459920e-03   2.096486e-09   1626
  8.409694e-01   7.773920e-08   6.470306e-03   1.842852e-09   1760
  8.620805e-01   7.534344e-08   5.346546e-03   1.790072e-09   1686
  8.819823e-01   7.121120e-08   5.438430e-03   1.670234e-09   1812
  9.023318e-01   7.125924e-08   6.253163e-03   1.617217e-09   1862
  9.231285e-01   6.810234e-08   5.573074e-03   1.431239e-09   2160
  9.440529e-01   6.815355e-08   5.702049e-03   1.680596e-09   1956
  9.651054e-01   6.339246e-08   6.405607e-03   1.258535e-09   2454
  9.856496e-01   6.764029e-08   4.996224e-03   1.466004e-09   2048
  1.006269e+00   6.259762e-08   6.514920e-03   1.265215e-09   2538
  1.026621e+00   6.214865e-08   5.450501e-03   1.250557e-09   2400
  1.047192e+00   6.037354e-08   6.493922e-03   1.201767e-09   2526
  1.067717e+00   5.742395e-08   6.428646e-03   1.118587e-09   2856
  1.089126e+00   5.583091e-08   6.038885e-03   1.079724e-09   2804
  1.110271e+00   5.343672e-08   6.270330e-03   9.562984e-10   2958
  1.130394e+00   5.398226e-08   6.090740e-03   9.389441e-10   2976
  1.151629e+00   5.073730e-08   6.085785e-03   9.064001e-10   3194
  1.171511e+00   5.190100e-08   6.051968e-03   9.136914e-10   3120
  1.193046e+00   4.879672e-08   6.150978e-03   8.073502e-10   3606
  1.213599e+00   4.690192e-08   5.612012e-03   8.439234e-10   3276
  1.233621e+00   4.555500e-08   6.355793e-03   7.519349e-10   3600
  1.254220e+00   4.564995e-08   5.572771e-03   7.305711e-10   3638
  1.274050e+00   4.600662e-08   5.946849e-03   7.316803e-10   3744
  1.295503e+00   4.434787e-08   6.160694e-03   6.886267e-10   4170
  1.316011e+00   4.105511e-08   5.820608e-03   6.413467e-10   3984
  1.336899e+00   4.160242e-08   5.888187e-03   6.289684e-10   4334
  1.357509e+00   3.919247e-08   5.453663e-03   5.951078e-10   4284
  1.377862e+00   3.917000e-08   6.586002e-03   6.003546e-10   4374
  1.399143e+00   3.816162e-08   5.852376e-03   5.308249e-10   5016
  1.420103e+00   3.799159e-08   5.618773e-03   5.679984e-10   4580
  1.440995e+00   3.671551e-08   6.605099e-03   5.122954e-10   5142
  1.462309e+00   3.647732e-08   6.349700e-03   5.103208e-10   5184
  1.483176e+00   3.485826e-08   4.984571e-03   4.797403e-10   5058
  1.503228e+00   3.498062e-08   5.852682e-03   4.541145e-10   5384
  1.524670e+00   3.336117e-08   6.695675e-03   4.324185e-10   5622
  1.545353e+00   3.209046e-08   5.626483e-03   4.145782e-10   5736
  1.565950e+00   3.201363e-08   5.060211e-03   4.209334e-10   5596
  1.586643e+00   3.128317e-08   6.374732e-03   4.007391e-10   6070
  1.607167e+00   3.091123e-08   4.951735e-03   3.784405e-10   6096
  1.628581e+00   2.989447e-08   6.139830e-03   3.612383e-10   6474
  1.648392e+00   2.883274e-08   5.864426e-03   3.566953e-10   6024
  1.669580e+00   2.824001e-08   5.902786e-03   3.328557e-10   7070
  1.690573e+00   2.819776e-08   4.809061e-03   3.408767e-10   6516
  1.710708e+00   2.735481e-08   5.863701e-03   3.294354e-10   6936
  1.731728e+00   2.639666e-08   5.853863e-03   3.053944e-10   7110
  1.752060e+00   2.637476e-08   4.379887e-03   3.060624e-10   7244
  1.773569e+00   2.589517e-08   6.386844e-03   2.878487e-10   7878
  1.794402e+00   2.536722e-08   6.121567e-03   2.843789e-10   7344
  1.814575e+00   2.382344e-08   6.416535e-03   2.604036e-10   7694
  1.835593e+00   2.444527e-08   6.195086e-03   2.626231e-10   8412
  1.856699e+00   2.334771e-08   6.432620e-03   2.548545e-10   7920
  1.876759e+00   2.328913e-08   5.459516e-03   2.519243e-10   8118
  1.897179e+00   2.178731e-08   6.238493e-03   2.257798e-10   8548
  1.917951e+00   2.185193e-08   6.353360e-03   2.223232e-10   8710
  1.938549e+00   2.147158e-08   5.512170e-03   2.215681e-10   8928
  1.959695e+00   2.104464e-08   6.049563e-03   2.143103e-10   9186
  1.979980e+00   2.030870e-08   6.620559e-03   2.028153e-10   9200
  2.000891e+00   1.991316e-08   5.649917e-03   1.924937e-10   9438
  2.021277e+00   1.946738e-08   8.018434e-03   1.938069e-10   9564
  2.042231e+00   1.929143e-08   6.102071e-03   1.791072e-10   10296
  2.063682e+00   1.896066e-08   5.391208e-03   1.798927e-10   10126
  2.083777e+00   1.864322e-08   6.662830e-03   1.799719e-10   10024
  2.105151e+00   1.812258e-08   4.712298e-03   1.656048e-10   11082
  2.126137e+00   1.784008e-08   7.271538e-03   1.614904e-10   10632
  2.146648e+00   1.721349e-08   5.293517e-03   1.589743e-10   10734
  2.167370e+00   1.677452e-08   6.445526e-03   1.488984e-10   11276
  2.188085e+00   1.679709e-08   5.817126e-03   1.465807e-10   11352
  2.208991e+00   1.614874e-08   6.032364e-03   1.422847e-10   11550
  2.229512e+00   1.617532e-08   5.612796e-03   1.371813e-10   11772
  2.250338e+00   1.593745e-08   7.032115e-03   1.365177e-10   12038
  2.270908e+00   1.561582e-08   8.697336e-03   1.326745e-10   12096
  2.291762e+00   1.489987e-08   6.966245e-03   1.233631e-10   12582
  2.312386e+00   1.457343e-08   2.010248e-03   1.192891e-10   12620
  2.333484e+00   1.475615e-08   7.342447e-03   1.212576e-10   13320
  2.354132e+00   1.409254e-08   6.676535e-03   1.155604e-10   12654
  2.374385e+00   1.418115e-08   1.509623e-03   1.150794e-10   13236
  2.394940e+00   1.364695e-08   9.613264e-03   1.060595e-10   13438
  2.415712e+00   1.335344e-08   9.353479e-03   1.042777e-10   14344
  2.437236e+00   1.318306e-08   5.859420e-03   1.013953e-10   14226
  2.457572e+00   1.313283e-08   4.728886e-03   1.014025e-10   14088
  2.478175e+00   1.276522e-08   0.000000e+00   9.655931e-11   14328
  2.498827e+00   1.251193e-08   6.447094e-03   9.340298e-11   14954
  2.519760e+00   1.242934e-08   4.986005e-03   8.972957e-11   15480
  2.540776e+00   1.215212e-08   6.739827e-03   8.999042e-11   14862
  2.560688e+00   1.202330e-08   8.072887e-03   8.773578e-11   15296
  2.581598e+00   1.178403e-08   7.663917e-03   8.405560e-11   15954
  2.602086e+00   1.166709e-08   6.443768e-03   8.098380e-11   15720
  2.622579e+00   1.125685e-08   3.020404e-03   7.768486e-11   16296
  2.643690e+00   1.122109e-08   4.335083e-03   7.632084e-11   17010
  2.664189e+00   1.121891e-08   3.640501e-03   7.706773e-11   16328
  2.684811e+00   1.078071e-08   3.479641e-03   7.404391e-11   17094
  2.705495e+00   1.073089e-08   8.475528e-03   7.250324e-11   17436
  2.726415e+00   1.052638e-08   8.758414e-03   6.852388e-11   17862
  2.747423e+00   1.039463e-08   7.512477e-03   6.690245e-11   18200
  2.768585e+00   1.010968e-08   1.010718e-03   6.637827e-11   18450
  2.789287e+00   9.959346e-09   3.712509e-03   6.322170e-11   18384
  2.809940e+00   9.729473e-09   5.648074e-03   6.244482e-11   18504
  2.830568e+00   9.799319e-09   4.300374e-03   6.240830e-11   19142
  2.851613e+00   9.475680e-09   5.926559e-03   5.921996e-11   19692
  2.872433e+00   9.454921e-09   6.235674e-03   5.936728e-11   19062
  2.892804e+00   9.235468e-09   0.000000e+00   5.528851e-11   20184
  2.913860e+00   9.137276e-09   7.537534e-03   5.487470e-11   19970
  2.934397e+00   8.993140e-09   0.000000e+00   5.283647e-11   20496
  2.955536e+00   8.803567e-09   8.672417e-03   5.102338e-11   21456
  2.976109e+00   8.828241e-09   5.972873e-03   5.294666e-11   19650
  2.996304e+00   8.587087e-09   9.629634e-03   4.932886e-11   22040
  3.017594e+00   8.528816e-09   1.291681e-02   4.838079e-11   21558
  3.038152e+00   8.337563e-09   0.000000e+00   4.755595e-11   21804
  3.058764e+00   8.286953e-09   8.191145e-03   4.665025e-11   21926
  3.079308e+00   8.063148e-09   9.633384e-03   4.443666e-11   22416
  3.099937e+00   8.028209e-09   8.542884e-03   4.366676e-11   22776
  3.121146e+00   7.854873e-09   6.624540e-03   4.134454e-11   23874
  3.141984e+00   7.713091e-09   0.000000e+00   4.203160e-11   23104
  3.162702e+00   7.781805e-09   0.000000e+00   4.107370e-11   23974
  3.183467e+00   7.627300e-09   1.377362e-02   4.060917e-11   23892
  3.203873e+00   7.586811e-09   0.000000e+00   4.009364e-11   23550
  3.224418e+00   7.420788e-09   6.842206e-03   3.723957e-11   25320
  3.245287e+00   7.344092e-09   1.205099e-02   3.769940e-11   24428
  3.265711e+00   7.310019e-09   7.884988e-03   3.674615e-11   25254
  3.286619e+00   7.262384e-09   0.000000e+00   3.584317e-11   26016
  3.307230e+00   7.110124e-09   1.783145e-03   3.525497e-11   25182
  3.328033e+00   7.084438e-09   3.839685e-03   3.399669e-11   27428
  3.349134e+00   6.845589e-09   5.605029e-03   3.320982e-11   25974
  3.369438e+00   6.847851e-09   8.897033e-03   3.263991e-11   26904
  3.390059e+00   6.831645e-09   2.914025e-03   3.312051e-11   26730
  3.410702e+00   6.748051e-09   0.000000e+00   3.148768e-11   27896
  3.431859e+00   6.675481e-09   1.040941e-02   3.019725e-11   28992
  3.453271e+00   6.576740e-09   5.507931e-04   3.020934e-11   28698
  3.473701e+00   6.579376e-09   0.000000e+00   3.047784e-11   27816
  3.494571e+00   6.444187e-09   0.000000e+00   2.872041e-11   29774
  3.515449e+00   6.380559e-09   6.877425e-03   2.845970e-11   29148
  3.535861e+00   6.316872e-09   0.000000e+00   2.873437e-11   28806
  3.556422e+00   6.297956e-09   1.137699e-02   2.759608e-11   30408
  3.577217e+00   6.306865e-09   0.000000e+00   2.758965e-11   30320
  3.598192e+00   6.111744e-09   0.000000e+00   2.607147e-11   30930
  3.619128e+00   6.129531e-09   0.000000e+00   2.579599e-11   31656
  3.639581e+00   6.027547e-09   5.317240e-04   2.603925e-11   30086
  3.660128e+00   5.986956e-09   1.332425e-02   2.462417e-11   32724
  3.680836e+00   5.941452e-09   7.782235e-03   2.528791e-11   30846
  3.701404e+00   5.950646e-09   1.684586e-03   2.454918e-11   33480
  3.722425e+00   5.829278e-09   1.078189e-02   2.393056e-11   32724
  3.742979e+00   5.821247e-09   7.112936e-03   2.369874e-11   32894
  3.763829e+00   5.783726e-09   0.000000e+00   2.315810e-11   34200
  3.784682e+00   5.788732e-09   8.533886e-03   2.307829e-11   33594
  3.805162e+00   5.639798e-09   8.890314e-04   2.245327e-11   34336
  3.826057e+00   5.652776e-09   1.277158e-03   2.223034e-11   34822
  3.846790e+00   5.614476e-09   0.000000e+00   2.174884e-11   35472
  3.867411e+00   5.583607e-09   0.000000e+00   2.174277e-11   34404
  3.887970e+00   5.544945e-09   0.000000e+00   2.108476e-11   36222
  3.908577e+00   5.501010e-09   6.303416e-03   2.110193e-11   35984
  3.929394e+00   5.468672e-09   8.839822e-03   2.070069e-11   36570
  3.950032e+00   5.383579e-09   0.000000e+00   1.994185e-11   37176
  3.970895e+00   5.349460e-09   0.000000e+00   1.980574e-11   37406
  3.991673e+00   5.332437e-09   0.000000e+00   1.958914e-11   38052
  4.012283e+00   5.362505e-09   0.000000e+00   1.961434e-11   37590
  4.033174e+00   5.313659e-09   1.065114e-02   1.895400e-11   39480
  4.053854e+00   5.221553e-09   0.000000e+00   1.880698e-11   38260
  4.074527e+00   5.228964e-09   1.039590e-02   1.859859e-11   39646
  4.095623e+00   5.193521e-09   5.676637e-03   1.819108e-11   40944
  4.116542e+00   5.153082e-09   0.000000e+00   1.838215e-11   39678
  4.137149e+00   5.147670e-09   0.000000e+00   1.789230e-11   40804
  4.157880e+00   5.123490e-09   0.000000e+00   1.768326e-11   40606
  4.178647e+00   5.081238e-09   1.372278e-02   1.720912e-11   42216
  4.199539e+00   5.058973e-09   0.000000e+00   1.746665e-11   41532
  4.220177e+00   5.055171e-09   0.000000e+00   1.714482e-11   41990
  4.240665e+00   5.029033e-09   1.479970e-02   1.708898e-11   42360
  4.261571e+00   5.033815e-09   5.215249e-03   1.654487e-11   43530
  4.282349e+00   4.953896e-09   8.195427e-03   1.639430e-11   43848
  4.303062e+00   4.966399e-09   0.000000e+00   1.650547e-11   42870
  4.323842e+00   4.953940e-09   1.425356e-02   1.587216e-11   46160
  4.344700e+00   4.846200e-09   5.879819e-03   1.602136e-11   43380
  4.365241e+00   4.889246e-09   0.000000e+00   1.575585e-11   45294
  4.385850e+00   4.855497e-09   1.314498e-02   1.564318e-11   45744
  4.406924e+00   4.804611e-09   0.000000e+00   1.542952e-11   46682
  4.427542e+00   4.810868e-09   7.051421e-03   1.545308e-11   45840
  4.448227e+00   4.804495e-09   0.000000e+00   1.508043e-11   47118
  4.468866e+00   4.785307e-09   1.924780e-02   1.509986e-11   47124
  4.489589e+00   4.749965e-09   4.065983e-03   1.493687e-11   47984
  4.510730e+00   4.773182e-09   8.807319e-03   1.472804e-11   49566
  4.531118e+00   4.751167e-09   4.853446e-03   1.507966e-11   46284
  4.551571e+00   4.729504e-09   1.361857e-02   1.432398e-11   49966
  4.572383e+00   4.735019e-09   1.037917e-02   1.469710e-11   49360
  4.593072e+00   4.690888e-09   1.999673e-03   1.441126e-11   49806
  4.613927e+00   4.704889e-09   1.168764e-02   1.406959e-11   51492
  4.634556e+00   4.672837e-09   1.522768e-02   1.438862e-11   49496
  4.655358e+00   4.657769e-09   1.527714e-02   1.363691e-11   53190
  4.676336e+00   4.640679e-09   0.000000e+00   1.399247e-11   51060
  4.696901e+00   4.633922e-09   0.000000e+00   1.375664e-11   52134
  4.717533e+00   4.596735e-09   9.807913e-03   1.345782e-11   53088
  4.738328e+00   4.603826e-09   6.558053e-03   1.369611e-11   52706
  4.759058e+00   4.558303e-09   1.049871e-02   1.306196e-11   54936
  4.780122e+00   4.577749e-09   0.000000e+00   1.333712e-11   53886
  4.800724e+00   4.537980e-09   0.000000e+00   1.306781e-11   54436
  4.821321e+00   4.542621e-09   0.000000e+00   1.306677e-11   55096
  4.842331e+00   4.524596e-09   0.000000e+00   1.291037e-11   56358
  4.862918e+00   4.549130e-09   0.000000e+00   1.295436e-11   55632
  4.883673e+00   4.510477e-09   2.028969e-02   1.269747e-11   56530
  4.904376e+00   4.530546e-09   0.000000e+00   1.270189e-11   57232
  4.925004e+00   4.454235e-09   0.000000e+00   1.247427e-11   56766
  4.946155e+00   4.483400e-09   0.000000e+00   1.219090e-11   60804
  4.966740e+00   4.459185e-09   0.000000e+00   1.272899e-11   55536
  4.987401e+00   4.446977e-09   2.496059e-02   1.199081e-11   61166
  5.008142e+00   4.455540e-09   0.000000e+00   1.242410e-11   57396
  5.028657e+00   4.441271e-09   1.175262e-02   1.207588e-11   60870
  5.049484e+00   4.479690e-09   0.000000e+00   1.228163e-11   60224
  5.070206e+00   4.423586e-09   1.743989e-02   1.199390e-11   61002
  5.090996e+00   4.392433e-09   1.580263e-02   1.185846e-11   62016
  5.111676e+00   4.403045e-09   0.000000e+00   1.203819e-11   60768
  5.132188e+00   4.362101e-09   2.345158e-02   1.170739e-11   62870
  5.153159e+00   4.386560e-09   8.667903e-03   1.159745e-11   63804
  5.174011e+00   4.361361e-09   1.116028e-02   1.154391e-11   63054
  5.194388e+00   4.370824e-09   8.289220e-03   1.166019e-11   63024
  5.215202e+00   4.337554e-09   0.000000e+00   1.141553e-11   65018
  5.235783e+00   4.356572e-09   1.485035e-02   1.145352e-11   64608
  5.256577e+00   4.306011e-09   0.000000e+00   1.124621e-11   65688
  5.277311e+00   4.325376e-09   2.258294e-02   1.118742e-11   65994
  5.297978e+00   4.282079e-09   0.000000e+00   1.107227e-11   66648
  5.318871e+00   4.303999e-09   1.514373e-02   1.099202e-11   67310
  5.339462e+00   4.308150e-09   0.000000e+00   1.104321e-11   67224
  5.360199e+00   4.279277e-09   6.196951e-03   1.093929e-11   68034
  5.381014e+00   4.277712e-09   0.000000e+00   1.079040e-11   69744
  5.401829e+00   4.291409e-09   1.182238e-02   1.078010e-11   68654
  5.422853e+00   4.266798e-09   1.569902e-02   1.059379e-11   72132
  5.443654e+00   4.245177e-09   9.227715e-03   1.076393e-11   68520
  5.464158e+00   4.240281e-09   1.514770e-02   1.057202e-11   71070
  5.485072e+00   4.219561e-09   0.000000e+00   1.046170e-11   71948
  5.505774e+00   4.226751e-09   2.290081e-02   1.054523e-11   71598
  5.526656e+00   4.206195e-09   0.000000e+00   1.029122e-11   73536
  5.547363e+00   4.236922e-09   2.746077e-02   1.051556e-11   71802
  5.567856e+00   4.202966e-09   0.000000e+00   1.040324e-11   73280
  5.588593e+00   4.205799e-09   0.000000e+00   1.024994e-11   73992
  5.609517e+00   4.182533e-09   1.337781e-02   1.009506e-11   75966
  5.630238e+00   4.184534e-09   0.000000e+00   1.018465e-11   74364
  5.650980e+00   4.191429e-09   1.575677e-02   1.008659e-11   76094
  5.671666e+00   4.172306e-09   0.000000e+00   1.007410e-11   76224
  5.692417e+00   4.149171e-09   1.012230e-02   1.001219e-11   76242
  5.712948e+00   4.173961e-09   0.000000e+00   1.000710e-11   76944
  5.733682e+00   4.148330e-09   0.000000e+00   9.835443e-12   78680
  5.754737e+00   4.151138e-09   1.780625e-02   9.677477e-12   79962
  5.775389e+00   4.131179e-09   9.009540e-03   9.856091e-12   77760
  5.796020e+00   4.130308e-09   2.124394e-02   9.837449e-12   79590
  5.816767e+00   4.114526e-09   0.000000e+00   9.632202e-12   80732
  5.837570e+00   4.112997e-09   2.647205e-02   9.613156e-12   81174
  5.858317e+00   4.100778e-09   8.943224e-03   9.602208e-12   80832
  5.878647e+00   4.099626e-09   2.703909e-02   9.738241e-12   79992
  5.899506e+00   4.080206e-09   0.000000e+00   9.378093e-12   84314
  5.920440e+00   4.073978e-09   0.000000e+00   9.424908e-12   83592
  5.941250e+00   4.059323e-09   2.012073e-02   9.299555e-12   83838
  5.961944e+00   4.087464e-09   0.000000e+00   9.382024e-12   83676
  5.982556e+00   4.044955e-09   1.338137e-02   9.224299e-12   84950
  6.003230e+00   4.033078e-09   0.000000e+00   9.194545e-12   84912
  6.024025e+00   4.035181e-09   2.445941e-02   9.151363e-12   87162
  6.044870e+00   4.034845e-09   0.000000e+00   9.127450e-12   86440
  6.065493e+00   4.037238e-09   0.000000e+00   9.153619e-12   86560
  6.086295e+00   4.015213e-09   0.000000e+00   9.029632e-12   88698
  6.106999e+00   4.029268e-09   3.010904e-02   8.897271e-12   88920
  6.127982e+00   4.001984e-09   0.000000e+00   9.042141e-12   88814
  6.148555e+00   3.996552e-09   7.170920e-03   8.867368e-12   90336
  6.169520e+00   3.967369e-09   0.000000e+00   8.817710e-12   90282
  6.190226e+00   3.977967e-09   0.000000e+00   8.829045e-12   90840
  6.210763e+00   3.953974e-09   2.190111e-02   8.701599e-12   91128
  6.231705e+00   3.948811e-09   0.000000e+00   8.606979e-12   92690
  6.252316e+00   3.972100e-09   0.000000e+00   8.748145e-12   92160
  6.273108e+00   3.938892e-09   0.000000e+00   8.672617e-12   93534
  6.293742e+00   3.927590e-09   0.000000e+00   8.668578e-12   93484
  6.314475e+00   3.897925e-09   5.634272e-03   8.484005e-12   95206
  6.335385e+00   3.919621e-09   8.868895e-03   8.480283e-12   96048
  6.355954e+00   3.895657e-09   8.791865e-03   8.442158e-12   93600
  6.376650e+00   3.897363e-09   0.000000e+00   8.305140e-12   97410
  6.397378e+00   3.908313e-09   2.753934e-02   8.351915e-12   97856
  6.418315e+00   3.882613e-09   0.000000e+00   8.324317e-12   97278
  6.438964e+00   3.868004e-09   1.706599e-02   8.207165e-12   98916
  6.459628e+00   3.842700e-09   0.000000e+00   8.286260e-12   96894
  6.480184e+00   3.855703e-09   0.000000e+00   8.122859e-12   100976
  6.501131e+00   3.828318e-09   2.279310e-03   8.094115e-12   100164
  6.521746e+00   3.840932e-09   0.000000e+00   8.089316e-12   100014
  6.542241e+00   3.834916e-09   2.003195e-02   8.040161e-12   101040
  6.563073e+00   3.830398e-09   0.000000e+00   7.972768e-12   102338
  6.583709e+00   3.840255e-09   1.147370e-02   7.998694e-12   102912
  6.604645e+00   3.817156e-09   0.000000e+00   7.891763e-12   104238
  6.625222e+00   3.798764e-09   1.937332e-02   7.930615e-12   103104
  6.645987e+00   3.783343e-09   1.736026e-02   7.819898e-12   105404
  6.666801e+00   3.773943e-09   0.000000e+00   7.807396e-12   105198
  6.687508e+00   3.777430e-09   0.000000e+00   7.703582e-12   106632
  6.708326e+00   3.777199e-09   2.603557e-02   7.754170e-12   106706
  6.729023e+00   3.756105e-09   0.000000e+00   7.713981e-12   106992
  6.749960e+00   3.727831e-09   0.000000e+00   7.583263e-12   110118
  6.770696e+00   3.733788e-09   3.176964e-02   7.619023e-12   108084
  6.791316e+00   3.706318e-09   1.160789e-02   7.568463e-12   108222
  6.812161e+00   3.728174e-09   0.000000e+00   7.540941e-12   112160
  6.832812e+00   3.699236e-09   1.845770e-02   7.512246e-12   108492
  6.853559e+00   3.709514e-09   2.216934e-02   7.451072e-12   113262
  6.874380e+00   3.680712e-09   0.000000e+00   7.380016e-12   111360
  6.895230e+00   3.686709e-09   0.000000e+00   7.377749e-12   114182
  6.915921e+00   3.674622e-09   3.313592e-02   7.380905e-12   112884
  6.936682e+00   3.660823e-09   7.605887e-03   7.268286e-12   113934
  6.957293e+00   3.642610e-09   0.000000e+00   7.248617e-12   114504
  6.978242e+00   3.645065e-09   0.000000e+00   7.191471e-12   117500
  6.998909e+00   3.629898e-09   2.356000e-02   7.233211e-12   114102
  7.019592e+00   3.635435e-09   9.040107e-03   7.106096e-12   118584
  7.040401e+00   3.618116e-09   0.000000e+00   7.177086e-12   115546
  7.060874e+00   3.620144e-09   2.123933e-02   7.118941e-12   118984
  7.081861e+00   3.601015e-09   2.767276e-03   7.039564e-12   119526
  7.102514e+00   3.589142e-09   0.000000e+00   7.036144e-12   119436
  7.123147e+00   3.583652e-09   0.000000e+00   7.041775e-12   118632
  7.143816e+00   3.576540e-09   2.389497e-02   6.918322e-12   122510
  7.164668e+00   3.553912e-09   0.000000e+00   6.913637e-12   121680
  7.185450e+00   3.569953e-09   0.000000e+00   6.912103e-12   121434
  7.206000e+00   3.539242e-09   0.000000e+00   6.777584e-12   123928
  7.226827e+00   3.544665e-09   0.000000e+00   6.747021e-12   123910
  7.247601e+00   3.513930e-09   0.000000e+00   6.687150e-12   124452
  7.268318e+00   3.532788e-09   0.000000e+00   6.755861e-12   125376
  7.289031e+00   3.503478e-09   2.125649e-02   6.656648e-12   126638
  7.309762e+00   3.506213e-09   7.422123e-03   6.673144e-12   125844
  7.330505e+00   3.500621e-09   0.000000e+00   6.616629e-12   128142
  7.351276e+00   3.480248e-09   3.816415e-03   6.544341e-12   128136
  7.371903e+00   3.466714e-09   9.636935e-03   6.581409e-12   127642
  7.392695e+00   3.472047e-09   0.000000e+00   6.439132e-12   131968
  7.413717e+00   3.442050e-09   0.000000e+00   6.434615e-12   130326
  7.434329e+00   3.460538e-09   2.235523e-02   6.481742e-12   131688
  7.455057e+00   3.432660e-09   1.016509e-02   6.433078e-12   130212
  7.475704e+00   3.425546e-09   0.000000e+00   6.364370e-12   132686
  7.496604e+00   3.421074e-09   0.000000e+00   6.311781e-12   135960
  7.517413e+00   3.391891e-09   1.587163e-02   6.312501e-12   131562
  7.537785e+00   3.425641e-09   1.244816e-02   6.376490e-12   134016
  7.558656e+00   3.410173e-09   0.000000e+00   6.248328e-12   136478
  7.579403e+00   3.372619e-09   2.834687e-02   6.161397e-12   136812
  7.600230e+00   3.388025e-09   1.785068e-02   6.183629e-12   137856
  7.620980e+00   3.371728e-09   0.000000e+00   6.198131e-12   135862
  7.641613e+00   3.373127e-09   0.000000e+00   6.101467e-12   140056
  7.662506e+00   3.337070e-09   2.490286e-02   6.065187e-12   139602
  7.683199e+00   3.341966e-09   0.000000e+00   6.069135e-12   139080
  7.703880e+00   3.317076e-09   0.000000e+00   6.006518e-12   140678
  7.724644e+00   3.319915e-09   1.338111e-02   5.991205e-12   142884
  7.745327e+00   3.315179e-09   1.027648e-02   6.026241e-12   139992
  7.766054e+00   3.308669e-09   0.000000e+00   5.914551e-12   144966
  7.786899e+00   3.301970e-09   0.000000e+00   5.901960e-12   143364
  7.807548e+00   3.293772e-09   1.918909e-02   5.880626e-12   144518
  7.828230e+00   3.289666e-09   1.982749e-02   5.886505e-12   145200
  7.848879e+00   3.267676e-09   0.000000e+00   5.834437e-12   143466
  7.869472e+00   3.274411e-09   0.000000e+00   5.793292e-12   148824
  7.890215e+00   3.251508e-09   1.622552e-02   5.805065e-12   145544
  7.910805e+00   3.245482e-09   0.000000e+00   5.767506e-12   148590
  7.931652e+00   3.236440e-09   0.000000e+00   5.673306e-12   150540
  7.952469e+00   3.237230e-09   2.797746e-02   5.721712e-12   150134
  7.973198e+00   3.227132e-09   0.000000e+00   5.676701e-12   151296
  7.994127e+00   3.193955e-09   0.000000e+00   5.569655e-12   152058
  8.014651e+00   3.206188e-09   1.732446e-02   5.629155e-12   150864
  8.035391e+00   3.184910e-09   1.453298e-02   5.551880e-12   154310
  8.056340e+00   3.181249e-09   0.000000e+00   5.518863e-12   155172
  8.077065e+00   3.182028e-09   0.000000e+00   5.535806e-12   154128
  8.097989e+00   3.168859e-09   1.345042e-02   5.433174e-12   158310
  8.118629e+00   3.165580e-09   1.895277e-02   5.524476e-12   153436
  8.139285e+00   3.149438e-09   0.000000e+00   5.420860e-12   157726
  8.160230e+00   3.138489e-09   0.000000e+00   5.345114e-12   160368
  8.180873e+00   3.124007e-09   9.906920e-03   5.418257e-12   155718
  8.201479e+00   3.115173e-09   0.000000e+00   5.302297e-12   160028
  8.222226e+00   3.129801e-09   0.000000e+00   5.333605e-12   160920
  8.243007e+00   3.108593e-09   1.389101e-02   5.283130e-12   161070
  8.263783e+00   3.094240e-09   3.073218e-02   5.219317e-12   163428
  8.284440e+00   3.094536e-09   0.000000e+00   5.323952e-12   159574
  8.305243e+00   3.087820e-09   0.000000e+00   5.183865e-12   167392
  8.326056e+00   3.073929e-09   2.444435e-02   5.167088e-12   162258
  8.346723e+00   3.064563e-09   1.289096e-02   5.111360e-12   167472
  8.367537e+00   3.058006e-09   0.000000e+00   5.170806e-12   163664
  8.388104e+00   3.041641e-09   0.000000e+00   5.109615e-12   166986
  8.408900e+00   3.050521e-09   1.675494e-02   5.096381e-12   169968
  8.429854e+00   3.039491e-09   0.000000e+00   5.079155e-12   167646
  8.450318e+00   3.026783e-09   0.000000e+00   5.038116e-12   168080
  8.471077e+00   3.012660e-09   1.611614e-02   4.986953e-12   170826
  8.491849e+00   3.000127e-09   0.000000e+00   4.985032e-12   170928
  8.512426e+00   3.015652e-09   1.684382e-02   5.025830e-12   170640
  8.533267e+00   2.999939e-09   0.000000e+00   4.986358e-12   173954
  8.553926e+00   2.989546e-09   2.682873e-02   4.959922e-12   173232
  8.574734e+00   2.967257e-09   0.000000e+00   4.875095e-12   174150
  8.595487e+00   2.970106e-09   0.000000e+00   4.851818e-12   176364
  8.616202e+00   2.959933e-09   1.622397e-02   4.868519e-12   175302
  8.636930e+00   2.946294e-09   7.581559e-03   4.789839e-12   177392
  8.657596e+00   2.937120e-09   1.802879e-02   4.800308e-12   176352
  8.678420e+00   2.929041e-09   0.000000e+00   4.728888e-12   180330
  8.699244e+00   2.921571e-09   9.068670e-03   4.749998e-12   180712
  8.719974e+00   2.926130e-09   1.511018e-02   4.759806e-12   179350
  8.740767e+00   2.904041e-09   1.420752e-02   4.671705e-12   183396
  8.761612e+00   2.890418e-09   0.000000e+00   4.677446e-12   180390
  8.782097e+00   2.888056e-09   0.000000e+00   4.654458e-12   181944
  8.802932e+00   2.875209e-09   0.000000e+00   4.586790e-12   185450
  8.823811e+00   2.869809e-09   9.439317e-03   4.539275e-12   186192
  8.844456e+00   2.870512e-09   2.085377e-02   4.653442e-12   183432
  8.865128e+00   2.851310e-09   0.000000e+00   4.545405e-12   185362
  8.885756e+00   2.850534e-09   5.189617e-03   4.535364e-12   188464
  8.906656e+00   2.846937e-09   0.000000e+00   4.542815e-12   188046
  8.927420e+00   2.834838e-09   1.272858e-02   4.475585e-12   191304
  8.948113e+00   2.824741e-09   2.474311e-02   4.490527e-12   186690
  8.968904e+00   2.812623e-09   0.000000e+00   4.398698e-12   194072
  8.989561e+00   2.805030e-09   2.085744e-02   4.489860e-12   188688
  9.010216e+00   2.796917e-09   0.000000e+00   4.363966e-12   192786
  9.030896e+00   2.795466e-09   8.848364e-03   4.384874e-12   193352
  9.051798e+00   2.791882e-09   0.000000e+00   4.369250e-12   195702
  9.072476e+00   2.786625e-09   2.835332e-02   4.351820e-12   195132
  9.093242e+00   2.767730e-09   0.000000e+00   4.295862e-12   195726
  9.113933e+00   2.757622e-09   0.000000e+00   4.287647e-12   197416
  9.134634e+00   2.744984e-09   8.863590e-03   4.296705e-12   196564
  9.155406e+00   2.739534e-09   1.953940e-02   4.225318e-12   201198
  9.176135e+00   2.741450e-09   0.000000e+00   4.279350e-12   197136
  9.196708e+00   2.728584e-09   0.000000e+00   4.229565e-12   199358
  9.217374e+00   2.732203e-09   2.787615e-02   4.186656e-12   203532
  9.238268e+00   2.709015e-09   0.000000e+00   4.176533e-12   201438
  9.258959e+00   2.709776e-09   0.000000e+00   4.150599e-12   203664
  9.279644e+00   2.702672e-09   2.775225e-02   4.137137e-12   203972
  9.300373e+00   2.683620e-09   2.185518e-02   4.091237e-12   205974
  9.321185e+00   2.679555e-09   0.000000e+00   4.094576e-12   205752
  9.342029e+00   2.667819e-09   0.000000e+00   4.064064e-12   207810
  9.362530e+00   2.668462e-09   3.586725e-02   4.084182e-12   206384
  9.383442e+00   2.654180e-09   0.000000e+00   4.007332e-12   210966
  9.404245e+00   2.653610e-09   0.000000e+00   4.011736e-12   210516
  9.425015e+00   2.642908e-09   0.000000e+00   3.991292e-12   209766
  9.445649e+00   2.630634e-09   4.067190e-02   3.991434e-12   212376
  9.466451e+00   2.633617e-09   0.000000e+00   3.949944e-12   212960
  9.487359e+00   2.625221e-09   0.000000e+00   3.942831e-12   214626
  9.507988e+00   2.616877e-09   2.944315e-02   3.937482e-12   213696
  9.528714e+00   2.606867e-09   2.951768e-02   3.890495e-12   215734
  9.549397e+00   2.603600e-09   0.000000e+00   3.903095e-12   213220
  9.570088e+00   2.596705e-09   0.000000e+00   3.841250e-12   219102
  9.590897e+00   2.593546e-09   3.416022e-02   3.840696e-12   220872
  9.611603e+00   2.587923e-09   4.981045e-02   3.859298e-12   216556
  9.632325e+00   2.571987e-09   3.850009e-02   3.808082e-12   221494
  9.652999e+00   2.565103e-09   4.224660e-02   3.803642e-12   219096
  9.673802e+00   2.552941e-09   3.110638e-02   3.757514e-12   224262
  9.694676e+00   2.550810e-09   0.000000e+00   3.764961e-12   222508
  9.715415e+00   2.539644e-09   0.000000e+00   3.741234e-12   222502
  9.735991e+00   2.531741e-09   3.976437e-02   3.690997e-12   227280
  9.756820e+00   2.521080e-09   1.923564e-02   3.711424e-12   223644
  9.777526e+00   2.527771e-09   0.000000e+00   3.714444e-12   226222
  9.798257e+00   2.510198e-09   0.000000e+00   3.648341e-12   229840
  9.819050e+00   2.509184e-09   2.619260e-02   3.664341e-12   228042
  9.839635e+00   2.495706e-09   0.000000e+00   3.651896e-12   227472
  9.860349e+00   2.494949e-09   0.000000e+00   3.623167e-12   230990
  9.881120e+00   2.485677e-09   8.382312e-03   3.584937e-12   233532
  9.901848e+00   2.487204e-09   2.970478e-02   3.611949e-12   231288
  9.922670e+00   2.468552e-09   0.000000e+00   3.577254e-12   233718
  9.943260e+00   2.469873e-09   0.000000e+00   3.594690e-12   232704
  9.964037e+00   2.457059e-09   3.093621e-02   3.510793e-12   239282
  9.984851e+00   2.455094e-09   3.768972e-02   3.537776e-12   234912
  1.000569e+01   2.441729e-09   0.000000e+00   3.494757e-12   238278
  1.002625e+01   2.443155e-09   3.728114e-02   3.509324e-12   237460
  1.004683e+01   2.427259e-09   2.693476e-02   3.502686e-12   236662
  1.006780e+01   2.431766e-09   0.000000e+00   3.439820e-12   246336
  1.008877e+01   2.422549e-09   0.000000e+00   3.457698e-12   241092
  1.010938e+01   2.416192e-09   3.467843e-02   3.445356e-12   242414
  1.013016e+01   2.397546e-09   1.520980e-02   3.400487e-12   243552
  1.015096e+01   2.398528e-09   0.000000e+00   3.406721e-12   243474
  1.017150e+01   2.397310e-09   2.410482e-02   3.398905e-12   245112
  1.019231e+01   2.381100e-09   2.644272e-02   3.351967e-12   246894
  1.021302e+01   2.378548e-09   2.033672e-02   3.358893e-12   247448
  1.023384e+01   2.367587e-09   0.000000e+00   3.329089e-12   247404
  1.025443e+01   2.372249e-09   3.961240e-02   3.324239e-12   249990
  1.027508e+01   2.360856e-09   3.774048e-02   3.327497e-12   249512
  1.029605e+01   2.354749e-09   0.000000e+00   3.296505e-12   253890
  1.031676e+01   2.363592e-09   0.000000e+00   3.318355e-12   250728
  1.033733e+01   2.349074e-09   4.776626e-02   3.284785e-12   253950
  1.035815e+01   2.338857e-09   0.000000e+00   3.253567e-12   254140
  1.037892e+01   2.327435e-09   0.000000e+00   3.215888e-12   255880
  1.039970e+01   2.331039e-09   3.073820e-02   3.215006e-12   258942
  1.042027e+01   2.326400e-09   4.566547e-02   3.262910e-12   253836
  1.044112e+01   2.313692e-09   0.000000e+00   3.193340e-12   260534
  1.046193e+01   2.308586e-09   0.000000e+00   3.200154e-12   259992
  1.048247e+01   2.305415e-09   4.697474e-02   3.189150e-12   258894
  1.050325e+01   2.305547e-09   3.707917e-02   3.159851e-12   263364
  1.052404e+01   2.290395e-09   0.000000e+00   3.164661e-12   259536
  1.054453e+01   2.296512e-09   2.069656e-02   3.179706e-12   263438
  1.056525e+01   2.284089e-09   4.194878e-02   3.124446e-12   265740
  1.058609e+01   2.282428e-09   0.000000e+00   3.132427e-12   264894
  1.060688e+01   2.272772e-09   0.000000e+00   3.087602e-12   269184
  1.062757e+01   2.269955e-09   4.085284e-02   3.107862e-12   266138
  1.064825e+01   2.257650e-09   2.868981e-02   3.065127e-12   270528
  1.066913e+01   2.254220e-09   0.000000e+00   3.072093e-12   268182
  1.068975e+01   2.257442e-09   0.000000e+00   3.061945e-12   270960
  1.071041e+01   2.244915e-09   4.915849e-02   3.017612e-12   274580
  1.073153e+01   2.245186e-09   0.000000e+00   3.035694e-12   276078
  1.075230e+01   2.232582e-09   0.000000e+00   3.019422e-12   273600
  1.077293e+01   2.231828e-09   4.044591e-02   3.012883e-12   274698
  1.079362e+01   2.221936e-09   4.366304e-02   3.005256e-12   276920
  1.081449e+01   2.216118e-09   0.000000e+00   2.980771e-12   276774
  1.083523e+01   2.216580e-09   0.000000e+00   2.994371e-12   279972
  1.085575e+01   2.216629e-09   3.534118e-02   2.993491e-12   276144
  1.087656e+01   2.199129e-09   1.662436e-02   2.939666e-12   282590
  1.089739e+01   2.199548e-09   0.000000e+00   2.938241e-12   282300
  1.091813e+01   2.200123e-09   0.000000e+00   2.931318e-12   283926
  1.093866e+01   2.194502e-09   4.737453e-02   2.945189e-12   279792
  1.095956e+01   2.189747e-09   0.000000e+00   2.907070e-12   287870
  1.098042e+01   2.185177e-09   0.000000e+00   2.913526e-12   286428
  1.100093e+01   2.168819e-09   4.584878e-02   2.902397e-12   284808
  1.102168e+01   2.178410e-09   1.534310e-02   2.898796e-12   289158
  1.104256e+01   2.169938e-09   0.000000e+00   2.891177e-12   290204
  1.106327e+01   2.171465e-09   0.000000e+00   2.869070e-12   290382
  1.108392e+01   2.161795e-09   3.193127e-02   2.863509e-12   291912
  1.110477e+01   2.153954e-09   0.000000e+00   2.856801e-12   290754
  1.112541e+01   2.155749e-09   1.729813e-02   2.838276e-12   296096
  1.114626e+01   2.140894e-09   2.621596e-02   2.805270e-12   294552
  1.116687e+01   2.143325e-09   4.661464e-02   2.823326e-12   293466
  1.118757e+01   2.141919e-09   0.000000e+00   2.807667e-12   296904
  1.120838e+01   2.132824e-09   0.000000e+00   2.801508e-12   298358
  1.122888e+01   2.134906e-09   4.552990e-02   2.808501e-12   297840
  1.124975e+01   2.127110e-09   1.767039e-02   2.783177e-12   301338
  1.127058e+01   2.121278e-09   0.000000e+00   2.769388e-12   300336
  1.129110e+01   2.124411e-09   4.922801e-02   2.772796e-12   303584
  1.131196e+01   2.118301e-09   4.124743e-02   2.768077e-12   304098
  1.133284e+01   2.113131e-09   0.000000e+00   2.764223e-12   304488
  1.135346e+01   2.117321e-09   4.478351e-02   2.767752e-12   306678
  1.137426e+01   2.099586e-09   0.000000e+00   2.743126e-12   305732
  1.139499e+01   2.097618e-09   1.720275e-02   2.715647e-12   309894
  1.141580e+01   2.101265e-09   2.355627e-02   2.727151e-12   310200
  1.143654e+01   2.087364e-09   0.000000e+00   2.719568e-12   307074
  1.145717e+01   2.097825e-09   4.628748e-02   2.701477e-12   315656
  1.147809e+01   2.087267e-09   0.000000e+00   2.715737e-12   310704
  1.149891e+01   2.084730e-09   0.000000e+00   2.700611e-12   314310
  1.151930e+01   2.081111e-09   5.504473e-02   2.709820e-12   312412
  1.154022e+01   2.078919e-09   0.000000e+00   2.666623e-12   318310
  1.156105e+01   2.079059e-09   0.000000e+00   2.697185e-12   315648
  1.158163e+01   2.064489e-09   4.302085e-02   2.645734e-12   320610
  1.160233e+01   2.074521e-09   0.000000e+00   2.708050e-12   313944
  1.162309e+01   2.063576e-09   0.000000e+00   2.622742e-12   325880
  1.164386e+01   2.063178e-09   4.336843e-02   2.670380e-12   319146
  1.166462e+01   2.059388e-09   0.000000e+00   2.635313e-12   322896
  1.168519e+01   2.060826e-09   4.825870e-02   2.642179e-12   322206
  1.170600e+01   2.058866e-09   0.000000e+00   2.626611e-12   327416
  1.172694e+01   2.051850e-09   0.000000e+00   2.634934e-12   325602
  1.174741e+01   2.056478e-09   5.859796e-02   2.644727e-12   328248
  1.176822e+01   2.047809e-09   0.000000e+00   2.626776e-12   326088
  1.178913e+01   2.051578e-09   0.000000e+00   2.619971e-12   331658
  1.180961e+01   2.039799e-09   5.302929e-02   2.614777e-12   331584
  1.183048e+01   2.036587e-09   2.507918e-02   2.628482e-12   330630
  1.185129e+01   2.044044e-09   0.000000e+00   2.599615e-12   333204
  1.187174e+01   2.037863e-09   6.025872e-02   2.605685e-12   333470
  1.189271e+01   2.048235e-09   0.000000e+00   2.618325e-12   335688
  1.191332e+01   2.034593e-09   2.060611e-02   2.585279e-12   336828
  1.193402e+01   2.043551e-09   2.719172e-02   2.610733e-12   337662
  1.195492e+01   2.029860e-09   0.000000e+00   2.571024e-12   338960
  1.197533e+01   2.027705e-09   5.499840e-02   2.583754e-12   338262
  1.199617e+01   2.029708e-09   4.584891e-02   2.573111e-12   344388
  1.201720e+01   2.026642e-09   0.000000e+00   2.571568e-12   342486
  1.203755e+01   2.029241e-09   7.004450e-02   2.597824e-12   343592
  1.205856e+01   2.018706e-09   7.300885e-03   2.560176e-12   347130
  1.207947e+01   2.031495e-09   0.000000e+00   2.597896e-12   346152
  1.209988e+01   2.018537e-09   6.624619e-02   2.561866e-12   345856
  1.212085e+01   2.028844e-09   0.000000e+00   2.589135e-12   349354
  1.214164e+01   2.017115e-09   0.000000e+00   2.544518e-12   352032
  1.216224e+01   2.012873e-09   5.596770e-02   2.562782e-12   348582
  1.218317e+01   2.023097e-09   0.000000e+00   2.564752e-12   352244
  1.220354e+01   2.016664e-09   6.781139e-02   2.575185e-12   351582
  1.222445e+01   2.019856e-09   1.378265e-02   2.565218e-12   357144
  1.224542e+01   2.014965e-09   0.000000e+00   2.563763e-12   355560
  1.226585e+01   2.014048e-09   6.344883e-02   2.559351e-12   354551
  1.228673e+01   2.001399e-09   9.695616e-03   2.535746e-12   358044
  1.230769e+01   1.993836e-09   0.000000e+00   2.527527e-12   355272
  1.232802e+01   1.982851e-09   7.024541e-02   2.508011e-12   352044
  1.234885e+01   1.984811e-09   0.000000e+00   2.517044e-12   352344
  1.236968e+01   1.964194e-09   0.000000e+00   2.453269e-12   356516
  1.239028e+01   1.964546e-09   4.844043e-02   2.472215e-12   352848
  1.241136e+01   1.954338e-09   0.000000e+00   2.449282e-12   352980
  1.243181e+01   1.945842e-09   4.147402e-02   2.436182e-12   348948
  1.245251e+01   1.935105e-09   3.657107e-02   2.410202e-12   351692
  1.247361e+01   1.932411e-09   0.000000e+00   2.408572e-12   353064
  1.249398e+01   1.927604e-09   6.194205e-02   2.427430e-12   345624
  1.251469e+01   1.913612e-09   0.000000e+00   2.394719e-12   347844
  1.253566e+01   1.907580e-09   0.000000e+00   2.356733e-12   351020
  1.255612e+01   1.904554e-09   5.801793e-02   2.375219e-12   345852
  1.257696e+01   1.888688e-09   1.145507e-02   2.334564e-12   347040
  1.259782e+01   1.884405e-09   0.000000e+00   2.344658e-12   345928
  1.261828e+01   1.881979e-09   5.842996e-02   2.320161e-12   347020
  1.263923e+01   1.871992e-09   0.000000e+00   2.340156e-12   343032
  1.265989e+01   1.866700e-09   0.000000e+00   2.316347e-12   343620
  1.268045e+01   1.852901e-09   6.004162e-02   2.280712e-12   343988
  1.270157e+01   1.848120e-09   0.000000e+00   2.268239e-12   344556
  1.272211e+01   1.842637e-09   4.396297e-02   2.268234e-12   343632
  1.274299e+01   1.837346e-09   0.000000e+00   2.266753e-12   340392
  1.276383e+01   1.831095e-09   0.000000e+00   2.266747e-12   339408
  1.278421e+01   1.817921e-09   7.406148e-02   2.226351e-12   341864
  1.280526e+01   1.812994e-09   0.000000e+00   2.218088e-12   341964
  1.282609e+01   1.812352e-09   0.000000e+00   2.240747e-12   334380
  1.284629e+01   1.806421e-09   6.965861e-02   2.219805e-12   336504
  1.286732e+01   1.799925e-09   1.576299e-02   2.202092e-12   339560
  1.288814e+01   1.787161e-09   0.000000e+00   2.196633e-12   336384
  1.290870e+01   1.782624e-09   7.284790e-02   2.175240e-12   337404
  1.292968e+01   1.777167e-09   0.000000e+00   2.207566e-12   330156
  1.295012e+01   1.773059e-09   5.787070e-02   2.171962e-12   337808
  1.297104e+01   1.760167e-09   0.000000e+00   2.158553e-12   332748
  1.299195e+01   1.760818e-09   0.000000e+00   2.154153e-12   333612
  1.301237e+01   1.755363e-09   5.861030e-02   2.148138e-12   331860
  1.303320e+01   1.744652e-09   2.595793e-02   2.150762e-12   328376
  1.305399e+01   1.742205e-09   0.000000e+00   2.129901e-12   331140
  1.307454e+01   1.730116e-09   7.058397e-02   2.103245e-12   332988
  1.309538e+01   1.732710e-09   2.777413e-02   2.128650e-12   325224
  1.311629e+01   1.721329e-09   0.000000e+00   2.093040e-12   331544
  1.313681e+01   1.710422e-09   6.597875e-02   2.093682e-12   327264
  1.315764e+01   1.709776e-09   0.000000e+00   2.097314e-12   322308
  1.317828e+01   1.704849e-09   2.328529e-02   2.079223e-12   328136
  1.319883e+01   1.702046e-09   4.976911e-02   2.077575e-12   323172
  1.321986e+01   1.689973e-09   0.000000e+00   2.065147e-12   325248
  1.324037e+01   1.685582e-09   6.225000e-02   2.044732e-12   324096
  1.326115e+01   1.685424e-09   0.000000e+00   2.067566e-12   321540
  1.328214e+01   1.675237e-09   0.000000e+00   2.043365e-12   323744
  1.330245e+01   1.669051e-09   6.894633e-02   2.055018e-12   317400
  1.332329e+01   1.665695e-09   1.927098e-02   2.020949e-12   322560
  1.334431e+01   1.657586e-09   0.000000e+00   2.025102e-12   320076
  1.336469e+01   1.654965e-09   7.191508e-02   2.037450e-12   317204
  1.338583e+01   1.646166e-09   0.000000e+00   1.984883e-12   323064
  1.340666e+01   1.644328e-09   0.000000e+00   2.009552e-12   315204
  1.342698e+01   1.637220e-09   7.788721e-02   1.991797e-12   315416
  1.344819e+01   1.633125e-09   0.000000e+00   1.986537e-12   316884
  1.346864e+01   1.622936e-09   4.750786e-02   1.987623e-12   312876
  1.348936e+01   1.623851e-09   5.422189e-02   1.973530e-12   315540
  1.351047e+01   1.616558e-09   0.000000e+00   1.976730e-12   312576
  1.353075e+01   1.612806e-09   7.801792e-02   1.965400e-12   312140
  1.355170e+01   1.606879e-09   2.098401e-02   1.967603e-12   310356
  1.357265e+01   1.600619e-09   0.000000e+00   1.938597e-12   311232
  1.359293e+01   1.600706e-09   6.981733e-02   1.943150e-12   307584
  1.361391e+01   1.592900e-09   3.240107e-02   1.943541e-12   310616
  1.363471e+01   1.587773e-09   0.000000e+00   1.942765e-12   304200
  1.365500e+01   1.579361e-09   7.766829e-02   1.935867e-12   306792
  1.367616e+01   1.581836e-09   0.000000e+00   1.938527e-12   306168
  1.369665e+01   1.571777e-09   0.000000e+00   1.921938e-12   304448
  1.371746e+01   1.568261e-09   6.744918e-02   1.898010e-12   308580
  1.373853e+01   1.563089e-09   0.000000e+00   1.926349e-12   299568
  1.375881e+01   1.556842e-09   6.650414e-02   1.898778e-12   304416
  1.377983e+01   1.557525e-09   3.610215e-02   1.900258e-12   302216
  1.380074e+01   1.547719e-09   0.000000e+00   1.889340e-12   300084
  1.382112e+01   1.541226e-09   8.455647e-02   1.883591e-12   299340
  1.384196e+01   1.542791e-09   0.000000e+00   1.893774e-12   296688
  1.386283e+01   1.537337e-09   0.000000e+00   1.881714e-12   298820
  1.388319e+01   1.531930e-09   8.047900e-02   1.884904e-12   296916
  1.390426e+01   1.524172e-09   0.000000e+00   1.862755e-12   295920
  1.392487e+01   1.515839e-09   4.624229e-03   1.862595e-12   292692
  1.394531e+01   1.519874e-09   7.416327e-02   1.862469e-12   295892
  1.396657e+01   1.512415e-09   0.000000e+00   1.855821e-12   293064
  1.398701e+01   1.507616e-09   4.052396e-02   1.845443e-12   293220
  1.400767e+01   1.506254e-09   3.645925e-02   1.864759e-12   286804
  1.402862e+01   1.502790e-09   0.000000e+00   1.837482e-12   293080
  1.404914e+01   1.500144e-09   7.404201e-02   1.842361e-12   291816
  1.407016e+01   1.490814e-09   0.000000e+00   1.845824e-12   287784
  1.409100e+01   1.488587e-09   0.000000e+00   1.830847e-12   286760
  1.411134e+01   1.483572e-09   7.792815e-02   1.824634e-12   287088
  1.413232e+01   1.479526e-09   0.000000e+00   1.810937e-12   286176
  1.415322e+01   1.482208e-09   0.000000e+00   1.834292e-12   284184
  1.417351e+01   1.472433e-09   6.904702e-02   1.829928e-12   282220
  1.419470e+01   1.468545e-09   0.000000e+00   1.808128e-12   284452
  1.421522e+01   1.462060e-09   0.000000e+00   1.812437e-12   279516
  1.423581e+01   1.460067e-09   7.504317e-02   1.799799e-12   282696
  1.425703e+01   1.456747e-09   0.000000e+00   1.807793e-12   278676
  1.427730e+01   1.454017e-09   7.748051e-02   1.800002e-12   279512
  1.429820e+01   1.451554e-09   1.201089e-02   1.804101e-12   276672
  1.431915e+01   1.450062e-09   0.000000e+00   1.805921e-12   276036
  1.433935e+01   1.447282e-09   7.544191e-02   1.801621e-12   274416
  1.436032e+01   1.439345e-09   3.488774e-02   1.784686e-12   275384
  1.438130e+01   1.436145e-09   0.000000e+00   1.782310e-12   274560
  1.440167e+01   1.436125e-09   8.281490e-02   1.790346e-12   272220
  1.442275e+01   1.430020e-09   0.000000e+00   1.796787e-12   270492
  1.444339e+01   1.426594e-09   0.000000e+00   1.779599e-12   271532
  1.446406e+01   1.420024e-09   5.016875e-02   1.770073e-12   272052
  1.448504e+01   1.419321e-09   0.000000e+00   1.793677e-12   264372
  1.450534e+01   1.416747e-09   4.505683e-02   1.773193e-12   268652
  1.452626e+01   1.412264e-09   5.199371e-02   1.768427e-12   266760
  1.454710e+01   1.409307e-09   0.000000e+00   1.788013e-12   262536
  1.456750e+01   1.407945e-09   8.197526e-02   1.767013e-12   266460
  1.458842e+01   1.404267e-09   0.000000e+00   1.776466e-12   261560
  1.460924e+01   1.401501e-09   0.000000e+00   1.769660e-12   262236
  1.462973e+01   1.394665e-09   7.341677e-02   1.760262e-12   261708
  1.465061e+01   1.395682e-09   0.000000e+00   1.770934e-12   258960
  1.467144e+01   1.401078e-09   0.000000e+00   1.780485e-12   258376
  1.469181e+01   1.390485e-09   6.991979e-02   1.776240e-12   258304
  1.471306e+01   1.388307e-09   0.000000e+00   1.764859e-12   259368
  1.473359e+01   1.390465e-09   3.346541e-02   1.781799e-12   253332
  1.475414e+01   1.381231e-09   7.345816e-02   1.770937e-12   254448
  1.477531e+01   1.381103e-09   0.000000e+00   1.758194e-12   255248
  1.479573e+01   1.379640e-09   7.629936e-02   1.761337e-12   252180
  1.481667e+01   1.372474e-09   2.996422e-02   1.759919e-12   252744
  1.483756e+01   1.368644e-09   0.000000e+00   1.765968e-12   247348
  1.485783e+01   1.362751e-09   9.202763e-02   1.742142e-12   250432
  1.487883e+01   1.363796e-09   0.000000e+00   1.756860e-12   247860
  1.489979e+01   1.363205e-09   0.000000e+00   1.759563e-12   247716
  1.492008e+01   1.356119e-09   7.661063e-02   1.756616e-12   242472
  1.494121e+01   1.354798e-09   0.000000e+00   1.733463e-12   248672
  1.496181e+01   1.352745e-09   3.349686e-02   1.770680e-12   239352
  1.498229e+01   1.355148e-09   6.157779e-02   1.747652e-12   245088
  1.500346e+01   1.347828e-09   0.000000e+00   1.758930e-12   239232
  1.502374e+01   1.348287e-09   8.161908e-02   1.747723e-12   240320
  1.504476e+01   1.343437e-09   0.000000e+00   1.751341e-12   239340
  1.506573e+01   1.341673e-09   0.000000e+00   1.757466e-12   237636
  1.508593e+01   1.338983e-09   7.807715e-02   1.755970e-12   235980
  1.510691e+01   1.339081e-09   0.000000e+00   1.752107e-12   235304
  1.512784e+01   1.338396e-09   0.000000e+00   1.763206e-12   234576
  1.514817e+01   1.332804e-09   7.262842e-02   1.763285e-12   232788
  1.516915e+01   1.331538e-09   0.000000e+00   1.763515e-12   230400
  1.518986e+01   1.333112e-09   0.000000e+00   1.765667e-12   231836
  1.521043e+01   1.324744e-09   7.763112e-02   1.752483e-12   231288
  1.523163e+01   1.325637e-09   0.000000e+00   1.771019e-12   226536
  1.525193e+01   1.320859e-09   6.057157e-02   1.767765e-12   226084
  1.527263e+01   1.318264e-09   5.214133e-02   1.740714e-12   227116
  1.529375e+01   1.318969e-09   0.000000e+00   1.780978e-12   223800
  1.531406e+01   1.312717e-09   8.338773e-02   1.763938e-12   223884
  1.533496e+01   1.317675e-09   0.000000e+00   1.769514e-12   222360
  1.535591e+01   1.317813e-09   0.000000e+00   1.767167e-12   221156
  1.537635e+01   1.313273e-09   9.234908e-02   1.774276e-12   221724
  1.539739e+01   1.309096e-09   0.000000e+00   1.775448e-12   217584
  1.541815e+01   1.304191e-09   0.000000e+00   1.764571e-12   217576
  1.543850e+01   1.308657e-09   9.548786e-02   1.789061e-12   215464
  1.545963e+01   1.308812e-09   0.000000e+00   1.787766e-12   215472
  1.548021e+01   1.300498e-09   2.520243e-02   1.773715e-12   213768
  1.550072e+01   1.303750e-09   8.302421e-02   1.785580e-12   210956
  1.552176e+01   1.299332e-09   0.000000e+00   1.777243e-12   211788
  1.554231e+01   1.300989e-09   4.592834e-02   1.785496e-12   211092
  1.556319e+01   1.299072e-09   3.226791e-02   1.790201e-12   209556
  1.558420e+01   1.299829e-09   0.000000e+00   1.812235e-12   206700
  1.560442e+01   1.298846e-09   7.747453e-02   1.804830e-12   206048
  1.562536e+01   1.296339e-09   0.000000e+00   1.810697e-12   204744
  1.564625e+01   1.295346e-09   0.000000e+00   1.812733e-12   202992
  1.566646e+01   1.289745e-09   8.697803e-02   1.813122e-12   201944
  1.568771e+01   1.289576e-09   0.000000e+00   1.799820e-12   203304
  1.570852e+01   1.287176e-09   0.000000e+00   1.814724e-12   200484
  1.572878e+01   1.285448e-09   9.330508e-02   1.826479e-12   195516
  1.575002e+01   1.290604e-09   0.000000e+00   1.819385e-12   198860
  1.577038e+01   1.280429e-09   4.225166e-02   1.823606e-12   195264
  1.579115e+01   1.280138e-09   6.076268e-02   1.826669e-12   195984
  1.581224e+01   1.281118e-09   0.000000e+00   1.842380e-12   191808
  1.583233e+01   1.280454e-09   7.182502e-02   1.843685e-12   190776
  1.585324e+01   1.278736e-09   1.978436e-02   1.840576e-12   192032
  1.587428e+01   1.274558e-09   0.000000e+00   1.848057e-12   188628
  1.589451e+01   1.280732e-09   9.865151e-02   1.849041e-12   189444
  1.591566e+01   1.275166e-09   0.000000e+00   1.856141e-12   186260
  1.593629e+01   1.273865e-09   0.000000e+00   1.871769e-12   184560
  1.595675e+01   1.275192e-09   8.939255e-02   1.858158e-12   185832
  1.597807e+01   1.267715e-09   0.000000e+00   1.860406e-12   182400
  1.599845e+01   1.271717e-09   4.269174e-02   1.877150e-12   181380
  1.601905e+01   1.268947e-09   7.496100e-02   1.874774e-12   180332
  1.604022e+01   1.268302e-09   0.000000e+00   1.896618e-12   178236
  1.606064e+01   1.262117e-09   5.391886e-02   1.875565e-12   179184
  1.608143e+01   1.266452e-09   6.874349e-02   1.906224e-12   175028
  1.610242e+01   1.263287e-09   0.000000e+00   1.897232e-12   175440
  1.612292e+01   1.265033e-09   7.388870e-02   1.906253e-12   174828
  1.614383e+01   1.262681e-09   0.000000e+00   1.933947e-12   169896
  1.616453e+01   1.263713e-09   0.000000e+00   1.912387e-12   171708
  1.618501e+01   1.258076e-09   9.508031e-02   1.921121e-12   169328
  1.620602e+01   1.262225e-09   0.000000e+00   1.946009e-12   167364
  1.622676e+01   1.256146e-09   3.495094e-02   1.928148e-12   168192
  1.624722e+01   1.251732e-09   8.515543e-02   1.943718e-12   163188
  1.626845e+01   1.252577e-09   0.000000e+00   1.933963e-12   166184
  1.628902e+01   1.253080e-09   4.347581e-02   1.966532e-12   161460
  1.630953e+01   1.252319e-09   7.920198e-02   1.972335e-12   159972
  1.633055e+01   1.253914e-09   0.000000e+00   1.977642e-12   159488
  1.635092e+01   1.247819e-09   7.374248e-02   1.978218e-12   158148
  1.637193e+01   1.251641e-09   0.000000e+00   1.976713e-12   158100
  1.639291e+01   1.246109e-09   0.000000e+00   1.984259e-12   155232
  1.641299e+01   1.250035e-09   8.448590e-02   2.022432e-12   151216
  1.643412e+01   1.252446e-09   0.000000e+00   1.997129e-12   155560
  1.645510e+01   1.240003e-09   0.000000e+00   2.007296e-12   151404
  1.647532e+01   1.239534e-09   1.005533e-01   2.029156e-12   148356
  1.649648e+01   1.243351e-09   0.000000e+00   2.041843e-12   147164
  1.651692e+01   1.235308e-09   2.625523e-02   2.020579e-12   147384
  1.653757e+01   1.240505e-09   6.781374e-02   2.057014e-12   145992
  1.655886e+01   1.235835e-09   0.000000e+00   2.051233e-12   143856
  1.657890e+01   1.236047e-09   6.667322e-02   2.061253e-12   140384
  1.659987e+01   1.241160e-09   3.265593e-02   2.059397e-12   143856
  1.662094e+01   1.229817e-09   0.000000e+00   2.104307e-12   136968
  1.664106e+01   1.236236e-09   9.264996e-02   2.061519e-12   139536
  1.666229e+01   1.232256e-09   0.000000e+00   2.098771e-12   136916
  1.668291e+01   1.230298e-09   0.000000e+00   2.130848e-12   133032
  1.670327e+01   1.234039e-09   9.332693e-02   2.120048e-12   135540
  1.672465e+01   1.228830e-09   0.000000e+00   2.123314e-12   132096
  1.674503e+01   1.227149e-09   0.000000e+00   2.145650e-12   129540
  1.676560e+01   1.230789e-09   9.081355e-02   2.147959e-12   130640
  1.678678e+01   1.219004e-09   0.000000e+00   2.155130e-12   126276
  1.680721e+01   1.230851e-09   5.448106e-02   2.178964e-12   128484
  1.682826e+01   1.227619e-09   1.303490e-02   2.205041e-12   124168
  1.684902e+01   1.218748e-09   0.000000e+00   2.198847e-12   122224
  1.686947e+01   1.226842e-09   8.155610e-02   2.204624e-12   123156
  1.689050e+01   1.220228e-09   0.000000e+00   2.218579e-12   119688
  1.691105e+01   1.213624e-09   0.000000e+00   2.235142e-12   116640
  1.693152e+01   1.212041e-09   9.552592e-02   2.209948e-12   119696
  1.695264e+01   1.207437e-09   0.000000e+00   2.240816e-12   114276
  1.697330e+01   1.217002e-09   0.000000e+00   2.270297e-12   114060
  1.699377e+01   1.205917e-09   9.004321e-02   2.243116e-12   112536
  1.701493e+01   1.196808e-09   0.000000e+00   2.235531e-12   112196
  1.703561e+01   1.205443e-09   4.154564e-02   2.269665e-12   109404
  1.705611e+01   1.193330e-09   5.001363e-02   2.300190e-12   105900
  1.707693e+01   1.196444e-09   0.000000e+00   2.296838e-12   107176
  1.709749e+01   1.203080e-09   6.718245e-02   2.341675e-12   105088
  1.711839e+01   1.195209e-09   2.802153e-02   2.355455e-12   103800
  1.713936e+01   1.199183e-09   0.000000e+00   2.370618e-12   101340
  1.715970e+01   1.192699e-09   7.501827e-02   2.355734e-12   100036
  1.718051e+01   1.189549e-09   0.000000e+00   2.365691e-12   97672
  1.720141e+01   1.193443e-09   0.000000e+00   2.366787e-12   97908
  1.722188e+01   1.177220e-09   7.928158e-02   2.360244e-12   95328
  1.724284e+01   1.183002e-09   0.000000e+00   2.425124e-12   93600
  1.726350e+01   1.171099e-09   0.000000e+00   2.374335e-12   92312
  1.728414e+01   1.175652e-09   6.567878e-02   2.411315e-12   91044
  1.730515e+01   1.164172e-09   0.000000e+00   2.408310e-12   88500
  1.732537e+01   1.171408e-09   5.161817e-02   2.484124e-12   86216
  1.734623e+01   1.159183e-09   0.000000e+00   2.423650e-12   87159
  1.736748e+01   1.161015e-09   0.000000e+00   2.428827e-12   86064
  1.738789e+01   1.161642e-09   7.765340e-02   2.512449e-12   81648
  1.740859e+01   1.151891e-09   8.365395e-03   2.468611e-12   81654
  1.742958e+01   1.151348e-09   0.000000e+00   2.483538e-12   81284
  1.745017e+01   1.148227e-09   5.565939e-02   2.502126e-12   78888
  1.747089e+01   1.138312e-09   1.742926e-02   2.502558e-12   77250
  1.749148e+01   1.149257e-09   0.000000e+00   2.544268e-12   75942
  1.751207e+01   1.139836e-09   6.224780e-02   2.493103e-12   77042
  1.753325e+01   1.136993e-09   0.000000e+00   2.565809e-12   74094
  1.755392e+01   1.143679e-09   3.435733e-02   2.545790e-12   73818
  1.757460e+01   1.142649e-09   0.000000e+00   2.614555e-12   70998
  1.759538e+01   1.128586e-09   0.000000e+00   2.527460e-12   72044
  1.761608e+01   1.126253e-09   6.517916e-02   2.611144e-12   69426
  1.763696e+01   1.126687e-09   0.000000e+00   2.592716e-12   69288
  1.765765e+01   1.127550e-09   0.000000e+00   2.654527e-12   67068
  1.767810e+01   1.126100e-09   6.709545e-02   2.614567e-12   66926
  1.769904e+01   1.122770e-09   5.552673e-02   2.631689e-12   66348
  1.772006e+01   1.123347e-09   0.000000e+00   2.673067e-12   64728
  1.774050e+01   1.115781e-09   0.000000e+00   2.685107e-12   62820
  1.776120e+01   1.113829e-09   0.000000e+00   2.660955e-12   63716
  1.778217e+01   1.114987e-09   1.726520e-02   2.690399e-12   62160
  1.780285e+01   1.105608e-09   0.000000e+00   2.693675e-12   59940
  1.782337e+01   1.116815e-09   1.625579e-02   2.740633e-12   60112
  1.784408e+01   1.113133e-09   6.354380e-02   2.726752e-12   59668
  1.786510e+01   1.110137e-09   0.000000e+00   2.771658e-12   57618
  1.788559e+01   1.105553e-09   2.073154e-02   2.778235e-12   56868
  1.790612e+01   1.115089e-09   6.059100e-02   2.802170e-12   56684
  1.792695e+01   1.108000e-09   2.739157e-02   2.806975e-12   55536
  1.794783e+01   1.102049e-09   0.000000e+00   2.836757e-12   54342
  1.796859e+01   1.113945e-09   2.063142e-02   2.890614e-12   54768
  1.798913e+01   1.102582e-09   6.061490e-02   2.875097e-12   52094
  1.800988e+01   1.102455e-09   0.000000e+00   2.871794e-12   52224
  1.803092e+01   1.097775e-09   0.000000e+00   2.869732e-12   52188
  1.805153e+01   1.109553e-09   5.366452e-02   2.928511e-12   50190
  1.807201e+01   1.108197e-09   4.507342e-02   2.979998e-12   49224
  1.809290e+01   1.096696e-09   0.000000e+00   2.964242e-12   49094
  1.811386e+01   1.101984e-09   1.619914e-02   2.934392e-12   49488
  1.813461e+01   1.103008e-09   5.671018e-02   3.029849e-12   46830
  1.815507e+01   1.101746e-09   1.350558e-02   3.059146e-12   45860
  1.817589e+01   1.100579e-09   0.000000e+00   3.021334e-12   46770
  1.819678e+01   1.107206e-09   2.297133e-02   3.091256e-12   45468
  1.821749e+01   1.097010e-09   3.868441e-02   3.059276e-12   44130
  1.823812e+01   1.104150e-09   0.000000e+00   3.094647e-12   43230
  1.825888e+01   1.098871e-09   0.000000e+00   3.089092e-12   44108
  1.827979e+01   1.090329e-09   3.805554e-02   3.128774e-12   42162
  1.830047e+01   1.090040e-09   3.649988e-02   3.145516e-12   41358
  1.832098e+01   1.101615e-09   0.000000e+00   3.247060e-12   40456
  1.834174e+01   1.094464e-09   3.531065e-02   3.193184e-12   41230
  1.836283e+01   1.098842e-09   4.581038e-02   3.243310e-12   39906
  1.838361e+01   1.096784e-09   0.000000e+00   3.282512e-12   38508
  1.840402e+01   1.098369e-09   0.000000e+00   3.350643e-12   37854
  1.842462e+01   1.096685e-09   5.623398e-02   3.318633e-12   38162
  1.844571e+01   1.108633e-09   2.795078e-02   3.429972e-12   37212
  1.846654e+01   1.093961e-09   0.000000e+00   3.412348e-12   36450
  1.848684e+01   1.097617e-09   3.099461e-02   3.460068e-12   34718
  1.850743e+01   1.099728e-09   1.968205e-02   3.380500e-12   35814
  1.852855e+01   1.097000e-09   1.758620e-02   3.440317e-12   34896
  1.854938e+01   1.100246e-09   0.000000e+00   3.508238e-12   33822
  1.856963e+01   1.106126e-09   4.324943e-02   3.625084e-12   32522
  1.859043e+01   1.097307e-09   0.000000e+00   3.502514e-12   33630
  1.861153e+01   1.103697e-09   0.000000e+00   3.592764e-12   32166
  1.863204e+01   1.102062e-09   2.607808e-02   3.700105e-12   31200
  1.865238e+01   1.101802e-09   1.278748e-02   3.680373e-12   30598
  1.867318e+01   1.099276e-09   2.144237e-02   3.624357e-12   31138
  1.869443e+01   1.108451e-09   0.000000e+00   3.661144e-12   30510
  1.871513e+01   1.111757e-09   3.158358e-02   3.824798e-12   28998
  1.873545e+01   1.108463e-09   0.000000e+00   3.866272e-12   28290
  1.875621e+01   1.104879e-09   4.276625e-02   3.821413e-12   29126
  1.877748e+01   1.103342e-09   0.000000e+00   3.854980e-12   28008
  1.879820e+01   1.109907e-09   9.988340e-03   3.918916e-12   27222
  1.881869e+01   1.104272e-09   2.032959e-02   3.948859e-12   26426
  1.883943e+01   1.107045e-09   1.414661e-02   3.936500e-12   26694
  1.886042e+01   1.104314e-09   2.382993e-02   4.000674e-12   25734
  1.888123e+01   1.106083e-09   0.000000e+00   4.065755e-12   25458
  1.890165e+01   1.104468e-09   0.000000e+00   4.195099e-12   24198
  1.892250e+01   1.096433e-09   0.000000e+00   4.059729e-12   25034
  1.894358e+01   1.102536e-09   1.920859e-02   4.204553e-12   23718
  1.896415e+01   1.111385e-09   0.000000e+00   4.293218e-12   23094
  1.898439e+01   1.108206e-09   2.817701e-02   4.277270e-12   22416
  1.900523e+01   1.106291e-09   1.220844e-02   4.330340e-12   23078
  1.902662e+01   1.106582e-09   0.000000e+00   4.395653e-12   22386
  1.904734e+01   1.098226e-09   0.000000e+00   4.414923e-12   21126
  1.906740e+01   1.107347e-09   0.000000e+00   4.546256e-12   20366
  1.908807e+01   1.107961e-09   3.838232e-02   4.442905e-12   21354
  1.910952e+01   1.113023e-09   0.000000e+00   4.531149e-12   20478
  1.913020e+01   1.102332e-09   0.000000e+00   4.636160e-12   19458
  1.915026e+01   1.117098e-09   1.086018e-02   4.707729e-12   18758
  1.917096e+01   1.116917e-09   4.123523e-02   4.720198e-12   19566
  1.919237e+01   1.111100e-09   2.841215e-02   4.789031e-12   18858
  1.921315e+01   1.116372e-09   9.694791e-03   4.907969e-12   17790
  1.923316e+01   1.113523e-09   0.000000e+00   4.941203e-12   17114
  1.925389e+01   1.104622e-09   0.000000e+00   4.718923e-12   17982
  1.927528e+01   1.129266e-09   0.000000e+00   5.097138e-12   17190
  1.929612e+01   1.120239e-09   0.000000e+00   5.105933e-12   16458
  1.931611e+01   1.117296e-09   2.982549e-02   5.251267e-12   15494
  1.933678e+01   1.120322e-09   1.422557e-02   5.089344e-12   16374
  1.935831e+01   1.113574e-09   0.000000e+00   5.134649e-12   15858
  1.937917e+01   1.120351e-09   0.000000e+00   5.392316e-12   14862
  1.939908e+01   1.130632e-09   0.000000e+00   5.615866e-12   14082
  1.941986e+01   1.125429e-09   0.000000e+00   5.351016e-12   14990
  1.944144e+01   1.127888e-09   1.272258e-02   5.443537e-12   14358
  1.946223e+01   1.118177e-09   0.000000e+00   5.660954e-12   13386
  1.948193e+01   1.150267e-09   0.000000e+00   5.817496e-12   12678
  1.950273e+01   1.138862e-09   2.085657e-02   5.710500e-12   13700
  1.952445e+01   1.143324e-09   1.665353e-02   5.765255e-12   12942
  1.954529e+01   1.138058e-09   3.856403e-02   6.024505e-12   12198
  1.956477e+01   1.144428e-09   0.000000e+00   6.360669e-12   11106
  1.958543e+01   1.149977e-09   0.000000e+00   5.989333e-12   12494
  1.960722e+01   1.143358e-09   2.627413e-02   6.197317e-12   11610
  1.962822e+01   1.143202e-09   0.000000e+00   6.339590e-12   11094
  1.964771e+01   1.132216e-09   1.755098e-02   6.622666e-12   9902
  1.966828e+01   1.146119e-09   1.329181e-02   6.469972e-12   11226
  1.969007e+01   1.138896e-09   0.000000e+00   6.383779e-12   10326
  1.971110e+01   1.166116e-09   1.771931e-02   6.678734e-12   10074
  1.973074e+01   1.157411e-09   0.000000e+00   7.182724e-12   8766
  1.975114e+01   1.152646e-09   0.000000e+00   6.699343e-12   9950
  1.977288e+01   1.154872e-09   1.325969e-02   7.026963e-12   9252
  1.979391e+01   1.159285e-09   0.000000e+00   7.349865e-12   8886
  1.981353e+01   1.176973e-09   0.000000e+00   7.916089e-12   7850
  1.983411e+01   1.151407e-09   8.076962e-03   6.965387e-12   8886
  1.985590e+01   1.159664e-09   0.000000e+00   7.362128e-12   8142
  1.987667e+01   1.157499e-09   1.865973e-02   7.690339e-12   7746
  1.989608e+01   1.151595e-09   2.044025e-02   7.997638e-12   6926
  1.991706e+01   1.171780e-09   0.000000e+00   7.714342e-12   7974
  1.993892e+01   1.190102e-09   2.171072e-02   8.240935e-12   7074
  1.995945e+01   1.179220e-09   0.000000e+00   8.333552e-12   6744
  1.997876e+01   1.168100e-09   2.188809e-02   8.932687e-12   6114
  2.000009e+01   1.198618e-09   0.000000e+00   8.370405e-12   7094
  2.002234e+01   1.183342e-09   0.000000e+00   8.731656e-12   6174
  2.004262e+01   1.188962e-09   1.695531e-03   9.228392e-12   5754
  2.006140e+01   1.190007e-09   0.000000e+00   9.456933e-12   5214
  2.008301e+01   1.215219e-09   0.000000e+00   8.836334e-12   6338
  2.010586e+01   1.198898e-09   1.062290e-02   9.354696e-12   5352
  2.012591e+01   1.202359e-09   0.000000e+00   1.004530e-11   4830
  2.014382e+01   1.209158e-09   7.776080e-03   1.057724e-11   4338
  2.016557e+01   1.187671e-09   0.000000e+00   9.301426e-12   5558
  2.018939e+01   1.205942e-09   1.500166e-02   9.962917e-12   4866
  2.020984e+01   1.172462e-09   2.409415e-02   1.092669e-11   3846
  2.022612e+01   1.198123e-09   0.000000e+00   1.174767e-11   3518
  2.024796e+01   1.178896e-09   1.910864e-02   9.650595e-12   4812
  2.027247e+01   1.202175e-09   1.255894e-02   1.080588e-11   4278
  2.029372e+01   1.189815e-09   1.932922e-02   1.213819e-11   3174
  2.030844e+01   1.202988e-09   0.000000e+00   1.316076e-11   2738
  2.033020e+01   1.183869e-09   8.404518e-03   1.092090e-11   4086
  2.035522e+01   1.187934e-09   7.669249e-03   1.174048e-11   3666
  2.037748e+01   1.207712e-09   1.590593e-02   1.341263e-11   2712
  2.039076e+01   1.213109e-09   1.130215e-02   1.556321e-11   1998
  2.041239e+01   1.218889e-09   1.299983e-02   1.250565e-11   3434
  2.043794e+01   1.168832e-09   0.000000e+00   1.208527e-11   3078
  2.046126e+01   1.199736e-09   1.013808e-02   1.481943e-11   2334
  2.047313e+01   1.210265e-09   0.000000e+00   1.849687e-11   1340
  2.049457e+01   1.185298e-09   0.000000e+00   1.329687e-11   2838
  2.052072e+01   1.181411e-09   0.000000e+00   1.349084e-11   2538
  2.054514e+01   1.210327e-09   8.556732e-03   1.606428e-11   1974
  2.055491e+01   1.149109e-09   1.293140e-02   2.539733e-11   774
  2.057646e+01   1.189649e-09   0.000000e+00   1.406104e-11   2300
  2.060325e+01   1.184654e-09   1.364933e-02   1.531772e-11   2046
  2.062877e+01   1.223447e-09   7.509058e-03   1.817917e-11   1626
  2.063671e+01   1.262833e-09   7.735646e-03   3.717441e-11   390
  2.065818e+01   1.238486e-09   7.851642e-03   1.833338e-11   1766
  2.068540e+01   1.208014e-09   0.000000e+00   1.727889e-11   1596
  2.071199e+01   1.191147e-09   0.000000e+00   1.908109e-11   1302
  2.071852e+01   1.134730e-09   0.000000e+00   5.909467e-11   150
  2.074003e+01   1.207569e-09   2.644073e-03   2.020682e-11   1298
  2.076735e+01   1.190684e-09   0.000000e+00   1.960828e-11   1158
  2.079453e+01   1.178092e-09   4.394243e-03   2.148772e-11   996
  2.080451e+01   1.618539e-09   1.076411e-02   1.250765e-10   38
  2.082208e+01   1.232022e-09   0.000000e+00   2.416513e-11   894
  2.084944e+01   1.210312e-09   7.511761e-03   2.467182e-11   786
  2.087684e+01   1.290096e-09   0.000000e+00   2.816282e-11   678
  2.090290e+01   1.923857e-09   0.000000e+00   1.320815e-10   8
  2.090428e+01   1.200147e-09   8.810967e-03   2.629796e-11   570
  2.093169e+01   1.241784e-09   9.455694e-03   3.178690e-11   486
  2.095915e+01   1.210965e-09   0.000000e+00   3.604222e-11   402
  2.098585e+01   6.347473e-10   0.000000e+00   1.180319e-10   8
  2.098664e+01   1.354062e-09   6.642308e-03   4.424468e-11   318
  2.101412e+01   1.216119e-09   0.000000e+00   4.225455e-11   258
  2.104164e+01   1.314577e-09   0.000000e+00   5.788641e-11   198
  2.106880e+01   1.702405e-09   0.000000e+00   1.774487e-10   8
  2.106919e+01   1.274240e-09   0.000000e+00   6.521003e-11   138
  2.109671e+01   1.171318e-09   3.586795e-03   6.504289e-11   102
  2.112428e+01   1.341791e-09   6.532758e-03   8.436707e-11   66
  2.115187e+01   1.111971e-09   0.000000e+00   8.079850e-11   38
  2.117947e+01   1.263882e-09   0.000000e+00   1.210031e-10   18
  2.120708e+01   7.855628e-10   0.000000e+00   5.722579e-11   6
