# power spectrum of velocity
# redshift z=0.589500
# k              Pk             sigma(k)       sigma(Pk)      count
  4.789006e-02   4.651520e-07   1.569186e-05   1.680617e-07   6
  6.772678e-02   1.172877e-06   0.000000e+00   2.706505e-07   12
  8.844750e-02   6.839261e-07   6.350197e-03   1.337419e-07   14
  1.121958e-01   6.847910e-07   5.110132e-03   7.025316e-08   48
  1.413226e-01   5.466105e-07   3.711993e-03   5.969704e-08   42
  1.551375e-01   4.152230e-07   3.695504e-03   5.362884e-08   48
  1.759035e-01   4.973537e-07   4.430317e-03   5.386200e-08   80
  1.993525e-01   4.900663e-07   3.439775e-03   4.333438e-08   90
  2.172926e-01   3.384677e-07   5.401395e-03   3.313415e-08   120
  2.427789e-01   3.758785e-07   4.539269e-03   2.558336e-08   158
  2.596594e-01   3.550586e-07   2.154172e-03   3.652056e-08   120
  2.799969e-01   3.197985e-07   4.814837e-03   2.109203e-08   186
  3.024673e-01   3.008881e-07   6.584405e-03   1.909339e-08   264
  3.207263e-01   3.285711e-07   3.554717e-03   2.363759e-08   168
  3.440233e-01   2.777448e-07   6.353114e-03   1.444436e-08   386
  3.635186e-01   2.173154e-07   3.844319e-03   1.572238e-08   192
  3.827000e-01   2.635919e-07   6.302989e-03   1.359183e-08   390
  4.042493e-01   2.114226e-07   6.599222e-03   1.035773e-08   396
  4.244941e-01   2.195079e-07   6.547168e-03   1.061016e-08   398
  4.467496e-01   1.924069e-07   6.417329e-03   7.442335e-09   576
  4.686509e-01   1.789891e-07   6.510439e-03   8.228345e-09   444
  4.878078e-01   2.047821e-07   5.874003e-03   7.715841e-09   590
  5.096214e-01   1.643123e-07   6.432479e-03   6.408971e-09   648
  5.308979e-01   1.612083e-07   5.692893e-03   6.428190e-09   654
  5.498012e-01   1.552576e-07   4.722042e-03   5.669107e-09   636
  5.709321e-01   1.518383e-07   7.079544e-03   5.237014e-09   830
  5.907593e-01   1.386479e-07   5.095999e-03   4.567311e-09   792
  6.110328e-01   1.376838e-07   5.241142e-03   5.016766e-09   804
  6.317957e-01   1.413239e-07   6.468770e-03   4.877420e-09   1038
  6.518970e-01   1.196280e-07   5.066866e-03   3.783794e-09   936
  6.736844e-01   1.147047e-07   5.920520e-03   3.508221e-09   1130
  6.934320e-01   1.110827e-07   5.498096e-03   3.353573e-09   1104
  7.151093e-01   1.063633e-07   6.112917e-03   3.074065e-09   1230
  7.349322e-01   1.037861e-07   6.212201e-03   2.675577e-09   1260
  7.550713e-01   1.015373e-07   5.367123e-03   2.925964e-09   1286
  7.778485e-01   9.572621e-08   6.513251e-03   2.227237e-09   1728
  7.994312e-01   9.527277e-08   5.761882e-03   2.481837e-09   1392
  8.199442e-01   9.028334e-08   5.466460e-03   2.280549e-09   1626
  8.409694e-01   8.601621e-08   6.470306e-03   2.005094e-09   1760
  8.620805e-01   8.251762e-08   5.346546e-03   1.937914e-09   1686
  8.819823e-01   7.484507e-08   5.438430e-03   1.603394e-09   1812
  9.023318e-01   7.591660e-08   6.264130e-03   1.783454e-09   1862
  9.231285e-01   7.080830e-08   5.577898e-03   1.405728e-09   2160
  9.440529e-01   6.994807e-08   5.701804e-03   1.600938e-09   1956
  9.651054e-01   6.681829e-08   6.405607e-03   1.328091e-09   2454
  9.856496e-01   6.485539e-08   4.996224e-03   1.389039e-09   2048
  1.006269e+00   6.420002e-08   6.514920e-03   1.247049e-09   2538
  1.026621e+00   5.983584e-08   5.450501e-03   1.182116e-09   2400
  1.047192e+00   5.755741e-08   6.486835e-03   1.135974e-09   2526
  1.067717e+00   4.893279e-08   6.428646e-03   8.824740e-10   2856
  1.089126e+00   5.339154e-08   6.038885e-03   1.007034e-09   2804
  1.110271e+00   5.357185e-08   6.264063e-03   9.819423e-10   2958
  1.130394e+00   5.294239e-08   6.081912e-03   9.183681e-10   2976
  1.151629e+00   4.748845e-08   6.085785e-03   7.923759e-10   3194
  1.171511e+00   4.728658e-08   6.068103e-03   8.070254e-10   3120
  1.193046e+00   4.413115e-08   6.150978e-03   6.707838e-10   3606
  1.213599e+00   4.404876e-08   5.624637e-03   7.118808e-10   3276
  1.233622e+00   4.130656e-08   6.332641e-03   6.296104e-10   3600
  1.254220e+00   4.105604e-08   5.572771e-03   6.568203e-10   3638
  1.274050e+00   4.013817e-08   5.957277e-03   6.109709e-10   3744
  1.295503e+00   3.702638e-08   6.160694e-03   5.453628e-10   4170
  1.316011e+00   3.596100e-08   5.820608e-03   5.080535e-10   3984
  1.336899e+00   3.601043e-08   5.879074e-03   5.127768e-10   4334
  1.357509e+00   3.430546e-08   5.433735e-03   5.024477e-10   4284
  1.377862e+00   3.352080e-08   6.555717e-03   4.722321e-10   4374
  1.399143e+00   3.207169e-08   5.855279e-03   4.170402e-10   5016
  1.420103e+00   3.103096e-08   5.618773e-03   4.267531e-10   4580
  1.440995e+00   3.141498e-08   6.605099e-03   4.018935e-10   5142
  1.462308e+00   3.101909e-08   6.394166e-03   3.993804e-10   5184
  1.483176e+00   2.856180e-08   4.966102e-03   3.632417e-10   5058
  1.503228e+00   2.828970e-08   5.852682e-03   3.524513e-10   5384
  1.524670e+00   2.781156e-08   6.695675e-03   3.395707e-10   5622
  1.545353e+00   2.620710e-08   5.626483e-03   3.042014e-10   5736
  1.565950e+00   2.644386e-08   5.060211e-03   3.158614e-10   5596
  1.586643e+00   2.540614e-08   6.386731e-03   2.919329e-10   6070
  1.607167e+00   2.423992e-08   4.920846e-03   2.744843e-10   6096
  1.628581e+00   2.326616e-08   6.133622e-03   2.548838e-10   6474
  1.648392e+00   2.379720e-08   5.864426e-03   2.693249e-10   6024
  1.669580e+00   2.275004e-08   5.902786e-03   2.373517e-10   7070
  1.690573e+00   2.269359e-08   4.838632e-03   2.437726e-10   6516
  1.710708e+00   2.210527e-08   5.890632e-03   2.263691e-10   6936
  1.731727e+00   2.102112e-08   5.905101e-03   2.119922e-10   7110
  1.752060e+00   2.113331e-08   4.346631e-03   2.162174e-10   7244
  1.773569e+00   2.041004e-08   6.405291e-03   1.986423e-10   7878
  1.794402e+00   2.048166e-08   6.149341e-03   1.992663e-10   7344
  1.814575e+00   1.946216e-08   6.416535e-03   1.855332e-10   7694
  1.835593e+00   1.926620e-08   6.177224e-03   1.702243e-10   8412
  1.856699e+00   1.869867e-08   6.414349e-03   1.732511e-10   7920
  1.876759e+00   1.858180e-08   5.501301e-03   1.712157e-10   8118
  1.897178e+00   1.817557e-08   6.304957e-03   1.591238e-10   8548
  1.917951e+00   1.776045e-08   6.382889e-03   1.513356e-10   8710
  1.938549e+00   1.725955e-08   5.581060e-03   1.440263e-10   8928
  1.959695e+00   1.736037e-08   6.108937e-03   1.457269e-10   9186
  1.979980e+00   1.677953e-08   6.620559e-03   1.360891e-10   9200
  2.000891e+00   1.725189e-08   5.614947e-03   1.402956e-10   9438
  2.021277e+00   1.636445e-08   8.080484e-03   1.320076e-10   9564
  2.042231e+00   1.617649e-08   6.148976e-03   1.220564e-10   10296
  2.063682e+00   1.565287e-08   5.425155e-03   1.188271e-10   10126
  2.083777e+00   1.549720e-08   6.662830e-03   1.208895e-10   10024
  2.105151e+00   1.573789e-08   4.816407e-03   1.168804e-10   11082
  2.126137e+00   1.522457e-08   7.381865e-03   1.120751e-10   10632
  2.146648e+00   1.516434e-08   5.210206e-03   1.123503e-10   10734
  2.167370e+00   1.506242e-08   6.445526e-03   1.056999e-10   11276
  2.188085e+00   1.465094e-08   5.788906e-03   1.053435e-10   11352
  2.208991e+00   1.450397e-08   6.144861e-03   1.002183e-10   11550
  2.229512e+00   1.443603e-08   5.640861e-03   9.977602e-11   11772
  2.250338e+00   1.426052e-08   7.083775e-03   9.824027e-11   12038
  2.270908e+00   1.420185e-08   8.661922e-03   9.775072e-11   12096
  2.291762e+00   1.428748e-08   6.953415e-03   9.377488e-11   12582
  2.312386e+00   1.378413e-08   2.010248e-03   8.871194e-11   12620
  2.333484e+00   1.381268e-08   7.280792e-03   8.777027e-11   13320
  2.354132e+00   1.375625e-08   6.619310e-03   9.043823e-11   12654
  2.374385e+00   1.344369e-08   1.204128e-03   8.580165e-11   13236
  2.394941e+00   1.332978e-08   9.484662e-03   8.289268e-11   13438
  2.415712e+00   1.316994e-08   9.389007e-03   8.016007e-11   14344
  2.437237e+00   1.317276e-08   5.755762e-03   7.926878e-11   14226
  2.457572e+00   1.321469e-08   4.802316e-03   8.087745e-11   14088
  2.478175e+00   1.332200e-08   6.614826e-04   8.105821e-11   14328
  2.498827e+00   1.288934e-08   6.531052e-03   7.410396e-11   14954
  2.519760e+00   1.284385e-08   4.986005e-03   7.333548e-11   15480
  2.540776e+00   1.280849e-08   6.665178e-03   7.548093e-11   14862
  2.560688e+00   1.260178e-08   8.072887e-03   7.132271e-11   15296
  2.581598e+00   1.268502e-08   7.633448e-03   7.104451e-11   15954
  2.602086e+00   1.251059e-08   6.629271e-03   6.954595e-11   15720
  2.622579e+00   1.250478e-08   2.524413e-03   6.815878e-11   16296
  2.643690e+00   1.245398e-08   4.134317e-03   6.806837e-11   17010
  2.664189e+00   1.239840e-08   3.576750e-03   6.839695e-11   16328
  2.684811e+00   1.230903e-08   3.297749e-03   6.493445e-11   17094
  2.705495e+00   1.232762e-08   8.425060e-03   6.555690e-11   17436
  2.726415e+00   1.227153e-08   8.758414e-03   6.562629e-11   17862
  2.747423e+00   1.210653e-08   7.463357e-03   6.193138e-11   18200
  2.768585e+00   1.220196e-08   1.993754e-03   6.222327e-11   18450
  2.789287e+00   1.206920e-08   3.614106e-03   6.176846e-11   18384
  2.809940e+00   1.212441e-08   5.648074e-03   6.256870e-11   18504
  2.830568e+00   1.197573e-08   4.209072e-03   6.027743e-11   19142
  2.851613e+00   1.193775e-08   5.862497e-03   5.963939e-11   19692
  2.872433e+00   1.187929e-08   5.933118e-03   5.998337e-11   19062
  2.892804e+00   1.179859e-08   0.000000e+00   5.754498e-11   20184
  2.913860e+00   1.162817e-08   7.405924e-03   5.675102e-11   19970
  2.934397e+00   1.161155e-08   0.000000e+00   5.553398e-11   20496
  2.955536e+00   1.168267e-08   8.751977e-03   5.484992e-11   21456
  2.976109e+00   1.159166e-08   6.035898e-03   5.590600e-11   19650
  2.996304e+00   1.157093e-08   9.594534e-03   5.392113e-11   22040
  3.017594e+00   1.164985e-08   1.280847e-02   5.487970e-11   21558
  3.038152e+00   1.163574e-08   0.000000e+00   5.342467e-11   21804
  3.058764e+00   1.168089e-08   8.066444e-03   5.525905e-11   21926
  3.079308e+00   1.155784e-08   9.702010e-03   5.375453e-11   22416
  3.099937e+00   1.141212e-08   8.466104e-03   5.218047e-11   22776
  3.121147e+00   1.133538e-08   6.589415e-03   5.055573e-11   23874
  3.141984e+00   1.131082e-08   1.119608e-03   5.066777e-11   23104
  3.162702e+00   1.122845e-08   0.000000e+00   4.897231e-11   23974
  3.183467e+00   1.124646e-08   1.377362e-02   4.895860e-11   23892
  3.203872e+00   1.132921e-08   0.000000e+00   5.062120e-11   23550
  3.224417e+00   1.125139e-08   7.006869e-03   4.846745e-11   25320
  3.245287e+00   1.116263e-08   1.200037e-02   4.858376e-11   24428
  3.265710e+00   1.113955e-08   8.263533e-03   4.754502e-11   25254
  3.286619e+00   1.116471e-08   0.000000e+00   4.740111e-11   26016
  3.307230e+00   1.108645e-08   1.413662e-03   4.737936e-11   25182
  3.328033e+00   1.102244e-08   3.638196e-03   4.541534e-11   27428
  3.349135e+00   1.112720e-08   5.215896e-03   4.683329e-11   25974
  3.369438e+00   1.104173e-08   8.897033e-03   4.599310e-11   26904
  3.390060e+00   1.104015e-08   2.622224e-03   4.661362e-11   26730
  3.410702e+00   1.095356e-08   0.000000e+00   4.430387e-11   27896
  3.431859e+00   1.089752e-08   1.045857e-02   4.341177e-11   28992
  3.453270e+00   1.091273e-08   2.879843e-03   4.307077e-11   28698
  3.473700e+00   1.093934e-08   0.000000e+00   4.439550e-11   27816
  3.494571e+00   1.082550e-08   0.000000e+00   4.268981e-11   29774
  3.515450e+00   1.075638e-08   6.793510e-03   4.232073e-11   29148
  3.535861e+00   1.078045e-08   0.000000e+00   4.265374e-11   28806
  3.556422e+00   1.080304e-08   1.137365e-02   4.173576e-11   30408
  3.577217e+00   1.061284e-08   0.000000e+00   4.130702e-11   30320
  3.598191e+00   1.077885e-08   0.000000e+00   4.145322e-11   30930
  3.619128e+00   1.066356e-08   0.000000e+00   4.052583e-11   31656
  3.639581e+00   1.053219e-08   0.000000e+00   4.099557e-11   30086
  3.660127e+00   1.061955e-08   1.346018e-02   3.936159e-11   32724
  3.680837e+00   1.067836e-08   7.578259e-03   4.137848e-11   30846
  3.701403e+00   1.059796e-08   2.329699e-03   3.947263e-11   33480
  3.722425e+00   1.051225e-08   1.073966e-02   3.932181e-11   32724
  3.742979e+00   1.050728e-08   6.985149e-03   3.907232e-11   32894
  3.763828e+00   1.051111e-08   0.000000e+00   3.792246e-11   34200
  3.784682e+00   1.034537e-08   8.733941e-03   3.794685e-11   33594
  3.805163e+00   1.054839e-08   0.000000e+00   3.809592e-11   34336
  3.826057e+00   1.041391e-08   1.277158e-03   3.750137e-11   34822
  3.846790e+00   1.024869e-08   0.000000e+00   3.678100e-11   35472
  3.867412e+00   1.030550e-08   0.000000e+00   3.706640e-11   34404
  3.887970e+00   1.026527e-08   0.000000e+00   3.648184e-11   36222
  3.908578e+00   1.029006e-08   6.059883e-03   3.672366e-11   35984
  3.929394e+00   1.012205e-08   9.021966e-03   3.506270e-11   36570
  3.950032e+00   1.021210e-08   0.000000e+00   3.502753e-11   37176
  3.970896e+00   1.019437e-08   0.000000e+00   3.537646e-11   37406
  3.991673e+00   1.008438e-08   0.000000e+00   3.497276e-11   38052
  4.012282e+00   1.013720e-08   0.000000e+00   3.552095e-11   37590
  4.033174e+00   1.003724e-08   1.062706e-02   3.418511e-11   39480
  4.053854e+00   1.014547e-08   0.000000e+00   3.503730e-11   38260
  4.074527e+00   9.951899e-09   1.039590e-02   3.341244e-11   39646
  4.095623e+00   1.007801e-08   5.752790e-03   3.385251e-11   40944
  4.116541e+00   9.853025e-09   0.000000e+00   3.332595e-11   39678
  4.137150e+00   9.932532e-09   0.000000e+00   3.320482e-11   40804
  4.157881e+00   9.954267e-09   0.000000e+00   3.320658e-11   40606
  4.178647e+00   9.867351e-09   1.364284e-02   3.215996e-11   42216
  4.199539e+00   9.872784e-09   0.000000e+00   3.266520e-11   41532
  4.220177e+00   9.860972e-09   0.000000e+00   3.225371e-11   41990
  4.240666e+00   9.786798e-09   1.461504e-02   3.194810e-11   42360
  4.261571e+00   9.804813e-09   5.281069e-03   3.150218e-11   43530
  4.282348e+00   9.727078e-09   8.793083e-03   3.087836e-11   43848
  4.303062e+00   9.776005e-09   0.000000e+00   3.190121e-11   42870
  4.323842e+00   9.703450e-09   1.407891e-02   3.008943e-11   46160
  4.344700e+00   9.578465e-09   5.819954e-03   3.096915e-11   43380
  4.365240e+00   9.616405e-09   0.000000e+00   3.005603e-11   45294
  4.385850e+00   9.680795e-09   1.309542e-02   3.032254e-11   45744
  4.406926e+00   9.581736e-09   0.000000e+00   2.982021e-11   46682
  4.427541e+00   9.580529e-09   7.681094e-03   3.025868e-11   45840
  4.448226e+00   9.526580e-09   0.000000e+00   2.938457e-11   47118
  4.468865e+00   9.453268e-09   1.930613e-02   2.952653e-11   47124
  4.489588e+00   9.460914e-09   4.269129e-03   2.924919e-11   47984
  4.510731e+00   9.516338e-09   8.102298e-03   2.867427e-11   49566
  4.531118e+00   9.483964e-09   4.853446e-03   2.955083e-11   46284
  4.551569e+00   9.362083e-09   1.409885e-02   2.789035e-11   49966
  4.572383e+00   9.365579e-09   1.037917e-02   2.843036e-11   49360
  4.593072e+00   9.360820e-09   2.360151e-03   2.826973e-11   49806
  4.613927e+00   9.380257e-09   1.133176e-02   2.759658e-11   51492
  4.634555e+00   9.283332e-09   1.533182e-02   2.787329e-11   49496
  4.655358e+00   9.222907e-09   1.526013e-02   2.698689e-11   53190
  4.676336e+00   9.289362e-09   0.000000e+00   2.746635e-11   51060
  4.696903e+00   9.197398e-09   0.000000e+00   2.667381e-11   52134
  4.717533e+00   9.242930e-09   1.003381e-02   2.710911e-11   53088
  4.738328e+00   9.140563e-09   6.809143e-03   2.669834e-11   52706
  4.759059e+00   9.122430e-09   9.775325e-03   2.592393e-11   54936
  4.780123e+00   9.108251e-09   0.000000e+00   2.642414e-11   53886
  4.800723e+00   9.062858e-09   0.000000e+00   2.608174e-11   54436
  4.821321e+00   9.093592e-09   0.000000e+00   2.617233e-11   55096
  4.842331e+00   9.007822e-09   0.000000e+00   2.556051e-11   56358
  4.862918e+00   9.027604e-09   0.000000e+00   2.576393e-11   55632
  4.883675e+00   8.952778e-09   1.969626e-02   2.503500e-11   56530
  4.904376e+00   8.985084e-09   0.000000e+00   2.528802e-11   57232
  4.925003e+00   8.919187e-09   0.000000e+00   2.500893e-11   56766
  4.946155e+00   8.907679e-09   0.000000e+00   2.407061e-11   60804
  4.966739e+00   8.882208e-09   4.053480e-03   2.541657e-11   55536
  4.987401e+00   8.888894e-09   2.508552e-02   2.411110e-11   61166
  5.008143e+00   8.847796e-09   0.000000e+00   2.503964e-11   57396
  5.028657e+00   8.763258e-09   1.175262e-02   2.387703e-11   60870
  5.049485e+00   8.754861e-09   0.000000e+00   2.382235e-11   60224
  5.070205e+00   8.812481e-09   1.750814e-02   2.402513e-11   61002
  5.090995e+00   8.758189e-09   1.606056e-02   2.342424e-11   62016
  5.111674e+00   8.699973e-09   0.000000e+00   2.378694e-11   60768
  5.132188e+00   8.725728e-09   2.341120e-02   2.364295e-11   62870
  5.153160e+00   8.656119e-09   8.211004e-03   2.296788e-11   63804
  5.174011e+00   8.587769e-09   1.116028e-02   2.287844e-11   63054
  5.194387e+00   8.637752e-09   8.745747e-03   2.307165e-11   63024
  5.215203e+00   8.574466e-09   0.000000e+00   2.239506e-11   65018
  5.235782e+00   8.583289e-09   1.552676e-02   2.285881e-11   64608
  5.256577e+00   8.552184e-09   0.000000e+00   2.233585e-11   65688
  5.277311e+00   8.485660e-09   2.262282e-02   2.198480e-11   65994
  5.297978e+00   8.445370e-09   0.000000e+00   2.206674e-11   66648
  5.318871e+00   8.482425e-09   1.553789e-02   2.173146e-11   67310
  5.339462e+00   8.456071e-09   0.000000e+00   2.196983e-11   67224
  5.360199e+00   8.382689e-09   6.196951e-03   2.172191e-11   68034
  5.381014e+00   8.381515e-09   0.000000e+00   2.123374e-11   69744
  5.401830e+00   8.334323e-09   1.184233e-02   2.117369e-11   68654
  5.422854e+00   8.321524e-09   1.562259e-02   2.065557e-11   72132
  5.443654e+00   8.293188e-09   9.405968e-03   2.135191e-11   68520
  5.464158e+00   8.244601e-09   1.514770e-02   2.064330e-11   71070
  5.485071e+00   8.268151e-09   0.000000e+00   2.053091e-11   71948
  5.505774e+00   8.244295e-09   2.275522e-02   2.075608e-11   71598
  5.526656e+00   8.158632e-09   0.000000e+00   2.025370e-11   73536
  5.547362e+00   8.160860e-09   2.769586e-02   2.018744e-11   71802
  5.567856e+00   8.133253e-09   0.000000e+00   2.002152e-11   73280
  5.588592e+00   8.100007e-09   0.000000e+00   1.997674e-11   73992
  5.609517e+00   8.067821e-09   1.302185e-02   1.949988e-11   75966
  5.630238e+00   8.101521e-09   0.000000e+00   1.988061e-11   74364
  5.650980e+00   8.076777e-09   1.602464e-02   1.964771e-11   76094
  5.671666e+00   8.016092e-09   0.000000e+00   1.934747e-11   76224
  5.692417e+00   8.027300e-09   9.853705e-03   1.930262e-11   76242
  5.712947e+00   7.934927e-09   0.000000e+00   1.908422e-11   76944
  5.733683e+00   7.901338e-09   0.000000e+00   1.873131e-11   78680
  5.754737e+00   7.918798e-09   1.797259e-02   1.872048e-11   79962
  5.775391e+00   7.884733e-09   8.625358e-03   1.913248e-11   77760
  5.796021e+00   7.852512e-09   2.128118e-02   1.864305e-11   79590
  5.816768e+00   7.815377e-09   0.000000e+00   1.835602e-11   80732
  5.837569e+00   7.788605e-09   2.673891e-02   1.814392e-11   81174
  5.858317e+00   7.793573e-09   9.768101e-03   1.819858e-11   80832
  5.878649e+00   7.742250e-09   2.656437e-02   1.837117e-11   79992
  5.899507e+00   7.718840e-09   0.000000e+00   1.779583e-11   84314
  5.920439e+00   7.703131e-09   0.000000e+00   1.766375e-11   83592
  5.941250e+00   7.633243e-09   1.997917e-02   1.764586e-11   83838
  5.961944e+00   7.663684e-09   0.000000e+00   1.771053e-11   83676
  5.982556e+00   7.592653e-09   1.348563e-02   1.740444e-11   84950
  6.003230e+00   7.606878e-09   0.000000e+00   1.729563e-11   84912
  6.024025e+00   7.524810e-09   2.440354e-02   1.689545e-11   87162
  6.044869e+00   7.530854e-09   0.000000e+00   1.713359e-11   86440
  6.065493e+00   7.492946e-09   0.000000e+00   1.695665e-11   86560
  6.086293e+00   7.463532e-09   5.698846e-03   1.669942e-11   88698
  6.106997e+00   7.418259e-09   3.045563e-02   1.637446e-11   88920
  6.127981e+00   7.390674e-09   0.000000e+00   1.657097e-11   88814
  6.148557e+00   7.409878e-09   6.130315e-03   1.651051e-11   90336
  6.169523e+00   7.378878e-09   0.000000e+00   1.627011e-11   90282
  6.190225e+00   7.355325e-09   0.000000e+00   1.622891e-11   90840
  6.210763e+00   7.314493e-09   2.196798e-02   1.615097e-11   91128
  6.231706e+00   7.304133e-09   0.000000e+00   1.591101e-11   92690
  6.252317e+00   7.274144e-09   0.000000e+00   1.593656e-11   92160
  6.273109e+00   7.244930e-09   0.000000e+00   1.574775e-11   93534
  6.293743e+00   7.209166e-09   0.000000e+00   1.561168e-11   93484
  6.314477e+00   7.164636e-09   3.893167e-03   1.528289e-11   95206
  6.335384e+00   7.214211e-09   9.506516e-03   1.552131e-11   96048
  6.355953e+00   7.162825e-09   9.567490e-03   1.553386e-11   93600
  6.376649e+00   7.108002e-09   0.000000e+00   1.514619e-11   97410
  6.397377e+00   7.066848e-09   2.783344e-02   1.485528e-11   97856
  6.418315e+00   7.076213e-09   0.000000e+00   1.499881e-11   97278
  6.438965e+00   7.032656e-09   1.687817e-02   1.470125e-11   98916
  6.459629e+00   7.056681e-09   0.000000e+00   1.510856e-11   96894
  6.480181e+00   6.987617e-09   0.000000e+00   1.455292e-11   100976
  6.501131e+00   6.958490e-09   0.000000e+00   1.454920e-11   100164
  6.521748e+00   6.944763e-09   0.000000e+00   1.459181e-11   100014
  6.542240e+00   6.926584e-09   2.029394e-02   1.423082e-11   101040
  6.563074e+00   6.938523e-09   0.000000e+00   1.443030e-11   102338
  6.583708e+00   6.871681e-09   1.221945e-02   1.413481e-11   102912
  6.604643e+00   6.866565e-09   0.000000e+00   1.406820e-11   104238
  6.625221e+00   6.829925e-09   1.951316e-02   1.421551e-11   103104
  6.645986e+00   6.767449e-09   1.752122e-02   1.373225e-11   105404
  6.666803e+00   6.822119e-09   0.000000e+00   1.378918e-11   105198
  6.687510e+00   6.789810e-09   0.000000e+00   1.377263e-11   106632
  6.708328e+00   6.736960e-09   2.563114e-02   1.371279e-11   106706
  6.729023e+00   6.704650e-09   0.000000e+00   1.360568e-11   106992
  6.749961e+00   6.687467e-09   0.000000e+00   1.341044e-11   110118
  6.770696e+00   6.714648e-09   3.183886e-02   1.350053e-11   108084
  6.791314e+00   6.674383e-09   1.283908e-02   1.343980e-11   108222
  6.812162e+00   6.601717e-09   0.000000e+00   1.300703e-11   112160
  6.832813e+00   6.612418e-09   1.819342e-02   1.321801e-11   108492
  6.853557e+00   6.590743e-09   2.289533e-02   1.295101e-11   113262
  6.874381e+00   6.574497e-09   0.000000e+00   1.298598e-11   111360
  6.895230e+00   6.551874e-09   0.000000e+00   1.282142e-11   114182
  6.915921e+00   6.528780e-09   3.328332e-02   1.285102e-11   112884
  6.936682e+00   6.508883e-09   7.915483e-03   1.271961e-11   113934
  6.957293e+00   6.469718e-09   0.000000e+00   1.256522e-11   114504
  6.978241e+00   6.459256e-09   0.000000e+00   1.241026e-11   117500
  6.998909e+00   6.452526e-09   2.357316e-02   1.250189e-11   114102
  7.019592e+00   6.421698e-09   9.473647e-03   1.237407e-11   118584
  7.040401e+00   6.417929e-09   0.000000e+00   1.247152e-11   115546
  7.060875e+00   6.368359e-09   2.083005e-02   1.219013e-11   118984
  7.081860e+00   6.360764e-09   6.088312e-03   1.213957e-11   119526
  7.102514e+00   6.338109e-09   0.000000e+00   1.213971e-11   119436
  7.123149e+00   6.305993e-09   0.000000e+00   1.206605e-11   118632
  7.143815e+00   6.311573e-09   2.430917e-02   1.190932e-11   122510
  7.164669e+00   6.290580e-09   0.000000e+00   1.186415e-11   121680
  7.185450e+00   6.268000e-09   0.000000e+00   1.188221e-11   121434
  7.206003e+00   6.275247e-09   0.000000e+00   1.176124e-11   123928
  7.226827e+00   6.194899e-09   0.000000e+00   1.158318e-11   123910
  7.247602e+00   6.193891e-09   0.000000e+00   1.162117e-11   124452
  7.268318e+00   6.163836e-09   0.000000e+00   1.147323e-11   125376
  7.289032e+00   6.153631e-09   2.080033e-02   1.143048e-11   126638
  7.309762e+00   6.148123e-09   7.672654e-03   1.146798e-11   125844
  7.330506e+00   6.087375e-09   0.000000e+00   1.122041e-11   128142
  7.351275e+00   6.070724e-09   6.395616e-03   1.118155e-11   128136
  7.371905e+00   6.094014e-09   8.348553e-03   1.125577e-11   127642
  7.392693e+00   6.068845e-09   0.000000e+00   1.111868e-11   131968
  7.413716e+00   6.017820e-09   0.000000e+00   1.106306e-11   130326
  7.434330e+00   5.997375e-09   2.170053e-02   1.087242e-11   131688
  7.455057e+00   5.978916e-09   1.034563e-02   1.094156e-11   130212
  7.475703e+00   5.969387e-09   0.000000e+00   1.077265e-11   132686
  7.496604e+00   5.951379e-09   0.000000e+00   1.066009e-11   135960
  7.517413e+00   5.939665e-09   1.564205e-02   1.080817e-11   131562
  7.537784e+00   5.926856e-09   1.339203e-02   1.070964e-11   134016
  7.558656e+00   5.893201e-09   0.000000e+00   1.048168e-11   136478
  7.579404e+00   5.890612e-09   2.804882e-02   1.057452e-11   136812
  7.600230e+00   5.859153e-09   1.794712e-02   1.045046e-11   137856
  7.620979e+00   5.843467e-09   0.000000e+00   1.050588e-11   135862
  7.641613e+00   5.820114e-09   0.000000e+00   1.025239e-11   140056
  7.662506e+00   5.801180e-09   2.476558e-02   1.020597e-11   139602
  7.683198e+00   5.781182e-09   0.000000e+00   1.024885e-11   139080
  7.703880e+00   5.754838e-09   0.000000e+00   1.017610e-11   140678
  7.724645e+00   5.721406e-09   1.265587e-02   1.000117e-11   142884
  7.745327e+00   5.709706e-09   1.060213e-02   1.006355e-11   139992
  7.766053e+00   5.716356e-09   0.000000e+00   9.905245e-12   144966
  7.786899e+00   5.678836e-09   0.000000e+00   9.861408e-12   143364
  7.807547e+00   5.657045e-09   1.949790e-02   9.877151e-12   144518
  7.828229e+00   5.635165e-09   1.996018e-02   9.792324e-12   145200
  7.848877e+00   5.606704e-09   0.000000e+00   9.789954e-12   143466
  7.869473e+00   5.591800e-09   0.000000e+00   9.596907e-12   148824
  7.890215e+00   5.579037e-09   1.622552e-02   9.633516e-12   145544
  7.910803e+00   5.569137e-09   0.000000e+00   9.586940e-12   148590
  7.931653e+00   5.531581e-09   0.000000e+00   9.399109e-12   150540
  7.952471e+00   5.517823e-09   2.747843e-02   9.361581e-12   150134
  7.973198e+00   5.509417e-09   0.000000e+00   9.293918e-12   151296
  7.994125e+00   5.482073e-09   0.000000e+00   9.272055e-12   152058
  8.014653e+00   5.484602e-09   1.670446e-02   9.358700e-12   150864
  8.035390e+00   5.426213e-09   1.526740e-02   9.118181e-12   154310
  8.056340e+00   5.417424e-09   0.000000e+00   9.081101e-12   155172
  8.077064e+00   5.422617e-09   0.000000e+00   9.087977e-12   154128
  8.097989e+00   5.402113e-09   1.322504e-02   8.996012e-12   158310
  8.118629e+00   5.353509e-09   1.939095e-02   9.009650e-12   153436
  8.139286e+00   5.365748e-09   0.000000e+00   8.874170e-12   157726
  8.160230e+00   5.324942e-09   0.000000e+00   8.818541e-12   160368
  8.180874e+00   5.332954e-09   9.424677e-03   8.953481e-12   155718
  8.201480e+00   5.311436e-09   0.000000e+00   8.771121e-12   160028
  8.222226e+00   5.263843e-09   0.000000e+00   8.676764e-12   160920
  8.243007e+00   5.266423e-09   1.336166e-02   8.707085e-12   161070
  8.263783e+00   5.205152e-09   3.082679e-02   8.544900e-12   163428
  8.284440e+00   5.220541e-09   0.000000e+00   8.604863e-12   159574
  8.305242e+00   5.202417e-09   0.000000e+00   8.394300e-12   167392
  8.326056e+00   5.173544e-09   2.473342e-02   8.485639e-12   162258
  8.346724e+00   5.165244e-09   1.303390e-02   8.356442e-12   167472
  8.367536e+00   5.148288e-09   0.000000e+00   8.405965e-12   163664
  8.388103e+00   5.124996e-09   0.000000e+00   8.352612e-12   166986
  8.408898e+00   5.124191e-09   1.751110e-02   8.207974e-12   169968
  8.429854e+00   5.080360e-09   0.000000e+00   8.210712e-12   167646
  8.450318e+00   5.074459e-09   0.000000e+00   8.119647e-12   168080
  8.471078e+00   5.048192e-09   1.619639e-02   8.028595e-12   170826
  8.491848e+00   5.025127e-09   0.000000e+00   8.004329e-12   170928
  8.512425e+00   5.023097e-09   1.774821e-02   8.058392e-12   170640
  8.533268e+00   4.998183e-09   0.000000e+00   7.885471e-12   173954
  8.553926e+00   4.965289e-09   2.693094e-02   7.826706e-12   173232
  8.574735e+00   4.960293e-09   0.000000e+00   7.829026e-12   174150
  8.595484e+00   4.929757e-09   3.685749e-03   7.756290e-12   176364
  8.616201e+00   4.930330e-09   1.671693e-02   7.786453e-12   175302
  8.636930e+00   4.897059e-09   6.854740e-03   7.641565e-12   177392
  8.657596e+00   4.895494e-09   1.787848e-02   7.704755e-12   176352
  8.678421e+00   4.889048e-09   0.000000e+00   7.571237e-12   180330
  8.699244e+00   4.838099e-09   9.068670e-03   7.503313e-12   180712
  8.719974e+00   4.851872e-09   1.511018e-02   7.566928e-12   179350
  8.740767e+00   4.822126e-09   1.446624e-02   7.421011e-12   183396
  8.761613e+00   4.805468e-09   0.000000e+00   7.424704e-12   180390
  8.782097e+00   4.789096e-09   0.000000e+00   7.408555e-12   181944
  8.802932e+00   4.763258e-09   0.000000e+00   7.277622e-12   185450
  8.823812e+00   4.741418e-09   7.568676e-03   7.223148e-12   186192
  8.844457e+00   4.756695e-09   2.044070e-02   7.348560e-12   183432
  8.865128e+00   4.720656e-09   0.000000e+00   7.267157e-12   185362
  8.885756e+00   4.717641e-09   4.677794e-03   7.206599e-12   188464
  8.906658e+00   4.685878e-09   0.000000e+00   7.115535e-12   188046
  8.927418e+00   4.688401e-09   1.350814e-02   7.065977e-12   191304
  8.948113e+00   4.650976e-09   2.474311e-02   7.093806e-12   186690
  8.968904e+00   4.650556e-09   0.000000e+00   6.931846e-12   194072
  8.989560e+00   4.634573e-09   2.175211e-02   7.050240e-12   188688
  9.010215e+00   4.600631e-09   0.000000e+00   6.882042e-12   192786
  9.030895e+00   4.610901e-09   1.031551e-02   6.934722e-12   193352
  9.051796e+00   4.593075e-09   0.000000e+00   6.837007e-12   195702
  9.072474e+00   4.568882e-09   2.881441e-02   6.800137e-12   195132
  9.093242e+00   4.559304e-09   0.000000e+00   6.795676e-12   195726
  9.113933e+00   4.545797e-09   0.000000e+00   6.721547e-12   197416
  9.134635e+00   4.517555e-09   6.561070e-03   6.715336e-12   196564
  9.155405e+00   4.515992e-09   1.969649e-02   6.643682e-12   201198
  9.176136e+00   4.487561e-09   0.000000e+00   6.624824e-12   197136
  9.196708e+00   4.509910e-09   0.000000e+00   6.683191e-12   199358
  9.217374e+00   4.469553e-09   2.787615e-02   6.496279e-12   203532
  9.238270e+00   4.459774e-09   0.000000e+00   6.539819e-12   201438
  9.258960e+00   4.454080e-09   0.000000e+00   6.516620e-12   203664
  9.279645e+00   4.410690e-09   2.759580e-02   6.470249e-12   203972
  9.300373e+00   4.427903e-09   2.142813e-02   6.436946e-12   205974
  9.321187e+00   4.391820e-09   0.000000e+00   6.379449e-12   205752
  9.342029e+00   4.397974e-09   0.000000e+00   6.349804e-12   207810
  9.362528e+00   4.374047e-09   3.635391e-02   6.317312e-12   206384
  9.383440e+00   4.351645e-09   0.000000e+00   6.225916e-12   210966
  9.404244e+00   4.354467e-09   0.000000e+00   6.247603e-12   210516
  9.425015e+00   4.318975e-09   0.000000e+00   6.208041e-12   209766
  9.445651e+00   4.311277e-09   4.039896e-02   6.190138e-12   212376
  9.466451e+00   4.298081e-09   0.000000e+00   6.155916e-12   212960
  9.487359e+00   4.313948e-09   0.000000e+00   6.147582e-12   214626
  9.507988e+00   4.271611e-09   2.944315e-02   6.085628e-12   213696
  9.528715e+00   4.262802e-09   2.900043e-02   6.044538e-12   215734
  9.549396e+00   4.246276e-09   0.000000e+00   6.049780e-12   213220
  9.570088e+00   4.241589e-09   0.000000e+00   5.982526e-12   219102
  9.590897e+00   4.221747e-09   3.428613e-02   5.929929e-12   220872
  9.611603e+00   4.214622e-09   4.981045e-02   5.939757e-12   216556
  9.632325e+00   4.207086e-09   3.861154e-02   5.893239e-12   221494
  9.652999e+00   4.181124e-09   4.234931e-02   5.867303e-12   219096
  9.673804e+00   4.186075e-09   3.050878e-02   5.835437e-12   224262
  9.694675e+00   4.161290e-09   0.000000e+00   5.809363e-12   222508
  9.715414e+00   4.140925e-09   0.000000e+00   5.796704e-12   222502
  9.735990e+00   4.133558e-09   3.990176e-02   5.707849e-12   227280
  9.756819e+00   4.104799e-09   2.021022e-02   5.700463e-12   223644
  9.777525e+00   4.124092e-09   0.000000e+00   5.713312e-12   226222
  9.798257e+00   4.089618e-09   0.000000e+00   5.624669e-12   229840
  9.819050e+00   4.093183e-09   2.635147e-02   5.641246e-12   228042
  9.839635e+00   4.072321e-09   0.000000e+00   5.639057e-12   227472
  9.860349e+00   4.058549e-09   0.000000e+00   5.547750e-12   230990
  9.881120e+00   4.055517e-09   8.855201e-03   5.536158e-12   233532
  9.901847e+00   4.014024e-09   2.987977e-02   5.498295e-12   231288
  9.922670e+00   4.026516e-09   0.000000e+00   5.511281e-12   233718
  9.943259e+00   4.006119e-09   0.000000e+00   5.489232e-12   232704
  9.964037e+00   3.986123e-09   3.067797e-02   5.375204e-12   239282
  9.984852e+00   3.983832e-09   3.712301e-02   5.413943e-12   234912
  1.000569e+01   3.981707e-09   0.000000e+00   5.404320e-12   238278
  1.002625e+01   3.962611e-09   3.728114e-02   5.366845e-12   237460
  1.004683e+01   3.963135e-09   2.693476e-02   5.361053e-12   236662
  1.006780e+01   3.939209e-09   0.000000e+00   5.221998e-12   246336
  1.008877e+01   3.938887e-09   0.000000e+00   5.271876e-12   241092
  1.010938e+01   3.921795e-09   3.479147e-02   5.243211e-12   242414
  1.013016e+01   3.894876e-09   1.317734e-02   5.217429e-12   243552
  1.015096e+01   3.891645e-09   0.000000e+00   5.216781e-12   243474
  1.017150e+01   3.884901e-09   2.458336e-02   5.171694e-12   245112
  1.019231e+01   3.873923e-09   2.689425e-02   5.134352e-12   246894
  1.021302e+01   3.866880e-09   2.014669e-02   5.105642e-12   247448
  1.023384e+01   3.849210e-09   0.000000e+00   5.116862e-12   247404
  1.025443e+01   3.847908e-09   3.991362e-02   5.094030e-12   249990
  1.027508e+01   3.831679e-09   3.731845e-02   5.059467e-12   249512
  1.029605e+01   3.806576e-09   0.000000e+00   4.998837e-12   253890
  1.031676e+01   3.812538e-09   0.000000e+00   5.052474e-12   250728
  1.033733e+01   3.792174e-09   4.793051e-02   4.973136e-12   253950
  1.035815e+01   3.798887e-09   0.000000e+00   4.981449e-12   254140
  1.037892e+01   3.786932e-09   0.000000e+00   4.943425e-12   255880
  1.039970e+01   3.773859e-09   3.109781e-02   4.903709e-12   258942
  1.042027e+01   3.760317e-09   4.574750e-02   4.933366e-12   253836
  1.044111e+01   3.744911e-09   0.000000e+00   4.846387e-12   260534
  1.046193e+01   3.746825e-09   0.000000e+00   4.879941e-12   259992
  1.048247e+01   3.718985e-09   4.705294e-02   4.815125e-12   258894
  1.050325e+01   3.714553e-09   3.746567e-02   4.777445e-12   263364
  1.052405e+01   3.701943e-09   0.000000e+00   4.808910e-12   259536
  1.054453e+01   3.708344e-09   2.154928e-02   4.788505e-12   263438
  1.056525e+01   3.688929e-09   4.237012e-02   4.720652e-12   265740
  1.058609e+01   3.682725e-09   0.000000e+00   4.750052e-12   264894
  1.060688e+01   3.674490e-09   0.000000e+00   4.700616e-12   269184
  1.062757e+01   3.665200e-09   4.050513e-02   4.717337e-12   266138
  1.064825e+01   3.657769e-09   2.893404e-02   4.663248e-12   270528
  1.066913e+01   3.642616e-09   0.000000e+00   4.648961e-12   268182
  1.068974e+01   3.644597e-09   0.000000e+00   4.639912e-12   270960
  1.071041e+01   3.638541e-09   4.895291e-02   4.595263e-12   274580
  1.073153e+01   3.616018e-09   0.000000e+00   4.541914e-12   276078
  1.075230e+01   3.611567e-09   0.000000e+00   4.600597e-12   273600
  1.077293e+01   3.591316e-09   4.093349e-02   4.544916e-12   274698
  1.079362e+01   3.599173e-09   4.380345e-02   4.542661e-12   276920
  1.081449e+01   3.583650e-09   0.000000e+00   4.530822e-12   276774
  1.083523e+01   3.583586e-09   0.000000e+00   4.510415e-12   279972
  1.085576e+01   3.568424e-09   3.515552e-02   4.513158e-12   276144
  1.087656e+01   3.574660e-09   1.624412e-02   4.476271e-12   282590
  1.089739e+01   3.554328e-09   0.000000e+00   4.448740e-12   282300
  1.091813e+01   3.543107e-09   0.000000e+00   4.433072e-12   283926
  1.093867e+01   3.543275e-09   4.724887e-02   4.450406e-12   279792
  1.095956e+01   3.526031e-09   0.000000e+00   4.362924e-12   287870
  1.098041e+01   3.536016e-09   0.000000e+00   4.399609e-12   286428
  1.100093e+01   3.528403e-09   4.612789e-02   4.417111e-12   284808
  1.102168e+01   3.517314e-09   1.534310e-02   4.346714e-12   289158
  1.104256e+01   3.508341e-09   0.000000e+00   4.329055e-12   290204
  1.106327e+01   3.496763e-09   0.000000e+00   4.332728e-12   290382
  1.108392e+01   3.495834e-09   3.137625e-02   4.332653e-12   291912
  1.110477e+01   3.490047e-09   0.000000e+00   4.342423e-12   290754
  1.112541e+01   3.486910e-09   1.692239e-02   4.277196e-12   296096
  1.114626e+01   3.472359e-09   2.665115e-02   4.287527e-12   294552
  1.116687e+01   3.487779e-09   4.661464e-02   4.303245e-12   293466
  1.118758e+01   3.473414e-09   0.000000e+00   4.270845e-12   296904
  1.120838e+01   3.462588e-09   0.000000e+00   4.228399e-12   298358
  1.122888e+01   3.458981e-09   4.591575e-02   4.250597e-12   297840
  1.124975e+01   3.441120e-09   1.730920e-02   4.212204e-12   301338
  1.127058e+01   3.446234e-09   0.000000e+00   4.240970e-12   300336
  1.129110e+01   3.429911e-09   4.867496e-02   4.192513e-12   303584
  1.131196e+01   3.431892e-09   4.043350e-02   4.191391e-12   304098
  1.133284e+01   3.420727e-09   0.000000e+00   4.160130e-12   304488
  1.135346e+01   3.423247e-09   4.470521e-02   4.158910e-12   306678
  1.137426e+01   3.416403e-09   0.000000e+00   4.132680e-12   305732
  1.139500e+01   3.395618e-09   1.493943e-02   4.081007e-12   309894
  1.141580e+01   3.401684e-09   2.337578e-02   4.121569e-12   310200
  1.143654e+01   3.398279e-09   0.000000e+00   4.106345e-12   307074
  1.145716e+01   3.397615e-09   4.746277e-02   4.089167e-12   315656
  1.147809e+01   3.384140e-09   0.000000e+00   4.071131e-12   310704
  1.149891e+01   3.381655e-09   0.000000e+00   4.080291e-12   314310
  1.151930e+01   3.380436e-09   5.496961e-02   4.069975e-12   312412
  1.154021e+01   3.369454e-09   0.000000e+00   4.017866e-12   318310
  1.156105e+01   3.376442e-09   0.000000e+00   4.059126e-12   315648
  1.158162e+01   3.363667e-09   4.346989e-02   4.001200e-12   320610
  1.160233e+01   3.365757e-09   0.000000e+00   4.056831e-12   313944
  1.162309e+01   3.356866e-09   0.000000e+00   3.980091e-12   325880
  1.164386e+01   3.355456e-09   4.323068e-02   4.024638e-12   319146
  1.166462e+01   3.355073e-09   0.000000e+00   3.997583e-12   322896
  1.168519e+01   3.344820e-09   4.785863e-02   4.006879e-12   322206
  1.170600e+01   3.344407e-09   0.000000e+00   3.991286e-12   327416
  1.172694e+01   3.331446e-09   0.000000e+00   3.989481e-12   325602
  1.174741e+01   3.338898e-09   5.865704e-02   3.957980e-12   328248
  1.176822e+01   3.330262e-09   0.000000e+00   3.946241e-12   326088
  1.178913e+01   3.337242e-09   0.000000e+00   3.966283e-12   331658
  1.180961e+01   3.326343e-09   5.287546e-02   3.964969e-12   331584
  1.183048e+01   3.319816e-09   2.521329e-02   3.939834e-12   330630
  1.185129e+01   3.320043e-09   0.000000e+00   3.914749e-12   333204
  1.187174e+01   3.319883e-09   6.031290e-02   3.918351e-12   333470
  1.189271e+01   3.315801e-09   0.000000e+00   3.942394e-12   335688
  1.191332e+01   3.323080e-09   2.114753e-02   3.923845e-12   336828
  1.193402e+01   3.321422e-09   2.686787e-02   3.944168e-12   337662
  1.195492e+01   3.301635e-09   0.000000e+00   3.903336e-12   338960
  1.197532e+01   3.320737e-09   5.521286e-02   3.944065e-12   338262
  1.199617e+01   3.302751e-09   4.584891e-02   3.885976e-12   344388
  1.201720e+01   3.306593e-09   0.000000e+00   3.896525e-12   342486
  1.203755e+01   3.298233e-09   6.996126e-02   3.910187e-12   343592
  1.205856e+01   3.290216e-09   7.300885e-03   3.853922e-12   347130
  1.207947e+01   3.318104e-09   0.000000e+00   3.918274e-12   346152
  1.209988e+01   3.288247e-09   6.632922e-02   3.866054e-12   345856
  1.212085e+01   3.308377e-09   0.000000e+00   3.884339e-12   349354
  1.214164e+01   3.307679e-09   0.000000e+00   3.900262e-12   352032
  1.216224e+01   3.288077e-09   5.596770e-02   3.884719e-12   348582
  1.218318e+01   3.301638e-09   0.000000e+00   3.898376e-12   352244
  1.220354e+01   3.294733e-09   6.805050e-02   3.908617e-12   351582
  1.222445e+01   3.298060e-09   1.378265e-02   3.872593e-12   357144
  1.224542e+01   3.289910e-09   0.000000e+00   3.885769e-12   355560
  1.226585e+01   3.298941e-09   6.361785e-02   3.897181e-12   354551
  1.228673e+01   3.269307e-09   1.022929e-02   3.834845e-12   358044
  1.230769e+01   3.276923e-09   0.000000e+00   3.861013e-12   355272
  1.232802e+01   3.236665e-09   6.978367e-02   3.827138e-12   352044
  1.234885e+01   3.239382e-09   0.000000e+00   3.802475e-12   352344
  1.236968e+01   3.230925e-09   0.000000e+00   3.756400e-12   356516
  1.239028e+01   3.215608e-09   4.888078e-02   3.767649e-12   352848
  1.241136e+01   3.204475e-09   0.000000e+00   3.751125e-12   352980
  1.243181e+01   3.193050e-09   4.206337e-02   3.749128e-12   348948
  1.245251e+01   3.176011e-09   3.597695e-02   3.717354e-12   351692
  1.247361e+01   3.172057e-09   0.000000e+00   3.690948e-12   353064
  1.249398e+01   3.152344e-09   6.238805e-02   3.706787e-12   345624
  1.251470e+01   3.138496e-09   0.000000e+00   3.662391e-12   347844
  1.253566e+01   3.140447e-09   0.000000e+00   3.667112e-12   351020
  1.255612e+01   3.121556e-09   5.791996e-02   3.628279e-12   345852
  1.257696e+01   3.109683e-09   1.282054e-02   3.609102e-12   347040
  1.259782e+01   3.107463e-09   0.000000e+00   3.613837e-12   345928
  1.261828e+01   3.094995e-09   5.814354e-02   3.584366e-12   347020
  1.263923e+01   3.079658e-09   0.000000e+00   3.570375e-12   343032
  1.265989e+01   3.069880e-09   0.000000e+00   3.559228e-12   343620
  1.268045e+01   3.062341e-09   5.957451e-02   3.556050e-12   343988
  1.270157e+01   3.044140e-09   0.000000e+00   3.505786e-12   344556
  1.272211e+01   3.042485e-09   4.396297e-02   3.519198e-12   343632
  1.274299e+01   3.027825e-09   0.000000e+00   3.499920e-12   340392
  1.276383e+01   3.031300e-09   0.000000e+00   3.531609e-12   339408
  1.278421e+01   3.007565e-09   7.452127e-02   3.481285e-12   341864
  1.280526e+01   3.006884e-09   0.000000e+00   3.471598e-12   341964
  1.282610e+01   2.997237e-09   0.000000e+00   3.487120e-12   334380
  1.284629e+01   2.981627e-09   6.983025e-02   3.465044e-12   336504
  1.286732e+01   2.980195e-09   1.611472e-02   3.442879e-12   339560
  1.288814e+01   2.974057e-09   0.000000e+00   3.449913e-12   336384
  1.290870e+01   2.947122e-09   7.332771e-02   3.393832e-12   337404
  1.292968e+01   2.953086e-09   0.000000e+00   3.437055e-12   330156
  1.295012e+01   2.940614e-09   5.717475e-02   3.385110e-12   337808
  1.297104e+01   2.926786e-09   0.000000e+00   3.396036e-12   332748
  1.299195e+01   2.922568e-09   0.000000e+00   3.381647e-12   333612
  1.301237e+01   2.907957e-09   5.891873e-02   3.368264e-12   331860
  1.303320e+01   2.897080e-09   2.687808e-02   3.357436e-12   328376
  1.305399e+01   2.888771e-09   0.000000e+00   3.327977e-12   331140
  1.307454e+01   2.883441e-09   7.074577e-02   3.323881e-12   332988
  1.309538e+01   2.883719e-09   2.703764e-02   3.337820e-12   325224
  1.311629e+01   2.862427e-09   0.000000e+00   3.288097e-12   331544
  1.313681e+01   2.865975e-09   6.634835e-02   3.314274e-12   327264
  1.315764e+01   2.842531e-09   0.000000e+00   3.313238e-12   322308
  1.317828e+01   2.837123e-09   2.445036e-02   3.262829e-12   328136
  1.319883e+01   2.832259e-09   4.988732e-02   3.267897e-12   323172
  1.321986e+01   2.824453e-09   0.000000e+00   3.253625e-12   325248
  1.324036e+01   2.822126e-09   6.227220e-02   3.259294e-12   324096
  1.326115e+01   2.806224e-09   0.000000e+00   3.247309e-12   321540
  1.328214e+01   2.801764e-09   0.000000e+00   3.229504e-12   323744
  1.330245e+01   2.797912e-09   6.857095e-02   3.247662e-12   317400
  1.332329e+01   2.784532e-09   1.927098e-02   3.194332e-12   322560
  1.334431e+01   2.774633e-09   0.000000e+00   3.205503e-12   320076
  1.336469e+01   2.778585e-09   7.227349e-02   3.211682e-12   317204
  1.338584e+01   2.761751e-09   0.000000e+00   3.178680e-12   323064
  1.340666e+01   2.752781e-09   0.000000e+00   3.203971e-12   315204
  1.342698e+01   2.754879e-09   7.765440e-02   3.185432e-12   315416
  1.344819e+01   2.739321e-09   0.000000e+00   3.160383e-12   316884
  1.346864e+01   2.738439e-09   4.737962e-02   3.180842e-12   312876
  1.348936e+01   2.725613e-09   5.444396e-02   3.140174e-12   315540
  1.351047e+01   2.723760e-09   0.000000e+00   3.172030e-12   312576
  1.353075e+01   2.717573e-09   7.835795e-02   3.135546e-12   312140
  1.355170e+01   2.711529e-09   1.954404e-02   3.155157e-12   310356
  1.357265e+01   2.704198e-09   0.000000e+00   3.140012e-12   311232
  1.359293e+01   2.696174e-09   6.985357e-02   3.134875e-12   307584
  1.361391e+01   2.686889e-09   3.240107e-02   3.098361e-12   310616
  1.363471e+01   2.681969e-09   0.000000e+00   3.124479e-12   304200
  1.365500e+01   2.677596e-09   7.739475e-02   3.111159e-12   306792
  1.367616e+01   2.679293e-09   0.000000e+00   3.108593e-12   306168
  1.369665e+01   2.668589e-09   0.000000e+00   3.096197e-12   304448
  1.371746e+01   2.660782e-09   6.797723e-02   3.064558e-12   308580
  1.373853e+01   2.656525e-09   0.000000e+00   3.098835e-12   299568
  1.375881e+01   2.651259e-09   6.659811e-02   3.087430e-12   304416
  1.377983e+01   2.651032e-09   3.721382e-02   3.084429e-12   302216
  1.380074e+01   2.637569e-09   0.000000e+00   3.061828e-12   300084
  1.382111e+01   2.630982e-09   8.474451e-02   3.062587e-12   299340
  1.384196e+01   2.617030e-09   0.000000e+00   3.052092e-12   296688
  1.386283e+01   2.624033e-09   0.000000e+00   3.057568e-12   298820
  1.388319e+01   2.615468e-09   8.063818e-02   3.064432e-12   296916
  1.390426e+01   2.620686e-09   0.000000e+00   3.058758e-12   295920
  1.392487e+01   2.611455e-09   4.909043e-03   3.068068e-12   292692
  1.394531e+01   2.597341e-09   7.416327e-02   3.037748e-12   295892
  1.396657e+01   2.592063e-09   0.000000e+00   3.049616e-12   293064
  1.398701e+01   2.590719e-09   4.020228e-02   3.033853e-12   293220
  1.400767e+01   2.585941e-09   3.664085e-02   3.059622e-12   286804
  1.402862e+01   2.581488e-09   0.000000e+00   3.020963e-12   293080
  1.404914e+01   2.571160e-09   7.386559e-02   3.017603e-12   291816
  1.407017e+01   2.569603e-09   0.000000e+00   3.036573e-12   287784
  1.409099e+01   2.552823e-09   0.000000e+00   3.011590e-12   286760
  1.411134e+01   2.561229e-09   7.809813e-02   3.032702e-12   287088
  1.413231e+01   2.550673e-09   0.000000e+00   3.018734e-12   286176
  1.415322e+01   2.545488e-09   0.000000e+00   3.013277e-12   284184
  1.417351e+01   2.541958e-09   6.924212e-02   3.015255e-12   282220
  1.419470e+01   2.540918e-09   0.000000e+00   3.020255e-12   284452
  1.421523e+01   2.529260e-09   0.000000e+00   3.007942e-12   279516
  1.423581e+01   2.529017e-09   7.520941e-02   2.994490e-12   282696
  1.425703e+01   2.522090e-09   0.000000e+00   3.004822e-12   278676
  1.427730e+01   2.514758e-09   7.740349e-02   2.987679e-12   279512
  1.429820e+01   2.515031e-09   1.014785e-02   3.012358e-12   276672
  1.431915e+01   2.516785e-09   0.000000e+00   3.011813e-12   276036
  1.433935e+01   2.514691e-09   7.517380e-02   3.022582e-12   274416
  1.436033e+01   2.499702e-09   3.412495e-02   2.972051e-12   275384
  1.438130e+01   2.499576e-09   0.000000e+00   2.989239e-12   274560
  1.440166e+01   2.496211e-09   8.322360e-02   2.995530e-12   272220
  1.442275e+01   2.488308e-09   0.000000e+00   2.993030e-12   270492
  1.444339e+01   2.492816e-09   0.000000e+00   2.981570e-12   271532
  1.446406e+01   2.485805e-09   5.043683e-02   2.975095e-12   272052
  1.448504e+01   2.482533e-09   0.000000e+00   2.999473e-12   264372
  1.450534e+01   2.473771e-09   4.504922e-02   2.966074e-12   268652
  1.452626e+01   2.473734e-09   5.199371e-02   2.985427e-12   266760
  1.454710e+01   2.466245e-09   0.000000e+00   3.009692e-12   262536
  1.456750e+01   2.474952e-09   8.240423e-02   2.986653e-12   266460
  1.458842e+01   2.465336e-09   0.000000e+00   3.000817e-12   261560
  1.460923e+01   2.457302e-09   0.000000e+00   3.000855e-12   262236
  1.462972e+01   2.455832e-09   7.381266e-02   2.988724e-12   261708
  1.465061e+01   2.456343e-09   0.000000e+00   3.003803e-12   258960
  1.467144e+01   2.450926e-09   0.000000e+00   2.988649e-12   258376
  1.469181e+01   2.448347e-09   7.023529e-02   2.986798e-12   258304
  1.471306e+01   2.448794e-09   0.000000e+00   2.993210e-12   259368
  1.473359e+01   2.444184e-09   3.368920e-02   3.022011e-12   253332
  1.475414e+01   2.435818e-09   7.283209e-02   3.005613e-12   254448
  1.477531e+01   2.430012e-09   0.000000e+00   2.986351e-12   255248
  1.479573e+01   2.435444e-09   7.621211e-02   3.018367e-12   252180
  1.481667e+01   2.423940e-09   2.971180e-02   2.981322e-12   252744
  1.483756e+01   2.417414e-09   0.000000e+00   3.017291e-12   247348
  1.485783e+01   2.416804e-09   9.143206e-02   3.000565e-12   250432
  1.487882e+01   2.422741e-09   0.000000e+00   3.022266e-12   247860
  1.489979e+01   2.420312e-09   0.000000e+00   3.010237e-12   247716
  1.492008e+01   2.413370e-09   7.671303e-02   3.026371e-12   242472
  1.494121e+01   2.419806e-09   0.000000e+00   2.993301e-12   248672
  1.496181e+01   2.415566e-09   3.401296e-02   3.065354e-12   239352
  1.498229e+01   2.403877e-09   6.195503e-02   3.007309e-12   245088
  1.500346e+01   2.405514e-09   0.000000e+00   3.042583e-12   239232
  1.502374e+01   2.409197e-09   8.153962e-02   3.034560e-12   240320
  1.504476e+01   2.398425e-09   0.000000e+00   3.035367e-12   239340
  1.506573e+01   2.393805e-09   0.000000e+00   3.046362e-12   237636
  1.508593e+01   2.391001e-09   7.793934e-02   3.040455e-12   235980
  1.510691e+01   2.398659e-09   6.211652e-03   3.054905e-12   235304
  1.512784e+01   2.389699e-09   0.000000e+00   3.054974e-12   234576
  1.514818e+01   2.401944e-09   7.234588e-02   3.074892e-12   232788
  1.516915e+01   2.394116e-09   0.000000e+00   3.071280e-12   230400
  1.518986e+01   2.386062e-09   0.000000e+00   3.052357e-12   231836
  1.521043e+01   2.386474e-09   7.797670e-02   3.062258e-12   231288
  1.523163e+01   2.380658e-09   0.000000e+00   3.095829e-12   226536
  1.525193e+01   2.388745e-09   6.089308e-02   3.111578e-12   226084
  1.527263e+01   2.373478e-09   5.123046e-02   3.065099e-12   227116
  1.529375e+01   2.374426e-09   0.000000e+00   3.091968e-12   223800
  1.531406e+01   2.372623e-09   8.348963e-02   3.085799e-12   223884
  1.533496e+01   2.373810e-09   0.000000e+00   3.092694e-12   222360
  1.535591e+01   2.365758e-09   0.000000e+00   3.104949e-12   221156
  1.537635e+01   2.368392e-09   9.269513e-02   3.092716e-12   221724
  1.539739e+01   2.373423e-09   0.000000e+00   3.127468e-12   217584
  1.541816e+01   2.372331e-09   0.000000e+00   3.109432e-12   217576
  1.543850e+01   2.363494e-09   9.591714e-02   3.140525e-12   215464
  1.545963e+01   2.359313e-09   0.000000e+00   3.128269e-12   215472
  1.548021e+01   2.360934e-09   2.639420e-02   3.132180e-12   213768
  1.550072e+01   2.363352e-09   8.313283e-02   3.163495e-12   210956
  1.552176e+01   2.352566e-09   0.000000e+00   3.141268e-12   211788
  1.554231e+01   2.354839e-09   4.641344e-02   3.164949e-12   211092
  1.556319e+01   2.351271e-09   3.198514e-02   3.155186e-12   209556
  1.558420e+01   2.355555e-09   0.000000e+00   3.163402e-12   206700
  1.560442e+01   2.349209e-09   7.819726e-02   3.187893e-12   206048
  1.562536e+01   2.354526e-09   0.000000e+00   3.196138e-12   204744
  1.564625e+01   2.359461e-09   0.000000e+00   3.207951e-12   202992
  1.566646e+01   2.346912e-09   8.725896e-02   3.187192e-12   201944
  1.568771e+01   2.350443e-09   0.000000e+00   3.209432e-12   203304
  1.570852e+01   2.348961e-09   0.000000e+00   3.237606e-12   200484
  1.572878e+01   2.351331e-09   9.326950e-02   3.260995e-12   195516
  1.575002e+01   2.351803e-09   0.000000e+00   3.234914e-12   198860
  1.577039e+01   2.340997e-09   4.162751e-02   3.251064e-12   195264
  1.579115e+01   2.346839e-09   6.097612e-02   3.242037e-12   195984
  1.581224e+01   2.350389e-09   0.000000e+00   3.310613e-12   191808
  1.583234e+01   2.339177e-09   7.110984e-02   3.289078e-12   190776
  1.585324e+01   2.342957e-09   2.027923e-02   3.290089e-12   192032
  1.587428e+01   2.343159e-09   0.000000e+00   3.321189e-12   188628
  1.589451e+01   2.333732e-09   9.865151e-02   3.290951e-12   189444
  1.591566e+01   2.340850e-09   0.000000e+00   3.326474e-12   186260
  1.593629e+01   2.327846e-09   0.000000e+00   3.315719e-12   184560
  1.595675e+01   2.334875e-09   8.971528e-02   3.321721e-12   185832
  1.597806e+01   2.328018e-09   0.000000e+00   3.331889e-12   182400
  1.599845e+01   2.333953e-09   4.269174e-02   3.374473e-12   181380
  1.601905e+01   2.333560e-09   7.467882e-02   3.370270e-12   180332
  1.604022e+01   2.336221e-09   0.000000e+00   3.379219e-12   178236
  1.606064e+01   2.335935e-09   5.335397e-02   3.392227e-12   179184
  1.608143e+01   2.324471e-09   6.874349e-02   3.413844e-12   175028
  1.610242e+01   2.331892e-09   0.000000e+00   3.402569e-12   175440
  1.612292e+01   2.334544e-09   7.340833e-02   3.423392e-12   174828
  1.614384e+01   2.326088e-09   0.000000e+00   3.461260e-12   169896
  1.616453e+01   2.320883e-09   0.000000e+00   3.421031e-12   171708
  1.618501e+01   2.320791e-09   9.508031e-02   3.445702e-12   169328
  1.620603e+01   2.326978e-09   0.000000e+00   3.496976e-12   167364
  1.622676e+01   2.322442e-09   3.298626e-02   3.480084e-12   168192
  1.624722e+01   2.330466e-09   8.479764e-02   3.513328e-12   163188
  1.626845e+01   2.326286e-09   0.000000e+00   3.515443e-12   166184
  1.628902e+01   2.319920e-09   4.330638e-02   3.561534e-12   161460
  1.630953e+01   2.324130e-09   7.843248e-02   3.580053e-12   159972
  1.633054e+01   2.329509e-09   0.000000e+00   3.589150e-12   159488
  1.635092e+01   2.328070e-09   7.374248e-02   3.624797e-12   158148
  1.637193e+01   2.320700e-09   0.000000e+00   3.601237e-12   158100
  1.639290e+01   2.329410e-09   0.000000e+00   3.645492e-12   155232
  1.641299e+01   2.319352e-09   8.368735e-02   3.654396e-12   151216
  1.643412e+01   2.319402e-09   0.000000e+00   3.626205e-12   155560
  1.645510e+01   2.321114e-09   0.000000e+00   3.664928e-12   151404
  1.647532e+01   2.321072e-09   1.006511e-01   3.722267e-12   148356
  1.649648e+01   2.322000e-09   0.000000e+00   3.707804e-12   147164
  1.651692e+01   2.316651e-09   2.722134e-02   3.720715e-12   147384
  1.653757e+01   2.324429e-09   6.867146e-02   3.763275e-12   145992
  1.655886e+01   2.315394e-09   0.000000e+00   3.753237e-12   143856
  1.657890e+01   2.311757e-09   6.667322e-02   3.807342e-12   140384
  1.659987e+01   2.315762e-09   3.445256e-02   3.759919e-12   143856
  1.662094e+01   2.306771e-09   0.000000e+00   3.833347e-12   136968
  1.664106e+01   2.330247e-09   9.264996e-02   3.870061e-12   139536
  1.666229e+01   2.309624e-09   0.000000e+00   3.860527e-12   136916
  1.668291e+01   2.307386e-09   0.000000e+00   3.904515e-12   133032
  1.670327e+01   2.317765e-09   9.302547e-02   3.899057e-12   135540
  1.672466e+01   2.302130e-09   0.000000e+00   3.894300e-12   132096
  1.674503e+01   2.306411e-09   0.000000e+00   3.964441e-12   129540
  1.676559e+01   2.315451e-09   9.129523e-02   3.939156e-12   130640
  1.678679e+01   2.289972e-09   0.000000e+00   3.974996e-12   126276
  1.680721e+01   2.311551e-09   5.420843e-02   3.952773e-12   128484
  1.682826e+01   2.304994e-09   1.899212e-02   4.018938e-12   124168
  1.684902e+01   2.295606e-09   0.000000e+00   4.051218e-12   122224
  1.686947e+01   2.299919e-09   8.155610e-02   4.042658e-12   123156
  1.689051e+01   2.294280e-09   0.000000e+00   4.112056e-12   119688
  1.691105e+01   2.303828e-09   0.000000e+00   4.181007e-12   116640
  1.693152e+01   2.299861e-09   9.537514e-02   4.091567e-12   119696
  1.695264e+01   2.286127e-09   0.000000e+00   4.160645e-12   114276
  1.697330e+01   2.301177e-09   0.000000e+00   4.233996e-12   114060
  1.699376e+01   2.279432e-09   9.077510e-02   4.187583e-12   112536
  1.701493e+01   2.285708e-09   0.000000e+00   4.217426e-12   112196
  1.703561e+01   2.289396e-09   4.022889e-02   4.270872e-12   109404
  1.705610e+01   2.272430e-09   5.076946e-02   4.272229e-12   105900
  1.707694e+01   2.287430e-09   0.000000e+00   4.287090e-12   107176
  1.709749e+01   2.270186e-09   6.654012e-02   4.323382e-12   105088
  1.711840e+01   2.262468e-09   2.324022e-02   4.319572e-12   103800
  1.713937e+01   2.275943e-09   0.000000e+00   4.425246e-12   101340
  1.715970e+01   2.262037e-09   7.534990e-02   4.377313e-12   100036
  1.718052e+01   2.251616e-09   0.000000e+00   4.437921e-12   97672
  1.720141e+01   2.261766e-09   0.000000e+00   4.430427e-12   97908
  1.722188e+01   2.254053e-09   7.967415e-02   4.459278e-12   95328
  1.724284e+01   2.250189e-09   0.000000e+00   4.511955e-12   93600
  1.726350e+01   2.235323e-09   0.000000e+00   4.485147e-12   92312
  1.728413e+01   2.241292e-09   6.690235e-02   4.537768e-12   91044
  1.730515e+01   2.233244e-09   0.000000e+00   4.582248e-12   88500
  1.732537e+01   2.235488e-09   5.118864e-02   4.647130e-12   86216
  1.734623e+01   2.219894e-09   0.000000e+00   4.562561e-12   87159
  1.736748e+01   2.220170e-09   0.000000e+00   4.583069e-12   86064
  1.738789e+01   2.214691e-09   7.831234e-02   4.688303e-12   81648
  1.740859e+01   2.226304e-09   1.349993e-02   4.683037e-12   81654
  1.742958e+01   2.199318e-09   0.000000e+00   4.686952e-12   81284
  1.745016e+01   2.202846e-09   5.697773e-02   4.765339e-12   78888
  1.747089e+01   2.200305e-09   1.914409e-02   4.757229e-12   77250
  1.749148e+01   2.210093e-09   0.000000e+00   4.790053e-12   75942
  1.751208e+01   2.191873e-09   6.122643e-02   4.759888e-12   77042
  1.753325e+01   2.184713e-09   0.000000e+00   4.819064e-12   74094
  1.755392e+01   2.189534e-09   3.347269e-02   4.842296e-12   73818
  1.757460e+01   2.179745e-09   0.000000e+00   4.888044e-12   70998
  1.759537e+01   2.180812e-09   0.000000e+00   4.849765e-12   72044
  1.761609e+01   2.185229e-09   6.478084e-02   4.958628e-12   69426
  1.763696e+01   2.185326e-09   0.000000e+00   4.980861e-12   69288
  1.765765e+01   2.179473e-09   0.000000e+00   5.040207e-12   67068
  1.767810e+01   2.174187e-09   6.687432e-02   5.029481e-12   66926
  1.769903e+01   2.190147e-09   5.704043e-02   5.119495e-12   66348
  1.772006e+01   2.169780e-09   0.000000e+00   5.087358e-12   64728
  1.774050e+01   2.178138e-09   0.000000e+00   5.192738e-12   62820
  1.776120e+01   2.168977e-09   0.000000e+00   5.102295e-12   63716
  1.778217e+01   2.149807e-09   1.538954e-02   5.107066e-12   62160
  1.780285e+01   2.178659e-09   0.000000e+00   5.271963e-12   59940
  1.782337e+01   2.176287e-09   1.625579e-02   5.263225e-12   60112
  1.784408e+01   2.156823e-09   6.458873e-02   5.234604e-12   59668
  1.786510e+01   2.153447e-09   0.000000e+00   5.335553e-12   57618
  1.788559e+01   2.163089e-09   1.891416e-02   5.388549e-12   56868
  1.790611e+01   2.167676e-09   6.122846e-02   5.400876e-12   56684
  1.792695e+01   2.144911e-09   2.664299e-02   5.386649e-12   55536
  1.794783e+01   2.155296e-09   0.000000e+00   5.466325e-12   54342
  1.796859e+01   2.165261e-09   2.255746e-02   5.440955e-12   54768
  1.798914e+01   2.160218e-09   5.993040e-02   5.583419e-12   52094
  1.800988e+01   2.142202e-09   0.000000e+00   5.473686e-12   52224
  1.803092e+01   2.164769e-09   0.000000e+00   5.631117e-12   52188
  1.805152e+01   2.152966e-09   5.377246e-02   5.637801e-12   50190
  1.807201e+01   2.153564e-09   4.493103e-02   5.698041e-12   49224
  1.809290e+01   2.150027e-09   0.000000e+00   5.738544e-12   49094
  1.811386e+01   2.160156e-09   1.619914e-02   5.696479e-12   49488
  1.813461e+01   2.150084e-09   5.656683e-02   5.853347e-12   46830
  1.815507e+01   2.148609e-09   1.271401e-02   5.906798e-12   45860
  1.817589e+01   2.158465e-09   0.000000e+00   5.802283e-12   46770
  1.819679e+01   2.154863e-09   2.188676e-02   5.885020e-12   45468
  1.821749e+01   2.142619e-09   3.896218e-02   6.014048e-12   44130
  1.823812e+01   2.158355e-09   0.000000e+00   6.122567e-12   43230
  1.825888e+01   2.139051e-09   0.000000e+00   5.954703e-12   44108
  1.827979e+01   2.125933e-09   3.759167e-02   6.077710e-12   42162
  1.830047e+01   2.137921e-09   3.857037e-02   6.183974e-12   41358
  1.832098e+01   2.155633e-09   0.000000e+00   6.253328e-12   40456
  1.834174e+01   2.147337e-09   3.595848e-02   6.138766e-12   41230
  1.836283e+01   2.149085e-09   4.674894e-02   6.274851e-12   39906
  1.838361e+01   2.154281e-09   0.000000e+00   6.472366e-12   38508
  1.840402e+01   2.138477e-09   0.000000e+00   6.415486e-12   37854
  1.842463e+01   2.141114e-09   5.462492e-02   6.446527e-12   38162
  1.844572e+01   2.157318e-09   2.503272e-02   6.497173e-12   37212
  1.846653e+01   2.172370e-09   0.000000e+00   6.632766e-12   36450
  1.848684e+01   2.169055e-09   2.922470e-02   6.827286e-12   34718
  1.850743e+01   2.177764e-09   2.314175e-02   6.696982e-12   35814
  1.852854e+01   2.168882e-09   2.091258e-02   6.774440e-12   34896
  1.854938e+01   2.166577e-09   0.000000e+00   6.836458e-12   33822
  1.856963e+01   2.177239e-09   4.392595e-02   7.042427e-12   32522
  1.859043e+01   2.177106e-09   0.000000e+00   6.927065e-12   33630
  1.861153e+01   2.162164e-09   0.000000e+00   7.035941e-12   32166
  1.863205e+01   2.156249e-09   1.908577e-02   7.100168e-12   31200
  1.865238e+01   2.145120e-09   1.502443e-02   7.122541e-12   30598
  1.867318e+01   2.149867e-09   1.996598e-02   7.057531e-12   31138
  1.869443e+01   2.169183e-09   0.000000e+00   7.218849e-12   30510
  1.871513e+01   2.170387e-09   3.273689e-02   7.399995e-12   28998
  1.873545e+01   2.167743e-09   8.645326e-03   7.498655e-12   28290
  1.875621e+01   2.159465e-09   4.445238e-02   7.323541e-12   29126
  1.877748e+01   2.163667e-09   0.000000e+00   7.403175e-12   28008
  1.879820e+01   2.181499e-09   1.430599e-02   7.654936e-12   27222
  1.881869e+01   2.153649e-09   2.241911e-02   7.687382e-12   26426
  1.883943e+01   2.166281e-09   1.313711e-02   7.842378e-12   26694
  1.886042e+01   2.170100e-09   2.361686e-02   7.819347e-12   25734
  1.888123e+01   2.178143e-09   0.000000e+00   7.977806e-12   25458
  1.890165e+01   2.170235e-09   0.000000e+00   8.038301e-12   24198
  1.892250e+01   2.183080e-09   0.000000e+00   7.946466e-12   25034
  1.894358e+01   2.199291e-09   1.699144e-02   8.362371e-12   23718
  1.896415e+01   2.198659e-09   0.000000e+00   8.387010e-12   23094
  1.898439e+01   2.199487e-09   2.911754e-02   8.512987e-12   22416
  1.900523e+01   2.178771e-09   2.828280e-03   8.275847e-12   23078
  1.902662e+01   2.203460e-09   0.000000e+00   8.516526e-12   22386
  1.904734e+01   2.193009e-09   0.000000e+00   8.850125e-12   21126
  1.906740e+01   2.216222e-09   0.000000e+00   8.954954e-12   20366
  1.908808e+01   2.174308e-09   3.702169e-02   8.583126e-12   21354
  1.910952e+01   2.220428e-09   0.000000e+00   9.033275e-12   20478
  1.913020e+01   2.207719e-09   0.000000e+00   9.079737e-12   19458
  1.915026e+01   2.216658e-09   1.298789e-02   9.477821e-12   18758
  1.917096e+01   2.202029e-09   4.182094e-02   9.059472e-12   19566
  1.919237e+01   2.231348e-09   2.928691e-02   9.486521e-12   18858
  1.921315e+01   2.226418e-09   1.098819e-02   9.709944e-12   17790
  1.923316e+01   2.255360e-09   0.000000e+00   9.915805e-12   17114
  1.925389e+01   2.220432e-09   0.000000e+00   9.521573e-12   17982
  1.927528e+01   2.214275e-09   0.000000e+00   9.729735e-12   17190
  1.929611e+01   2.212844e-09   0.000000e+00   9.993192e-12   16458
  1.931610e+01   2.245838e-09   3.138845e-02   1.052517e-11   15494
  1.933678e+01   2.228407e-09   1.072937e-02   1.016879e-11   16374
  1.935831e+01   2.230883e-09   0.000000e+00   1.033912e-11   15858
  1.937918e+01   2.245232e-09   0.000000e+00   1.074055e-11   14862
  1.939908e+01   2.245459e-09   0.000000e+00   1.080411e-11   14082
  1.941986e+01   2.237386e-09   0.000000e+00   1.080681e-11   14990
  1.944144e+01   2.254164e-09   1.510481e-02   1.085927e-11   14358
  1.946223e+01   2.242889e-09   0.000000e+00   1.132805e-11   13386
  1.948193e+01   2.228466e-09   0.000000e+00   1.132623e-11   12678
  1.950273e+01   2.262048e-09   2.351213e-02   1.124133e-11   13700
  1.952445e+01   2.246094e-09   1.551025e-02   1.137132e-11   12942
  1.954529e+01   2.258363e-09   3.906661e-02   1.202260e-11   12198
  1.956477e+01   2.287860e-09   0.000000e+00   1.240170e-11   11106
  1.958543e+01   2.253192e-09   5.489406e-03   1.184521e-11   12494
  1.960722e+01   2.247909e-09   2.839054e-02   1.220588e-11   11610
  1.962822e+01   2.278828e-09   0.000000e+00   1.265977e-11   11094
  1.964771e+01   2.239197e-09   1.968655e-02   1.306313e-11   9902
  1.966828e+01   2.261728e-09   1.371604e-02   1.222084e-11   11226
  1.969007e+01   2.259992e-09   0.000000e+00   1.275246e-11   10326
  1.971110e+01   2.264249e-09   2.013952e-02   1.295200e-11   10074
  1.973074e+01   2.220669e-09   8.248573e-03   1.350869e-11   8766
  1.975114e+01   2.262342e-09   0.000000e+00   1.334313e-11   9950
  1.977288e+01   2.252269e-09   1.225154e-02   1.371111e-11   9252
  1.979390e+01   2.295146e-09   0.000000e+00   1.412589e-11   8886
  1.981353e+01   2.246539e-09   0.000000e+00   1.525589e-11   7850
  1.983411e+01   2.270113e-09   8.076962e-03   1.360210e-11   8886
  1.985590e+01   2.258541e-09   0.000000e+00   1.460017e-11   8142
  1.987667e+01   2.253179e-09   1.946548e-02   1.453093e-11   7746
  1.989608e+01   2.299386e-09   2.234002e-02   1.636143e-11   6926
  1.991706e+01   2.306304e-09   0.000000e+00   1.487438e-11   7974
  1.993892e+01   2.290911e-09   1.896865e-02   1.570976e-11   7074
  1.995945e+01   2.281528e-09   6.967900e-03   1.617434e-11   6744
  1.997876e+01   2.343022e-09   2.188809e-02   1.743230e-11   6114
  2.000010e+01   2.306927e-09   0.000000e+00   1.578146e-11   7094
  2.002234e+01   2.321266e-09   0.000000e+00   1.736722e-11   6174
  2.004262e+01   2.369118e-09   0.000000e+00   1.792917e-11   5754
  2.006140e+01   2.392613e-09   0.000000e+00   1.916856e-11   5214
  2.008302e+01   2.326254e-09   0.000000e+00   1.693285e-11   6338
  2.010586e+01   2.384607e-09   6.692746e-03   1.858225e-11   5352
  2.012591e+01   2.378837e-09   5.971509e-03   1.969998e-11   4830
  2.014382e+01   2.383923e-09   5.748117e-03   2.064065e-11   4338
  2.016557e+01   2.346300e-09   0.000000e+00   1.848388e-11   5558
  2.018939e+01   2.359176e-09   1.416330e-02   1.884560e-11   4866
  2.020984e+01   2.449437e-09   2.546431e-02   2.358364e-11   3846
  2.022612e+01   2.367974e-09   0.000000e+00   2.302925e-11   3518
  2.024795e+01   2.391424e-09   2.177267e-02   2.014840e-11   4812
  2.027247e+01   2.385375e-09   1.139806e-02   2.072061e-11   4278
  2.029372e+01   2.398616e-09   1.932922e-02   2.481236e-11   3174
  2.030844e+01   2.406435e-09   0.000000e+00   2.639472e-11   2738
  2.033020e+01   2.442630e-09   8.404518e-03   2.167061e-11   4086
  2.035522e+01   2.441612e-09   0.000000e+00   2.331638e-11   3666
  2.037748e+01   2.392533e-09   1.446127e-02   2.734768e-11   2712
  2.039076e+01   2.538513e-09   8.257776e-03   3.236101e-11   1998
  2.041239e+01   2.548947e-09   1.299983e-02   2.521684e-11   3434
  2.043794e+01   2.462599e-09   3.361887e-03   2.723073e-11   3078
  2.046126e+01   2.541473e-09   1.013808e-02   2.984886e-11   2334
  2.047313e+01   2.548237e-09   0.000000e+00   4.049755e-11   1340
  2.049457e+01   2.446443e-09   0.000000e+00   2.600655e-11   2838
  2.052072e+01   2.487007e-09   0.000000e+00   2.751903e-11   2538
  2.054514e+01   2.490001e-09   8.556732e-03   3.313951e-11   1974
  2.055491e+01   2.519413e-09   1.476695e-02   5.215971e-11   774
  2.057646e+01   2.519037e-09   0.000000e+00   3.027728e-11   2300
  2.060325e+01   2.586807e-09   1.467581e-02   3.160232e-11   2046
  2.062877e+01   2.518104e-09   7.509058e-03   3.694917e-11   1626
  2.063671e+01   2.597627e-09   7.735646e-03   7.172110e-11   390
  2.065818e+01   2.454901e-09   7.851642e-03   3.576666e-11   1766
  2.068540e+01   2.546160e-09   0.000000e+00   3.558966e-11   1596
  2.071199e+01   2.515010e-09   0.000000e+00   3.971800e-11   1302
  2.071852e+01   2.376293e-09   0.000000e+00   9.493548e-11   150
  2.074003e+01   2.611468e-09   2.644073e-03   4.206193e-11   1298
  2.076735e+01   2.557404e-09   0.000000e+00   4.151005e-11   1158
  2.079453e+01   2.641288e-09   4.394243e-03   4.651908e-11   996
  2.080451e+01   2.340443e-09   1.076411e-02   1.651912e-10   38
  2.082208e+01   2.565500e-09   0.000000e+00   4.757726e-11   894
  2.084944e+01   2.496001e-09   9.709219e-03   5.067265e-11   786
  2.087684e+01   2.598166e-09   0.000000e+00   5.892658e-11   678
  2.090290e+01   1.621480e-09   0.000000e+00   1.523818e-10   8
  2.090428e+01   2.528571e-09   8.810967e-03   6.513840e-11   570
  2.093169e+01   2.646127e-09   9.455694e-03   6.731467e-11   486
  2.095915e+01   2.594097e-09   0.000000e+00   7.228963e-11   402
  2.098585e+01   1.323067e-09   0.000000e+00   1.838756e-10   8
  2.098664e+01   2.446544e-09   1.092789e-02   7.416613e-11   318
  2.101412e+01   2.586471e-09   0.000000e+00   8.443714e-11   258
  2.104164e+01   2.355316e-09   0.000000e+00   1.015561e-10   198
  2.106880e+01   3.201337e-09   0.000000e+00   3.630007e-10   8
  2.106919e+01   2.668718e-09   0.000000e+00   1.127601e-10   138
  2.109671e+01   2.725250e-09   3.586795e-03   1.406072e-10   102
  2.112428e+01   2.593747e-09   6.532758e-03   1.738695e-10   66
  2.115187e+01   2.500467e-09   0.000000e+00   1.313766e-10   38
  2.117947e+01   1.932787e-09   0.000000e+00   1.300094e-10   18
  2.120708e+01   1.967258e-09   0.000000e+00   2.382523e-10   6
