# power spectrum of delta
# redshift z=1.087100
# k              Pk             sigma(k)       sigma(Pk)      count
  4.675239e-02   1.319510e-02   1.531908e-05   4.984862e-03   6
  6.611787e-02   7.118875e-02   0.000000e+00   1.544219e-02   12
  8.634636e-02   7.696120e-02   6.199343e-03   1.381813e-02   14
  1.095305e-01   1.287680e-01   4.988736e-03   1.431002e-02   48
  1.379653e-01   1.662478e-01   3.623812e-03   1.837031e-02   42
  1.514521e-01   1.544784e-01   3.607714e-03   2.075469e-02   48
  1.717248e-01   2.238547e-01   4.325071e-03   2.326544e-02   80
  1.946168e-01   3.059608e-01   3.358060e-03   2.585722e-02   90
  2.121306e-01   2.763869e-01   5.273081e-03   2.774772e-02   120
  2.370115e-01   3.819204e-01   4.431434e-03   2.779853e-02   158
  2.534910e-01   4.251944e-01   2.102998e-03   4.394656e-02   120
  2.733454e-01   4.582325e-01   4.700457e-03   3.136384e-02   186
  2.952819e-01   5.292137e-01   6.427987e-03   3.095593e-02   264
  3.131072e-01   6.335637e-01   3.470272e-03   4.410118e-02   168
  3.358507e-01   6.742051e-01   6.202191e-03   3.715295e-02   386
  3.548829e-01   5.466563e-01   3.752994e-03   3.942957e-02   192
  3.736086e-01   8.181118e-01   6.153256e-03   4.012623e-02   390
  3.946460e-01   7.472594e-01   6.442452e-03   3.853886e-02   396
  4.144099e-01   8.654928e-01   6.391635e-03   4.411964e-02   398
  4.361367e-01   8.931310e-01   6.264880e-03   3.496341e-02   576
  4.575177e-01   8.823931e-01   6.355778e-03   4.279449e-02   444
  4.762195e-01   1.176768e+00   5.734461e-03   4.594778e-02   590
  4.975149e-01   1.157268e+00   6.279670e-03   4.298002e-02   648
  5.182859e-01   1.241310e+00   5.557653e-03   5.237724e-02   654
  5.367402e-01   1.304316e+00   4.609866e-03   4.881060e-02   636
  5.573692e-01   1.394593e+00   6.911363e-03   4.582745e-02   830
  5.767253e-01   1.529848e+00   4.974939e-03   5.203231e-02   792
  5.965172e-01   1.576937e+00   5.116634e-03   5.924919e-02   804
  6.167868e-01   1.756901e+00   6.315099e-03   5.768441e-02   1038
  6.364107e-01   1.739644e+00   4.946499e-03   5.509999e-02   936
  6.576805e-01   1.720043e+00   5.779873e-03   5.018241e-02   1130
  6.769590e-01   1.950871e+00   5.367484e-03   5.765684e-02   1104
  6.981214e-01   1.971354e+00   5.967700e-03   5.643008e-02   1230
  7.174733e-01   2.164529e+00   6.064625e-03   5.706782e-02   1260
  7.371340e-01   2.261538e+00   5.239623e-03   6.246335e-02   1286
  7.593700e-01   2.198811e+00   6.358524e-03   5.334919e-02   1728
  7.804400e-01   2.412090e+00   5.621468e-03   6.554009e-02   1392
  8.004658e-01   2.618990e+00   5.330215e-03   6.276183e-02   1626
  8.209915e-01   2.527773e+00   6.311617e-03   6.155013e-02   1760
  8.416011e-01   2.686980e+00   5.219535e-03   6.747337e-02   1686
  8.610301e-01   2.748012e+00   5.309235e-03   6.305344e-02   1812
  8.808962e-01   2.948929e+00   6.109484e-03   6.583432e-02   1862
  9.011988e-01   3.083533e+00   5.445390e-03   6.409417e-02   2160
  9.216262e-01   3.215913e+00   5.566353e-03   7.590161e-02   1956
  9.421785e-01   3.200769e+00   6.253437e-03   6.310613e-02   2454
  9.622347e-01   3.462898e+00   4.877534e-03   7.315412e-02   2048
  9.823638e-01   3.576012e+00   6.360152e-03   7.055064e-02   2538
  1.002233e+00   3.843187e+00   5.321020e-03   7.609251e-02   2400
  1.022315e+00   3.999215e+00   6.339653e-03   8.148886e-02   2526
  1.042353e+00   3.820231e+00   6.275929e-03   7.074526e-02   2856
  1.063253e+00   4.084606e+00   5.895426e-03   7.391318e-02   2804
  1.083895e+00   4.411570e+00   6.138286e-03   8.210178e-02   2958
  1.103540e+00   4.665820e+00   5.939789e-03   8.387263e-02   2976
  1.124272e+00   4.657906e+00   5.941212e-03   8.010337e-02   3194
  1.143681e+00   4.963511e+00   5.908199e-03   8.993765e-02   3120
  1.164704e+00   4.967213e+00   6.004856e-03   8.409332e-02   3606
  1.184769e+00   5.189688e+00   5.478695e-03   8.708798e-02   3276
  1.204316e+00   5.072178e+00   6.204806e-03   8.025421e-02   3600
  1.224425e+00   5.560057e+00   5.478050e-03   9.418809e-02   3638
  1.243784e+00   5.859334e+00   5.815757e-03   9.326089e-02   3744
  1.264728e+00   5.808436e+00   6.014342e-03   8.967740e-02   4170
  1.284748e+00   5.933025e+00   5.701867e-03   9.623835e-02   3984
  1.305140e+00   6.214817e+00   5.748308e-03   9.471158e-02   4334
  1.325261e+00   6.337355e+00   5.324107e-03   9.317809e-02   4284
  1.345130e+00   6.598737e+00   6.444279e-03   9.968394e-02   4374
  1.365905e+00   6.953420e+00   5.744176e-03   0.000000e+00   5016
  1.386367e+00   6.744662e+00   5.485294e-03   0.000000e+00   4580
  1.406763e+00   7.121972e+00   6.458822e-03   0.000000e+00   5142
  1.427570e+00   7.338842e+00   6.220601e-03   0.000000e+00   5184
  1.447942e+00   7.490073e+00   4.830032e-03   0.000000e+00   5058
  1.467517e+00   7.513528e+00   5.757296e-03   0.000000e+00   5384
  1.488450e+00   7.618493e+00   6.536614e-03   0.000000e+00   5622
  1.508642e+00   7.673109e+00   5.492822e-03   0.000000e+00   5736
  1.528750e+00   8.310988e+00   4.940002e-03   0.000000e+00   5596
  1.548951e+00   8.428372e+00   6.254864e-03   0.000000e+00   6070
  1.568987e+00   8.559458e+00   4.834103e-03   0.000000e+00   6096
  1.589893e+00   8.629708e+00   5.987912e-03   0.000000e+00   6474
  1.609233e+00   9.082280e+00   5.725112e-03   0.000000e+00   6024
  1.629918e+00   9.058392e+00   5.762561e-03   0.000000e+00   7070
  1.650412e+00   9.443501e+00   4.723687e-03   0.000000e+00   6516
  1.670069e+00   9.597889e+00   5.671455e-03   0.000000e+00   6936
  1.690589e+00   9.837530e+00   5.714799e-03   0.000000e+00   7110
  1.710438e+00   1.014767e+01   4.275839e-03   0.000000e+00   7244
  1.731436e+00   1.032889e+01   6.235119e-03   0.000000e+00   7878
  1.751774e+00   1.031030e+01   5.976144e-03   0.000000e+00   7344
  1.771468e+00   1.058047e+01   6.264105e-03   0.000000e+00   7694
  1.791987e+00   1.083146e+01   6.013907e-03   0.000000e+00   8412
  1.812592e+00   1.090110e+01   6.244083e-03   0.000000e+00   7920
  1.832175e+00   1.116845e+01   5.288338e-03   0.000000e+00   8118
  1.852109e+00   1.123901e+01   6.155177e-03   0.000000e+00   8548
  1.872389e+00   1.164899e+01   6.169547e-03   0.000000e+00   8710
  1.892497e+00   1.211089e+01   5.448478e-03   0.000000e+00   8928
  1.913141e+00   1.225760e+01   5.963814e-03   0.000000e+00   9186
  1.932944e+00   1.258461e+01   6.493010e-03   0.000000e+00   9200
  1.953358e+00   1.217480e+01   5.570021e-03   0.000000e+00   9438
  1.973260e+00   1.250389e+01   7.851578e-03   0.000000e+00   9564
  1.993716e+00   1.250908e+01   6.002902e-03   0.000000e+00   10296
  2.014657e+00   1.301205e+01   5.296276e-03   0.000000e+00   10126
  2.034275e+00   1.334864e+01   6.504549e-03   0.000000e+00   10024
  2.055142e+00   1.366366e+01   4.600353e-03   0.000000e+00   11082
  2.075629e+00   1.354786e+01   7.176112e-03   0.000000e+00   10632
  2.095653e+00   1.399024e+01   5.199607e-03   0.000000e+00   10734
  2.115882e+00   1.398915e+01   6.364557e-03   0.000000e+00   11276
  2.136105e+00   1.444939e+01   5.730547e-03   0.000000e+00   11352
  2.156515e+00   1.463399e+01   5.862955e-03   0.000000e+00   11550
  2.176549e+00   1.504818e+01   5.402463e-03   0.000000e+00   11772
  2.196879e+00   1.505104e+01   6.915494e-03   0.000000e+00   12038
  2.216960e+00   1.558810e+01   8.502945e-03   0.000000e+00   12096
  2.237319e+00   1.546317e+01   6.746615e-03   0.000000e+00   12582
  2.257454e+00   1.570565e+01   1.962493e-03   0.000000e+00   12620
  2.278050e+00   1.587414e+01   7.130811e-03   0.000000e+00   13320
  2.298208e+00   1.606627e+01   6.474824e-03   0.000000e+00   12654
  2.317980e+00   1.648921e+01   1.049340e-03   0.000000e+00   13236
  2.338047e+00   1.626300e+01   9.287780e-03   0.000000e+00   13438
  2.358325e+00   1.643449e+01   9.041988e-03   0.000000e+00   14344
  2.379338e+00   1.698531e+01   5.720224e-03   0.000000e+00   14226
  2.399191e+00   1.749448e+01   4.561739e-03   0.000000e+00   14088
  2.419304e+00   1.754344e+01   0.000000e+00   0.000000e+00   14328
  2.439465e+00   1.797533e+01   6.293938e-03   0.000000e+00   14954
  2.459901e+00   1.833132e+01   4.867558e-03   0.000000e+00   15480
  2.480418e+00   1.834549e+01   6.623232e-03   0.000000e+00   14862
  2.499857e+00   1.842020e+01   7.881109e-03   0.000000e+00   15296
  2.520270e+00   1.853755e+01   7.420632e-03   0.000000e+00   15954
  2.540272e+00   1.867048e+01   6.290691e-03   0.000000e+00   15720
  2.560277e+00   1.930037e+01   2.717138e-03   0.000000e+00   16296
  2.580888e+00   1.964931e+01   3.937367e-03   0.000000e+00   17010
  2.600899e+00   1.994320e+01   3.429068e-03   0.000000e+00   16328
  2.621031e+00   1.989738e+01   3.283166e-03   0.000000e+00   17094
  2.641224e+00   2.009880e+01   8.317268e-03   0.000000e+00   17436
  2.661647e+00   2.019052e+01   8.642658e-03   0.000000e+00   17862
  2.682156e+00   2.074386e+01   7.232417e-03   0.000000e+00   18200
  2.702816e+00   2.053936e+01   6.143382e-04   0.000000e+00   18450
  2.723025e+00   2.124835e+01   3.624315e-03   0.000000e+00   18384
  2.743187e+00   2.095961e+01   5.635561e-03   0.000000e+00   18504
  2.763326e+00   2.146538e+01   4.198215e-03   0.000000e+00   19142
  2.783870e+00   2.127016e+01   5.796209e-03   0.000000e+00   19692
  2.804196e+00   2.140328e+01   5.919153e-03   0.000000e+00   19062
  2.824083e+00   2.205239e+01   0.000000e+00   0.000000e+00   20184
  2.844639e+00   2.274582e+01   7.261378e-03   0.000000e+00   19970
  2.864688e+00   2.211295e+01   0.000000e+00   0.000000e+00   20496
  2.885325e+00   2.258886e+01   8.484823e-03   0.000000e+00   21456
  2.905409e+00   2.265825e+01   5.789544e-03   0.000000e+00   19650
  2.925124e+00   2.305564e+01   9.468136e-03   0.000000e+00   22040
  2.945909e+00   2.315059e+01   1.260996e-02   0.000000e+00   21558
  2.965978e+00   2.329923e+01   0.000000e+00   0.000000e+00   21804
  2.986100e+00   2.365154e+01   7.956035e-03   0.000000e+00   21926
  3.006157e+00   2.369529e+01   9.373433e-03   0.000000e+00   22416
  3.026295e+00   2.391797e+01   8.339941e-03   0.000000e+00   22776
  3.047001e+00   2.428683e+01   6.386566e-03   0.000000e+00   23874
  3.067343e+00   2.450616e+01   0.000000e+00   0.000000e+00   23104
  3.087569e+00   2.460422e+01   0.000000e+00   0.000000e+00   23974
  3.107841e+00   2.448255e+01   1.346846e-02   0.000000e+00   23892
  3.127762e+00   2.491444e+01   0.000000e+00   0.000000e+00   23550
  3.147819e+00   2.508999e+01   6.758084e-03   0.000000e+00   25320
  3.168193e+00   2.557235e+01   1.149765e-02   0.000000e+00   24428
  3.188131e+00   2.562571e+01   7.909577e-03   0.000000e+00   25254
  3.208543e+00   2.594286e+01   0.000000e+00   0.000000e+00   26016
  3.228664e+00   2.585401e+01   1.740785e-03   0.000000e+00   25182
  3.248973e+00   2.667363e+01   3.403164e-03   0.000000e+00   27428
  3.269573e+00   2.639240e+01   5.382149e-03   0.000000e+00   25974
  3.289394e+00   2.639429e+01   8.698886e-03   0.000000e+00   26904
  3.309526e+00   2.645809e+01   2.559931e-03   0.000000e+00   26730
  3.329678e+00   2.641418e+01   0.000000e+00   0.000000e+00   27896
  3.350333e+00   2.720111e+01   1.021012e-02   0.000000e+00   28992
  3.371235e+00   2.766103e+01   2.811430e-03   0.000000e+00   28698
  3.391179e+00   2.739444e+01   0.000000e+00   0.000000e+00   27816
  3.411555e+00   2.734754e+01   0.000000e+00   0.000000e+00   29774
  3.431937e+00   2.785045e+01   6.641224e-03   0.000000e+00   29148
  3.451864e+00   2.754366e+01   0.000000e+00   0.000000e+00   28806
  3.471936e+00   2.786781e+01   1.114861e-02   0.000000e+00   30408
  3.492237e+00   2.825930e+01   0.000000e+00   0.000000e+00   30320
  3.512714e+00   2.832876e+01   0.000000e+00   0.000000e+00   30930
  3.533153e+00   2.877500e+01   0.000000e+00   0.000000e+00   31656
  3.553120e+00   2.882848e+01   0.000000e+00   0.000000e+00   30086
  3.573179e+00   2.921168e+01   1.304098e-02   0.000000e+00   32724
  3.593395e+00   2.868923e+01   7.717378e-03   0.000000e+00   30846
  3.613473e+00   2.948828e+01   2.913330e-03   0.000000e+00   33480
  3.633996e+00   2.947396e+01   1.060785e-02   0.000000e+00   32724
  3.654061e+00   2.974905e+01   6.881630e-03   0.000000e+00   32894
  3.674416e+00   2.977462e+01   0.000000e+00   0.000000e+00   34200
  3.694774e+00   2.974981e+01   8.231767e-03   0.000000e+00   33594
  3.714769e+00   3.010649e+01   0.000000e+00   0.000000e+00   34336
  3.735165e+00   3.022949e+01   2.754444e-03   0.000000e+00   34822
  3.755407e+00   3.052261e+01   0.000000e+00   0.000000e+00   35472
  3.775538e+00   3.002311e+01   0.000000e+00   0.000000e+00   34404
  3.795609e+00   3.064277e+01   0.000000e+00   0.000000e+00   36222
  3.815727e+00   3.069309e+01   5.383076e-03   0.000000e+00   35984
  3.836047e+00   3.078333e+01   8.936962e-03   0.000000e+00   36570
  3.856196e+00   3.090261e+01   0.000000e+00   0.000000e+00   37176
  3.876564e+00   3.091211e+01   0.000000e+00   0.000000e+00   37406
  3.896848e+00   3.168118e+01   0.000000e+00   0.000000e+00   38052
  3.916968e+00   3.079495e+01   0.000000e+00   0.000000e+00   37590
  3.937363e+00   3.171670e+01   1.022473e-02   0.000000e+00   39480
  3.957552e+00   3.164797e+01   0.000000e+00   0.000000e+00   38260
  3.977734e+00   3.131592e+01   1.021915e-02   0.000000e+00   39646
  3.998329e+00   3.180168e+01   5.363905e-03   0.000000e+00   40944
  4.018749e+00   3.218556e+01   0.000000e+00   0.000000e+00   39678
  4.038868e+00   3.193734e+01   0.000000e+00   0.000000e+00   40804
  4.059106e+00   3.228347e+01   0.000000e+00   0.000000e+00   40606
  4.079379e+00   3.250680e+01   1.357886e-02   0.000000e+00   42216
  4.099776e+00   3.253495e+01   0.000000e+00   0.000000e+00   41532
  4.119923e+00   3.249782e+01   0.000000e+00   0.000000e+00   41990
  4.139925e+00   3.290070e+01   1.429349e-02   0.000000e+00   42360
  4.160335e+00   3.325122e+01   5.091356e-03   0.000000e+00   43530
  4.180618e+00   3.326275e+01   8.081139e-03   0.000000e+00   43848
  4.200839e+00   3.326194e+01   0.000000e+00   0.000000e+00   42870
  4.221125e+00   3.311819e+01   1.393347e-02   0.000000e+00   46160
  4.241488e+00   3.346077e+01   6.338732e-03   0.000000e+00   43380
  4.261540e+00   3.336665e+01   0.000000e+00   0.000000e+00   45294
  4.281661e+00   3.369519e+01   1.283271e-02   0.000000e+00   45744
  4.302235e+00   3.399762e+01   0.000000e+00   0.000000e+00   46682
  4.322362e+00   3.388136e+01   7.061291e-03   0.000000e+00   45840
  4.342555e+00   3.398937e+01   0.000000e+00   0.000000e+00   47118
  4.362704e+00   3.387612e+01   1.872641e-02   0.000000e+00   47124
  4.382934e+00   3.362380e+01   4.632678e-03   0.000000e+00   47984
  4.403575e+00   3.411390e+01   8.420359e-03   0.000000e+00   49566
  4.423478e+00   3.418357e+01   5.091068e-03   0.000000e+00   46284
  4.443444e+00   3.427798e+01   1.340652e-02   0.000000e+00   49966
  4.463763e+00   3.486604e+01   1.020853e-02   0.000000e+00   49360
  4.483960e+00   3.490295e+01   2.304083e-03   0.000000e+00   49806
  4.504319e+00   3.485320e+01   1.111672e-02   0.000000e+00   51492
  4.524458e+00   3.464253e+01   1.486593e-02   0.000000e+00   49496
  4.544766e+00   3.486229e+01   1.491421e-02   0.000000e+00   53190
  4.565247e+00   3.510983e+01   0.000000e+00   0.000000e+00   51060
  4.585323e+00   3.516729e+01   0.000000e+00   0.000000e+00   52134
  4.605464e+00   3.517805e+01   9.574917e-03   0.000000e+00   53088
  4.625764e+00   3.526224e+01   7.038317e-03   0.000000e+00   52706
  4.646004e+00   3.556543e+01   1.000618e-02   0.000000e+00   54936
  4.666566e+00   3.553376e+01   0.000000e+00   0.000000e+00   53886
  4.686679e+00   3.549975e+01   0.000000e+00   0.000000e+00   54436
  4.706787e+00   3.535178e+01   0.000000e+00   0.000000e+00   55096
  4.727297e+00   3.536806e+01   0.000000e+00   0.000000e+00   56358
  4.747397e+00   3.532137e+01   0.000000e+00   0.000000e+00   55632
  4.767659e+00   3.570931e+01   1.952018e-02   0.000000e+00   56530
  4.787867e+00   3.546147e+01   0.000000e+00   0.000000e+00   57232
  4.808007e+00   3.561674e+01   0.000000e+00   0.000000e+00   56766
  4.828656e+00   3.581268e+01   0.000000e+00   0.000000e+00   60804
  4.848752e+00   3.587258e+01   0.000000e+00   0.000000e+00   55536
  4.868920e+00   3.614429e+01   2.464590e-02   0.000000e+00   61166
  4.889171e+00   3.610358e+01   0.000000e+00   0.000000e+00   57396
  4.909197e+00   3.613072e+01   1.130990e-02   0.000000e+00   60870
  4.929531e+00   3.599112e+01   0.000000e+00   0.000000e+00   60224
  4.949759e+00   3.594266e+01   1.697091e-02   0.000000e+00   61002
  4.970055e+00   3.569324e+01   1.561064e-02   0.000000e+00   62016
  4.990243e+00   3.622224e+01   0.000000e+00   0.000000e+00   60768
  5.010269e+00   3.606153e+01   2.289447e-02   0.000000e+00   62870
  5.030741e+00   3.622040e+01   8.461989e-03   0.000000e+00   63804
  5.051098e+00   3.650592e+01   1.097738e-02   0.000000e+00   63054
  5.070991e+00   3.611776e+01   8.419196e-03   0.000000e+00   63024
  5.091312e+00   3.601843e+01   0.000000e+00   0.000000e+00   65018
  5.111402e+00   3.660638e+01   1.492201e-02   0.000000e+00   64608
  5.131702e+00   3.641983e+01   0.000000e+00   0.000000e+00   65688
  5.151944e+00   3.653517e+01   2.220179e-02   0.000000e+00   65994
  5.172120e+00   3.636324e+01   0.000000e+00   0.000000e+00   66648
  5.192516e+00   3.628792e+01   1.527943e-02   0.000000e+00   67310
  5.212619e+00   3.673323e+01   0.000000e+00   0.000000e+00   67224
  5.232863e+00   3.664519e+01   6.309540e-03   0.000000e+00   68034
  5.253184e+00   3.675404e+01   0.000000e+00   0.000000e+00   69744
  5.273506e+00   3.671670e+01   1.099518e-02   0.000000e+00   68654
  5.294031e+00   3.677025e+01   1.515753e-02   0.000000e+00   72132
  5.314335e+00   3.676272e+01   9.528589e-03   0.000000e+00   68520
  5.334353e+00   3.695610e+01   1.459603e-02   0.000000e+00   71070
  5.354769e+00   3.711325e+01   0.000000e+00   0.000000e+00   71948
  5.374980e+00   3.649845e+01   2.228583e-02   0.000000e+00   71598
  5.395365e+00   3.684098e+01   0.000000e+00   0.000000e+00   73536
  5.415581e+00   3.664108e+01   2.670583e-02   0.000000e+00   71802
  5.435587e+00   3.713026e+01   0.000000e+00   0.000000e+00   73280
  5.455832e+00   3.714998e+01   0.000000e+00   0.000000e+00   73992
  5.476259e+00   3.686059e+01   1.286129e-02   0.000000e+00   75966
  5.496486e+00   3.712643e+01   0.000000e+00   0.000000e+00   74364
  5.516736e+00   3.688515e+01   1.561751e-02   0.000000e+00   76094
  5.536931e+00   3.717802e+01   0.000000e+00   0.000000e+00   76224
  5.557189e+00   3.682680e+01   8.860025e-03   0.000000e+00   76242
  5.577233e+00   3.687088e+01   0.000000e+00   0.000000e+00   76944
  5.597475e+00   3.717265e+01   0.000000e+00   0.000000e+00   78680
  5.618030e+00   3.693672e+01   1.714359e-02   0.000000e+00   79962
  5.638190e+00   3.715613e+01   9.010793e-03   0.000000e+00   77760
  5.658332e+00   3.733687e+01   2.059332e-02   0.000000e+00   79590
  5.678586e+00   3.711135e+01   0.000000e+00   0.000000e+00   80732
  5.698893e+00   3.697196e+01   2.603783e-02   0.000000e+00   81174
  5.719148e+00   3.703499e+01   9.536052e-03   0.000000e+00   80832
  5.738995e+00   3.697176e+01   2.650394e-02   0.000000e+00   79992
  5.759359e+00   3.683980e+01   0.000000e+00   0.000000e+00   84314
  5.779794e+00   3.712923e+01   0.000000e+00   0.000000e+00   83592
  5.800112e+00   3.707489e+01   1.953480e-02   0.000000e+00   83838
  5.820312e+00   3.714602e+01   0.000000e+00   0.000000e+00   83676
  5.840436e+00   3.695255e+01   1.258164e-02   0.000000e+00   84950
  5.860617e+00   3.687789e+01   0.000000e+00   0.000000e+00   84912
  5.880922e+00   3.713124e+01   2.327008e-02   0.000000e+00   87162
  5.901268e+00   3.699281e+01   0.000000e+00   0.000000e+00   86440
  5.921402e+00   3.677511e+01   0.000000e+00   0.000000e+00   86560
  5.941710e+00   3.743238e+01   3.082877e-03   0.000000e+00   88698
  5.961922e+00   3.731594e+01   2.947817e-02   0.000000e+00   88920
  5.982405e+00   3.724558e+01   0.000000e+00   0.000000e+00   88814
  6.002492e+00   3.706015e+01   6.583898e-03   0.000000e+00   90336
  6.022959e+00   3.680015e+01   0.000000e+00   0.000000e+00   90282
  6.043172e+00   3.746766e+01   0.000000e+00   0.000000e+00   90840
  6.063222e+00   3.684939e+01   2.116127e-02   0.000000e+00   91128
  6.083668e+00   3.702015e+01   0.000000e+00   0.000000e+00   92690
  6.103786e+00   3.678334e+01   0.000000e+00   0.000000e+00   92160
  6.124088e+00   3.689065e+01   0.000000e+00   0.000000e+00   93534
  6.144230e+00   3.680370e+01   0.000000e+00   0.000000e+00   93484
  6.164471e+00   3.727442e+01   5.076211e-03   0.000000e+00   95206
  6.184883e+00   3.691026e+01   9.058030e-03   0.000000e+00   96048
  6.204962e+00   3.700660e+01   8.942639e-03   0.000000e+00   93600
  6.225165e+00   3.695500e+01   0.000000e+00   0.000000e+00   97410
  6.245406e+00   3.690430e+01   2.621322e-02   0.000000e+00   97856
  6.265843e+00   3.698448e+01   0.000000e+00   0.000000e+00   97278
  6.286002e+00   3.687179e+01   1.679762e-02   0.000000e+00   98916
  6.306175e+00   3.680666e+01   0.000000e+00   0.000000e+00   96894
  6.326242e+00   3.678870e+01   0.000000e+00   0.000000e+00   100976
  6.346693e+00   3.677787e+01   0.000000e+00   0.000000e+00   100164
  6.366817e+00   3.687094e+01   0.000000e+00   0.000000e+00   100014
  6.386824e+00   3.669600e+01   1.970439e-02   0.000000e+00   101040
  6.407163e+00   3.691688e+01   0.000000e+00   0.000000e+00   102338
  6.427307e+00   3.702054e+01   1.157088e-02   0.000000e+00   102912
  6.447745e+00   3.662077e+01   0.000000e+00   0.000000e+00   104238
  6.467836e+00   3.677377e+01   1.842077e-02   0.000000e+00   103104
  6.488104e+00   3.668319e+01   1.756797e-02   0.000000e+00   105404
  6.508427e+00   3.664738e+01   0.000000e+00   0.000000e+00   105198
  6.528643e+00   3.653920e+01   0.000000e+00   0.000000e+00   106632
  6.548964e+00   3.620859e+01   2.548742e-02   0.000000e+00   106706
  6.569172e+00   3.671069e+01   0.000000e+00   0.000000e+00   106992
  6.589611e+00   3.666064e+01   0.000000e+00   0.000000e+00   110118
  6.609853e+00   3.646017e+01   3.101492e-02   0.000000e+00   108084
  6.629982e+00   3.646880e+01   1.173389e-02   0.000000e+00   108222
  6.650335e+00   3.644515e+01   0.000000e+00   0.000000e+00   112160
  6.670492e+00   3.632792e+01   1.843487e-02   0.000000e+00   108492
  6.690745e+00   3.670274e+01   2.208105e-02   0.000000e+00   113262
  6.711074e+00   3.635357e+01   0.000000e+00   0.000000e+00   111360
  6.731429e+00   3.617894e+01   0.000000e+00   0.000000e+00   114182
  6.751628e+00   3.625527e+01   3.216190e-02   0.000000e+00   112884
  6.771895e+00   3.602687e+01   7.425203e-03   0.000000e+00   113934
  6.792018e+00   3.627694e+01   0.000000e+00   0.000000e+00   114504
  6.812469e+00   3.624017e+01   0.000000e+00   0.000000e+00   117500
  6.832645e+00   3.612687e+01   2.308656e-02   0.000000e+00   114102
  6.852837e+00   3.583555e+01   9.632410e-03   0.000000e+00   118584
  6.873149e+00   3.581764e+01   0.000000e+00   0.000000e+00   115546
  6.893137e+00   3.584078e+01   2.075344e-02   0.000000e+00   118984
  6.913624e+00   3.589075e+01   5.974436e-03   0.000000e+00   119526
  6.933786e+00   3.597400e+01   1.538462e-03   0.000000e+00   119436
  6.953932e+00   3.591840e+01   0.000000e+00   0.000000e+00   118632
  6.974108e+00   3.599041e+01   2.365356e-02   0.000000e+00   122510
  6.994465e+00   3.609183e+01   0.000000e+00   0.000000e+00   121680
  7.014753e+00   3.610441e+01   0.000000e+00   0.000000e+00   121434
  7.034818e+00   3.572599e+01   0.000000e+00   0.000000e+00   123928
  7.055148e+00   3.584443e+01   0.000000e+00   0.000000e+00   123910
  7.075428e+00   3.563344e+01   0.000000e+00   0.000000e+00   124452
  7.095653e+00   3.555910e+01   0.000000e+00   0.000000e+00   125376
  7.115876e+00   3.579116e+01   1.993146e-02   0.000000e+00   126638
  7.136111e+00   3.558976e+01   7.520309e-03   0.000000e+00   125844
  7.156365e+00   3.550597e+01   0.000000e+00   0.000000e+00   128142
  7.176640e+00   3.538210e+01   3.725753e-03   0.000000e+00   128136
  7.196779e+00   3.529397e+01   9.196475e-03   0.000000e+00   127642
  7.217074e+00   3.550420e+01   0.000000e+00   0.000000e+00   131968
  7.237598e+00   3.550024e+01   0.000000e+00   0.000000e+00   130326
  7.257722e+00   3.542991e+01   2.102334e-02   0.000000e+00   131688
  7.277956e+00   3.499193e+01   1.009758e-02   0.000000e+00   130212
  7.298112e+00   3.523817e+01   0.000000e+00   0.000000e+00   132686
  7.318516e+00   3.501345e+01   0.000000e+00   0.000000e+00   135960
  7.338830e+00   3.492124e+01   1.593256e-02   0.000000e+00   131562
  7.358716e+00   3.523602e+01   1.331908e-02   0.000000e+00   134016
  7.379095e+00   3.485613e+01   0.000000e+00   0.000000e+00   136478
  7.399347e+00   3.475142e+01   2.802063e-02   0.000000e+00   136812
  7.419680e+00   3.497654e+01   1.796609e-02   0.000000e+00   137856
  7.439939e+00   3.493513e+01   0.000000e+00   0.000000e+00   135862
  7.460080e+00   3.490478e+01   0.000000e+00   0.000000e+00   140056
  7.480477e+00   3.471554e+01   2.365881e-02   0.000000e+00   139602
  7.500678e+00   3.467184e+01   0.000000e+00   0.000000e+00   139080
  7.520868e+00   3.452385e+01   0.000000e+00   0.000000e+00   140678
  7.541139e+00   3.474154e+01   1.281793e-02   0.000000e+00   142884
  7.561329e+00   3.424091e+01   1.061989e-02   0.000000e+00   139992
  7.581565e+00   3.439472e+01   0.000000e+00   0.000000e+00   144966
  7.601916e+00   3.450414e+01   0.000000e+00   0.000000e+00   143364
  7.622073e+00   3.420068e+01   1.856495e-02   0.000000e+00   144518
  7.642264e+00   3.418999e+01   1.951718e-02   0.000000e+00   145200
  7.662419e+00   3.410636e+01   0.000000e+00   0.000000e+00   143466
  7.682527e+00   3.426064e+01   0.000000e+00   0.000000e+00   148824
  7.702776e+00   3.404725e+01   1.564209e-02   0.000000e+00   145544
  7.722878e+00   3.386203e+01   0.000000e+00   0.000000e+00   148590
  7.743229e+00   3.387300e+01   0.000000e+00   0.000000e+00   150540
  7.763552e+00   3.403759e+01   2.711901e-02   0.000000e+00   150134
  7.783790e+00   3.380235e+01   0.000000e+00   0.000000e+00   151296
  7.804221e+00   3.395709e+01   0.000000e+00   0.000000e+00   152058
  7.824258e+00   3.352571e+01   1.593465e-02   0.000000e+00   150864
  7.844502e+00   3.371419e+01   1.542776e-02   0.000000e+00   154310
  7.864956e+00   3.366549e+01   0.000000e+00   0.000000e+00   155172
  7.885184e+00   3.343546e+01   0.000000e+00   0.000000e+00   154128
  7.905615e+00   3.346506e+01   1.253802e-02   0.000000e+00   158310
  7.925764e+00   3.318700e+01   1.924008e-02   0.000000e+00   153436
  7.945929e+00   3.328797e+01   0.000000e+00   0.000000e+00   157726
  7.966378e+00   3.312743e+01   0.000000e+00   0.000000e+00   160368
  7.986530e+00   3.304265e+01   9.671573e-03   0.000000e+00   155718
  8.006647e+00   3.312117e+01   0.000000e+00   0.000000e+00   160028
  8.026900e+00   3.302868e+01   0.000000e+00   0.000000e+00   160920
  8.047188e+00   3.317591e+01   1.335176e-02   0.000000e+00   161070
  8.067471e+00   3.295462e+01   2.977872e-02   0.000000e+00   163428
  8.087636e+00   3.289529e+01   0.000000e+00   0.000000e+00   159574
  8.107944e+00   3.267818e+01   0.000000e+00   0.000000e+00   167392
  8.128263e+00   3.270433e+01   2.433218e-02   0.000000e+00   162258
  8.148439e+00   3.245270e+01   1.328570e-02   0.000000e+00   167472
  8.168759e+00   3.263171e+01   0.000000e+00   0.000000e+00   163664
  8.188839e+00   3.265060e+01   0.000000e+00   0.000000e+00   166986
  8.209137e+00   3.233973e+01   1.714397e-02   0.000000e+00   169968
  8.229594e+00   3.263262e+01   0.000000e+00   0.000000e+00   167646
  8.249574e+00   3.244348e+01   0.000000e+00   0.000000e+00   168080
  8.269840e+00   3.211382e+01   1.547215e-02   0.000000e+00   170826
  8.290118e+00   3.219787e+01   0.000000e+00   0.000000e+00   170928
  8.310206e+00   3.189439e+01   1.717249e-02   0.000000e+00   170640
  8.330552e+00   3.194175e+01   0.000000e+00   0.000000e+00   173954
  8.350720e+00   3.195490e+01   2.629117e-02   0.000000e+00   173232
  8.371035e+00   3.181327e+01   0.000000e+00   0.000000e+00   174150
  8.391291e+00   3.183089e+01   4.253289e-03   0.000000e+00   176364
  8.411514e+00   3.193481e+01   1.701618e-02   0.000000e+00   175302
  8.431752e+00   3.167567e+01   7.401452e-03   0.000000e+00   177392
  8.451927e+00   3.156987e+01   1.788648e-02   0.000000e+00   176352
  8.472260e+00   3.151642e+01   0.000000e+00   0.000000e+00   180330
  8.492585e+00   3.137476e+01   8.853236e-03   0.000000e+00   180712
  8.512823e+00   3.151606e+01   1.499971e-02   0.000000e+00   179350
  8.533124e+00   3.144977e+01   1.269938e-02   0.000000e+00   183396
  8.553473e+00   3.129974e+01   0.000000e+00   0.000000e+00   180390
  8.573471e+00   3.117402e+01   0.000000e+00   0.000000e+00   181944
  8.593810e+00   3.118327e+01   0.000000e+00   0.000000e+00   185450
  8.614195e+00   3.116783e+01   8.021190e-03   0.000000e+00   186192
  8.634349e+00   3.100276e+01   1.983081e-02   0.000000e+00   183432
  8.654529e+00   3.097125e+01   0.000000e+00   0.000000e+00   185362
  8.674668e+00   3.091898e+01   5.520960e-03   0.000000e+00   188464
  8.695071e+00   3.077426e+01   0.000000e+00   0.000000e+00   188046
  8.715340e+00   3.085911e+01   1.331973e-02   0.000000e+00   191304
  8.735543e+00   3.072676e+01   2.429614e-02   0.000000e+00   186690
  8.755841e+00   3.065704e+01   0.000000e+00   0.000000e+00   194072
  8.776006e+00   3.067634e+01   2.068738e-02   0.000000e+00   188688
  8.796171e+00   3.049651e+01   0.000000e+00   0.000000e+00   192786
  8.816360e+00   3.043059e+01   7.760612e-03   0.000000e+00   193352
  8.836765e+00   3.021802e+01   0.000000e+00   0.000000e+00   195702
  8.856952e+00   3.015142e+01   2.768231e-02   0.000000e+00   195132
  8.877225e+00   3.005426e+01   0.000000e+00   0.000000e+00   195726
  8.897425e+00   3.005599e+01   0.000000e+00   0.000000e+00   197416
  8.917634e+00   3.004422e+01   8.653028e-03   0.000000e+00   196564
  8.937911e+00   3.013113e+01   1.946165e-02   0.000000e+00   201198
  8.958149e+00   2.988964e+01   0.000000e+00   0.000000e+00   197136
  8.978231e+00   2.987758e+01   0.000000e+00   0.000000e+00   199358
  8.998408e+00   2.978444e+01   2.678873e-02   0.000000e+00   203532
  9.018806e+00   2.974817e+01   0.000000e+00   0.000000e+00   201438
  9.039004e+00   2.962713e+01   0.000000e+00   0.000000e+00   203664
  9.059199e+00   2.960404e+01   2.656032e-02   0.000000e+00   203972
  9.079435e+00   2.956580e+01   2.112857e-02   0.000000e+00   205974
  9.099754e+00   2.942936e+01   0.000000e+00   0.000000e+00   205752
  9.120102e+00   2.948662e+01   0.000000e+00   0.000000e+00   207810
  9.140113e+00   2.926458e+01   3.549030e-02   0.000000e+00   206384
  9.160528e+00   2.910151e+01   0.000000e+00   0.000000e+00   210966
  9.180840e+00   2.911282e+01   0.000000e+00   0.000000e+00   210516
  9.201116e+00   2.901959e+01   0.000000e+00   0.000000e+00   209766
  9.221261e+00   2.892590e+01   3.957270e-02   0.000000e+00   212376
  9.241567e+00   2.897709e+01   0.000000e+00   0.000000e+00   212960
  9.261980e+00   2.898973e+01   0.000000e+00   0.000000e+00   214626
  9.282119e+00   2.866055e+01   2.871021e-02   0.000000e+00   213696
  9.302352e+00   2.873228e+01   2.867017e-02   0.000000e+00   215734
  9.322541e+00   2.861250e+01   0.000000e+00   0.000000e+00   213220
  9.342743e+00   2.846408e+01   0.000000e+00   0.000000e+00   219102
  9.363057e+00   2.846055e+01   3.347164e-02   0.000000e+00   220872
  9.383271e+00   2.841424e+01   4.862716e-02   0.000000e+00   216556
  9.403502e+00   2.835888e+01   3.747636e-02   0.000000e+00   221494
  9.423683e+00   2.830502e+01   4.160177e-02   0.000000e+00   219096
  9.443995e+00   2.819732e+01   2.978402e-02   0.000000e+00   224262
  9.464372e+00   2.813504e+01   0.000000e+00   0.000000e+00   222508
  9.484616e+00   2.796564e+01   0.000000e+00   0.000000e+00   222502
  9.504704e+00   2.794497e+01   3.895386e-02   0.000000e+00   227280
  9.525039e+00   2.773399e+01   1.877868e-02   0.000000e+00   223644
  9.545252e+00   2.795333e+01   0.000000e+00   0.000000e+00   226222
  9.565490e+00   2.778063e+01   0.000000e+00   0.000000e+00   229840
  9.585790e+00   2.781301e+01   2.572547e-02   0.000000e+00   228042
  9.605888e+00   2.764058e+01   0.000000e+00   0.000000e+00   227472
  9.626108e+00   2.771492e+01   0.000000e+00   0.000000e+00   230990
  9.646385e+00   2.755321e+01   8.644839e-03   0.000000e+00   233532
  9.666620e+00   2.742966e+01   2.930410e-02   0.000000e+00   231288
  9.686949e+00   2.740138e+01   0.000000e+00   0.000000e+00   233718
  9.707049e+00   2.740019e+01   0.000000e+00   0.000000e+00   232704
  9.727332e+00   2.738891e+01   3.036237e-02   0.000000e+00   239282
  9.747653e+00   2.725849e+01   3.668927e-02   0.000000e+00   234912
  9.767997e+00   2.721557e+01   0.000000e+00   0.000000e+00   238278
  9.788070e+00   2.703144e+01   3.604621e-02   0.000000e+00   237460
  9.808159e+00   2.694723e+01   2.629490e-02   0.000000e+00   236662
  9.828636e+00   2.710588e+01   0.000000e+00   0.000000e+00   246336
  9.849102e+00   2.690488e+01   0.000000e+00   0.000000e+00   241092
  9.869227e+00   2.678411e+01   3.385462e-02   0.000000e+00   242414
  9.889508e+00   2.682001e+01   1.286430e-02   0.000000e+00   243552
  9.909811e+00   2.671862e+01   0.000000e+00   0.000000e+00   243474
  9.929872e+00   2.674000e+01   2.353219e-02   0.000000e+00   245112
  9.950185e+00   2.658542e+01   2.567183e-02   0.000000e+00   246894
  9.970399e+00   2.660006e+01   1.867801e-02   0.000000e+00   247448
  9.990729e+00   2.638315e+01   0.000000e+00   0.000000e+00   247404
  1.001083e+01   2.644520e+01   3.887220e-02   0.000000e+00   249990
  1.003099e+01   2.632814e+01   3.642182e-02   0.000000e+00   249512
  1.005146e+01   2.627157e+01   0.000000e+00   0.000000e+00   253890
  1.007167e+01   2.617566e+01   0.000000e+00   0.000000e+00   250728
  1.009176e+01   2.617876e+01   4.670807e-02   0.000000e+00   253950
  1.011209e+01   2.613061e+01   0.000000e+00   0.000000e+00   254140
  1.013236e+01   2.595747e+01   0.000000e+00   0.000000e+00   255880
  1.015265e+01   2.597391e+01   2.965132e-02   0.000000e+00   258942
  1.017273e+01   2.592988e+01   4.466073e-02   0.000000e+00   253836
  1.019308e+01   2.568683e+01   0.000000e+00   0.000000e+00   260534
  1.021339e+01   2.575248e+01   0.000000e+00   0.000000e+00   259992
  1.023345e+01   2.582523e+01   4.608746e-02   0.000000e+00   258894
  1.025374e+01   2.565095e+01   3.619832e-02   0.000000e+00   263364
  1.027404e+01   2.557594e+01   0.000000e+00   0.000000e+00   259536
  1.029404e+01   2.556051e+01   1.969128e-02   0.000000e+00   263438
  1.031427e+01   2.555638e+01   4.128433e-02   0.000000e+00   265740
  1.033461e+01   2.543443e+01   0.000000e+00   0.000000e+00   264894
  1.035491e+01   2.541646e+01   0.000000e+00   0.000000e+00   269184
  1.037510e+01   2.524144e+01   3.988234e-02   0.000000e+00   266138
  1.039529e+01   2.528318e+01   2.812773e-02   0.000000e+00   270528
  1.041568e+01   2.514585e+01   0.000000e+00   0.000000e+00   268182
  1.043580e+01   2.500695e+01   0.000000e+00   0.000000e+00   270960
  1.045597e+01   2.492750e+01   4.759473e-02   0.000000e+00   274580
  1.047660e+01   2.513441e+01   0.000000e+00   0.000000e+00   276078
  1.049687e+01   2.497651e+01   0.000000e+00   0.000000e+00   273600
  1.051701e+01   2.496981e+01   3.940136e-02   0.000000e+00   274698
  1.053721e+01   2.485329e+01   4.232554e-02   0.000000e+00   276920
  1.055759e+01   2.473884e+01   0.000000e+00   0.000000e+00   276774
  1.057783e+01   2.476075e+01   0.000000e+00   0.000000e+00   279972
  1.059787e+01   2.476773e+01   3.431067e-02   0.000000e+00   276144
  1.061817e+01   2.474894e+01   1.582891e-02   0.000000e+00   282590
  1.063851e+01   2.465089e+01   0.000000e+00   0.000000e+00   282300
  1.065876e+01   2.450126e+01   0.000000e+00   0.000000e+00   283926
  1.067881e+01   2.443759e+01   4.611756e-02   0.000000e+00   279792
  1.069920e+01   2.445537e+01   0.000000e+00   0.000000e+00   287870
  1.071957e+01   2.440978e+01   0.000000e+00   0.000000e+00   286428
  1.073959e+01   2.448152e+01   4.475960e-02   0.000000e+00   284808
  1.075986e+01   2.441376e+01   1.332973e-02   0.000000e+00   289158
  1.078023e+01   2.423306e+01   0.000000e+00   0.000000e+00   290204
  1.080046e+01   2.423289e+01   0.000000e+00   0.000000e+00   290382
  1.082061e+01   2.419666e+01   3.026426e-02   0.000000e+00   291912
  1.084097e+01   2.415208e+01   0.000000e+00   0.000000e+00   290754
  1.086111e+01   2.412229e+01   1.652038e-02   0.000000e+00   296096
  1.088147e+01   2.410411e+01   2.620202e-02   0.000000e+00   294552
  1.090159e+01   2.406423e+01   4.562846e-02   0.000000e+00   293466
  1.092180e+01   2.397386e+01   0.000000e+00   0.000000e+00   296904
  1.094212e+01   2.389192e+01   0.000000e+00   0.000000e+00   298358
  1.096213e+01   2.384378e+01   4.468888e-02   0.000000e+00   297840
  1.098250e+01   2.389445e+01   1.813862e-02   0.000000e+00   301338
  1.100284e+01   2.387659e+01   0.000000e+00   0.000000e+00   300336
  1.102287e+01   2.372246e+01   4.773534e-02   0.000000e+00   303584
  1.104323e+01   2.388322e+01   3.947297e-02   0.000000e+00   304098
  1.106362e+01   2.366587e+01   0.000000e+00   0.000000e+00   304488
  1.108375e+01   2.363961e+01   4.408475e-02   0.000000e+00   306678
  1.110405e+01   2.358521e+01   0.000000e+00   0.000000e+00   305732
  1.112430e+01   2.352534e+01   1.458453e-02   0.000000e+00   309894
  1.114461e+01   2.360274e+01   2.338386e-02   0.000000e+00   310200
  1.116485e+01   2.344307e+01   0.000000e+00   0.000000e+00   307074
  1.118499e+01   2.342569e+01   4.560845e-02   0.000000e+00   315656
  1.120542e+01   2.334914e+01   0.000000e+00   0.000000e+00   310704
  1.122575e+01   2.346477e+01   0.000000e+00   0.000000e+00   314310
  1.124565e+01   2.323988e+01   5.339065e-02   0.000000e+00   312412
  1.126607e+01   2.337290e+01   0.000000e+00   0.000000e+00   318310
  1.128641e+01   2.329143e+01   0.000000e+00   0.000000e+00   315648
  1.130649e+01   2.328703e+01   4.221861e-02   0.000000e+00   320610
  1.132671e+01   2.327036e+01   0.000000e+00   0.000000e+00   313944
  1.134697e+01   2.324183e+01   0.000000e+00   0.000000e+00   325880
  1.136725e+01   2.318393e+01   4.242439e-02   0.000000e+00   319146
  1.138752e+01   2.316093e+01   0.000000e+00   0.000000e+00   322896
  1.140760e+01   2.315966e+01   4.742523e-02   0.000000e+00   322206
  1.142792e+01   2.314039e+01   0.000000e+00   0.000000e+00   327416
  1.144835e+01   2.314886e+01   0.000000e+00   0.000000e+00   325602
  1.146834e+01   2.312706e+01   5.776278e-02   0.000000e+00   328248
  1.148865e+01   2.315084e+01   0.000000e+00   0.000000e+00   326088
  1.150908e+01   2.304667e+01   0.000000e+00   0.000000e+00   331658
  1.152907e+01   2.297719e+01   5.166373e-02   0.000000e+00   331584
  1.154943e+01   2.308500e+01   2.479045e-02   0.000000e+00   330630
  1.156976e+01   2.311007e+01   0.000000e+00   0.000000e+00   333204
  1.158972e+01   2.304063e+01   5.875448e-02   0.000000e+00   333470
  1.161019e+01   2.293786e+01   0.000000e+00   0.000000e+00   335688
  1.163031e+01   2.302027e+01   1.969541e-02   0.000000e+00   336828
  1.165052e+01   2.305577e+01   2.622961e-02   0.000000e+00   337662
  1.167092e+01   2.299632e+01   0.000000e+00   0.000000e+00   338960
  1.169084e+01   2.298512e+01   5.384648e-02   0.000000e+00   338262
  1.171119e+01   2.295624e+01   4.475973e-02   0.000000e+00   344388
  1.173172e+01   2.289987e+01   0.000000e+00   0.000000e+00   342486
  1.175158e+01   2.296419e+01   6.838054e-02   0.000000e+00   343592
  1.177209e+01   2.287269e+01   6.351978e-03   0.000000e+00   347130
  1.179251e+01   2.293216e+01   0.000000e+00   0.000000e+00   346152
  1.181244e+01   2.276489e+01   6.442607e-02   0.000000e+00   345856
  1.183291e+01   2.295107e+01   0.000000e+00   0.000000e+00   349354
  1.185320e+01   2.294373e+01   0.000000e+00   0.000000e+00   352032
  1.187332e+01   2.287994e+01   5.435084e-02   0.000000e+00   348582
  1.189375e+01   2.294825e+01   0.000000e+00   0.000000e+00   352244
  1.191364e+01   2.283632e+01   6.620184e-02   0.000000e+00   351582
  1.193405e+01   2.297966e+01   1.382762e-02   0.000000e+00   357144
  1.195452e+01   2.289438e+01   0.000000e+00   0.000000e+00   355560
  1.197446e+01   2.290443e+01   6.234974e-02   0.000000e+00   354551
  1.199485e+01   2.281558e+01   9.986288e-03   0.000000e+00   358044
  1.201531e+01   2.281849e+01   0.000000e+00   0.000000e+00   355272
  1.203516e+01   2.280641e+01   6.812590e-02   0.000000e+00   352044
  1.205550e+01   2.257453e+01   0.000000e+00   0.000000e+00   352344
  1.207583e+01   2.252112e+01   0.000000e+00   0.000000e+00   356516
  1.209593e+01   2.232277e+01   4.739829e-02   0.000000e+00   352848
  1.211652e+01   2.236489e+01   0.000000e+00   0.000000e+00   352980
  1.213649e+01   2.226117e+01   4.035951e-02   0.000000e+00   348948
  1.215669e+01   2.229398e+01   3.526886e-02   0.000000e+00   351692
  1.217729e+01   2.218580e+01   0.000000e+00   0.000000e+00   353064
  1.219717e+01   2.209410e+01   6.055731e-02   0.000000e+00   345624
  1.221740e+01   2.196067e+01   0.000000e+00   0.000000e+00   347844
  1.223787e+01   2.195454e+01   0.000000e+00   0.000000e+00   351020
  1.225784e+01   2.187053e+01   5.654402e-02   0.000000e+00   345852
  1.227818e+01   2.176237e+01   8.517963e-03   0.000000e+00   347040
  1.229855e+01   2.172791e+01   0.000000e+00   0.000000e+00   345928
  1.231852e+01   2.161785e+01   5.731621e-02   0.000000e+00   347020
  1.233898e+01   2.154395e+01   0.000000e+00   0.000000e+00   343032
  1.235915e+01   2.154083e+01   0.000000e+00   0.000000e+00   343620
  1.237922e+01   2.134132e+01   5.879929e-02   0.000000e+00   343988
  1.239984e+01   2.134372e+01   0.000000e+00   0.000000e+00   344556
  1.241988e+01   2.123079e+01   4.323447e-02   0.000000e+00   343632
  1.244027e+01   2.126749e+01   0.000000e+00   0.000000e+00   340392
  1.246062e+01   2.118524e+01   0.000000e+00   0.000000e+00   339408
  1.248051e+01   2.109722e+01   7.282387e-02   0.000000e+00   341864
  1.250106e+01   2.097414e+01   0.000000e+00   0.000000e+00   341964
  1.252140e+01   2.090310e+01   0.000000e+00   0.000000e+00   334380
  1.254111e+01   2.084435e+01   6.817137e-02   0.000000e+00   336504
  1.256165e+01   2.080431e+01   1.427614e-02   0.000000e+00   339560
  1.258197e+01   2.082468e+01   0.000000e+00   0.000000e+00   336384
  1.260204e+01   2.057182e+01   7.186027e-02   0.000000e+00   337404
  1.262252e+01   2.051516e+01   0.000000e+00   0.000000e+00   330156
  1.264247e+01   2.052943e+01   5.640079e-02   0.000000e+00   337808
  1.266291e+01   2.042875e+01   0.000000e+00   0.000000e+00   332748
  1.268331e+01   2.044868e+01   0.000000e+00   0.000000e+00   333612
  1.270325e+01   2.030850e+01   5.672283e-02   0.000000e+00   331860
  1.272358e+01   2.026143e+01   2.648962e-02   0.000000e+00   328376
  1.274388e+01   2.017351e+01   0.000000e+00   0.000000e+00   331140
  1.276394e+01   2.019504e+01   6.890719e-02   0.000000e+00   332988
  1.278429e+01   2.016736e+01   2.711433e-02   0.000000e+00   325224
  1.280470e+01   1.996872e+01   0.000000e+00   0.000000e+00   331544
  1.282473e+01   1.995623e+01   6.449738e-02   0.000000e+00   327264
  1.284507e+01   1.989738e+01   0.000000e+00   0.000000e+00   322308
  1.286522e+01   1.987275e+01   2.273213e-02   0.000000e+00   328136
  1.288528e+01   1.977483e+01   4.847112e-02   0.000000e+00   323172
  1.290581e+01   1.975963e+01   0.000000e+00   0.000000e+00   325248
  1.292583e+01   1.967197e+01   6.127306e-02   0.000000e+00   324096
  1.294612e+01   1.960707e+01   0.000000e+00   0.000000e+00   321540
  1.296661e+01   1.942481e+01   0.000000e+00   0.000000e+00   323744
  1.298643e+01   1.945545e+01   6.803549e-02   0.000000e+00   317400
  1.300678e+01   1.936320e+01   1.976118e-02   0.000000e+00   322560
  1.302731e+01   1.932614e+01   0.000000e+00   0.000000e+00   320076
  1.304720e+01   1.921660e+01   7.039426e-02   0.000000e+00   317204
  1.306785e+01   1.922680e+01   0.000000e+00   0.000000e+00   323064
  1.308817e+01   1.906237e+01   0.000000e+00   0.000000e+00   315204
  1.310801e+01   1.909063e+01   7.646307e-02   0.000000e+00   315416
  1.312872e+01   1.903444e+01   0.000000e+00   0.000000e+00   316884
  1.314868e+01   1.893927e+01   4.570531e-02   0.000000e+00   312876
  1.316891e+01   1.887663e+01   5.329354e-02   0.000000e+00   315540
  1.318952e+01   1.885659e+01   0.000000e+00   0.000000e+00   312576
  1.320932e+01   1.877878e+01   7.549627e-02   0.000000e+00   312140
  1.322977e+01   1.872542e+01   2.008826e-02   0.000000e+00   310356
  1.325022e+01   1.864810e+01   0.000000e+00   0.000000e+00   311232
  1.327001e+01   1.863671e+01   6.836691e-02   0.000000e+00   307584
  1.329050e+01   1.847473e+01   3.144616e-02   0.000000e+00   310616
  1.331081e+01   1.852682e+01   0.000000e+00   0.000000e+00   304200
  1.333062e+01   1.838064e+01   7.582322e-02   0.000000e+00   306792
  1.335127e+01   1.839826e+01   0.000000e+00   0.000000e+00   306168
  1.337128e+01   1.832915e+01   0.000000e+00   0.000000e+00   304448
  1.339159e+01   1.824093e+01   6.588241e-02   0.000000e+00   308580
  1.341216e+01   1.824791e+01   0.000000e+00   0.000000e+00   299568
  1.343196e+01   1.820016e+01   6.501602e-02   0.000000e+00   304416
  1.345248e+01   1.815164e+01   3.632977e-02   0.000000e+00   302216
  1.347289e+01   1.803062e+01   0.000000e+00   0.000000e+00   300084
  1.349278e+01   1.802778e+01   8.258468e-02   0.000000e+00   299340
  1.351313e+01   1.786681e+01   0.000000e+00   0.000000e+00   296688
  1.353351e+01   1.794053e+01   0.000000e+00   0.000000e+00   298820
  1.355339e+01   1.783182e+01   7.887764e-02   0.000000e+00   296916
  1.357395e+01   1.790136e+01   0.000000e+00   0.000000e+00   295920
  1.359407e+01   1.774432e+01   4.792424e-03   0.000000e+00   292692
  1.361403e+01   1.773257e+01   7.248610e-02   0.000000e+00   295892
  1.363479e+01   1.759226e+01   0.000000e+00   0.000000e+00   293064
  1.365474e+01   1.756785e+01   3.971738e-02   0.000000e+00   293220
  1.367490e+01   1.760463e+01   3.656968e-02   0.000000e+00   286804
  1.369536e+01   1.742638e+01   0.000000e+00   0.000000e+00   293080
  1.371539e+01   1.739028e+01   7.205968e-02   0.000000e+00   291816
  1.373592e+01   1.735221e+01   0.000000e+00   0.000000e+00   287784
  1.375625e+01   1.733807e+01   0.000000e+00   0.000000e+00   286760
  1.377611e+01   1.733071e+01   7.578739e-02   0.000000e+00   287088
  1.379659e+01   1.731264e+01   0.000000e+00   0.000000e+00   286176
  1.381700e+01   1.717428e+01   0.000000e+00   0.000000e+00   284184
  1.383681e+01   1.704969e+01   6.785496e-02   0.000000e+00   282220
  1.385749e+01   1.711974e+01   0.000000e+00   0.000000e+00   284452
  1.387753e+01   1.706784e+01   0.000000e+00   0.000000e+00   279516
  1.389763e+01   1.695122e+01   7.334801e-02   0.000000e+00   282696
  1.391834e+01   1.687307e+01   0.000000e+00   0.000000e+00   278676
  1.393814e+01   1.685022e+01   7.556471e-02   0.000000e+00   279512
  1.395854e+01   1.685843e+01   9.906781e-03   0.000000e+00   276672
  1.397899e+01   1.683158e+01   0.000000e+00   0.000000e+00   276036
  1.399870e+01   1.667024e+01   7.389454e-02   0.000000e+00   274416
  1.401918e+01   1.668955e+01   3.329527e-02   0.000000e+00   275384
  1.403966e+01   1.662072e+01   0.000000e+00   0.000000e+00   274560
  1.405954e+01   1.663675e+01   8.059988e-02   0.000000e+00   272220
  1.408013e+01   1.651962e+01   0.000000e+00   0.000000e+00   270492
  1.410028e+01   1.649763e+01   0.000000e+00   0.000000e+00   271532
  1.412046e+01   1.644519e+01   4.857675e-02   0.000000e+00   272052
  1.414094e+01   1.645858e+01   0.000000e+00   0.000000e+00   264372
  1.416075e+01   1.630941e+01   4.458169e-02   0.000000e+00   268652
  1.418118e+01   1.638080e+01   5.116354e-02   0.000000e+00   266760
  1.420152e+01   1.625843e+01   0.000000e+00   0.000000e+00   262536
  1.422144e+01   1.629523e+01   8.027720e-02   0.000000e+00   266460
  1.424186e+01   1.621337e+01   0.000000e+00   0.000000e+00   261560
  1.426218e+01   1.613352e+01   0.000000e+00   0.000000e+00   262236
  1.428218e+01   1.602356e+01   7.176934e-02   0.000000e+00   261708
  1.430257e+01   1.615810e+01   0.000000e+00   0.000000e+00   258960
  1.432291e+01   1.603148e+01   0.000000e+00   0.000000e+00   258376
  1.434280e+01   1.602146e+01   6.804962e-02   0.000000e+00   258304
  1.436354e+01   1.597047e+01   0.000000e+00   0.000000e+00   259368
  1.438358e+01   1.585799e+01   3.333649e-02   0.000000e+00   253332
  1.440365e+01   1.585328e+01   7.171310e-02   0.000000e+00   254448
  1.442431e+01   1.582516e+01   0.000000e+00   0.000000e+00   255248
  1.444425e+01   1.583548e+01   7.379221e-02   0.000000e+00   252180
  1.446468e+01   1.572584e+01   2.927064e-02   0.000000e+00   252744
  1.448509e+01   1.566992e+01   0.000000e+00   0.000000e+00   247348
  1.450487e+01   1.564217e+01   8.908994e-02   0.000000e+00   250432
  1.452537e+01   1.566208e+01   0.000000e+00   0.000000e+00   247860
  1.454584e+01   1.563822e+01   0.000000e+00   0.000000e+00   247716
  1.456564e+01   1.553814e+01   7.479068e-02   0.000000e+00   242472
  1.458627e+01   1.550123e+01   0.000000e+00   0.000000e+00   248672
  1.460638e+01   1.546347e+01   3.293209e-02   0.000000e+00   239352
  1.462638e+01   1.541714e+01   6.036073e-02   0.000000e+00   245088
  1.464704e+01   1.541009e+01   0.000000e+00   0.000000e+00   239232
  1.466684e+01   1.540581e+01   7.946455e-02   0.000000e+00   240320
  1.468736e+01   1.531186e+01   0.000000e+00   0.000000e+00   239340
  1.470784e+01   1.526091e+01   0.000000e+00   0.000000e+00   237636
  1.472755e+01   1.534597e+01   7.664701e-02   0.000000e+00   235980
  1.474804e+01   1.523324e+01   0.000000e+00   0.000000e+00   235304
  1.476846e+01   1.515062e+01   0.000000e+00   0.000000e+00   234576
  1.478832e+01   1.512816e+01   7.076529e-02   0.000000e+00   232788
  1.480879e+01   1.518003e+01   0.000000e+00   0.000000e+00   230400
  1.482901e+01   1.513224e+01   0.000000e+00   0.000000e+00   231836
  1.484909e+01   1.496833e+01   7.555195e-02   0.000000e+00   231288
  1.486979e+01   1.506083e+01   0.000000e+00   0.000000e+00   226536
  1.488961e+01   1.495432e+01   5.931137e-02   0.000000e+00   226084
  1.490981e+01   1.487648e+01   5.074550e-02   0.000000e+00   227116
  1.493044e+01   1.488860e+01   0.000000e+00   0.000000e+00   223800
  1.495026e+01   1.484488e+01   8.117334e-02   0.000000e+00   223884
  1.497067e+01   1.484087e+01   0.000000e+00   0.000000e+00   222360
  1.499112e+01   1.481691e+01   0.000000e+00   0.000000e+00   221156
  1.501107e+01   1.473627e+01   9.027902e-02   0.000000e+00   221724
  1.503161e+01   1.473696e+01   0.000000e+00   0.000000e+00   217584
  1.505188e+01   1.467128e+01   0.000000e+00   0.000000e+00   217576
  1.507175e+01   1.471817e+01   9.363855e-02   0.000000e+00   215464
  1.509237e+01   1.468898e+01   0.000000e+00   0.000000e+00   215472
  1.511247e+01   1.458019e+01   2.452554e-02   0.000000e+00   213768
  1.513249e+01   1.471824e+01   8.041589e-02   0.000000e+00   210956
  1.515303e+01   1.464866e+01   0.000000e+00   0.000000e+00   211788
  1.517309e+01   1.456979e+01   4.483727e-02   0.000000e+00   211092
  1.519347e+01   1.450548e+01   3.177500e-02   0.000000e+00   209556
  1.521398e+01   1.457853e+01   0.000000e+00   0.000000e+00   206700
  1.523373e+01   1.444679e+01   7.610860e-02   0.000000e+00   206048
  1.525416e+01   1.443575e+01   0.000000e+00   0.000000e+00   204744
  1.527456e+01   1.434597e+01   0.000000e+00   0.000000e+00   202992
  1.529429e+01   1.440138e+01   8.532284e-02   0.000000e+00   201944
  1.531503e+01   1.447173e+01   0.000000e+00   0.000000e+00   203304
  1.533535e+01   1.435988e+01   0.000000e+00   0.000000e+00   200484
  1.535513e+01   1.434846e+01   9.098662e-02   0.000000e+00   195516
  1.537587e+01   1.428915e+01   0.000000e+00   0.000000e+00   198860
  1.539575e+01   1.435926e+01   4.124794e-02   0.000000e+00   195264
  1.541601e+01   1.425836e+01   5.963051e-02   0.000000e+00   195984
  1.543661e+01   1.429274e+01   0.000000e+00   0.000000e+00   191808
  1.545623e+01   1.422040e+01   6.955743e-02   0.000000e+00   190776
  1.547663e+01   1.425962e+01   1.500596e-02   0.000000e+00   192032
  1.549718e+01   1.417623e+01   0.000000e+00   0.000000e+00   188628
  1.551693e+01   1.405657e+01   9.589428e-02   0.000000e+00   189444
  1.553757e+01   1.419874e+01   0.000000e+00   0.000000e+00   186260
  1.555771e+01   1.418720e+01   0.000000e+00   0.000000e+00   184560
  1.557768e+01   1.411309e+01   8.827595e-02   0.000000e+00   185832
  1.559850e+01   1.413114e+01   0.000000e+00   0.000000e+00   182400
  1.561839e+01   1.416966e+01   4.202299e-02   0.000000e+00   181380
  1.563850e+01   1.410929e+01   7.350411e-02   0.000000e+00   180332
  1.565917e+01   1.413050e+01   0.000000e+00   0.000000e+00   178236
  1.567911e+01   1.398586e+01   5.189175e-02   0.000000e+00   179184
  1.569940e+01   1.405267e+01   6.745654e-02   0.000000e+00   175028
  1.571990e+01   1.400172e+01   0.000000e+00   0.000000e+00   175440
  1.573991e+01   1.397796e+01   7.227714e-02   0.000000e+00   174828
  1.576032e+01   1.393619e+01   0.000000e+00   0.000000e+00   169896
  1.578053e+01   1.402982e+01   0.000000e+00   0.000000e+00   171708
  1.580052e+01   1.388836e+01   9.308928e-02   0.000000e+00   169328
  1.582104e+01   1.397406e+01   0.000000e+00   0.000000e+00   167364
  1.584127e+01   1.393909e+01   3.433364e-02   0.000000e+00   168192
  1.586126e+01   1.392024e+01   8.305136e-02   0.000000e+00   163188
  1.588198e+01   1.386415e+01   0.000000e+00   0.000000e+00   166184
  1.590206e+01   1.381980e+01   4.308294e-02   0.000000e+00   161460
  1.592208e+01   1.400170e+01   7.666379e-02   0.000000e+00   159972
  1.594260e+01   1.392678e+01   0.000000e+00   0.000000e+00   159488
  1.596249e+01   1.384321e+01   7.199067e-02   0.000000e+00   158148
  1.598299e+01   1.380856e+01   0.000000e+00   0.000000e+00   158100
  1.600348e+01   1.388754e+01   0.000000e+00   0.000000e+00   155232
  1.602309e+01   1.376852e+01   8.195347e-02   0.000000e+00   151216
  1.604371e+01   1.369799e+01   0.000000e+00   0.000000e+00   155560
  1.606419e+01   1.371587e+01   0.000000e+00   0.000000e+00   151404
  1.608393e+01   1.379571e+01   9.850863e-02   0.000000e+00   148356
  1.610460e+01   1.378314e+01   0.000000e+00   0.000000e+00   147164
  1.612455e+01   1.371588e+01   2.573760e-02   0.000000e+00   147384
  1.614470e+01   1.368597e+01   6.753754e-02   0.000000e+00   145992
  1.616548e+01   1.373673e+01   0.000000e+00   0.000000e+00   143856
  1.618505e+01   1.378854e+01   6.508934e-02   0.000000e+00   140384
  1.620553e+01   1.377127e+01   3.400701e-02   0.000000e+00   143856
  1.622610e+01   1.359074e+01   0.000000e+00   0.000000e+00   136968
  1.624574e+01   1.370332e+01   9.005174e-02   0.000000e+00   139536
  1.626647e+01   1.377970e+01   0.000000e+00   0.000000e+00   136916
  1.628660e+01   1.363709e+01   0.000000e+00   0.000000e+00   133032
  1.630647e+01   1.380201e+01   9.096284e-02   0.000000e+00   135540
  1.632735e+01   1.358679e+01   0.000000e+00   0.000000e+00   132096
  1.634724e+01   1.358191e+01   0.000000e+00   0.000000e+00   129540
  1.636731e+01   1.367980e+01   8.897048e-02   0.000000e+00   130640
  1.638800e+01   1.354449e+01   0.000000e+00   0.000000e+00   126276
  1.640794e+01   1.363996e+01   5.318682e-02   0.000000e+00   128484
  1.642849e+01   1.361045e+01   1.579872e-02   0.000000e+00   124168
  1.644876e+01   1.352638e+01   0.000000e+00   0.000000e+00   122224
  1.646872e+01   1.351692e+01   7.943342e-02   0.000000e+00   123156
  1.648926e+01   1.351575e+01   0.000000e+00   0.000000e+00   119688
  1.650932e+01   1.355239e+01   0.000000e+00   0.000000e+00   116640
  1.652930e+01   1.355470e+01   9.361190e-02   0.000000e+00   119696
  1.654992e+01   1.337079e+01   0.000000e+00   0.000000e+00   114276
  1.657008e+01   1.353543e+01   0.000000e+00   0.000000e+00   114060
  1.659006e+01   1.345398e+01   8.833033e-02   0.000000e+00   112536
  1.661073e+01   1.328045e+01   0.000000e+00   0.000000e+00   112196
  1.663092e+01   1.337542e+01   3.906152e-02   0.000000e+00   109404
  1.665092e+01   1.321797e+01   4.955488e-02   0.000000e+00   105900
  1.667126e+01   1.331407e+01   0.000000e+00   0.000000e+00   107176
  1.669132e+01   1.326015e+01   6.571797e-02   0.000000e+00   105088
  1.671173e+01   1.308352e+01   2.507600e-02   0.000000e+00   103800
  1.673221e+01   1.327211e+01   0.000000e+00   0.000000e+00   101340
  1.675206e+01   1.317188e+01   7.258432e-02   0.000000e+00   100036
  1.677238e+01   1.305647e+01   0.000000e+00   0.000000e+00   97672
  1.679278e+01   1.302022e+01   0.000000e+00   0.000000e+00   97908
  1.681276e+01   1.285955e+01   7.814759e-02   0.000000e+00   95328
  1.683323e+01   1.305717e+01   0.000000e+00   0.000000e+00   93600
  1.685339e+01   1.282132e+01   0.000000e+00   0.000000e+00   92312
  1.687354e+01   1.281328e+01   6.442856e-02   0.000000e+00   91044
  1.689405e+01   1.282330e+01   0.000000e+00   0.000000e+00   88500
  1.691379e+01   1.277368e+01   5.028319e-02   0.000000e+00   86216
  1.693415e+01   1.247887e+01   0.000000e+00   0.000000e+00   87159
  1.695491e+01   1.256639e+01   0.000000e+00   0.000000e+00   86064
  1.697482e+01   1.237610e+01   7.709181e-02   0.000000e+00   81648
  1.699503e+01   1.252851e+01   0.000000e+00   0.000000e+00   81654
  1.701553e+01   1.234053e+01   0.000000e+00   0.000000e+00   81284
  1.703562e+01   1.240426e+01   5.613703e-02   0.000000e+00   78888
  1.705585e+01   1.216787e+01   1.945391e-02   0.000000e+00   77250
  1.707596e+01   1.233365e+01   0.000000e+00   0.000000e+00   75942
  1.709606e+01   1.214531e+01   6.066201e-02   0.000000e+00   77042
  1.711673e+01   1.207253e+01   0.000000e+00   0.000000e+00   74094
  1.713691e+01   1.208683e+01   3.152917e-02   0.000000e+00   73818
  1.715710e+01   1.215653e+01   0.000000e+00   0.000000e+00   70998
  1.717739e+01   1.197506e+01   0.000000e+00   0.000000e+00   72044
  1.719760e+01   1.190280e+01   6.244521e-02   0.000000e+00   69426
  1.721797e+01   1.195792e+01   0.000000e+00   0.000000e+00   69288
  1.723818e+01   1.189924e+01   0.000000e+00   0.000000e+00   67068
  1.725814e+01   1.189992e+01   6.590556e-02   0.000000e+00   66926
  1.727858e+01   1.192141e+01   5.495301e-02   0.000000e+00   66348
  1.729911e+01   1.178512e+01   0.000000e+00   0.000000e+00   64728
  1.731906e+01   1.166236e+01   0.000000e+00   0.000000e+00   62820
  1.733927e+01   1.163630e+01   0.000000e+00   0.000000e+00   63716
  1.735974e+01   1.171647e+01   1.005215e-02   0.000000e+00   62160
  1.737993e+01   1.174301e+01   0.000000e+00   0.000000e+00   59940
  1.739996e+01   1.150877e+01   1.703514e-02   0.000000e+00   60112
  1.742018e+01   1.167750e+01   6.149356e-02   0.000000e+00   59668
  1.744070e+01   1.158541e+01   0.000000e+00   0.000000e+00   57618
  1.746070e+01   1.147728e+01   2.023904e-02   0.000000e+00   56868
  1.748074e+01   1.170289e+01   5.892287e-02   0.000000e+00   56684
  1.750108e+01   1.151456e+01   2.651997e-02   0.000000e+00   55536
  1.752146e+01   1.143781e+01   0.000000e+00   0.000000e+00   54342
  1.754173e+01   1.159139e+01   2.444084e-02   0.000000e+00   54768
  1.756179e+01   1.144227e+01   5.872712e-02   0.000000e+00   52094
  1.758204e+01   1.137105e+01   0.000000e+00   0.000000e+00   52224
  1.760258e+01   1.153187e+01   0.000000e+00   0.000000e+00   52188
  1.762269e+01   1.150212e+01   5.214962e-02   0.000000e+00   50190
  1.764270e+01   1.131179e+01   4.215091e-02   0.000000e+00   49224
  1.766309e+01   1.132325e+01   0.000000e+00   0.000000e+00   49094
  1.768355e+01   1.139428e+01   1.798370e-02   0.000000e+00   49488
  1.770381e+01   1.124925e+01   5.560726e-02   0.000000e+00   46830
  1.772378e+01   1.131501e+01   1.350275e-02   0.000000e+00   45860
  1.774411e+01   1.129873e+01   0.000000e+00   0.000000e+00   46770
  1.776450e+01   1.129926e+01   2.468054e-02   0.000000e+00   45468
  1.778472e+01   1.130549e+01   4.037256e-02   0.000000e+00   44130
  1.780486e+01   1.128310e+01   0.000000e+00   0.000000e+00   43230
  1.782512e+01   1.118913e+01   0.000000e+00   0.000000e+00   44108
  1.784554e+01   1.121269e+01   3.728031e-02   0.000000e+00   42162
  1.786573e+01   1.115228e+01   3.706702e-02   0.000000e+00   41358
  1.788575e+01   1.126255e+01   0.000000e+00   0.000000e+00   40456
  1.790602e+01   1.101358e+01   3.447181e-02   0.000000e+00   41230
  1.792661e+01   1.102189e+01   4.328365e-02   0.000000e+00   39906
  1.794689e+01   1.123722e+01   0.000000e+00   0.000000e+00   38508
  1.796682e+01   1.106231e+01   0.000000e+00   0.000000e+00   37854
  1.798693e+01   1.099527e+01   5.468118e-02   0.000000e+00   38162
  1.800752e+01   1.108741e+01   2.493181e-02   0.000000e+00   37212
  1.802785e+01   1.096852e+01   0.000000e+00   0.000000e+00   36450
  1.804767e+01   1.107182e+01   3.061520e-02   0.000000e+00   34718
  1.806777e+01   1.097148e+01   2.368662e-02   0.000000e+00   35814
  1.808838e+01   1.091143e+01   2.165166e-02   0.000000e+00   34896
  1.810872e+01   1.102680e+01   0.000000e+00   0.000000e+00   33822
  1.812849e+01   1.117606e+01   4.287753e-02   0.000000e+00   32522
  1.814880e+01   1.100720e+01   0.000000e+00   0.000000e+00   33630
  1.816940e+01   1.083912e+01   0.000000e+00   0.000000e+00   32166
  1.818943e+01   1.101692e+01   2.296644e-02   0.000000e+00   31200
  1.820928e+01   1.100028e+01   1.681783e-02   0.000000e+00   30598
  1.822958e+01   1.072198e+01   2.093299e-02   0.000000e+00   31138
  1.825033e+01   1.084817e+01   0.000000e+00   0.000000e+00   30510
  1.827054e+01   1.098638e+01   3.083329e-02   0.000000e+00   28998
  1.829038e+01   1.096542e+01   0.000000e+00   0.000000e+00   28290
  1.831064e+01   1.104204e+01   4.146965e-02   0.000000e+00   29126
  1.833140e+01   1.082220e+01   0.000000e+00   0.000000e+00   28008
  1.835164e+01   1.088580e+01   9.751058e-03   0.000000e+00   27222
  1.837164e+01   1.094202e+01   1.984665e-02   0.000000e+00   26426
  1.839188e+01   1.095561e+01   1.499045e-02   0.000000e+00   26694
  1.841238e+01   1.070383e+01   2.380800e-02   0.000000e+00   25734
  1.843269e+01   1.084962e+01   0.000000e+00   0.000000e+00   25458
  1.845263e+01   1.092115e+01   0.000000e+00   0.000000e+00   24198
  1.847298e+01   1.106244e+01   0.000000e+00   0.000000e+00   25034
  1.849356e+01   1.108179e+01   1.770314e-02   0.000000e+00   23718
  1.851364e+01   1.077184e+01   0.000000e+00   0.000000e+00   23094
  1.853341e+01   1.116681e+01   2.584445e-02   0.000000e+00   22416
  1.855375e+01   1.092983e+01   0.000000e+00   0.000000e+00   23078
  1.857463e+01   1.092993e+01   0.000000e+00   0.000000e+00   22386
  1.859485e+01   1.077046e+01   0.000000e+00   0.000000e+00   21126
  1.861444e+01   1.070332e+01   0.000000e+00   0.000000e+00   20366
  1.863462e+01   1.083228e+01   3.747052e-02   0.000000e+00   21354
  1.865556e+01   1.072689e+01   0.000000e+00   0.000000e+00   20478
  1.867575e+01   1.080663e+01   0.000000e+00   0.000000e+00   19458
  1.869533e+01   1.089542e+01   1.695533e-02   0.000000e+00   18758
  1.871553e+01   1.068493e+01   4.130016e-02   0.000000e+00   19566
  1.873644e+01   1.098521e+01   2.773720e-02   0.000000e+00   18858
  1.875673e+01   1.089035e+01   9.464484e-03   0.000000e+00   17790
  1.877626e+01   1.111528e+01   0.000000e+00   0.000000e+00   17114
  1.879650e+01   1.083968e+01   0.000000e+00   0.000000e+00   17982
  1.881738e+01   1.089914e+01   0.000000e+00   0.000000e+00   17190
  1.883772e+01   1.091594e+01   0.000000e+00   0.000000e+00   16458
  1.885724e+01   1.121993e+01   2.961538e-02   0.000000e+00   15494
  1.887742e+01   1.072369e+01   1.047448e-02   0.000000e+00   16374
  1.889844e+01   1.085841e+01   0.000000e+00   0.000000e+00   15858
  1.891881e+01   1.095819e+01   0.000000e+00   0.000000e+00   14862
  1.893824e+01   1.109467e+01   0.000000e+00   0.000000e+00   14082
  1.895852e+01   1.075552e+01   0.000000e+00   0.000000e+00   14990
  1.897959e+01   1.102449e+01   1.504523e-02   0.000000e+00   14358
  1.899989e+01   1.102871e+01   0.000000e+00   0.000000e+00   13386
  1.901912e+01   1.106917e+01   0.000000e+00   0.000000e+00   12678
  1.903943e+01   1.119139e+01   2.222072e-02   0.000000e+00   13700
  1.906063e+01   1.095614e+01   1.514179e-02   0.000000e+00   12942
  1.908098e+01   1.111545e+01   3.715080e-02   0.000000e+00   12198
  1.909999e+01   1.100954e+01   0.000000e+00   0.000000e+00   11106
  1.912016e+01   1.103723e+01   0.000000e+00   0.000000e+00   12494
  1.914143e+01   1.116138e+01   2.640052e-02   0.000000e+00   11610
  1.916194e+01   1.131064e+01   0.000000e+00   0.000000e+00   11094
  1.918096e+01   1.140017e+01   1.713404e-02   0.000000e+00   9902
  1.920104e+01   1.122499e+01   1.444925e-02   0.000000e+00   11226
  1.922232e+01   1.123538e+01   0.000000e+00   0.000000e+00   10326
  1.924284e+01   1.116815e+01   1.929917e-02   0.000000e+00   10074
  1.926202e+01   1.151103e+01   1.079750e-02   0.000000e+00   8766
  1.928194e+01   1.161243e+01   0.000000e+00   0.000000e+00   9950
  1.930316e+01   1.130258e+01   1.294469e-02   0.000000e+00   9252
  1.932368e+01   1.123996e+01   0.000000e+00   0.000000e+00   8886
  1.934284e+01   1.132394e+01   0.000000e+00   0.000000e+00   7850
  1.936294e+01   1.176452e+01   1.152209e-02   0.000000e+00   8886
  1.938421e+01   1.137705e+01   0.000000e+00   0.000000e+00   8142
  1.940449e+01   1.126955e+01   1.545801e-02   0.000000e+00   7746
  1.942343e+01   1.156277e+01   2.104525e-02   0.000000e+00   6926
  1.944391e+01   1.144792e+01   0.000000e+00   0.000000e+00   7974
  1.946526e+01   1.155529e+01   1.521652e-02   0.000000e+00   7074
  1.948530e+01   1.146791e+01   0.000000e+00   0.000000e+00   6744
  1.950414e+01   1.188084e+01   2.048181e-02   0.000000e+00   6114
  1.952498e+01   1.175977e+01   0.000000e+00   0.000000e+00   7094
  1.954669e+01   1.168861e+01   0.000000e+00   0.000000e+00   6174
  1.956649e+01   1.214880e+01   0.000000e+00   0.000000e+00   5754
  1.958482e+01   1.199882e+01   0.000000e+00   0.000000e+00   5214
  1.960592e+01   1.162289e+01   0.000000e+00   0.000000e+00   6338
  1.962823e+01   1.214877e+01   6.533754e-03   0.000000e+00   5352
  1.964780e+01   1.157065e+01   0.000000e+00   0.000000e+00   4830
  1.966529e+01   1.227484e+01   1.340053e-02   0.000000e+00   4338
  1.968652e+01   1.196119e+01   0.000000e+00   0.000000e+00   5558
  1.970977e+01   1.187739e+01   1.464528e-02   0.000000e+00   4866
  1.972974e+01   1.207051e+01   2.414035e-02   0.000000e+00   3846
  1.974563e+01   1.204797e+01   0.000000e+00   0.000000e+00   3518
  1.976695e+01   1.198773e+01   2.180270e-02   0.000000e+00   4812
  1.979088e+01   1.185802e+01   1.112729e-02   0.000000e+00   4278
  1.981163e+01   1.203775e+01   1.979402e-02   0.000000e+00   3174
  1.982600e+01   1.266685e+01   0.000000e+00   0.000000e+00   2738
  1.984723e+01   1.230164e+01   9.757389e-03   0.000000e+00   4086
  1.987166e+01   1.205374e+01   0.000000e+00   0.000000e+00   3666
  1.989339e+01   1.246550e+01   1.411773e-02   0.000000e+00   2712
  1.990636e+01   1.213624e+01   8.061605e-03   0.000000e+00   1998
  1.992748e+01   1.249052e+01   1.393132e-02   0.000000e+00   3434
  1.995242e+01   1.224886e+01   0.000000e+00   0.000000e+00   3078
  1.997519e+01   1.251357e+01   9.897240e-03   0.000000e+00   2334
  1.998677e+01   1.245283e+01   0.000000e+00   0.000000e+00   1340
  2.000771e+01   1.297858e+01   0.000000e+00   0.000000e+00   2838
  2.003323e+01   1.281700e+01   0.000000e+00   0.000000e+00   2538
  2.005707e+01   1.276828e+01   8.353460e-03   0.000000e+00   1974
  2.006661e+01   1.347816e+01   1.262420e-02   5.082521e-01   774
  2.008764e+01   1.292380e+01   0.000000e+00   0.000000e+00   2300
  2.011380e+01   1.283119e+01   1.224121e-02   0.000000e+00   2046
  2.013872e+01   1.397540e+01   4.344049e-03   0.000000e+00   1626
  2.014646e+01   1.250121e+01   7.551880e-03   6.604699e-01   390
  2.016742e+01   1.316496e+01   7.665120e-03   0.000000e+00   1766
  2.019400e+01   1.379183e+01   0.000000e+00   0.000000e+00   1596
  2.021996e+01   1.320387e+01   0.000000e+00   0.000000e+00   1302
  2.022633e+01   1.597124e+01   0.000000e+00   1.161047e+00   150
  2.024734e+01   1.220554e+01   2.581261e-03   3.352864e-01   1298
  2.027401e+01   1.336039e+01   0.000000e+00   3.858333e-01   1158
  2.030054e+01   1.304150e+01   4.289854e-03   4.259676e-01   996
  2.031028e+01   1.060374e+01   1.050840e-02   1.978383e+00   38
  2.032743e+01   1.412318e+01   0.000000e+00   5.050033e-01   894
  2.035414e+01   1.479976e+01   7.333313e-03   5.138714e-01   786
  2.038089e+01   1.367708e+01   0.000000e+00   5.234884e-01   678
  2.040633e+01   1.975813e+01   0.000000e+00   8.676551e+00   8
  2.040768e+01   1.515698e+01   8.601655e-03   6.107456e-01   570
  2.043444e+01   1.549608e+01   9.231066e-03   6.615673e-01   486
  2.046125e+01   1.506606e+01   0.000000e+00   6.896812e-01   402
  2.048731e+01   1.554840e+01   0.000000e+00   1.846984e+00   8
  2.048809e+01   1.667504e+01   6.484515e-03   9.291807e-01   318
  2.051491e+01   1.384899e+01   0.000000e+00   9.968746e-01   258
  2.054177e+01   1.470165e+01   0.000000e+00   1.117496e+00   198
  2.056829e+01   1.340722e+01   0.000000e+00   5.672203e+00   8
  2.056867e+01   1.512986e+01   0.000000e+00   1.279742e+00   138
  2.059554e+01   1.576853e+01   3.501588e-03   1.566500e+00   102
  2.062245e+01   1.420595e+01   6.377567e-03   1.540144e+00   66
  2.064939e+01   1.628976e+01   0.000000e+00   1.807704e+00   38
  2.067633e+01   1.004962e+01   0.000000e+00   1.910256e+00   18
  2.070329e+01   1.314852e+01   0.000000e+00   2.422845e+00   6
