# power spectrum of omega (curl v)
# redshift z=1.490700
# k              Pk             sigma(k)       sigma(Pk)      count
  4.675239e-02   4.833692e-18   1.531908e-05   7.495368e-19   6
  6.611787e-02   3.260466e-17   0.000000e+00   5.875889e-18   12
  8.634636e-02   2.277745e-16   6.199343e-03   4.008020e-17   14
  1.095305e-01   4.344876e-16   4.988736e-03   5.081007e-17   48
  1.379653e-01   1.908130e-15   3.623812e-03   2.248693e-16   42
  1.514521e-01   3.407108e-15   3.607714e-03   2.527145e-16   48
  1.717248e-01   5.364937e-15   4.325071e-03   3.668699e-16   80
  1.946168e-01   1.213591e-14   3.358060e-03   9.457229e-16   90
  2.121306e-01   2.107266e-14   5.273081e-03   1.231945e-15   120
  2.370115e-01   4.147539e-14   4.431434e-03   2.399470e-15   158
  2.534910e-01   6.915481e-14   2.102998e-03   3.861107e-15   120
  2.733454e-01   8.514332e-14   4.700457e-03   5.437843e-15   186
  2.952819e-01   1.321011e-13   6.427987e-03   5.669479e-15   264
  3.131072e-01   1.725230e-13   3.470272e-03   8.708886e-15   168
  3.358507e-01   3.194089e-13   6.202191e-03   1.293379e-14   386
  3.548829e-01   4.045989e-13   3.752994e-03   1.775574e-14   192
  3.736086e-01   5.476617e-13   6.153256e-03   2.291395e-14   390
  3.946460e-01   7.079327e-13   6.442452e-03   2.321010e-14   396
  4.144099e-01   9.030392e-13   6.391635e-03   3.296540e-14   398
  4.361367e-01   1.423619e-12   6.264880e-03   4.561203e-14   576
  4.575177e-01   1.843569e-12   6.355778e-03   6.444700e-14   444
  4.762195e-01   2.157311e-12   5.734461e-03   6.580522e-14   590
  4.975149e-01   2.822865e-12   6.279670e-03   7.337890e-14   648
  5.182859e-01   3.234233e-12   5.557653e-03   8.927024e-14   654
  5.367402e-01   4.342461e-12   4.609866e-03   1.204610e-13   636
  5.573692e-01   4.814341e-12   6.911363e-03   1.209806e-13   830
  5.767253e-01   6.083091e-12   4.974939e-03   1.551164e-13   792
  5.965172e-01   6.738033e-12   5.116634e-03   1.659420e-13   804
  6.167868e-01   8.703482e-12   6.315099e-03   1.918934e-13   1038
  6.364107e-01   1.070378e-11   4.946499e-03   2.598356e-13   936
  6.576805e-01   1.228144e-11   5.779873e-03   2.547037e-13   1130
  6.769590e-01   1.369860e-11   5.367484e-03   2.939161e-13   1104
  6.981214e-01   1.614490e-11   5.967700e-03   3.272051e-13   1230
  7.174733e-01   1.847618e-11   6.064625e-03   3.422887e-13   1260
  7.371339e-01   2.201871e-11   5.246161e-03   4.401636e-13   1286
  7.593700e-01   2.547749e-11   6.358524e-03   4.214665e-13   1728
  7.804400e-01   2.883906e-11   5.621468e-03   5.653964e-13   1392
  8.004659e-01   3.335613e-11   5.322162e-03   5.719329e-13   1626
  8.209915e-01   3.785541e-11   6.316599e-03   6.427527e-13   1760
  8.416011e-01   4.319586e-11   5.219535e-03   7.431215e-13   1686
  8.610301e-01   4.899953e-11   5.309235e-03   7.942363e-13   1812
  8.808962e-01   5.618407e-11   6.114349e-03   9.054544e-13   1862
  9.011988e-01   6.107329e-11   5.445390e-03   9.293163e-13   2160
  9.216262e-01   6.652912e-11   5.566353e-03   1.096068e-12   1956
  9.421785e-01   7.935202e-11   6.253437e-03   1.105888e-12   2454
  9.622347e-01   8.544836e-11   4.877534e-03   1.324524e-12   2048
  9.823638e-01   9.540754e-11   6.353289e-03   1.309863e-12   2538
  1.002233e+00   1.044463e-10   5.312342e-03   1.519521e-12   2400
  1.022315e+00   1.177927e-10   6.339653e-03   1.623989e-12   2526
  1.042353e+00   1.297382e-10   6.275929e-03   1.704765e-12   2856
  1.063253e+00   1.382345e-10   5.895426e-03   1.797258e-12   2804
  1.083895e+00   1.513300e-10   6.121373e-03   1.986526e-12   2958
  1.103540e+00   1.644442e-10   5.931161e-03   2.130066e-12   2976
  1.124272e+00   1.819205e-10   5.941212e-03   2.308309e-12   3194
  1.143681e+00   1.939830e-10   5.920201e-03   2.475435e-12   3120
  1.164704e+00   2.167682e-10   5.981576e-03   2.547492e-12   3606
  1.184769e+00   2.308980e-10   5.494101e-03   2.805525e-12   3276
  1.204316e+00   2.458057e-10   6.227326e-03   2.955775e-12   3600
  1.224425e+00   2.671467e-10   5.440385e-03   3.132668e-12   3638
  1.243784e+00   2.867432e-10   5.805576e-03   3.383607e-12   3744
  1.264728e+00   3.137814e-10   6.040307e-03   3.365369e-12   4170
  1.284748e+00   3.341440e-10   5.682335e-03   3.868861e-12   3984
  1.305140e+00   3.447808e-10   5.748308e-03   3.810097e-12   4334
  1.325261e+00   3.902045e-10   5.324107e-03   4.247766e-12   4284
  1.345130e+00   4.028329e-10   6.429547e-03   4.256741e-12   4374
  1.365905e+00   4.367159e-10   5.713348e-03   4.423807e-12   5016
  1.386367e+00   4.571204e-10   5.516740e-03   4.927676e-12   4580
  1.406763e+00   4.915471e-10   6.472145e-03   4.810828e-12   5142
  1.427570e+00   5.468946e-10   6.220601e-03   5.407494e-12   5184
  1.447942e+00   5.777642e-10   4.866158e-03   5.874972e-12   5058
  1.467517e+00   6.005021e-10   5.757296e-03   5.754229e-12   5384
  1.488450e+00   6.470932e-10   6.559647e-03   6.375687e-12   5622
  1.508642e+00   6.884427e-10   5.492822e-03   6.493935e-12   5736
  1.528750e+00   7.118864e-10   4.940002e-03   6.772949e-12   5596
  1.548951e+00   7.656727e-10   6.254864e-03   7.073563e-12   6070
  1.568987e+00   7.951806e-10   4.803947e-03   7.350019e-12   6096
  1.589893e+00   8.437372e-10   5.921316e-03   7.656892e-12   6474
  1.609233e+00   8.936766e-10   5.699368e-03   8.563337e-12   6024
  1.629918e+00   9.369904e-10   5.737311e-03   8.111097e-12   7070
  1.650412e+00   1.006509e-09   4.723687e-03   8.953255e-12   6516
  1.670070e+00   1.053083e-09   5.591093e-03   8.961427e-12   6936
  1.690589e+00   1.062709e-09   5.764820e-03   8.978819e-12   7110
  1.710438e+00   1.170468e-09   4.243373e-03   1.005290e-11   7244
  1.731436e+00   1.190091e-09   6.235119e-03   9.642799e-12   7878
  1.751774e+00   1.248794e-09   6.041006e-03   1.032858e-11   7344
  1.771468e+00   1.266667e-09   6.224842e-03   1.040100e-11   7694
  1.791987e+00   1.375705e-09   5.996370e-03   1.085877e-11   8412
  1.812592e+00   1.456621e-09   6.298814e-03   1.170855e-11   7920
  1.832175e+00   1.508648e-09   5.329448e-03   1.203165e-11   8118
  1.852109e+00   1.536114e-09   6.155177e-03   1.179529e-11   8548
  1.872388e+00   1.609933e-09   6.231258e-03   1.227301e-11   8710
  1.892498e+00   1.672238e-09   5.417975e-03   1.246374e-11   8928
  1.913141e+00   1.790075e-09   5.963814e-03   1.346445e-11   9186
  1.932944e+00   1.852622e-09   6.542392e-03   1.419935e-11   9200
  1.953359e+00   1.894038e-09   5.481559e-03   1.347411e-11   9438
  1.973260e+00   1.970451e-09   7.827950e-03   1.414604e-11   9564
  1.993716e+00   2.037392e-09   5.957111e-03   1.417795e-11   10296
  2.014657e+00   2.164675e-09   5.296276e-03   1.561838e-11   10126
  2.034275e+00   2.252155e-09   6.543878e-03   1.571748e-11   10024
  2.055141e+00   2.309278e-09   4.651449e-03   1.537922e-11   11082
  2.075629e+00   2.396070e-09   7.176112e-03   1.656059e-11   10632
  2.095653e+00   2.465923e-09   5.199607e-03   1.679107e-11   10734
  2.115883e+00   2.557080e-09   6.292407e-03   1.743626e-11   11276
  2.136105e+00   2.672501e-09   5.678935e-03   1.804285e-11   11352
  2.156515e+00   2.740193e-09   5.862955e-03   1.806664e-11   11550
  2.176549e+00   2.814402e-09   5.363550e-03   1.864680e-11   11772
  2.196879e+00   2.906103e-09   6.930843e-03   1.925092e-11   12038
  2.216960e+00   3.035072e-09   8.409096e-03   1.995179e-11   12096
  2.237319e+00   3.089702e-09   6.746615e-03   1.951081e-11   12582
  2.257454e+00   3.177446e-09   2.140194e-03   1.975886e-11   12620
  2.278050e+00   3.247592e-09   7.130811e-03   2.016232e-11   13320
  2.298208e+00   3.392644e-09   6.418583e-03   2.180766e-11   12654
  2.317980e+00   3.522091e-09   1.279274e-03   2.196446e-11   13236
  2.338046e+00   3.551999e-09   9.384894e-03   2.188484e-11   13438
  2.358325e+00   3.800052e-09   9.158294e-03   2.287792e-11   14344
  2.379338e+00   3.786185e-09   5.574524e-03   2.289674e-11   14226
  2.399191e+00   3.904571e-09   4.561739e-03   2.344146e-11   14088
  2.419304e+00   4.002262e-09   6.457685e-04   2.401425e-11   14328
  2.439465e+00   4.140999e-09   6.375901e-03   2.427639e-11   14954
  2.459901e+00   4.165860e-09   4.966107e-03   2.364897e-11   15480
  2.480418e+00   4.279283e-09   6.543381e-03   2.502049e-11   14862
  2.499856e+00   4.394010e-09   7.972938e-03   2.525381e-11   15296
  2.520270e+00   4.510356e-09   7.422246e-03   2.521095e-11   15954
  2.540272e+00   4.682518e-09   6.290691e-03   2.649393e-11   15720
  2.560277e+00   4.710999e-09   2.635897e-03   2.613437e-11   16296
  2.580887e+00   4.866145e-09   3.984155e-03   2.683405e-11   17010
  2.600899e+00   4.969510e-09   3.429068e-03   2.744931e-11   16328
  2.621032e+00   5.020396e-09   3.159817e-03   2.745288e-11   17094
  2.641224e+00   5.168646e-09   8.227896e-03   2.793709e-11   17436
  2.661647e+00   5.302065e-09   8.507681e-03   2.820022e-11   17862
  2.682155e+00   5.407799e-09   7.323408e-03   2.892047e-11   18200
  2.702816e+00   5.576640e-09   0.000000e+00   2.931264e-11   18450
  2.723026e+00   5.676660e-09   3.740391e-03   2.965760e-11   18384
  2.743187e+00   5.851449e-09   5.635561e-03   3.055295e-11   18504
  2.763326e+00   5.938911e-09   4.358812e-03   3.037214e-11   19142
  2.783870e+00   6.074816e-09   5.785769e-03   3.070145e-11   19692
  2.804196e+00   6.224657e-09   6.017485e-03   3.151530e-11   19062
  2.824083e+00   6.325008e-09   0.000000e+00   3.137690e-11   20184
  2.844639e+00   6.423611e-09   7.261378e-03   3.303717e-11   19970
  2.864688e+00   6.541031e-09   0.000000e+00   3.266459e-11   20496
  2.885325e+00   6.660080e-09   8.484823e-03   3.232627e-11   21456
  2.905409e+00   6.715326e-09   5.789544e-03   3.453688e-11   19650
  2.925124e+00   6.934540e-09   9.366607e-03   3.247867e-11   22040
  2.945909e+00   7.084553e-09   1.258386e-02   3.491230e-11   21558
  2.965978e+00   7.212986e-09   0.000000e+00   3.480067e-11   21804
  2.986101e+00   7.272530e-09   7.667313e-03   3.449334e-11   21926
  3.006157e+00   7.405764e-09   9.407102e-03   3.536661e-11   22416
  3.026295e+00   7.565583e-09   8.264985e-03   3.531999e-11   22776
  3.047001e+00   7.711368e-09   6.421105e-03   3.551057e-11   23874
  3.067343e+00   7.799893e-09   0.000000e+00   3.599713e-11   23104
  3.087569e+00   7.854763e-09   0.000000e+00   3.602523e-11   23974
  3.107841e+00   8.060858e-09   1.344641e-02   3.746770e-11   23892
  3.127762e+00   8.217010e-09   0.000000e+00   3.838151e-11   23550
  3.147820e+00   8.324062e-09   6.314750e-03   3.786609e-11   25320
  3.168194e+00   8.419294e-09   1.137887e-02   3.815353e-11   24428
  3.188131e+00   8.534006e-09   7.838299e-03   3.802148e-11   25254
  3.208542e+00   8.694471e-09   0.000000e+00   3.801800e-11   26016
  3.228664e+00   8.861899e-09   8.825568e-04   3.991327e-11   25182
  3.248973e+00   8.994831e-09   2.877448e-03   3.880311e-11   27428
  3.269573e+00   9.106143e-09   5.570712e-03   3.982406e-11   25974
  3.289394e+00   9.220771e-09   8.698886e-03   3.955552e-11   26904
  3.309525e+00   9.419153e-09   3.233185e-03   4.119316e-11   26730
  3.329678e+00   9.423139e-09   0.000000e+00   4.046793e-11   27896
  3.350333e+00   9.632370e-09   1.025168e-02   4.007658e-11   28992
  3.371235e+00   9.787441e-09   2.191043e-03   4.098426e-11   28698
  3.391179e+00   9.934442e-09   0.000000e+00   4.295646e-11   27816
  3.411554e+00   1.000496e-08   0.000000e+00   4.142059e-11   29774
  3.431937e+00   1.008659e-08   6.558395e-03   4.159859e-11   29148
  3.451864e+00   1.024195e-08   0.000000e+00   4.310860e-11   28806
  3.471936e+00   1.030465e-08   1.106140e-02   4.219594e-11   30408
  3.492237e+00   1.052025e-08   0.000000e+00   4.260999e-11   30320
  3.512714e+00   1.065832e-08   0.000000e+00   4.359165e-11   30930
  3.533152e+00   1.074164e-08   0.000000e+00   4.314340e-11   31656
  3.553119e+00   1.087710e-08   1.174592e-03   4.466428e-11   30086
  3.573179e+00   1.106664e-08   1.290735e-02   4.372141e-11   32724
  3.593395e+00   1.109889e-08   7.589820e-03   4.463918e-11   30846
  3.613473e+00   1.131793e-08   2.446096e-03   4.423469e-11   33480
  3.633996e+00   1.137584e-08   1.040135e-02   4.520525e-11   32724
  3.654061e+00   1.147511e-08   6.819211e-03   4.551479e-11   32894
  3.674415e+00   1.160590e-08   0.000000e+00   4.446749e-11   34200
  3.694773e+00   1.177285e-08   8.573379e-03   4.561625e-11   33594
  3.714768e+00   1.195066e-08   0.000000e+00   4.556105e-11   34336
  3.735165e+00   1.207793e-08   2.754444e-03   4.635844e-11   34822
  3.755407e+00   1.215603e-08   0.000000e+00   4.608354e-11   35472
  3.775538e+00   1.225504e-08   0.000000e+00   4.715017e-11   34404
  3.795608e+00   1.219429e-08   0.000000e+00   4.570101e-11   36222
  3.815726e+00   1.245836e-08   5.781228e-03   4.638160e-11   35984
  3.836048e+00   1.262874e-08   8.719186e-03   4.764576e-11   36570
  3.856196e+00   1.266171e-08   0.000000e+00   4.696403e-11   37176
  3.876564e+00   1.278948e-08   0.000000e+00   4.783213e-11   37406
  3.896848e+00   1.302360e-08   0.000000e+00   4.768647e-11   38052
  3.916969e+00   1.320921e-08   0.000000e+00   4.873449e-11   37590
  3.937362e+00   1.321212e-08   1.058020e-02   4.689012e-11   39480
  3.957552e+00   1.333523e-08   0.000000e+00   4.923229e-11   38260
  3.977734e+00   1.340517e-08   1.007824e-02   4.808921e-11   39646
  3.998328e+00   1.367200e-08   6.020813e-03   4.842243e-11   40944
  4.018750e+00   1.365974e-08   0.000000e+00   4.872695e-11   39678
  4.038868e+00   1.381163e-08   0.000000e+00   4.883309e-11   40804
  4.059106e+00   1.381815e-08   0.000000e+00   4.882557e-11   40606
  4.079379e+00   1.400997e-08   1.372641e-02   4.904953e-11   42216
  4.099776e+00   1.411768e-08   0.000000e+00   4.974627e-11   41532
  4.119923e+00   1.437540e-08   0.000000e+00   4.969454e-11   41990
  4.139925e+00   1.432503e-08   1.434023e-02   5.010256e-11   42360
  4.160334e+00   1.453500e-08   5.155613e-03   4.952517e-11   43530
  4.180618e+00   1.463414e-08   8.081139e-03   5.031905e-11   43848
  4.200839e+00   1.474512e-08   0.000000e+00   5.081765e-11   42870
  4.221125e+00   1.482586e-08   1.397747e-02   4.943660e-11   46160
  4.241488e+00   1.488407e-08   5.681697e-03   5.095585e-11   43380
  4.261539e+00   1.505677e-08   0.000000e+00   5.060263e-11   45294
  4.281661e+00   1.521659e-08   1.278433e-02   5.064908e-11   45744
  4.302235e+00   1.508558e-08   0.000000e+00   4.999396e-11   46682
  4.322362e+00   1.536502e-08   7.136152e-03   5.165077e-11   45840
  4.342555e+00   1.552275e-08   0.000000e+00   5.110947e-11   47118
  4.362704e+00   1.552831e-08   1.875851e-02   5.149350e-11   47124
  4.382935e+00   1.573055e-08   3.817660e-03   5.170671e-11   47984
  4.403575e+00   1.563367e-08   8.238792e-03   5.082247e-11   49566
  4.423478e+00   1.577723e-08   4.738148e-03   5.227304e-11   46284
  4.443444e+00   1.597483e-08   1.340652e-02   5.111543e-11   49966
  4.463763e+00   1.610201e-08   9.980966e-03   5.182561e-11   49360
  4.483960e+00   1.610796e-08   9.029341e-04   5.164339e-11   49806
  4.504320e+00   1.621900e-08   1.108968e-02   5.127199e-11   51492
  4.524458e+00   1.625798e-08   1.486593e-02   5.252380e-11   49496
  4.544765e+00   1.638880e-08   1.515978e-02   5.078314e-11   53190
  4.565246e+00   1.643985e-08   0.000000e+00   5.229081e-11   51060
  4.585323e+00   1.673644e-08   0.000000e+00   5.228874e-11   52134
  4.605464e+00   1.667160e-08   9.737381e-03   5.170483e-11   53088
  4.625765e+00   1.686475e-08   6.315454e-03   5.271698e-11   52706
  4.646004e+00   1.686807e-08   9.650640e-03   5.198602e-11   54936
  4.666566e+00   1.694356e-08   0.000000e+00   5.193428e-11   53886
  4.686679e+00   1.693117e-08   0.000000e+00   5.243396e-11   54436
  4.706787e+00   1.718604e-08   0.000000e+00   5.291958e-11   55096
  4.727297e+00   1.711490e-08   0.000000e+00   5.175764e-11   56358
  4.747396e+00   1.719062e-08   0.000000e+00   5.257098e-11   55632
  4.767658e+00   1.736284e-08   1.953654e-02   5.227342e-11   56530
  4.787869e+00   1.745185e-08   0.000000e+00   5.240349e-11   57232
  4.808006e+00   1.761496e-08   0.000000e+00   5.309145e-11   56766
  4.828655e+00   1.753411e-08   0.000000e+00   5.074789e-11   60804
  4.848751e+00   1.779781e-08   2.839628e-03   5.415483e-11   55536
  4.868921e+00   1.770129e-08   2.436220e-02   5.118631e-11   61166
  4.889171e+00   1.781501e-08   0.000000e+00   5.385501e-11   57396
  4.909198e+00   1.792863e-08   1.121451e-02   5.221042e-11   60870
  4.929530e+00   1.799709e-08   0.000000e+00   5.242172e-11   60224
  4.949759e+00   1.800392e-08   1.697091e-02   5.219056e-11   61002
  4.970054e+00   1.821172e-08   1.579521e-02   5.277366e-11   62016
  4.990242e+00   1.809189e-08   0.000000e+00   5.271879e-11   60768
  5.010270e+00   1.822815e-08   2.264846e-02   5.226248e-11   62870
  5.030742e+00   1.836418e-08   8.557903e-03   5.249593e-11   63804
  5.051098e+00   1.839135e-08   1.081232e-02   5.258550e-11   63054
  5.070990e+00   1.853191e-08   8.957526e-03   5.273615e-11   63024
  5.091311e+00   1.860870e-08   0.000000e+00   5.238493e-11   65018
  5.111401e+00   1.853931e-08   1.527326e-02   5.242350e-11   64608
  5.131702e+00   1.856697e-08   0.000000e+00   5.206761e-11   65688
  5.151944e+00   1.867068e-08   2.220125e-02   5.238129e-11   65994
  5.172121e+00   1.879684e-08   0.000000e+00   5.227671e-11   66648
  5.192517e+00   1.870085e-08   1.494947e-02   5.162143e-11   67310
  5.212619e+00   1.885831e-08   0.000000e+00   5.243869e-11   67224
  5.232863e+00   1.888127e-08   6.049737e-03   5.261602e-11   68034
  5.253184e+00   1.891505e-08   0.000000e+00   5.131047e-11   69744
  5.273506e+00   1.906064e-08   1.113764e-02   5.241941e-11   68654
  5.294030e+00   1.899628e-08   1.514804e-02   5.133449e-11   72132
  5.314334e+00   1.896748e-08   1.001453e-02   5.225793e-11   68520
  5.334353e+00   1.902201e-08   1.491203e-02   5.203719e-11   71070
  5.354770e+00   1.917626e-08   0.000000e+00   5.173062e-11   71948
  5.374979e+00   1.922658e-08   2.246820e-02   5.205073e-11   71598
  5.395366e+00   1.925090e-08   0.000000e+00   5.089377e-11   73536
  5.415581e+00   1.945360e-08   2.675975e-02   5.238665e-11   71802
  5.435587e+00   1.939262e-08   0.000000e+00   5.190902e-11   73280
  5.455831e+00   1.948390e-08   0.000000e+00   5.183566e-11   73992
  5.476259e+00   1.941018e-08   1.287722e-02   5.107587e-11   75966
  5.496486e+00   1.958816e-08   0.000000e+00   5.201116e-11   74364
  5.516736e+00   1.957788e-08   1.567311e-02   5.122574e-11   76094
  5.536931e+00   1.960840e-08   0.000000e+00   5.132010e-11   76224
  5.557189e+00   1.963642e-08   8.860025e-03   5.170719e-11   76242
  5.577233e+00   1.955891e-08   0.000000e+00   5.120256e-11   76944
  5.597475e+00   1.986259e-08   0.000000e+00   5.089954e-11   78680
  5.618029e+00   1.982372e-08   1.741265e-02   5.083437e-11   79962
  5.638190e+00   1.985498e-08   8.959769e-03   5.203795e-11   77760
  5.658331e+00   1.987643e-08   2.056887e-02   5.120293e-11   79590
  5.678586e+00   2.000036e-08   0.000000e+00   5.126931e-11   80732
  5.698894e+00   2.010949e-08   2.584318e-02   5.100269e-11   81174
  5.719149e+00   1.980323e-08   8.949513e-03   5.027111e-11   80832
  5.738997e+00   2.002384e-08   2.629368e-02   5.122028e-11   79992
  5.759358e+00   1.984493e-08   0.000000e+00   4.952104e-11   84314
  5.779795e+00   2.013758e-08   0.000000e+00   5.067009e-11   83592
  5.800110e+00   1.997725e-08   1.959760e-02   5.010640e-11   83838
  5.820312e+00   2.005465e-08   0.000000e+00   5.050806e-11   83676
  5.840436e+00   2.015607e-08   1.268728e-02   5.031253e-11   84950
  5.860617e+00   2.015747e-08   0.000000e+00   5.027321e-11   84912
  5.880919e+00   2.013167e-08   2.398748e-02   4.980427e-11   87162
  5.901268e+00   2.015936e-08   0.000000e+00   5.025574e-11   86440
  5.921402e+00   2.028665e-08   0.000000e+00   5.018417e-11   86560
  5.941708e+00   2.020259e-08   5.083166e-03   4.947564e-11   88698
  5.961922e+00   2.037928e-08   2.947817e-02   4.971339e-11   88920
  5.982406e+00   2.020851e-08   0.000000e+00   4.968410e-11   88814
  6.002491e+00   2.032565e-08   7.519257e-03   4.938166e-11   90336
  6.022960e+00   2.030161e-08   0.000000e+00   4.951004e-11   90282
  6.043172e+00   2.036735e-08   0.000000e+00   4.967687e-11   90840
  6.063221e+00   2.033945e-08   2.185939e-02   4.919495e-11   91128
  6.083666e+00   2.038775e-08   0.000000e+00   4.949395e-11   92690
  6.103786e+00   2.048021e-08   0.000000e+00   4.926579e-11   92160
  6.124086e+00   2.026571e-08   0.000000e+00   4.844169e-11   93534
  6.144228e+00   2.041444e-08   0.000000e+00   4.880171e-11   93484
  6.164472e+00   2.043574e-08   3.800682e-03   4.853403e-11   95206
  6.184883e+00   2.035769e-08   8.926746e-03   4.817675e-11   96048
  6.204963e+00   2.038010e-08   8.295917e-03   4.851384e-11   93600
  6.225166e+00   2.028788e-08   0.000000e+00   4.744516e-11   97410
  6.245404e+00   2.052625e-08   2.671137e-02   4.816591e-11   97856
  6.265844e+00   2.042554e-08   0.000000e+00   4.788986e-11   97278
  6.286003e+00   2.044090e-08   1.633921e-02   4.752742e-11   98916
  6.306176e+00   2.048057e-08   0.000000e+00   4.803220e-11   96894
  6.326242e+00   2.032116e-08   0.000000e+00   4.717086e-11   100976
  6.346692e+00   2.049190e-08   0.000000e+00   4.729853e-11   100164
  6.366818e+00   2.036265e-08   0.000000e+00   4.731590e-11   100014
  6.386826e+00   2.041045e-08   1.933145e-02   4.720495e-11   101040
  6.407163e+00   2.044384e-08   0.000000e+00   4.691964e-11   102338
  6.427307e+00   2.056347e-08   1.137884e-02   4.711783e-11   102912
  6.447746e+00   2.052607e-08   0.000000e+00   4.661143e-11   104238
  6.467834e+00   2.046627e-08   1.890226e-02   4.678818e-11   103104
  6.488105e+00   2.053994e-08   1.710499e-02   4.650362e-11   105404
  6.508426e+00   2.040304e-08   0.000000e+00   4.628965e-11   105198
  6.528642e+00   2.065112e-08   0.000000e+00   4.650395e-11   106632
  6.548965e+00   2.018868e-08   2.534652e-02   4.572540e-11   106706
  6.569170e+00   2.046209e-08   0.000000e+00   4.624400e-11   106992
  6.589611e+00   2.034650e-08   0.000000e+00   4.548278e-11   110118
  6.609853e+00   2.037424e-08   3.106814e-02   4.549654e-11   108084
  6.629981e+00   2.030164e-08   1.253408e-02   4.564426e-11   108222
  6.650332e+00   2.035629e-08   0.000000e+00   4.498194e-11   112160
  6.670493e+00   2.030050e-08   1.801922e-02   4.544625e-11   108492
  6.690745e+00   2.036802e-08   2.177843e-02   4.483549e-11   113262
  6.711073e+00   2.028552e-08   0.000000e+00   4.480427e-11   111360
  6.731427e+00   2.024189e-08   0.000000e+00   4.428923e-11   114182
  6.751627e+00   2.028093e-08   3.236876e-02   4.472423e-11   112884
  6.771897e+00   2.031659e-08   5.677581e-03   4.458176e-11   113934
  6.792019e+00   2.029262e-08   0.000000e+00   4.462531e-11   114504
  6.812469e+00   2.028292e-08   0.000000e+00   4.371093e-11   117500
  6.832645e+00   2.026912e-08   2.300031e-02   4.456011e-11   114102
  6.852836e+00   2.025679e-08   9.849414e-03   4.365122e-11   118584
  6.873148e+00   2.020995e-08   0.000000e+00   4.424284e-11   115546
  6.893138e+00   2.030823e-08   2.033522e-02   4.378402e-11   118984
  6.913625e+00   2.021714e-08   6.254759e-03   4.345752e-11   119526
  6.933787e+00   2.016396e-08   1.275507e-03   4.367621e-11   119436
  6.953933e+00   2.017179e-08   0.000000e+00   4.345376e-11   118632
  6.974109e+00   2.008813e-08   2.347999e-02   4.276526e-11   122510
  6.994465e+00   2.016669e-08   0.000000e+00   4.293543e-11   121680
  7.014753e+00   2.004140e-08   0.000000e+00   4.292572e-11   121434
  7.034816e+00   1.998222e-08   0.000000e+00   4.236336e-11   123928
  7.055147e+00   2.012789e-08   0.000000e+00   4.264668e-11   123910
  7.075428e+00   1.992603e-08   0.000000e+00   4.178032e-11   124452
  7.095652e+00   2.006732e-08   0.000000e+00   4.237406e-11   125376
  7.115874e+00   1.991548e-08   2.075153e-02   4.194581e-11   126638
  7.136112e+00   1.993619e-08   6.992676e-03   4.215541e-11   125844
  7.156364e+00   1.980043e-08   0.000000e+00   4.159244e-11   128142
  7.176640e+00   1.990371e-08   5.325831e-03   4.156290e-11   128136
  7.196780e+00   1.986504e-08   8.150226e-03   4.158253e-11   127642
  7.217074e+00   1.983544e-08   0.000000e+00   4.100525e-11   131968
  7.237597e+00   1.989118e-08   0.000000e+00   4.146034e-11   130326
  7.257722e+00   1.981992e-08   2.102334e-02   4.101002e-11   131688
  7.277957e+00   1.979156e-08   9.744160e-03   4.114243e-11   130212
  7.298113e+00   1.968613e-08   0.000000e+00   4.045622e-11   132686
  7.318516e+00   1.974306e-08   0.000000e+00   4.018632e-11   135960
  7.338830e+00   1.961086e-08   1.571469e-02   4.069042e-11   131562
  7.358719e+00   1.956288e-08   1.256324e-02   4.037893e-11   134016
  7.379095e+00   1.963185e-08   0.000000e+00   3.993292e-11   136478
  7.399346e+00   1.958093e-08   2.801070e-02   3.970008e-11   136812
  7.419681e+00   1.957500e-08   1.761441e-02   3.964063e-11   137856
  7.439938e+00   1.950353e-08   0.000000e+00   3.983569e-11   135862
  7.460079e+00   1.955987e-08   0.000000e+00   3.961308e-11   140056
  7.480476e+00   1.946218e-08   2.417726e-02   3.929572e-11   139602
  7.500678e+00   1.932164e-08   0.000000e+00   3.912180e-11   139080
  7.520868e+00   1.937572e-08   0.000000e+00   3.895694e-11   140678
  7.541140e+00   1.943719e-08   1.235522e-02   3.896287e-11   142884
  7.561330e+00   1.937143e-08   1.003235e-02   3.902527e-11   139992
  7.581566e+00   1.936160e-08   0.000000e+00   3.848830e-11   144966
  7.601914e+00   1.917056e-08   0.000000e+00   3.843396e-11   143364
  7.622073e+00   1.919629e-08   1.873324e-02   3.806748e-11   144518
  7.642264e+00   1.921743e-08   1.935647e-02   3.828558e-11   145200
  7.662421e+00   1.916227e-08   0.000000e+00   3.830452e-11   143466
  7.682526e+00   1.903340e-08   0.000000e+00   3.743300e-11   148824
  7.702777e+00   1.916204e-08   1.527905e-02   3.791044e-11   145544
  7.722878e+00   1.887161e-08   0.000000e+00   3.730057e-11   148590
  7.743228e+00   1.906079e-08   0.000000e+00   3.720323e-11   150540
  7.763554e+00   1.896486e-08   2.662829e-02   3.728219e-11   150134
  7.783790e+00   1.892603e-08   0.000000e+00   3.691268e-11   151296
  7.804217e+00   1.883360e-08   0.000000e+00   3.677219e-11   152058
  7.824258e+00   1.877815e-08   1.630763e-02   3.664725e-11   150864
  7.844504e+00   1.881147e-08   1.418774e-02   3.633603e-11   154310
  7.864956e+00   1.860276e-08   0.000000e+00   3.614902e-11   155172
  7.885186e+00   1.871434e-08   0.000000e+00   3.613846e-11   154128
  7.905615e+00   1.858115e-08   1.291086e-02   3.543945e-11   158310
  7.925765e+00   1.861071e-08   1.866161e-02   3.642468e-11   153436
  7.945929e+00   1.848252e-08   0.000000e+00   3.549239e-11   157726
  7.966377e+00   1.847958e-08   0.000000e+00   3.516457e-11   160368
  7.986531e+00   1.854767e-08   9.200786e-03   3.571492e-11   155718
  8.006647e+00   1.837414e-08   0.000000e+00   3.525725e-11   160028
  8.026900e+00   1.841224e-08   0.000000e+00   3.504977e-11   160920
  8.047188e+00   1.834165e-08   1.260510e-02   3.507658e-11   161070
  8.067471e+00   1.828385e-08   2.987177e-02   3.451359e-11   163428
  8.087636e+00   1.820469e-08   0.000000e+00   3.495105e-11   159574
  8.107944e+00   1.827235e-08   0.000000e+00   3.424922e-11   167392
  8.128264e+00   1.825119e-08   2.386366e-02   3.459420e-11   162258
  8.148439e+00   1.809121e-08   1.328570e-02   3.397161e-11   167472
  8.168758e+00   1.817651e-08   0.000000e+00   3.452931e-11   163664
  8.188840e+00   1.803149e-08   0.000000e+00   3.388505e-11   166986
  8.209138e+00   1.796929e-08   1.740450e-02   3.338922e-11   169968
  8.229596e+00   1.795975e-08   0.000000e+00   3.369367e-11   167646
  8.249575e+00   1.789937e-08   0.000000e+00   3.368608e-11   168080
  8.269840e+00   1.793663e-08   1.590115e-02   3.334390e-11   170826
  8.290118e+00   1.775019e-08   0.000000e+00   3.319898e-11   170928
  8.310207e+00   1.784682e-08   1.684866e-02   3.324326e-11   170640
  8.330552e+00   1.767342e-08   0.000000e+00   3.295075e-11   173954
  8.350721e+00   1.764261e-08   2.603968e-02   3.266220e-11   173232
  8.371036e+00   1.768521e-08   0.000000e+00   3.267735e-11   174150
  8.391291e+00   1.760685e-08   3.598191e-03   3.262473e-11   176364
  8.411514e+00   1.760476e-08   1.701618e-02   3.248717e-11   175302
  8.431752e+00   1.758543e-08   7.739197e-03   3.243188e-11   177392
  8.451926e+00   1.755572e-08   1.809896e-02   3.221594e-11   176352
  8.472259e+00   1.735203e-08   0.000000e+00   3.180043e-11   180330
  8.492585e+00   1.738443e-08   9.403152e-03   3.157271e-11   180712
  8.512823e+00   1.731562e-08   1.516737e-02   3.183961e-11   179350
  8.533123e+00   1.724584e-08   1.332435e-02   3.126803e-11   183396
  8.553474e+00   1.722835e-08   0.000000e+00   3.143240e-11   180390
  8.573470e+00   1.720741e-08   0.000000e+00   3.146279e-11   181944
  8.593810e+00   1.723267e-08   0.000000e+00   3.093575e-11   185450
  8.614197e+00   1.709149e-08   6.615232e-03   3.093154e-11   186192
  8.634351e+00   1.714313e-08   1.903072e-02   3.110748e-11   183432
  8.654529e+00   1.698571e-08   0.000000e+00   3.073648e-11   185362
  8.674669e+00   1.702766e-08   4.680197e-03   3.054236e-11   188464
  8.695071e+00   1.699489e-08   0.000000e+00   3.049139e-11   188046
  8.715340e+00   1.682866e-08   1.318725e-02   3.004036e-11   191304
  8.735543e+00   1.681191e-08   2.409531e-02   3.028633e-11   186690
  8.755841e+00   1.676348e-08   0.000000e+00   2.981739e-11   194072
  8.776007e+00   1.677964e-08   2.036196e-02   3.024589e-11   188688
  8.796169e+00   1.670775e-08   2.784610e-03   2.995972e-11   192786
  8.816360e+00   1.670232e-08   9.417675e-03   2.974316e-11   193352
  8.836765e+00   1.666353e-08   0.000000e+00   2.972830e-11   195702
  8.856952e+00   1.656519e-08   2.801616e-02   2.943955e-11   195132
  8.877223e+00   1.655343e-08   0.000000e+00   2.930563e-11   195726
  8.897425e+00   1.644127e-08   0.000000e+00   2.901812e-11   197416
  8.917635e+00   1.644800e-08   7.089181e-03   2.907581e-11   196564
  8.937911e+00   1.636208e-08   1.922859e-02   2.881946e-11   201198
  8.958149e+00   1.636653e-08   3.027985e-03   2.882831e-11   197136
  8.978233e+00   1.628572e-08   0.000000e+00   2.863508e-11   199358
  8.998408e+00   1.616939e-08   2.721393e-02   2.819481e-11   203532
  9.018806e+00   1.623187e-08   0.000000e+00   2.845859e-11   201438
  9.039004e+00   1.619081e-08   0.000000e+00   2.824153e-11   203664
  9.059198e+00   1.613962e-08   2.692832e-02   2.818763e-11   203972
  9.079434e+00   1.600254e-08   2.165264e-02   2.794160e-11   205974
  9.099752e+00   1.607651e-08   0.000000e+00   2.777056e-11   205752
  9.120101e+00   1.591449e-08   0.000000e+00   2.749450e-11   207810
  9.140113e+00   1.594427e-08   3.536623e-02   2.769721e-11   206384
  9.160528e+00   1.585092e-08   0.000000e+00   2.708460e-11   210966
  9.180840e+00   1.586896e-08   0.000000e+00   2.735545e-11   210516
  9.201117e+00   1.586421e-08   0.000000e+00   2.740150e-11   209766
  9.221260e+00   1.565649e-08   3.970571e-02   2.687176e-11   212376
  9.241567e+00   1.575509e-08   0.000000e+00   2.694855e-11   212960
  9.261980e+00   1.558907e-08   0.000000e+00   2.683022e-11   214626
  9.282118e+00   1.561279e-08   2.889101e-02   2.672217e-11   213696
  9.302351e+00   1.555511e-08   2.902441e-02   2.651561e-11   215734
  9.322542e+00   1.552288e-08   0.000000e+00   2.656644e-11   213220
  9.342742e+00   1.555657e-08   0.000000e+00   2.624557e-11   219102
  9.363058e+00   1.534774e-08   3.317910e-02   2.594553e-11   220872
  9.383271e+00   1.540721e-08   4.871323e-02   2.627732e-11   216556
  9.403502e+00   1.536184e-08   3.769429e-02   2.593921e-11   221494
  9.423684e+00   1.536837e-08   4.124300e-02   2.603969e-11   219096
  9.443995e+00   1.526561e-08   2.991952e-02   2.559308e-11   224262
  9.464372e+00   1.516732e-08   0.000000e+00   2.548548e-11   222508
  9.484615e+00   1.523996e-08   0.000000e+00   2.554028e-11   222502
  9.504704e+00   1.513870e-08   3.895386e-02   2.543896e-11   227280
  9.525039e+00   1.516631e-08   1.877868e-02   2.550084e-11   223644
  9.545253e+00   1.501704e-08   0.000000e+00   2.529515e-11   226222
  9.565491e+00   1.508637e-08   0.000000e+00   2.496998e-11   229840
  9.585791e+00   1.501838e-08   2.536747e-02   2.519475e-11   228042
  9.605886e+00   1.501631e-08   0.000000e+00   2.510360e-11   227472
  9.626108e+00   1.498358e-08   0.000000e+00   2.497267e-11   230990
  9.646386e+00   1.480842e-08   7.569155e-03   2.447838e-11   233532
  9.666621e+00   1.484689e-08   2.899912e-02   2.445253e-11   231288
  9.686949e+00   1.475016e-08   0.000000e+00   2.440694e-11   233718
  9.707048e+00   1.478917e-08   0.000000e+00   2.443159e-11   232704
  9.727332e+00   1.469538e-08   3.048697e-02   2.406216e-11   239282
  9.747653e+00   1.464825e-08   3.658387e-02   2.415490e-11   234912
  9.767997e+00   1.465335e-08   0.000000e+00   2.400964e-11   238278
  9.788068e+00   1.457502e-08   3.662651e-02   2.401111e-11   237460
  9.808159e+00   1.459965e-08   2.644027e-02   2.389693e-11   236662
  9.828636e+00   1.451063e-08   0.000000e+00   2.348432e-11   246336
  9.849102e+00   1.455646e-08   0.000000e+00   2.364608e-11   241092
  9.869226e+00   1.439582e-08   3.432053e-02   2.350615e-11   242414
  9.889507e+00   1.446887e-08   1.347315e-02   2.349954e-11   243552
  9.909811e+00   1.433318e-08   0.000000e+00   2.332001e-11   243474
  9.929872e+00   1.426526e-08   2.384465e-02   2.324853e-11   245112
  9.950184e+00   1.428590e-08   2.583213e-02   2.296573e-11   246894
  9.970399e+00   1.418759e-08   1.906651e-02   2.300953e-11   247448
  9.990729e+00   1.420998e-08   0.000000e+00   2.285093e-11   247404
  1.001083e+01   1.416926e-08   3.867138e-02   2.266839e-11   249990
  1.003099e+01   1.419132e-08   3.622163e-02   2.271223e-11   249512
  1.005146e+01   1.409997e-08   0.000000e+00   2.244118e-11   253890
  1.007168e+01   1.404286e-08   0.000000e+00   2.255034e-11   250728
  1.009176e+01   1.412213e-08   4.671548e-02   2.251848e-11   253950
  1.011209e+01   1.392791e-08   0.000000e+00   2.233897e-11   254140
  1.013236e+01   1.403583e-08   0.000000e+00   2.220048e-11   255880
  1.015264e+01   1.393518e-08   3.024344e-02   2.212191e-11   258942
  1.017273e+01   1.396152e-08   4.466073e-02   2.230433e-11   253836
  1.019308e+01   1.383731e-08   0.000000e+00   2.178238e-11   260534
  1.021339e+01   1.383263e-08   0.000000e+00   2.191356e-11   259992
  1.023345e+01   1.382374e-08   4.593516e-02   2.194396e-11   258894
  1.025374e+01   1.372750e-08   3.638681e-02   2.158977e-11   263364
  1.027404e+01   1.379400e-08   0.000000e+00   2.184485e-11   259536
  1.029404e+01   1.367765e-08   2.003628e-02   2.153731e-11   263438
  1.031427e+01   1.370093e-08   4.095225e-02   2.145270e-11   265740
  1.033461e+01   1.361864e-08   0.000000e+00   2.144235e-11   264894
  1.035491e+01   1.365335e-08   0.000000e+00   2.125223e-11   269184
  1.037510e+01   1.361450e-08   3.971491e-02   2.129918e-11   266138
  1.039529e+01   1.357478e-08   2.777901e-02   2.101703e-11   270528
  1.041568e+01   1.359718e-08   0.000000e+00   2.114860e-11   268182
  1.043580e+01   1.345114e-08   0.000000e+00   2.098851e-11   270960
  1.045597e+01   1.351747e-08   4.792805e-02   2.082813e-11   274580
  1.047660e+01   1.343061e-08   0.000000e+00   2.067999e-11   276078
  1.049687e+01   1.342475e-08   0.000000e+00   2.075594e-11   273600
  1.051700e+01   1.339376e-08   4.011849e-02   2.074461e-11   274698
  1.053721e+01   1.333019e-08   4.262579e-02   2.065252e-11   276920
  1.055758e+01   1.341690e-08   0.000000e+00   2.064448e-11   276774
  1.057783e+01   1.328594e-08   0.000000e+00   2.049303e-11   279972
  1.059787e+01   1.327115e-08   3.469152e-02   2.041398e-11   276144
  1.061817e+01   1.324859e-08   1.694747e-02   2.026052e-11   282590
  1.063851e+01   1.326905e-08   0.000000e+00   2.030900e-11   282300
  1.065876e+01   1.317341e-08   0.000000e+00   1.999861e-11   283926
  1.067881e+01   1.309154e-08   4.624911e-02   2.011863e-11   279792
  1.069921e+01   1.320544e-08   0.000000e+00   2.002379e-11   287870
  1.071956e+01   1.314792e-08   0.000000e+00   2.002534e-11   286428
  1.073959e+01   1.315148e-08   4.475960e-02   1.994863e-11   284808
  1.075985e+01   1.299946e-08   1.531544e-02   1.964738e-11   289158
  1.078023e+01   1.313328e-08   0.000000e+00   1.984274e-11   290204
  1.080046e+01   1.303769e-08   0.000000e+00   1.975105e-11   290382
  1.082061e+01   1.299355e-08   3.005820e-02   1.955739e-11   291912
  1.084097e+01   1.302702e-08   0.000000e+00   1.959203e-11   290754
  1.086111e+01   1.297351e-08   1.589433e-02   1.949381e-11   296096
  1.088147e+01   1.297658e-08   2.513422e-02   1.934349e-11   294552
  1.090160e+01   1.283429e-08   4.526392e-02   1.934882e-11   293466
  1.092180e+01   1.289267e-08   0.000000e+00   1.931615e-11   296904
  1.094212e+01   1.289540e-08   0.000000e+00   1.924488e-11   298358
  1.096213e+01   1.281574e-08   4.472154e-02   1.925866e-11   297840
  1.098250e+01   1.283916e-08   1.780360e-02   1.909220e-11   301338
  1.100284e+01   1.277771e-08   0.000000e+00   1.904328e-11   300336
  1.102287e+01   1.278657e-08   4.773534e-02   1.882658e-11   303584
  1.104323e+01   1.271342e-08   3.999073e-02   1.883606e-11   304098
  1.106362e+01   1.282966e-08   0.000000e+00   1.898057e-11   304488
  1.108375e+01   1.271058e-08   4.385474e-02   1.878346e-11   306678
  1.110405e+01   1.274649e-08   0.000000e+00   1.890402e-11   305732
  1.112430e+01   1.269400e-08   1.458453e-02   1.864758e-11   309894
  1.114461e+01   1.271909e-08   2.274092e-02   1.876931e-11   310200
  1.116486e+01   1.267186e-08   0.000000e+00   1.862447e-11   307074
  1.118499e+01   1.259289e-08   4.539866e-02   1.844002e-11   315656
  1.120542e+01   1.262150e-08   0.000000e+00   1.849245e-11   310704
  1.122574e+01   1.261066e-08   0.000000e+00   1.851573e-11   314310
  1.124565e+01   1.261132e-08   5.373710e-02   1.852449e-11   312412
  1.126607e+01   1.257770e-08   0.000000e+00   1.826573e-11   318310
  1.128641e+01   1.254161e-08   0.000000e+00   1.840638e-11   315648
  1.130649e+01   1.261545e-08   4.230367e-02   1.820654e-11   320610
  1.132671e+01   1.251134e-08   0.000000e+00   1.835483e-11   313944
  1.134697e+01   1.252553e-08   0.000000e+00   1.805257e-11   325880
  1.136725e+01   1.246204e-08   4.242439e-02   1.817916e-11   319146
  1.138752e+01   1.249437e-08   0.000000e+00   1.808306e-11   322896
  1.140760e+01   1.247019e-08   4.730635e-02   1.809455e-11   322206
  1.142792e+01   1.247902e-08   0.000000e+00   1.797257e-11   327416
  1.144835e+01   1.243813e-08   0.000000e+00   1.795661e-11   325602
  1.146834e+01   1.243852e-08   5.726359e-02   1.799833e-11   328248
  1.148865e+01   1.244662e-08   0.000000e+00   1.784954e-11   326088
  1.150907e+01   1.238899e-08   0.000000e+00   1.793089e-11   331658
  1.152907e+01   1.246886e-08   5.147375e-02   1.784329e-11   331584
  1.154943e+01   1.233343e-08   2.479045e-02   1.770645e-11   330630
  1.156976e+01   1.236687e-08   0.000000e+00   1.771306e-11   333204
  1.158972e+01   1.241019e-08   5.911732e-02   1.779905e-11   333470
  1.161019e+01   1.238923e-08   0.000000e+00   1.776938e-11   335688
  1.163031e+01   1.242009e-08   2.104734e-02   1.764340e-11   336828
  1.165052e+01   1.232442e-08   2.705751e-02   1.765690e-11   337662
  1.167092e+01   1.238816e-08   0.000000e+00   1.765292e-11   338960
  1.169084e+01   1.232963e-08   5.374678e-02   1.765769e-11   338262
  1.171119e+01   1.233000e-08   4.487727e-02   1.745882e-11   344388
  1.173173e+01   1.231236e-08   0.000000e+00   1.750224e-11   342486
  1.175158e+01   1.229080e-08   6.822594e-02   1.750899e-11   343592
  1.177209e+01   1.235453e-08   6.351978e-03   1.746318e-11   347130
  1.179251e+01   1.225255e-08   0.000000e+00   1.745258e-11   346152
  1.181244e+01   1.235679e-08   6.483705e-02   1.746978e-11   345856
  1.183291e+01   1.229165e-08   0.000000e+00   1.741018e-11   349354
  1.185320e+01   1.231104e-08   0.000000e+00   1.724250e-11   352032
  1.187332e+01   1.224253e-08   5.425500e-02   1.730314e-11   348582
  1.189375e+01   1.229458e-08   0.000000e+00   1.729959e-11   352244
  1.191364e+01   1.234759e-08   6.612248e-02   1.740004e-11   351582
  1.193405e+01   1.227209e-08   1.307224e-02   1.718123e-11   357144
  1.195452e+01   1.231026e-08   0.000000e+00   1.726746e-11   355560
  1.197446e+01   1.232060e-08   6.177963e-02   1.730766e-11   354551
  1.199485e+01   1.234899e-08   1.048142e-02   1.718337e-11   358044
  1.201531e+01   1.244555e-08   0.000000e+00   1.736852e-11   355272
  1.203516e+01   1.252577e-08   6.812590e-02   1.743947e-11   352044
  1.205550e+01   1.252171e-08   0.000000e+00   1.737083e-11   352344
  1.207583e+01   1.253245e-08   0.000000e+00   1.718353e-11   356516
  1.209593e+01   1.262954e-08   4.707173e-02   1.732942e-11   352848
  1.211652e+01   1.265989e-08   0.000000e+00   1.745575e-11   352980
  1.213648e+01   1.268089e-08   4.206482e-02   1.762428e-11   348948
  1.215669e+01   1.276151e-08   3.526886e-02   1.751229e-11   351692
  1.217729e+01   1.272848e-08   0.000000e+00   1.750041e-11   353064
  1.219717e+01   1.278607e-08   6.081972e-02   1.772601e-11   345624
  1.221740e+01   1.282792e-08   0.000000e+00   1.773084e-11   347844
  1.223787e+01   1.278161e-08   0.000000e+00   1.759811e-11   351020
  1.225784e+01   1.287846e-08   5.645117e-02   1.794535e-11   345852
  1.227818e+01   1.282449e-08   1.070526e-02   1.778194e-11   347040
  1.229855e+01   1.288325e-08   0.000000e+00   1.799211e-11   345928
  1.231852e+01   1.295178e-08   5.703993e-02   1.805641e-11   347020
  1.233898e+01   1.285398e-08   0.000000e+00   1.795384e-11   343032
  1.235915e+01   1.294319e-08   0.000000e+00   1.806022e-11   343620
  1.237922e+01   1.290683e-08   5.861528e-02   1.802829e-11   343988
  1.239983e+01   1.293927e-08   0.000000e+00   1.817512e-11   344556
  1.241988e+01   1.294973e-08   4.323447e-02   1.826995e-11   343632
  1.244027e+01   1.295726e-08   0.000000e+00   1.836294e-11   340392
  1.246062e+01   1.293070e-08   0.000000e+00   1.834305e-11   339408
  1.248051e+01   1.295446e-08   7.267306e-02   1.840565e-11   341864
  1.250106e+01   1.293947e-08   0.000000e+00   1.826527e-11   341964
  1.252140e+01   1.293999e-08   0.000000e+00   1.850905e-11   334380
  1.254111e+01   1.292923e-08   6.809223e-02   1.843966e-11   336504
  1.256164e+01   1.294618e-08   1.740126e-02   1.840717e-11   339560
  1.258197e+01   1.299392e-08   0.000000e+00   1.864974e-11   336384
  1.260205e+01   1.288427e-08   7.073010e-02   1.857216e-11   337404
  1.262252e+01   1.292595e-08   0.000000e+00   1.872530e-11   330156
  1.264248e+01   1.283530e-08   5.572021e-02   1.847899e-11   337808
  1.266290e+01   1.284570e-08   0.000000e+00   1.872041e-11   332748
  1.268331e+01   1.289645e-08   0.000000e+00   1.879437e-11   333612
  1.270325e+01   1.283722e-08   5.740873e-02   1.875970e-11   331860
  1.272358e+01   1.284185e-08   2.644929e-02   1.890844e-11   328376
  1.274388e+01   1.284045e-08   0.000000e+00   1.889246e-11   331140
  1.276394e+01   1.276282e-08   6.874888e-02   1.869866e-11   332988
  1.278429e+01   1.277789e-08   2.731929e-02   1.903773e-11   325224
  1.280470e+01   1.274093e-08   0.000000e+00   1.881547e-11   331544
  1.282473e+01   1.273203e-08   6.477220e-02   1.877934e-11   327264
  1.284507e+01   1.268905e-08   0.000000e+00   1.888490e-11   322308
  1.286522e+01   1.268695e-08   2.386952e-02   1.893153e-11   328136
  1.288528e+01   1.263489e-08   4.847112e-02   1.890800e-11   323172
  1.290581e+01   1.263899e-08   0.000000e+00   1.895577e-11   325248
  1.292583e+01   1.264957e-08   6.079287e-02   1.905237e-11   324096
  1.294612e+01   1.256412e-08   0.000000e+00   1.889699e-11   321540
  1.296661e+01   1.255525e-08   0.000000e+00   1.895510e-11   323744
  1.298643e+01   1.252214e-08   6.784167e-02   1.897952e-11   317400
  1.300679e+01   1.247990e-08   1.761624e-02   1.888719e-11   322560
  1.302731e+01   1.249652e-08   0.000000e+00   1.909052e-11   320076
  1.304720e+01   1.244798e-08   7.028810e-02   1.901330e-11   317204
  1.306784e+01   1.241697e-08   0.000000e+00   1.882259e-11   323064
  1.308817e+01   1.237093e-08   0.000000e+00   1.899272e-11   315204
  1.310801e+01   1.233917e-08   7.596125e-02   1.899778e-11   315416
  1.312872e+01   1.223918e-08   0.000000e+00   1.881120e-11   316884
  1.314868e+01   1.231457e-08   4.612854e-02   1.902808e-11   312876
  1.316891e+01   1.221770e-08   5.315060e-02   1.882102e-11   315540
  1.318952e+01   1.223541e-08   0.000000e+00   1.895769e-11   312576
  1.320932e+01   1.212506e-08   7.565009e-02   1.877599e-11   312140
  1.322977e+01   1.211936e-08   1.968299e-02   1.889625e-11   310356
  1.325022e+01   1.207088e-08   0.000000e+00   1.879938e-11   311232
  1.327002e+01   1.198812e-08   6.807216e-02   1.877813e-11   307584
  1.329050e+01   1.200831e-08   3.125987e-02   1.873035e-11   310616
  1.331081e+01   1.204095e-08   0.000000e+00   1.911467e-11   304200
  1.333062e+01   1.188862e-08   7.579062e-02   1.868367e-11   306792
  1.335127e+01   1.189324e-08   0.000000e+00   1.864691e-11   306168
  1.337128e+01   1.183934e-08   0.000000e+00   1.871052e-11   304448
  1.339159e+01   1.181067e-08   6.618496e-02   1.869567e-11   308580
  1.341216e+01   1.176860e-08   0.000000e+00   1.870325e-11   299568
  1.343196e+01   1.177481e-08   6.451500e-02   1.868052e-11   304416
  1.345248e+01   1.168275e-08   3.649464e-02   1.857267e-11   302216
  1.347289e+01   1.160643e-08   0.000000e+00   1.855507e-11   300084
  1.349278e+01   1.155078e-08   8.240078e-02   1.840707e-11   299340
  1.351313e+01   1.157886e-08   0.000000e+00   1.862514e-11   296688
  1.353351e+01   1.151182e-08   0.000000e+00   1.843618e-11   298820
  1.355339e+01   1.141636e-08   7.907350e-02   1.826809e-11   296916
  1.357395e+01   1.140683e-08   0.000000e+00   1.827348e-11   295920
  1.359407e+01   1.137671e-08   4.792424e-03   1.855229e-11   292692
  1.361403e+01   1.132805e-08   7.240146e-02   1.817745e-11   295892
  1.363479e+01   1.126265e-08   0.000000e+00   1.824388e-11   293064
  1.365474e+01   1.123730e-08   3.956128e-02   1.822490e-11   293220
  1.367491e+01   1.121829e-08   3.508692e-02   1.832143e-11   286804
  1.369536e+01   1.113191e-08   0.000000e+00   1.811834e-11   293080
  1.371539e+01   1.107709e-08   7.211085e-02   1.792625e-11   291816
  1.373592e+01   1.106419e-08   0.000000e+00   1.814423e-11   287784
  1.375625e+01   1.100817e-08   0.000000e+00   1.811216e-11   286760
  1.377611e+01   1.100944e-08   7.609133e-02   1.805779e-11   287088
  1.379659e+01   1.087888e-08   0.000000e+00   1.794355e-11   286176
  1.381700e+01   1.086523e-08   0.000000e+00   1.796314e-11   284184
  1.383681e+01   1.083359e-08   6.740674e-02   1.792491e-11   282220
  1.385749e+01   1.076892e-08   0.000000e+00   1.778949e-11   284452
  1.387753e+01   1.074050e-08   0.000000e+00   1.783350e-11   279516
  1.389762e+01   1.063923e-08   7.414863e-02   1.763885e-11   282696
  1.391834e+01   1.069177e-08   0.000000e+00   1.782322e-11   278676
  1.393814e+01   1.060070e-08   7.557539e-02   1.762885e-11   279512
  1.395854e+01   1.050365e-08   6.959858e-03   1.752093e-11   276672
  1.397899e+01   1.052440e-08   0.000000e+00   1.766290e-11   276036
  1.399870e+01   1.044701e-08   7.338799e-02   1.762966e-11   274416
  1.401918e+01   1.037756e-08   3.405895e-02   1.755173e-11   275384
  1.403966e+01   1.040686e-08   0.000000e+00   1.765632e-11   274560
  1.405954e+01   1.026003e-08   8.060600e-02   1.740477e-11   272220
  1.408013e+01   1.033216e-08   0.000000e+00   1.755660e-11   270492
  1.410028e+01   1.026978e-08   0.000000e+00   1.747645e-11   271532
  1.412046e+01   1.014843e-08   4.857675e-02   1.718287e-11   272052
  1.414094e+01   1.016876e-08   0.000000e+00   1.747367e-11   264372
  1.416075e+01   1.003840e-08   4.458169e-02   1.714453e-11   268652
  1.418118e+01   1.001997e-08   5.115434e-02   1.706062e-11   266760
  1.420152e+01   9.983339e-09   0.000000e+00   1.710250e-11   262536
  1.422144e+01   9.947014e-09   8.044665e-02   1.707592e-11   266460
  1.424186e+01   9.905917e-09   0.000000e+00   1.700435e-11   261560
  1.426218e+01   9.849148e-09   0.000000e+00   1.695607e-11   262236
  1.428218e+01   9.833069e-09   7.196292e-02   1.701313e-11   261708
  1.430257e+01   9.812685e-09   0.000000e+00   1.692226e-11   258960
  1.432291e+01   9.653568e-09   0.000000e+00   1.684154e-11   258376
  1.434280e+01   9.695933e-09   6.784287e-02   1.682322e-11   258304
  1.436354e+01   9.639608e-09   0.000000e+00   1.663950e-11   259368
  1.438358e+01   9.612960e-09   3.221355e-02   1.691289e-11   253332
  1.440365e+01   9.613498e-09   7.130219e-02   1.681216e-11   254448
  1.442431e+01   9.465177e-09   0.000000e+00   1.659356e-11   255248
  1.444424e+01   9.455566e-09   7.409947e-02   1.660384e-11   252180
  1.446469e+01   9.466603e-09   2.875743e-02   1.655719e-11   252744
  1.448509e+01   9.328846e-09   0.000000e+00   1.659563e-11   247348
  1.450487e+01   9.420210e-09   8.925243e-02   1.662332e-11   250432
  1.452537e+01   9.312343e-09   0.000000e+00   1.664698e-11   247860
  1.454584e+01   9.272869e-09   0.000000e+00   1.650850e-11   247716
  1.456564e+01   9.250675e-09   7.520593e-02   1.649597e-11   242472
  1.458627e+01   9.123699e-09   0.000000e+00   1.617709e-11   248672
  1.460638e+01   9.161631e-09   3.293209e-02   1.651190e-11   239352
  1.462638e+01   9.122775e-09   6.048324e-02   1.618483e-11   245088
  1.464704e+01   9.061481e-09   0.000000e+00   1.640662e-11   239232
  1.466684e+01   9.062609e-09   7.977484e-02   1.626856e-11   240320
  1.468736e+01   8.949647e-09   0.000000e+00   1.625080e-11   239340
  1.470783e+01   8.953799e-09   0.000000e+00   1.615052e-11   237636
  1.472756e+01   8.940028e-09   7.621117e-02   1.627479e-11   235980
  1.474803e+01   8.791003e-09   0.000000e+00   1.611880e-11   235304
  1.476846e+01   8.871504e-09   0.000000e+00   1.602925e-11   234576
  1.478832e+01   8.744357e-09   7.039224e-02   1.604509e-11   232788
  1.480879e+01   8.690032e-09   0.000000e+00   1.588759e-11   230400
  1.482901e+01   8.764236e-09   0.000000e+00   1.606598e-11   231836
  1.484909e+01   8.604316e-09   7.555195e-02   1.574734e-11   231288
  1.486979e+01   8.652557e-09   0.000000e+00   1.601304e-11   226536
  1.488961e+01   8.602227e-09   5.854360e-02   1.596599e-11   226084
  1.490981e+01   8.526652e-09   5.042968e-02   1.570560e-11   227116
  1.493044e+01   8.541185e-09   0.000000e+00   1.580841e-11   223800
  1.495026e+01   8.459449e-09   8.117334e-02   1.573109e-11   223884
  1.497067e+01   8.468033e-09   0.000000e+00   1.582657e-11   222360
  1.499111e+01   8.388716e-09   0.000000e+00   1.560163e-11   221156
  1.501107e+01   8.335128e-09   9.027902e-02   1.551804e-11   221724
  1.503161e+01   8.396024e-09   0.000000e+00   1.571045e-11   217584
  1.505188e+01   8.254285e-09   0.000000e+00   1.559200e-11   217576
  1.507175e+01   8.283302e-09   9.345853e-02   1.562935e-11   215464
  1.509237e+01   8.256717e-09   0.000000e+00   1.561258e-11   215472
  1.511246e+01   8.166651e-09   2.576719e-02   1.561430e-11   213768
  1.513249e+01   8.194298e-09   8.094572e-02   1.551818e-11   210956
  1.515303e+01   8.079265e-09   0.000000e+00   1.545676e-11   211788
  1.517310e+01   8.141936e-09   4.396942e-02   1.564819e-11   211092
  1.519347e+01   8.112353e-09   3.122531e-02   1.549285e-11   209556
  1.521398e+01   8.029595e-09   0.000000e+00   1.561205e-11   206700
  1.523373e+01   8.026714e-09   7.604558e-02   1.543529e-11   206048
  1.525416e+01   7.974432e-09   0.000000e+00   1.549329e-11   204744
  1.527456e+01   7.946530e-09   0.000000e+00   1.550261e-11   202992
  1.529429e+01   7.967488e-09   8.574297e-02   1.546984e-11   201944
  1.531503e+01   7.863267e-09   0.000000e+00   1.531249e-11   203304
  1.533535e+01   7.833450e-09   0.000000e+00   1.526776e-11   200484
  1.535513e+01   7.806173e-09   9.098662e-02   1.532770e-11   195516
  1.537587e+01   7.785863e-09   0.000000e+00   1.530545e-11   198860
  1.539575e+01   7.837960e-09   4.079494e-02   1.533834e-11   195264
  1.541602e+01   7.720042e-09   5.890026e-02   1.536420e-11   195984
  1.543661e+01   7.763330e-09   0.000000e+00   1.542745e-11   191808
  1.545622e+01   7.733155e-09   6.979603e-02   1.541067e-11   190776
  1.547663e+01   7.630124e-09   1.895382e-02   1.516836e-11   192032
  1.549718e+01   7.677651e-09   0.000000e+00   1.531772e-11   188628
  1.551692e+01   7.560118e-09   9.630796e-02   1.514719e-11   189444
  1.553757e+01   7.544722e-09   0.000000e+00   1.520919e-11   186260
  1.555771e+01   7.556677e-09   0.000000e+00   1.524056e-11   184560
  1.557768e+01   7.487964e-09   8.796338e-02   1.506830e-11   185832
  1.559849e+01   7.517224e-09   0.000000e+00   1.523646e-11   182400
  1.561840e+01   7.460855e-09   4.191687e-02   1.520745e-11   181380
  1.563850e+01   7.436201e-09   7.320505e-02   1.522999e-11   180332
  1.565917e+01   7.436079e-09   0.000000e+00   1.517971e-11   178236
  1.567911e+01   7.378457e-09   5.165815e-02   1.519498e-11   179184
  1.569940e+01   7.400215e-09   6.745654e-02   1.526126e-11   175028
  1.571990e+01   7.362344e-09   0.000000e+00   1.514978e-11   175440
  1.573991e+01   7.291340e-09   7.180912e-02   1.507135e-11   174828
  1.576032e+01   7.383075e-09   0.000000e+00   1.531976e-11   169896
  1.578053e+01   7.261886e-09   0.000000e+00   1.524882e-11   171708
  1.580052e+01   7.264998e-09   9.287374e-02   1.523930e-11   169328
  1.582104e+01   7.287885e-09   0.000000e+00   1.521411e-11   167364
  1.584128e+01   7.147001e-09   3.286575e-02   1.505613e-11   168192
  1.586126e+01   7.235709e-09   8.305136e-02   1.525006e-11   163188
  1.588199e+01   7.108734e-09   0.000000e+00   1.497458e-11   166184
  1.590206e+01   7.134239e-09   4.174266e-02   1.520724e-11   161460
  1.592208e+01   7.144367e-09   7.702655e-02   1.512555e-11   159972
  1.594260e+01   7.094223e-09   0.000000e+00   1.526860e-11   159488
  1.596249e+01   7.119155e-09   7.199067e-02   1.527354e-11   158148
  1.598299e+01   7.074865e-09   0.000000e+00   1.512065e-11   158100
  1.600348e+01   7.049723e-09   0.000000e+00   1.523726e-11   155232
  1.602308e+01   7.084811e-09   8.262420e-02   1.540707e-11   151216
  1.604371e+01   6.922332e-09   0.000000e+00   1.507289e-11   155560
  1.606419e+01   7.000007e-09   0.000000e+00   1.516052e-11   151404
  1.608393e+01   6.947088e-09   9.828902e-02   1.518918e-11   148356
  1.610460e+01   6.954475e-09   0.000000e+00   1.537443e-11   147164
  1.612455e+01   6.969167e-09   2.667701e-02   1.508353e-11   147384
  1.614470e+01   6.886956e-09   6.685448e-02   1.538538e-11   145992
  1.616548e+01   6.915075e-09   0.000000e+00   1.534324e-11   143856
  1.618506e+01   6.949449e-09   6.471752e-02   1.540093e-11   140384
  1.620553e+01   6.814735e-09   3.216898e-02   1.511336e-11   143856
  1.622609e+01   6.919917e-09   0.000000e+00   1.539324e-11   136968
  1.624574e+01   6.828301e-09   9.005174e-02   1.537598e-11   139536
  1.626647e+01   6.840183e-09   0.000000e+00   1.533507e-11   136916
  1.628660e+01   6.903543e-09   0.000000e+00   1.559959e-11   133032
  1.630647e+01   6.767819e-09   9.110019e-02   1.536842e-11   135540
  1.632735e+01   6.837247e-09   0.000000e+00   1.548883e-11   132096
  1.634724e+01   6.838440e-09   0.000000e+00   1.569783e-11   129540
  1.636731e+01   6.751350e-09   8.897048e-02   1.561895e-11   130640
  1.638800e+01   6.877895e-09   0.000000e+00   1.558631e-11   126276
  1.640794e+01   6.695271e-09   5.318682e-02   1.549232e-11   128484
  1.642849e+01   6.735493e-09   1.679499e-02   1.563280e-11   124168
  1.644876e+01   6.812253e-09   0.000000e+00   1.579459e-11   122224
  1.646872e+01   6.731614e-09   8.019543e-02   1.583755e-11   123156
  1.648926e+01   6.801475e-09   0.000000e+00   1.577552e-11   119688
  1.650932e+01   6.716205e-09   0.000000e+00   1.598342e-11   116640
  1.652930e+01   6.709635e-09   9.310942e-02   1.564511e-11   119696
  1.654992e+01   6.786528e-09   0.000000e+00   1.596947e-11   114276
  1.657008e+01   6.638916e-09   0.000000e+00   1.600289e-11   114060
  1.659006e+01   6.750815e-09   8.814763e-02   1.609202e-11   112536
  1.661073e+01   6.677042e-09   0.000000e+00   1.593871e-11   112196
  1.663092e+01   6.629717e-09   3.922933e-02   1.608864e-11   109404
  1.665092e+01   6.773146e-09   4.981773e-02   1.629812e-11   105900
  1.667126e+01   6.641367e-09   0.000000e+00   1.619760e-11   107176
  1.669133e+01   6.660522e-09   6.522463e-02   1.626647e-11   105088
  1.671173e+01   6.686692e-09   2.268813e-02   1.624334e-11   103800
  1.673221e+01   6.624446e-09   0.000000e+00   1.631690e-11   101340
  1.675206e+01   6.686768e-09   7.291096e-02   1.635288e-11   100036
  1.677238e+01   6.637869e-09   0.000000e+00   1.668201e-11   97672
  1.679278e+01   6.667329e-09   0.000000e+00   1.653554e-11   97908
  1.681276e+01   6.693071e-09   7.713650e-02   1.670663e-11   95328
  1.683323e+01   6.615306e-09   0.000000e+00   1.665514e-11   93600
  1.685339e+01   6.606355e-09   0.000000e+00   1.671911e-11   92312
  1.687353e+01   6.631571e-09   6.713022e-02   1.681897e-11   91044
  1.689405e+01   6.657779e-09   0.000000e+00   1.714110e-11   88500
  1.691379e+01   6.642783e-09   5.018271e-02   1.712709e-11   86216
  1.693415e+01   6.617844e-09   0.000000e+00   1.710768e-11   87159
  1.695491e+01   6.605017e-09   0.000000e+00   1.705353e-11   86064
  1.697483e+01   6.597277e-09   7.536577e-02   1.743795e-11   81648
  1.699503e+01   6.561154e-09   9.209611e-03   1.722544e-11   81654
  1.701553e+01   6.547169e-09   0.000000e+00   1.736886e-11   81284
  1.703562e+01   6.473303e-09   5.657647e-02   1.740825e-11   78888
  1.705585e+01   6.497122e-09   2.283605e-02   1.759194e-11   77250
  1.707595e+01   6.456185e-09   0.000000e+00   1.758541e-11   75942
  1.709606e+01   6.413546e-09   6.076905e-02   1.743199e-11   77042
  1.711673e+01   6.362896e-09   0.000000e+00   1.779822e-11   74094
  1.713691e+01   6.389013e-09   3.354114e-02   1.777082e-11   73818
  1.715711e+01   6.353298e-09   0.000000e+00   1.798916e-11   70998
  1.717738e+01   6.274828e-09   0.000000e+00   1.767813e-11   72044
  1.719760e+01   6.254773e-09   6.223561e-02   1.802359e-11   69426
  1.721797e+01   6.276271e-09   0.000000e+00   1.832761e-11   69288
  1.723818e+01   6.191942e-09   0.000000e+00   1.836473e-11   67068
  1.725815e+01   6.112970e-09   6.364290e-02   1.816421e-11   66926
  1.727858e+01   6.078759e-09   5.318920e-02   1.822572e-11   66348
  1.729910e+01   6.014520e-09   0.000000e+00   1.828272e-11   64728
  1.731906e+01   5.990002e-09   0.000000e+00   1.854890e-11   62820
  1.733927e+01   5.909633e-09   0.000000e+00   1.828457e-11   63716
  1.735974e+01   5.916863e-09   1.005215e-02   1.836407e-11   62160
  1.737993e+01   5.819939e-09   0.000000e+00   1.823897e-11   59940
  1.739996e+01   5.836971e-09   2.170906e-02   1.844932e-11   60112
  1.742018e+01   5.797833e-09   6.198604e-02   1.868813e-11   59668
  1.744070e+01   5.629498e-09   0.000000e+00   1.827406e-11   57618
  1.746070e+01   5.665510e-09   1.771751e-02   1.852417e-11   56868
  1.748074e+01   5.709975e-09   5.950560e-02   1.878542e-11   56684
  1.750108e+01   5.549494e-09   2.908171e-02   1.845818e-11   55536
  1.752146e+01   5.481096e-09   0.000000e+00   1.859865e-11   54342
  1.754173e+01   5.497631e-09   2.403780e-02   1.873222e-11   54768
  1.756179e+01   5.404491e-09   5.946848e-02   1.861797e-11   52094
  1.758204e+01   5.306627e-09   0.000000e+00   1.822634e-11   52224
  1.760258e+01   5.314074e-09   0.000000e+00   1.822088e-11   52188
  1.762269e+01   5.271266e-09   5.214962e-02   1.867218e-11   50190
  1.764269e+01   5.227640e-09   4.386366e-02   1.847679e-11   49224
  1.766309e+01   5.155782e-09   0.000000e+00   1.849851e-11   49094
  1.768355e+01   5.192959e-09   1.460931e-02   1.846612e-11   49488
  1.770381e+01   5.043693e-09   5.376596e-02   1.837563e-11   46830
  1.772378e+01   5.008255e-09   1.668589e-02   1.841982e-11   45860
  1.774411e+01   4.946494e-09   0.000000e+00   1.820653e-11   46770
  1.776451e+01   4.917184e-09   2.177504e-02   1.839156e-11   45468
  1.778473e+01   4.844932e-09   3.681308e-02   1.818977e-11   44130
  1.780486e+01   4.866675e-09   0.000000e+00   1.866901e-11   43230
  1.782512e+01   4.787288e-09   0.000000e+00   1.812097e-11   44108
  1.784555e+01   4.704404e-09   3.590950e-02   1.826655e-11   42162
  1.786573e+01   4.671870e-09   3.563280e-02   1.863733e-11   41358
  1.788575e+01   4.645468e-09   0.000000e+00   1.831241e-11   40456
  1.790602e+01   4.553839e-09   3.447181e-02   1.774267e-11   41230
  1.792660e+01   4.523371e-09   4.430278e-02   1.813870e-11   39906
  1.794689e+01   4.432898e-09   0.000000e+00   1.827319e-11   38508
  1.796681e+01   4.395010e-09   0.000000e+00   1.804568e-11   37854
  1.798693e+01   4.296060e-09   5.446339e-02   1.754492e-11   38162
  1.800752e+01   4.253672e-09   2.772988e-02   1.751519e-11   37212
  1.802785e+01   4.235401e-09   0.000000e+00   1.785934e-11   36450
  1.804767e+01   4.232309e-09   2.987259e-02   1.811370e-11   34718
  1.806776e+01   4.088232e-09   2.552646e-02   1.743874e-11   35814
  1.808838e+01   4.113947e-09   2.213671e-02   1.820975e-11   34896
  1.810872e+01   4.020550e-09   0.000000e+00   1.765292e-11   33822
  1.812849e+01   3.952212e-09   4.155613e-02   1.794740e-11   32522
  1.814880e+01   3.881349e-09   0.000000e+00   1.716152e-11   33630
  1.816940e+01   3.856243e-09   0.000000e+00   1.762894e-11   32166
  1.818942e+01   3.792521e-09   2.488101e-02   1.739481e-11   31200
  1.820927e+01   3.795706e-09   2.445870e-02   1.751221e-11   30598
  1.822958e+01   3.675279e-09   1.776402e-02   1.696591e-11   31138
  1.825033e+01   3.654894e-09   0.000000e+00   1.674831e-11   30510
  1.827054e+01   3.606981e-09   3.133647e-02   1.714179e-11   28998
  1.829037e+01   3.636564e-09   0.000000e+00   1.753097e-11   28290
  1.831064e+01   3.493656e-09   4.419643e-02   1.650743e-11   29126
  1.833140e+01   3.444139e-09   0.000000e+00   1.652427e-11   28008
  1.835164e+01   3.392729e-09   7.858743e-03   1.661085e-11   27222
  1.837164e+01   3.387054e-09   2.188652e-02   1.678839e-11   26426
  1.839188e+01   3.248678e-09   1.072539e-02   1.633865e-11   26694
  1.841237e+01   3.244655e-09   2.400950e-02   1.640492e-11   25734
  1.843269e+01   3.204268e-09   0.000000e+00   1.630482e-11   25458
  1.845263e+01   3.183863e-09   8.058126e-03   1.663210e-11   24198
  1.847298e+01   3.069726e-09   0.000000e+00   1.585910e-11   25034
  1.849355e+01   3.050427e-09   1.778113e-02   1.610753e-11   23718
  1.851364e+01   3.034346e-09   0.000000e+00   1.616683e-11   23094
  1.853340e+01   2.986540e-09   2.823363e-02   1.633928e-11   22416
  1.855375e+01   2.901386e-09   0.000000e+00   1.578874e-11   23078
  1.857463e+01   2.789860e-09   0.000000e+00   1.500868e-11   22386
  1.859485e+01   2.807915e-09   0.000000e+00   1.548353e-11   21126
  1.861444e+01   2.744965e-09   0.000000e+00   1.528036e-11   20366
  1.863462e+01   2.647440e-09   3.775288e-02   1.459049e-11   21354
  1.865556e+01   2.678082e-09   0.000000e+00   1.522156e-11   20478
  1.867575e+01   2.624909e-09   0.000000e+00   1.540064e-11   19458
  1.869534e+01   2.619568e-09   7.630748e-03   1.551405e-11   18758
  1.871554e+01   2.484713e-09   4.082745e-02   1.450662e-11   19566
  1.873644e+01   2.474444e-09   2.618717e-02   1.483152e-11   18858
  1.875673e+01   2.418626e-09   4.374376e-03   1.503686e-11   17790
  1.877626e+01   2.411066e-09   0.000000e+00   1.497149e-11   17114
  1.879650e+01   2.323023e-09   0.000000e+00   1.416422e-11   17982
  1.881738e+01   2.307769e-09   0.000000e+00   1.464063e-11   17190
  1.883772e+01   2.275213e-09   0.000000e+00   1.439196e-11   16458
  1.885723e+01   2.199717e-09   3.307198e-02   1.437955e-11   15494
  1.887742e+01   2.155916e-09   1.284972e-02   1.386946e-11   16374
  1.889844e+01   2.143509e-09   6.324295e-03   1.408869e-11   15858
  1.891881e+01   2.103580e-09   0.000000e+00   1.410995e-11   14862
  1.893824e+01   2.078341e-09   0.000000e+00   1.422528e-11   14082
  1.895853e+01   1.942333e-09   0.000000e+00   1.276933e-11   14990
  1.897960e+01   1.930724e-09   1.205612e-02   1.286858e-11   14358
  1.899989e+01   1.924395e-09   0.000000e+00   1.318346e-11   13386
  1.901912e+01   1.882110e-09   0.000000e+00   1.343022e-11   12678
  1.903942e+01   1.796229e-09   2.617706e-02   1.228027e-11   13700
  1.906063e+01   1.757565e-09   1.596869e-02   1.266504e-11   12942
  1.908098e+01   1.777622e-09   3.715080e-02   1.322847e-11   12198
  1.909999e+01   1.750138e-09   0.000000e+00   1.337090e-11   11106
  1.912016e+01   1.647465e-09   5.359001e-03   1.204609e-11   12494
  1.914143e+01   1.617152e-09   2.771610e-02   1.196676e-11   11610
  1.916194e+01   1.667575e-09   0.000000e+00   1.294570e-11   11094
  1.918096e+01   1.576831e-09   1.713404e-02   1.247766e-11   9902
  1.920104e+01   1.493501e-09   1.578556e-02   1.155435e-11   11226
  1.922232e+01   1.459639e-09   0.000000e+00   1.132838e-11   10326
  1.924285e+01   1.461342e-09   1.663497e-02   1.179714e-11   10074
  1.926202e+01   1.438368e-09   3.619878e-03   1.231777e-11   8766
  1.928194e+01   1.341984e-09   0.000000e+00   1.087395e-11   9950
  1.930317e+01   1.316451e-09   8.986195e-03   1.092421e-11   9252
  1.932368e+01   1.313977e-09   0.000000e+00   1.137831e-11   8886
  1.934284e+01   1.330837e-09   0.000000e+00   1.128483e-11   7850
  1.936294e+01   1.192912e-09   7.885087e-03   1.011682e-11   8886
  1.938421e+01   1.180419e-09   0.000000e+00   1.033855e-11   8142
  1.940449e+01   1.170391e-09   1.545801e-02   1.069346e-11   7746
  1.942343e+01   1.162464e-09   1.911663e-02   1.106542e-11   6926
  1.944391e+01   1.068390e-09   0.000000e+00   9.781852e-12   7974
  1.946526e+01   1.029292e-09   2.119496e-02   9.833772e-12   7074
  1.948530e+01   1.030554e-09   1.065489e-02   9.738323e-12   6744
  1.950414e+01   1.023108e-09   2.136812e-02   9.841303e-12   6114
  1.952497e+01   9.367990e-10   0.000000e+00   8.851709e-12   7094
  1.954669e+01   9.336256e-10   0.000000e+00   9.818181e-12   6174
  1.956649e+01   9.431582e-10   7.671516e-03   9.907538e-12   5754
  1.958482e+01   9.286624e-10   0.000000e+00   1.000035e-11   5214
  1.960592e+01   8.251082e-10   0.000000e+00   8.514821e-12   6338
  1.962823e+01   8.237508e-10   6.533754e-03   9.098426e-12   5352
  1.964780e+01   7.899927e-10   3.241676e-03   9.205783e-12   4830
  1.966529e+01   8.198877e-10   1.147480e-02   9.272920e-12   4338
  1.968652e+01   7.209555e-10   0.000000e+00   7.795381e-12   5558
  1.970977e+01   6.964871e-10   1.464528e-02   7.878764e-12   4866
  1.972974e+01   6.825986e-10   2.414035e-02   8.811822e-12   3846
  1.974563e+01   7.375794e-10   0.000000e+00   9.583362e-12   3518
  1.976695e+01   6.112833e-10   2.180270e-02   6.846834e-12   4812
  1.979088e+01   5.992243e-10   6.905271e-03   6.917296e-12   4278
  1.981163e+01   5.885917e-10   1.979402e-02   8.392505e-12   3174
  1.982600e+01   6.518803e-10   0.000000e+00   9.929134e-12   2738
  1.984723e+01   5.244006e-10   1.108863e-02   6.343222e-12   4086
  1.987166e+01   5.000557e-10   0.000000e+00   6.520124e-12   3666
  1.989339e+01   4.954757e-10   1.552808e-02   7.959558e-12   2712
  1.990636e+01   5.487542e-10   8.061605e-03   9.023347e-12   1998
  1.992748e+01   4.407328e-10   1.269101e-02   5.878359e-12   3434
  1.995242e+01   4.103179e-10   0.000000e+00   5.786119e-12   3078
  1.997519e+01   3.883401e-10   9.897240e-03   6.416445e-12   2334
  1.998677e+01   4.964527e-10   0.000000e+00   9.879131e-12   1340
  2.000771e+01   3.736838e-10   0.000000e+00   5.440398e-12   2838
  2.003323e+01   3.406493e-10   0.000000e+00   5.442480e-12   2538
  2.005707e+01   3.066356e-10   1.261640e-02   5.125465e-12   1974
  2.006661e+01   4.395585e-10   1.262420e-02   1.158038e-11   774
  2.008764e+01   2.946844e-10   0.000000e+00   4.801340e-12   2300
  2.011380e+01   2.673299e-10   1.224121e-02   4.427236e-12   2046
  2.013872e+01   2.245122e-10   4.344049e-03   4.491515e-12   1626
  2.014646e+01   3.382116e-10   7.551880e-03   1.309751e-11   390
  2.016742e+01   2.248933e-10   7.665120e-03   4.267100e-12   1766
  2.019400e+01   1.941046e-10   0.000000e+00   3.779486e-12   1596
  2.021996e+01   1.679757e-10   0.000000e+00   3.277254e-12   1302
  2.022633e+01   2.886979e-10   0.000000e+00   1.451037e-11   150
  2.024734e+01   1.705931e-10   2.581261e-03   3.572656e-12   1298
  2.027401e+01   1.429344e-10   0.000000e+00   3.127768e-12   1158
  2.030054e+01   1.349048e-10   4.289854e-03   3.209721e-12   996
  2.031028e+01   1.828949e-10   1.050840e-02   2.128767e-11   38
  2.032743e+01   1.224238e-10   0.000000e+00   3.188478e-12   894
  2.035414e+01   1.014143e-10   7.333313e-03   2.757115e-12   786
  2.038089e+01   8.379410e-11   0.000000e+00   2.554791e-12   678
  2.040633e+01   2.891130e-11   0.000000e+00   4.327751e-12   8
  2.040767e+01   7.153864e-11   1.278018e-02   2.064050e-12   570
  2.043444e+01   5.992280e-11   9.231066e-03   2.079513e-12   486
  2.046125e+01   5.453414e-11   0.000000e+00   2.010702e-12   402
  2.048731e+01   2.821025e-11   0.000000e+00   4.139346e-12   8
  2.048809e+01   4.364429e-11   6.484515e-03   1.647477e-12   318
  2.051491e+01   3.601979e-11   0.000000e+00   1.673279e-12   258
  2.054177e+01   2.908426e-11   0.000000e+00   1.646877e-12   198
  2.056829e+01   2.911320e-11   0.000000e+00   3.506394e-12   8
  2.056867e+01   2.143260e-11   0.000000e+00   1.396149e-12   138
  2.059554e+01   1.460214e-11   3.501588e-03   1.149462e-12   102
  2.062245e+01   8.192900e-12   6.377567e-03   8.021521e-13   66
  2.064939e+01   5.855390e-12   0.000000e+00   6.666834e-13   38
  2.067633e+01   2.143077e-12   0.000000e+00   2.630351e-13   18
  2.070329e+01   1.035900e-12   0.000000e+00   8.861243e-14   6
