# power spectrum of velocity
# redshift z=0.476200
# k              Pk             sigma(k)       sigma(Pk)      count
  4.675239e-02   4.704994e-07   1.531908e-05   1.699280e-07   6
  6.611787e-02   1.180987e-06   0.000000e+00   2.730847e-07   12
  8.634636e-02   6.813719e-07   6.199343e-03   1.331382e-07   14
  1.095305e-01   6.868881e-07   4.988736e-03   6.991387e-08   48
  1.379653e-01   5.494636e-07   3.623812e-03   6.025963e-08   42
  1.514521e-01   4.154946e-07   3.607714e-03   5.356561e-08   48
  1.717248e-01   4.984089e-07   4.325071e-03   5.362237e-08   80
  1.946168e-01   4.884272e-07   3.358060e-03   4.362962e-08   90
  2.121306e-01   3.373075e-07   5.273081e-03   3.275696e-08   120
  2.370115e-01   3.722848e-07   4.431434e-03   2.536984e-08   158
  2.534910e-01   3.529741e-07   2.102998e-03   3.634764e-08   120
  2.733454e-01   3.171351e-07   4.700457e-03   2.085683e-08   186
  2.952819e-01   2.975621e-07   6.427987e-03   1.907103e-08   264
  3.131072e-01   3.249220e-07   3.470272e-03   2.333034e-08   168
  3.358507e-01   2.740136e-07   6.202191e-03   1.418521e-08   386
  3.548829e-01   2.174473e-07   3.752994e-03   1.599531e-08   192
  3.736086e-01   2.602713e-07   6.153256e-03   1.359046e-08   390
  3.946460e-01   2.105754e-07   6.442452e-03   1.015480e-08   396
  4.144099e-01   2.161759e-07   6.391635e-03   1.034852e-08   398
  4.361367e-01   1.914203e-07   6.264880e-03   7.427024e-09   576
  4.575177e-01   1.766684e-07   6.355778e-03   8.065943e-09   444
  4.762195e-01   2.013376e-07   5.734461e-03   7.533832e-09   590
  4.975149e-01   1.613087e-07   6.279670e-03   6.370066e-09   648
  5.182859e-01   1.585712e-07   5.557653e-03   6.261692e-09   654
  5.367402e-01   1.522317e-07   4.609866e-03   5.553024e-09   636
  5.573692e-01   1.493777e-07   6.911363e-03   5.137659e-09   830
  5.767253e-01   1.349434e-07   4.974939e-03   4.439151e-09   792
  5.965172e-01   1.345128e-07   5.116634e-03   4.827979e-09   804
  6.167868e-01   1.397488e-07   6.315099e-03   4.842330e-09   1038
  6.364107e-01   1.160589e-07   4.946499e-03   3.694740e-09   936
  6.576805e-01   1.128169e-07   5.779873e-03   3.454594e-09   1130
  6.769590e-01   1.071956e-07   5.367484e-03   3.242094e-09   1104
  6.981213e-01   1.030122e-07   5.970839e-03   2.968638e-09   1230
  7.174733e-01   1.005351e-07   6.064625e-03   2.580821e-09   1260
  7.371340e-01   9.723667e-08   5.239623e-03   2.807003e-09   1286
  7.593700e-01   9.250330e-08   6.358524e-03   2.120838e-09   1728
  7.804400e-01   9.230510e-08   5.625004e-03   2.416874e-09   1392
  8.004659e-01   8.622737e-08   5.322162e-03   2.171826e-09   1626
  8.209915e-01   8.367981e-08   6.311617e-03   1.923233e-09   1760
  8.416011e-01   7.923106e-08   5.219535e-03   1.853012e-09   1686
  8.610301e-01   7.237446e-08   5.309235e-03   1.564639e-09   1812
  8.808962e-01   7.342627e-08   6.115320e-03   1.730880e-09   1862
  9.011989e-01   6.828645e-08   5.436457e-03   1.347439e-09   2160
  9.216262e-01   6.693343e-08   5.566353e-03   1.509367e-09   1956
  9.421785e-01   6.381092e-08   6.253437e-03   1.261313e-09   2454
  9.622347e-01   6.185879e-08   4.877534e-03   1.335017e-09   2048
  9.823639e-01   6.182277e-08   6.349072e-03   1.183026e-09   2538
  1.002233e+00   5.691328e-08   5.321020e-03   1.117518e-09   2400
  1.022315e+00   5.456402e-08   6.339653e-03   1.037955e-09   2526
  1.042353e+00   4.670160e-08   6.275929e-03   8.243059e-10   2856
  1.063253e+00   5.055021e-08   5.902122e-03   9.543979e-10   2804
  1.083895e+00   5.070284e-08   6.138286e-03   9.191643e-10   2958
  1.103540e+00   4.967707e-08   5.946049e-03   8.422382e-10   2976
  1.124272e+00   4.468785e-08   5.929530e-03   7.351142e-10   3194
  1.143681e+00   4.433702e-08   5.920201e-03   7.417218e-10   3120
  1.164704e+00   4.198868e-08   5.981576e-03   6.310362e-10   3606
  1.184769e+00   4.139286e-08   5.478695e-03   6.706611e-10   3276
  1.204316e+00   3.944724e-08   6.182204e-03   6.030606e-10   3600
  1.224425e+00   3.856931e-08   5.451564e-03   6.036069e-10   3638
  1.243784e+00   3.785379e-08   5.783239e-03   5.753404e-10   3744
  1.264728e+00   3.488635e-08   6.014342e-03   4.998263e-10   4170
  1.284748e+00   3.387348e-08   5.682335e-03   4.721298e-10   3984
  1.305140e+00   3.426815e-08   5.739412e-03   4.778809e-10   4334
  1.325261e+00   3.234437e-08   5.324107e-03   4.663140e-10   4284
  1.345130e+00   3.138147e-08   6.444279e-03   4.383093e-10   4374
  1.365905e+00   3.033397e-08   5.700713e-03   3.907082e-10   5016
  1.386367e+00   2.937668e-08   5.485294e-03   3.970021e-10   4580
  1.406763e+00   2.954395e-08   6.448190e-03   3.676494e-10   5142
  1.427570e+00   2.881801e-08   6.198857e-03   3.616881e-10   5184
  1.447942e+00   2.702882e-08   4.866158e-03   3.375938e-10   5058
  1.467517e+00   2.665304e-08   5.757296e-03   3.237596e-10   5384
  1.488450e+00   2.614580e-08   6.536614e-03   3.118706e-10   5622
  1.508642e+00   2.496853e-08   5.492822e-03   2.819168e-10   5736
  1.528749e+00   2.478040e-08   5.032950e-03   2.891726e-10   5596
  1.548951e+00   2.396350e-08   6.274656e-03   2.681625e-10   6070
  1.568988e+00   2.301885e-08   4.742579e-03   2.535557e-10   6096
  1.589892e+00   2.228441e-08   5.993973e-03   2.401435e-10   6474
  1.609233e+00   2.270461e-08   5.699368e-03   2.549650e-10   6024
  1.629918e+00   2.187349e-08   5.784263e-03   2.206654e-10   7070
  1.650412e+00   2.174512e-08   4.694818e-03   2.284341e-10   6516
  1.670069e+00   2.134514e-08   5.724404e-03   2.124263e-10   6936
  1.690589e+00   2.025955e-08   5.721431e-03   1.997591e-10   7110
  1.710438e+00   2.031599e-08   4.430996e-03   2.014188e-10   7244
  1.731436e+00   1.967877e-08   6.253128e-03   1.837891e-10   7878
  1.751774e+00   1.951782e-08   6.043311e-03   1.825210e-10   7344
  1.771468e+00   1.886665e-08   6.264105e-03   1.765037e-10   7694
  1.791987e+00   1.876633e-08   6.030479e-03   1.612822e-10   8412
  1.812592e+00   1.824080e-08   6.261971e-03   1.654463e-10   7920
  1.832175e+00   1.790404e-08   5.370613e-03   1.606370e-10   8118
  1.852110e+00   1.771449e-08   6.024709e-03   1.497199e-10   8548
  1.872388e+00   1.742323e-08   6.231258e-03   1.441784e-10   8710
  1.892498e+00   1.683349e-08   5.417975e-03   1.384387e-10   8928
  1.913141e+00   1.698319e-08   5.963814e-03   1.404342e-10   9186
  1.932944e+00   1.647666e-08   6.601001e-03   1.302398e-10   9200
  1.953359e+00   1.684364e-08   5.515699e-03   1.354830e-10   9438
  1.973260e+00   1.624796e-08   7.827950e-03   1.256527e-10   9564
  1.993716e+00   1.605130e-08   6.002902e-03   1.174295e-10   10296
  2.014657e+00   1.543187e-08   5.215480e-03   1.135470e-10   10126
  2.034275e+00   1.529225e-08   6.570832e-03   1.150901e-10   10024
  2.055142e+00   1.571038e-08   4.600353e-03   1.132176e-10   11082
  2.075629e+00   1.525696e-08   7.098797e-03   1.116196e-10   10632
  2.095653e+00   1.496942e-08   5.167765e-03   1.066710e-10   10734
  2.115882e+00   1.508240e-08   6.364557e-03   1.052183e-10   11276
  2.136105e+00   1.455582e-08   5.651386e-03   1.015581e-10   11352
  2.156514e+00   1.453643e-08   5.973259e-03   9.802249e-11   11550
  2.176549e+00   1.456409e-08   5.506858e-03   9.896611e-11   11772
  2.196879e+00   1.435753e-08   6.872796e-03   9.683917e-11   12038
  2.216960e+00   1.433369e-08   8.490724e-03   9.675597e-11   12096
  2.237319e+00   1.432177e-08   6.746615e-03   9.240964e-11   12582
  2.257454e+00   1.382952e-08   1.962493e-03   8.683875e-11   12620
  2.278051e+00   1.402049e-08   7.145159e-03   8.727644e-11   13320
  2.298208e+00   1.394865e-08   6.517929e-03   9.115896e-11   12654
  2.317980e+00   1.363368e-08   1.279274e-03   8.465510e-11   13236
  2.338046e+00   1.356776e-08   9.384894e-03   8.365335e-11   13438
  2.358324e+00   1.336448e-08   9.219708e-03   8.008263e-11   14344
  2.379338e+00   1.340617e-08   5.676513e-03   7.999084e-11   14226
  2.399191e+00   1.342400e-08   4.506264e-03   8.035636e-11   14088
  2.419304e+00   1.352679e-08   0.000000e+00   8.073111e-11   14328
  2.439465e+00   1.309985e-08   6.375901e-03   7.556170e-11   14954
  2.459901e+00   1.311928e-08   4.919797e-03   7.371082e-11   15480
  2.480418e+00   1.306478e-08   6.579717e-03   7.514922e-11   14862
  2.499856e+00   1.297362e-08   7.943830e-03   7.260284e-11   15296
  2.520270e+00   1.298615e-08   7.481855e-03   7.158555e-11   15954
  2.540272e+00   1.276488e-08   6.290691e-03   7.021721e-11   15720
  2.560277e+00   1.283519e-08   2.873963e-03   6.931177e-11   16296
  2.580888e+00   1.276261e-08   3.884099e-03   6.902287e-11   17010
  2.600899e+00   1.269146e-08   3.299389e-03   6.977668e-11   16328
  2.621031e+00   1.265405e-08   3.345708e-03   6.569249e-11   17094
  2.641223e+00   1.268821e-08   8.411522e-03   6.622595e-11   17436
  2.661647e+00   1.262839e-08   8.550350e-03   6.672493e-11   17862
  2.682156e+00   1.238908e-08   7.227043e-03   6.406964e-11   18200
  2.702815e+00   1.247048e-08   9.421075e-04   6.367479e-11   18450
  2.723026e+00   1.241455e-08   3.528250e-03   6.344917e-11   18384
  2.743187e+00   1.240036e-08   5.695418e-03   6.240830e-11   18504
  2.763326e+00   1.237271e-08   4.273030e-03   6.233739e-11   19142
  2.783870e+00   1.229307e-08   5.888366e-03   6.015144e-11   19692
  2.804196e+00   1.217201e-08   5.810178e-03   6.102676e-11   19062
  2.824083e+00   1.216397e-08   0.000000e+00   5.901613e-11   20184
  2.844639e+00   1.205791e-08   7.261378e-03   5.739564e-11   19970
  2.864688e+00   1.203469e-08   0.000000e+00   5.739172e-11   20496
  2.885325e+00   1.203087e-08   8.445803e-03   5.643373e-11   21456
  2.905409e+00   1.191277e-08   5.663585e-03   5.666732e-11   19650
  2.925124e+00   1.187914e-08   9.366607e-03   5.447886e-11   22040
  2.945908e+00   1.190122e-08   1.274170e-02   5.590936e-11   21558
  2.965978e+00   1.201587e-08   0.000000e+00   5.516707e-11   21804
  2.986100e+00   1.194963e-08   7.833666e-03   5.587962e-11   21926
  3.006157e+00   1.184022e-08   9.339643e-03   5.441120e-11   22416
  3.026295e+00   1.181775e-08   8.264985e-03   5.346311e-11   22776
  3.047001e+00   1.164371e-08   6.558327e-03   5.115579e-11   23874
  3.067343e+00   1.164023e-08   0.000000e+00   5.141171e-11   23104
  3.087569e+00   1.164248e-08   8.934594e-04   5.091882e-11   23974
  3.107841e+00   1.168441e-08   1.353688e-02   5.112304e-11   23892
  3.127763e+00   1.163506e-08   0.000000e+00   5.176637e-11   23550
  3.147819e+00   1.161030e-08   6.595327e-03   4.999669e-11   25320
  3.168193e+00   1.144255e-08   1.169837e-02   4.995752e-11   24428
  3.188131e+00   1.143428e-08   7.697674e-03   4.848642e-11   25254
  3.208543e+00   1.148242e-08   0.000000e+00   4.855723e-11   26016
  3.228664e+00   1.144570e-08   2.120180e-03   4.879172e-11   25182
  3.248973e+00   1.140332e-08   3.216640e-03   4.656752e-11   27428
  3.269573e+00   1.140131e-08   5.570712e-03   4.774054e-11   25974
  3.289395e+00   1.138608e-08   8.624808e-03   4.686130e-11   26904
  3.309525e+00   1.134405e-08   3.233185e-03   4.740363e-11   26730
  3.329678e+00   1.132466e-08   0.000000e+00   4.582459e-11   27896
  3.350333e+00   1.128792e-08   1.020388e-02   4.486889e-11   28992
  3.371235e+00   1.122848e-08   2.603124e-03   4.470810e-11   28698
  3.391180e+00   1.127059e-08   0.000000e+00   4.559750e-11   27816
  3.411555e+00   1.111442e-08   0.000000e+00   4.349996e-11   29774
  3.431937e+00   1.117892e-08   6.874959e-03   4.437932e-11   29148
  3.451864e+00   1.109818e-08   0.000000e+00   4.372579e-11   28806
  3.471936e+00   1.104452e-08   1.114861e-02   4.270067e-11   30408
  3.492237e+00   1.103039e-08   0.000000e+00   4.330178e-11   30320
  3.512714e+00   1.100370e-08   0.000000e+00   4.223395e-11   30930
  3.533152e+00   1.107214e-08   0.000000e+00   4.228364e-11   31656
  3.553120e+00   1.085809e-08   1.100763e-03   4.248800e-11   30086
  3.573178e+00   1.091551e-08   1.304107e-02   4.039271e-11   32724
  3.593395e+00   1.106836e-08   7.529036e-03   4.229664e-11   30846
  3.613474e+00   1.088073e-08   1.633582e-03   4.044933e-11   33480
  3.633996e+00   1.092778e-08   1.052576e-02   4.064598e-11   32724
  3.654061e+00   1.081756e-08   6.881630e-03   4.021616e-11   32894
  3.674415e+00   1.083112e-08   0.000000e+00   3.927880e-11   34200
  3.694774e+00   1.075822e-08   8.280357e-03   3.963788e-11   33594
  3.714767e+00   1.084343e-08   8.679117e-04   3.999534e-11   34336
  3.735165e+00   1.073684e-08   2.480099e-03   3.884793e-11   34822
  3.755407e+00   1.065719e-08   0.000000e+00   3.827313e-11   35472
  3.775537e+00   1.065589e-08   0.000000e+00   3.829338e-11   34404
  3.795609e+00   1.058883e-08   0.000000e+00   3.757483e-11   36222
  3.815726e+00   1.067375e-08   5.781228e-03   3.854441e-11   35984
  3.836048e+00   1.046138e-08   8.375277e-03   3.643058e-11   36570
  3.856196e+00   1.056853e-08   0.000000e+00   3.656870e-11   37176
  3.876564e+00   1.050544e-08   0.000000e+00   3.638978e-11   37406
  3.896848e+00   1.038788e-08   0.000000e+00   3.560277e-11   38052
  3.916968e+00   1.048664e-08   0.000000e+00   3.622857e-11   37590
  3.937362e+00   1.035596e-08   1.032883e-02   3.538161e-11   39480
  3.957552e+00   1.047582e-08   0.000000e+00   3.601389e-11   38260
  3.977734e+00   1.030569e-08   1.017335e-02   3.452904e-11   39646
  3.998329e+00   1.036734e-08   5.491464e-03   3.430076e-11   40944
  4.018750e+00   1.020605e-08   0.000000e+00   3.453072e-11   39678
  4.038868e+00   1.026241e-08   0.000000e+00   3.437639e-11   40804
  4.059107e+00   1.024086e-08   0.000000e+00   3.380624e-11   40606
  4.079379e+00   1.023220e-08   1.362822e-02   3.317596e-11   42216
  4.099775e+00   1.021282e-08   0.000000e+00   3.332651e-11   41532
  4.119923e+00   1.012318e-08   0.000000e+00   3.329064e-11   41990
  4.139925e+00   1.009464e-08   1.424659e-02   3.273956e-11   42360
  4.160334e+00   1.008584e-08   5.403670e-03   3.256785e-11   43530
  4.180618e+00   1.005498e-08   7.920400e-03   3.198116e-11   43848
  4.200839e+00   1.009956e-08   0.000000e+00   3.280256e-11   42870
  4.221125e+00   1.004183e-08   1.391495e-02   3.126224e-11   46160
  4.241489e+00   9.876341e-09   5.322852e-03   3.170110e-11   43380
  4.261540e+00   9.958962e-09   0.000000e+00   3.163655e-11   45294
  4.281661e+00   9.914715e-09   1.290171e-02   3.090140e-11   45744
  4.302235e+00   9.901243e-09   0.000000e+00   3.064299e-11   46682
  4.322362e+00   9.872886e-09   7.258987e-03   3.104715e-11   45840
  4.342555e+00   9.758462e-09   0.000000e+00   3.003452e-11   47118
  4.362704e+00   9.749572e-09   1.872641e-02   3.010946e-11   47124
  4.382935e+00   9.681806e-09   4.167712e-03   2.958936e-11   47984
  4.403574e+00   9.752191e-09   8.598094e-03   2.910410e-11   49566
  4.423478e+00   9.694154e-09   4.865695e-03   3.033403e-11   46284
  4.443444e+00   9.643168e-09   1.354321e-02   2.892427e-11   49966
  4.463763e+00   9.651171e-09   1.050306e-02   2.912507e-11   49360
  4.483960e+00   9.611769e-09   1.952169e-03   2.865103e-11   49806
  4.504319e+00   9.634708e-09   1.111672e-02   2.815539e-11   51492
  4.524458e+00   9.579797e-09   1.478868e-02   2.869929e-11   49496
  4.544766e+00   9.459401e-09   1.484257e-02   2.745252e-11   53190
  4.565246e+00   9.511725e-09   0.000000e+00   2.792698e-11   51060
  4.585323e+00   9.463251e-09   0.000000e+00   2.747924e-11   52134
  4.605465e+00   9.417221e-09   9.409649e-03   2.760737e-11   53088
  4.625765e+00   9.389960e-09   6.231979e-03   2.733333e-11   52706
  4.646003e+00   9.370908e-09   1.034950e-02   2.663365e-11   54936
  4.666566e+00   9.383987e-09   0.000000e+00   2.677339e-11   53886
  4.686679e+00   9.278670e-09   0.000000e+00   2.669925e-11   54436
  4.706786e+00   9.362680e-09   0.000000e+00   2.651623e-11   55096
  4.727297e+00   9.225875e-09   0.000000e+00   2.580531e-11   56358
  4.747396e+00   9.252471e-09   0.000000e+00   2.639561e-11   55632
  4.767658e+00   9.211292e-09   1.953654e-02   2.598029e-11   56530
  4.787867e+00   9.220237e-09   0.000000e+00   2.577548e-11   57232
  4.808006e+00   9.107118e-09   0.000000e+00   2.565921e-11   56766
  4.828655e+00   9.100469e-09   0.000000e+00   2.483643e-11   60804
  4.848752e+00   9.106230e-09   0.000000e+00   2.558382e-11   55536
  4.868921e+00   9.088517e-09   2.440564e-02   2.449664e-11   61166
  4.889171e+00   9.087488e-09   0.000000e+00   2.547121e-11   57396
  4.909196e+00   9.005954e-09   1.190242e-02   2.440360e-11   60870
  4.929530e+00   8.897096e-09   0.000000e+00   2.404944e-11   60224
  4.949759e+00   8.946714e-09   1.686103e-02   2.409398e-11   61002
  4.970054e+00   8.981622e-09   1.585298e-02   2.417835e-11   62016
  4.990243e+00   8.903840e-09   0.000000e+00   2.401492e-11   60768
  5.010270e+00   8.877292e-09   2.264846e-02   2.341649e-11   62870
  5.030742e+00   8.859796e-09   8.347656e-03   2.348991e-11   63804
  5.051098e+00   8.771508e-09   1.089516e-02   2.324719e-11   63054
  5.070990e+00   8.794278e-09   8.957526e-03   2.347339e-11   63024
  5.091312e+00   8.732784e-09   0.000000e+00   2.298127e-11   65018
  5.111402e+00   8.748666e-09   1.503917e-02   2.301659e-11   64608
  5.131703e+00   8.629689e-09   0.000000e+00   2.228403e-11   65688
  5.151944e+00   8.643457e-09   2.212426e-02   2.226635e-11   65994
  5.172120e+00   8.600013e-09   0.000000e+00   2.231339e-11   66648
  5.192516e+00   8.621886e-09   1.522420e-02   2.210490e-11   67310
  5.212620e+00   8.587435e-09   0.000000e+00   2.219121e-11   67224
  5.232863e+00   8.547572e-09   6.176051e-03   2.176967e-11   68034
  5.253185e+00   8.530264e-09   0.000000e+00   2.155999e-11   69744
  5.273505e+00   8.443038e-09   1.141725e-02   2.130436e-11   68654
  5.294030e+00   8.452690e-09   1.504391e-02   2.092957e-11   72132
  5.314336e+00   8.421529e-09   8.649969e-03   2.140581e-11   68520
  5.334353e+00   8.393740e-09   1.470493e-02   2.096273e-11   71070
  5.354770e+00   8.343426e-09   0.000000e+00   2.097933e-11   71948
  5.374980e+00   8.350686e-09   2.248013e-02   2.065988e-11   71598
  5.395366e+00   8.305460e-09   0.000000e+00   2.036643e-11   73536
  5.415581e+00   8.244157e-09   2.676489e-02   2.037084e-11   71802
  5.435586e+00   8.330725e-09   0.000000e+00   2.024300e-11   73280
  5.455831e+00   8.219923e-09   0.000000e+00   2.006241e-11   73992
  5.476258e+00   8.187227e-09   1.271251e-02   1.979174e-11   75966
  5.496486e+00   8.181710e-09   0.000000e+00   1.978859e-11   74364
  5.516737e+00   8.121848e-09   1.547902e-02   1.963787e-11   76094
  5.536931e+00   8.120950e-09   0.000000e+00   1.950216e-11   76224
  5.557189e+00   8.134190e-09   9.350054e-03   1.963306e-11   76242
  5.577233e+00   8.086855e-09   0.000000e+00   1.936415e-11   76944
  5.597474e+00   8.056271e-09   0.000000e+00   1.904951e-11   78680
  5.618029e+00   8.074041e-09   1.746463e-02   1.890091e-11   79962
  5.638190e+00   8.019099e-09   9.121069e-03   1.906524e-11   77760
  5.658331e+00   7.944078e-09   2.070694e-02   1.870403e-11   79590
  5.678586e+00   7.922106e-09   0.000000e+00   1.828078e-11   80732
  5.698893e+00   7.923167e-09   2.601715e-02   1.844566e-11   81174
  5.719149e+00   7.914308e-09   9.008639e-03   1.846250e-11   80832
  5.738997e+00   7.860485e-09   2.602273e-02   1.829337e-11   79992
  5.759358e+00   7.818211e-09   0.000000e+00   1.782315e-11   84314
  5.779794e+00   7.803040e-09   0.000000e+00   1.796480e-11   83592
  5.800110e+00   7.799914e-09   1.959760e-02   1.781603e-11   83838
  5.820314e+00   7.797667e-09   0.000000e+00   1.782998e-11   83676
  5.840435e+00   7.750889e-09   1.332078e-02   1.758902e-11   84950
  5.860618e+00   7.712992e-09   0.000000e+00   1.747775e-11   84912
  5.880920e+00   7.681581e-09   2.365901e-02   1.718953e-11   87162
  5.901268e+00   7.656405e-09   0.000000e+00   1.718924e-11   86440
  5.921402e+00   7.636792e-09   0.000000e+00   1.722653e-11   86560
  5.941710e+00   7.587270e-09   3.082877e-03   1.684282e-11   88698
  5.961922e+00   7.563503e-09   2.943488e-02   1.658331e-11   88920
  5.982404e+00   7.556892e-09   0.000000e+00   1.689863e-11   88814
  6.002492e+00   7.523188e-09   7.194770e-03   1.660688e-11   90336
  6.022961e+00   7.489349e-09   0.000000e+00   1.640889e-11   90282
  6.043170e+00   7.451077e-09   0.000000e+00   1.644153e-11   90840
  6.063220e+00   7.420788e-09   2.202253e-02   1.630506e-11   91128
  6.083665e+00   7.438443e-09   0.000000e+00   1.597990e-11   92690
  6.103787e+00   7.410244e-09   0.000000e+00   1.613469e-11   92160
  6.124085e+00   7.389679e-09   0.000000e+00   1.593234e-11   93534
  6.144230e+00   7.359507e-09   0.000000e+00   1.580956e-11   93484
  6.164471e+00   7.323739e-09   4.835898e-03   1.577729e-11   95206
  6.184881e+00   7.362410e-09   1.022755e-02   1.572540e-11   96048
  6.204962e+00   7.266282e-09   9.469019e-03   1.557157e-11   93600
  6.225166e+00   7.232247e-09   0.000000e+00   1.525058e-11   97410
  6.245404e+00   7.238637e-09   2.662446e-02   1.520533e-11   97856
  6.265842e+00   7.217017e-09   0.000000e+00   1.533469e-11   97278
  6.286003e+00   7.145339e-09   1.619829e-02   1.503354e-11   98916
  6.306173e+00   7.157642e-09   0.000000e+00   1.525663e-11   96894
  6.326242e+00   7.117060e-09   0.000000e+00   1.478146e-11   100976
  6.346692e+00   7.121779e-09   0.000000e+00   1.483241e-11   100164
  6.366819e+00   7.080200e-09   0.000000e+00   1.465442e-11   100014
  6.386824e+00   7.033866e-09   1.992480e-02   1.455397e-11   101040
  6.407163e+00   7.040323e-09   0.000000e+00   1.452217e-11   102338
  6.427305e+00   7.011085e-09   1.232603e-02   1.445515e-11   102912
  6.447745e+00   6.993376e-09   0.000000e+00   1.427290e-11   104238
  6.467835e+00   7.009501e-09   1.879643e-02   1.454016e-11   103104
  6.488105e+00   6.944418e-09   1.710499e-02   1.407289e-11   105404
  6.508426e+00   6.923300e-09   0.000000e+00   1.403352e-11   105198
  6.528643e+00   6.889133e-09   0.000000e+00   1.389817e-11   106632
  6.548965e+00   6.887671e-09   2.517827e-02   1.389458e-11   106706
  6.569172e+00   6.854084e-09   0.000000e+00   1.380849e-11   106992
  6.589612e+00   6.849928e-09   0.000000e+00   1.361424e-11   110118
  6.609853e+00   6.810807e-09   3.100053e-02   1.370849e-11   108084
  6.629982e+00   6.793500e-09   1.151556e-02   1.358964e-11   108222
  6.650335e+00   6.800970e-09   0.000000e+00   1.344456e-11   112160
  6.670492e+00   6.745513e-09   1.870684e-02   1.350763e-11   108492
  6.690746e+00   6.753122e-09   2.176397e-02   1.328883e-11   113262
  6.711073e+00   6.728499e-09   0.000000e+00   1.331542e-11   111360
  6.731429e+00   6.673984e-09   0.000000e+00   1.302797e-11   114182
  6.751627e+00   6.651643e-09   3.237876e-02   1.308278e-11   112884
  6.771896e+00   6.648211e-09   5.730074e-03   1.297764e-11   113934
  6.792017e+00   6.637353e-09   1.283222e-03   1.291010e-11   114504
  6.812469e+00   6.607199e-09   0.000000e+00   1.273694e-11   117500
  6.832645e+00   6.578390e-09   2.317249e-02   1.283091e-11   114102
  6.852838e+00   6.571366e-09   8.488112e-03   1.258702e-11   118584
  6.873150e+00   6.554963e-09   0.000000e+00   1.276260e-11   115546
  6.893137e+00   6.505523e-09   2.064265e-02   1.247368e-11   118984
  6.913627e+00   6.477391e-09   0.000000e+00   1.237416e-11   119526
  6.933787e+00   6.470235e-09   2.329047e-03   1.237389e-11   119436
  6.953934e+00   6.432197e-09   0.000000e+00   1.235201e-11   118632
  6.974109e+00   6.454572e-09   2.316249e-02   1.222010e-11   122510
  6.994465e+00   6.397729e-09   0.000000e+00   1.214761e-11   121680
  7.014752e+00   6.425255e-09   0.000000e+00   1.216288e-11   121434
  7.034817e+00   6.363089e-09   0.000000e+00   1.189505e-11   123928
  7.055148e+00   6.353935e-09   0.000000e+00   1.189498e-11   123910
  7.075428e+00   6.327125e-09   0.000000e+00   1.185575e-11   124452
  7.095649e+00   6.310696e-09   0.000000e+00   1.172381e-11   125376
  7.115874e+00   6.256022e-09   2.066505e-02   1.156246e-11   126638
  7.136112e+00   6.305168e-09   6.730033e-03   1.174976e-11   125844
  7.156364e+00   6.235023e-09   0.000000e+00   1.146950e-11   128142
  7.176639e+00   6.209138e-09   7.065911e-03   1.144853e-11   128136
  7.196779e+00   6.184036e-09   8.790755e-03   1.154614e-11   127642
  7.217074e+00   6.157817e-09   0.000000e+00   1.120856e-11   131968
  7.237598e+00   6.138549e-09   0.000000e+00   1.114317e-11   130326
  7.257722e+00   6.146884e-09   2.134773e-02   1.124154e-11   131688
  7.277957e+00   6.111731e-09   8.998310e-03   1.122153e-11   130212
  7.298112e+00   6.064810e-09   0.000000e+00   1.100776e-11   132686
  7.318517e+00   6.054945e-09   0.000000e+00   1.084143e-11   135960
  7.338830e+00   6.038173e-09   1.571469e-02   1.095505e-11   131562
  7.358718e+00   5.994312e-09   1.281821e-02   1.077651e-11   134016
  7.379095e+00   5.965535e-09   0.000000e+00   1.062779e-11   136478
  7.399347e+00   5.979503e-09   2.778300e-02   1.061225e-11   136812
  7.419681e+00   5.957415e-09   1.761441e-02   1.053845e-11   137856
  7.439937e+00   5.945270e-09   0.000000e+00   1.063082e-11   135862
  7.460080e+00   5.916394e-09   0.000000e+00   1.037203e-11   140056
  7.480476e+00   5.895972e-09   2.417726e-02   1.036383e-11   139602
  7.500678e+00   5.889520e-09   0.000000e+00   1.038361e-11   139080
  7.520869e+00   5.826591e-09   0.000000e+00   1.022813e-11   140678
  7.541139e+00   5.816614e-09   1.326450e-02   1.015130e-11   142884
  7.561330e+00   5.783272e-09   1.035026e-02   1.018058e-11   139992
  7.581565e+00   5.799245e-09   0.000000e+00   1.000056e-11   144966
  7.601914e+00   5.758946e-09   0.000000e+00   9.996805e-12   143364
  7.622072e+00   5.728845e-09   1.886911e-02   9.875757e-12   144518
  7.642263e+00   5.696020e-09   1.948601e-02   9.757734e-12   145200
  7.662420e+00   5.703467e-09   0.000000e+00   9.923966e-12   143466
  7.682525e+00   5.660905e-09   0.000000e+00   9.610676e-12   148824
  7.702777e+00   5.637411e-09   1.568166e-02   9.713870e-12   145544
  7.722878e+00   5.610852e-09   0.000000e+00   9.573435e-12   148590
  7.743229e+00   5.602550e-09   0.000000e+00   9.507446e-12   150540
  7.763553e+00   5.599265e-09   2.682566e-02   9.494969e-12   150134
  7.783790e+00   5.563380e-09   0.000000e+00   9.398487e-12   151296
  7.804220e+00   5.546628e-09   0.000000e+00   9.308682e-12   152058
  7.824258e+00   5.539936e-09   1.593465e-02   9.380417e-12   150864
  7.844503e+00   5.502288e-09   1.470618e-02   9.232060e-12   154310
  7.864954e+00   5.476303e-09   0.000000e+00   9.112488e-12   155172
  7.885186e+00   5.462264e-09   0.000000e+00   9.082308e-12   154128
  7.905616e+00   5.438650e-09   1.195699e-02   8.969457e-12   158310
  7.925764e+00   5.412291e-09   1.908582e-02   9.042533e-12   153436
  7.945929e+00   5.418407e-09   0.000000e+00   8.967592e-12   157726
  7.966377e+00   5.381553e-09   0.000000e+00   8.780258e-12   160368
  7.986533e+00   5.369884e-09   7.754825e-03   8.901801e-12   155718
  8.006647e+00   5.367999e-09   0.000000e+00   8.795529e-12   160028
  8.026900e+00   5.313435e-09   0.000000e+00   8.668408e-12   160920
  8.047188e+00   5.314033e-09   1.313916e-02   8.672722e-12   161070
  8.067470e+00   5.278565e-09   3.009448e-02   8.562830e-12   163428
  8.087636e+00   5.293499e-09   0.000000e+00   8.659450e-12   159574
  8.107944e+00   5.261052e-09   0.000000e+00   8.473726e-12   167392
  8.128263e+00   5.246294e-09   2.421702e-02   8.572892e-12   162258
  8.148439e+00   5.227253e-09   1.328570e-02   8.395439e-12   167472
  8.168758e+00   5.195936e-09   0.000000e+00   8.378866e-12   163664
  8.188840e+00   5.181331e-09   0.000000e+00   8.258431e-12   166986
  8.209138e+00   5.149614e-09   1.693829e-02   8.208973e-12   169968
  8.229594e+00   5.157484e-09   0.000000e+00   8.227770e-12   167646
  8.249575e+00   5.120189e-09   0.000000e+00   8.170039e-12   168080
  8.269840e+00   5.113366e-09   1.564281e-02   8.066877e-12   170826
  8.290116e+00   5.080756e-09   0.000000e+00   8.054870e-12   170928
  8.310207e+00   5.085241e-09   1.660453e-02   8.085456e-12   170640
  8.330552e+00   5.051592e-09   0.000000e+00   7.943179e-12   173954
  8.350719e+00   5.027564e-09   2.668914e-02   7.845319e-12   173232
  8.371035e+00   5.025059e-09   0.000000e+00   7.885747e-12   174150
  8.391292e+00   4.987924e-09   0.000000e+00   7.767847e-12   176364
  8.411516e+00   4.984515e-09   1.616049e-02   7.755612e-12   175302
  8.431752e+00   4.977018e-09   7.401452e-03   7.782982e-12   177392
  8.451927e+00   4.971142e-09   1.788648e-02   7.755552e-12   176352
  8.472258e+00   4.940937e-09   0.000000e+00   7.566133e-12   180330
  8.492584e+00   4.910965e-09   1.001124e-02   7.614361e-12   180712
  8.512823e+00   4.918683e-09   1.548473e-02   7.629249e-12   179350
  8.533122e+00   4.903089e-09   1.412258e-02   7.473043e-12   183396
  8.553474e+00   4.882815e-09   0.000000e+00   7.516682e-12   180390
  8.573471e+00   4.860989e-09   0.000000e+00   7.456644e-12   181944
  8.593810e+00   4.832499e-09   0.000000e+00   7.353512e-12   185450
  8.614195e+00   4.809596e-09   7.388876e-03   7.280492e-12   186192
  8.634349e+00   4.813769e-09   1.957985e-02   7.365220e-12   183432
  8.654529e+00   4.790199e-09   0.000000e+00   7.270437e-12   185362
  8.674668e+00   4.803081e-09   4.566669e-03   7.271918e-12   188464
  8.695073e+00   4.776854e-09   0.000000e+00   7.211429e-12   188046
  8.715340e+00   4.762193e-09   1.318725e-02   7.128327e-12   191304
  8.735543e+00   4.721590e-09   2.429614e-02   7.115155e-12   186690
  8.755841e+00   4.701279e-09   0.000000e+00   6.969381e-12   194072
  8.776007e+00   4.699904e-09   2.036196e-02   7.091300e-12   188688
  8.796170e+00   4.692267e-09   0.000000e+00   7.009746e-12   192786
  8.816360e+00   4.679598e-09   9.417675e-03   6.955045e-12   193352
  8.836763e+00   4.663080e-09   0.000000e+00   6.885982e-12   195702
  8.856951e+00   4.645378e-09   2.790700e-02   6.874981e-12   195132
  8.877224e+00   4.619524e-09   0.000000e+00   6.827158e-12   195726
  8.897424e+00   4.614310e-09   0.000000e+00   6.804489e-12   197416
  8.917635e+00   4.593954e-09   6.405206e-03   6.793424e-12   196564
  8.937911e+00   4.575202e-09   1.953170e-02   6.656507e-12   201198
  8.958150e+00   4.572730e-09   0.000000e+00   6.773738e-12   197136
  8.978232e+00   4.563790e-09   0.000000e+00   6.696831e-12   199358
  8.998408e+00   4.538107e-09   2.737721e-02   6.594878e-12   203532
  9.018805e+00   4.518500e-09   0.000000e+00   6.603748e-12   201438
  9.039006e+00   4.508621e-09   0.000000e+00   6.529206e-12   203664
  9.059199e+00   4.482068e-09   2.660803e-02   6.522043e-12   203972
  9.079435e+00   4.490970e-09   2.118533e-02   6.505853e-12   205974
  9.099754e+00   4.460910e-09   0.000000e+00   6.442681e-12   205752
  9.120103e+00   4.465265e-09   0.000000e+00   6.432174e-12   207810
  9.140114e+00   4.437923e-09   3.504910e-02   6.385419e-12   206384
  9.160530e+00   4.420542e-09   0.000000e+00   6.308769e-12   210966
  9.180839e+00   4.415808e-09   0.000000e+00   6.338743e-12   210516
  9.201117e+00   4.396098e-09   0.000000e+00   6.277873e-12   209766
  9.221261e+00   4.380094e-09   3.957270e-02   6.213857e-12   212376
  9.241567e+00   4.375766e-09   0.000000e+00   6.212463e-12   212960
  9.261979e+00   4.359002e-09   0.000000e+00   6.144506e-12   214626
  9.282119e+00   4.355742e-09   2.867667e-02   6.140264e-12   213696
  9.302353e+00   4.318753e-09   2.845963e-02   6.073184e-12   215734
  9.322542e+00   4.312510e-09   0.000000e+00   6.099587e-12   213220
  9.342742e+00   4.291464e-09   0.000000e+00   6.011763e-12   219102
  9.363057e+00   4.291940e-09   3.334871e-02   5.958040e-12   220872
  9.383271e+00   4.265865e-09   4.871323e-02   6.014195e-12   216556
  9.403501e+00   4.270867e-09   3.795061e-02   5.975755e-12   221494
  9.423682e+00   4.245395e-09   4.203670e-02   5.952572e-12   219096
  9.443993e+00   4.240435e-09   3.009984e-02   5.872847e-12   224262
  9.464371e+00   4.218017e-09   0.000000e+00   5.858495e-12   222508
  9.484615e+00   4.194754e-09   0.000000e+00   5.793775e-12   222502
  9.504703e+00   4.208007e-09   3.918950e-02   5.753940e-12   227280
  9.525038e+00   4.184921e-09   1.952345e-02   5.759326e-12   223644
  9.545252e+00   4.173730e-09   0.000000e+00   5.744205e-12   226222
  9.565491e+00   4.160014e-09   0.000000e+00   5.687083e-12   229840
  9.585790e+00   4.143305e-09   2.587964e-02   5.684942e-12   228042
  9.605888e+00   4.133084e-09   0.000000e+00   5.666678e-12   227472
  9.626109e+00   4.124479e-09   0.000000e+00   5.629712e-12   230990
  9.646385e+00   4.121054e-09   8.644839e-03   5.580326e-12   233532
  9.666620e+00   4.106485e-09   2.916995e-02   5.606515e-12   231288
  9.686949e+00   4.093808e-09   0.000000e+00   5.555016e-12   233718
  9.707048e+00   4.072873e-09   0.000000e+00   5.533032e-12   232704
  9.727332e+00   4.055911e-09   3.036237e-02   5.440460e-12   239282
  9.747652e+00   4.053144e-09   3.683085e-02   5.492630e-12   234912
  9.767997e+00   4.036762e-09   0.000000e+00   5.421298e-12   238278
  9.788069e+00   4.048070e-09   3.629038e-02   5.446923e-12   237460
  9.808159e+00   4.018309e-09   2.629490e-02   5.422207e-12   236662
  9.828633e+00   4.020099e-09   0.000000e+00   5.327466e-12   246336
  9.849103e+00   4.002559e-09   0.000000e+00   5.332630e-12   241092
  9.869227e+00   3.991303e-09   3.374391e-02   5.297468e-12   242414
  9.889508e+00   3.974319e-09   1.286430e-02   5.292043e-12   243552
  9.909811e+00   3.959495e-09   0.000000e+00   5.248070e-12   243474
  9.929872e+00   3.944170e-09   2.368894e-02   5.209099e-12   245112
  9.950184e+00   3.933524e-09   2.611504e-02   5.181502e-12   246894
  9.970398e+00   3.928387e-09   1.948081e-02   5.190968e-12   247448
  9.990729e+00   3.918126e-09   0.000000e+00   5.190380e-12   247404
  1.001083e+01   3.919905e-09   3.848325e-02   5.146031e-12   249990
  1.003099e+01   3.914526e-09   3.653158e-02   5.148366e-12   249512
  1.005146e+01   3.901796e-09   0.000000e+00   5.065948e-12   253890
  1.007167e+01   3.863907e-09   0.000000e+00   5.064516e-12   250728
  1.009176e+01   3.865206e-09   4.670807e-02   5.028931e-12   253950
  1.011209e+01   3.864726e-09   0.000000e+00   5.033949e-12   254140
  1.013236e+01   3.844604e-09   0.000000e+00   4.967896e-12   255880
  1.015264e+01   3.830054e-09   2.989392e-02   4.922742e-12   258942
  1.017273e+01   3.831306e-09   4.474068e-02   4.984806e-12   253836
  1.019308e+01   3.818890e-09   0.000000e+00   4.921244e-12   260534
  1.021339e+01   3.802712e-09   0.000000e+00   4.929442e-12   259992
  1.023345e+01   3.779211e-09   4.570382e-02   4.887546e-12   258894
  1.025374e+01   3.795199e-09   3.619832e-02   4.864490e-12   263364
  1.027404e+01   3.775309e-09   0.000000e+00   4.879121e-12   259536
  1.029404e+01   3.765712e-09   2.054292e-02   4.819774e-12   263438
  1.031427e+01   3.747864e-09   4.160709e-02   4.765041e-12   265740
  1.033461e+01   3.755529e-09   0.000000e+00   4.796649e-12   264894
  1.035491e+01   3.727496e-09   0.000000e+00   4.726509e-12   269184
  1.037510e+01   3.735090e-09   3.954289e-02   4.758385e-12   266138
  1.039529e+01   3.718951e-09   2.800826e-02   4.713431e-12   270528
  1.041568e+01   3.704884e-09   0.000000e+00   4.689312e-12   268182
  1.043580e+01   3.703430e-09   0.000000e+00   4.682843e-12   270960
  1.045597e+01   3.688678e-09   4.832129e-02   4.645770e-12   274580
  1.047660e+01   3.695630e-09   0.000000e+00   4.635074e-12   276078
  1.049687e+01   3.668734e-09   0.000000e+00   4.608473e-12   273600
  1.051700e+01   3.682929e-09   4.011849e-02   4.642520e-12   274698
  1.053721e+01   3.655583e-09   4.248004e-02   4.589281e-12   276920
  1.055758e+01   3.642034e-09   0.000000e+00   4.560105e-12   276774
  1.057783e+01   3.651338e-09   0.000000e+00   4.550732e-12   279972
  1.059787e+01   3.636575e-09   3.432037e-02   4.549563e-12   276144
  1.061817e+01   3.633046e-09   1.622943e-02   4.521941e-12   282590
  1.063851e+01   3.616534e-09   0.000000e+00   4.498597e-12   282300
  1.065876e+01   3.617531e-09   0.000000e+00   4.493107e-12   283926
  1.067881e+01   3.608342e-09   4.611756e-02   4.505530e-12   279792
  1.069920e+01   3.590378e-09   0.000000e+00   4.418722e-12   287870
  1.071957e+01   3.595372e-09   0.000000e+00   4.454743e-12   286428
  1.073959e+01   3.592697e-09   4.503208e-02   4.454808e-12   284808
  1.075985e+01   3.580400e-09   1.497861e-02   4.395370e-12   289158
  1.078023e+01   3.560475e-09   0.000000e+00   4.375722e-12   290204
  1.080046e+01   3.577600e-09   0.000000e+00   4.371076e-12   290382
  1.082061e+01   3.552474e-09   3.061018e-02   4.346455e-12   291912
  1.084097e+01   3.549674e-09   0.000000e+00   4.361444e-12   290754
  1.086111e+01   3.541214e-09   1.751788e-02   4.318695e-12   296096
  1.088147e+01   3.535916e-09   2.601803e-02   4.338167e-12   294552
  1.090159e+01   3.543927e-09   4.549277e-02   4.334393e-12   293466
  1.092180e+01   3.522693e-09   0.000000e+00   4.290681e-12   296904
  1.094212e+01   3.522304e-09   0.000000e+00   4.287527e-12   298358
  1.096213e+01   3.525394e-09   4.444830e-02   4.301197e-12   297840
  1.098251e+01   3.515146e-09   1.689800e-02   4.257027e-12   301338
  1.100284e+01   3.502447e-09   0.000000e+00   4.268114e-12   300336
  1.102287e+01   3.494077e-09   4.807553e-02   4.221642e-12   303584
  1.104323e+01   3.503501e-09   3.973269e-02   4.237561e-12   304098
  1.106362e+01   3.490350e-09   0.000000e+00   4.226431e-12   304488
  1.108375e+01   3.488341e-09   4.429418e-02   4.199379e-12   306678
  1.110405e+01   3.483684e-09   0.000000e+00   4.222610e-12   305732
  1.112430e+01   3.468768e-09   1.556993e-02   4.159643e-12   309894
  1.114461e+01   3.469315e-09   2.338386e-02   4.189312e-12   310200
  1.116485e+01   3.457278e-09   0.000000e+00   4.171128e-12   307074
  1.118499e+01   3.466997e-09   4.518789e-02   4.125753e-12   315656
  1.120542e+01   3.450216e-09   0.000000e+00   4.155365e-12   310704
  1.122575e+01   3.450309e-09   0.000000e+00   4.127502e-12   314310
  1.124565e+01   3.449369e-09   5.346437e-02   4.164447e-12   312412
  1.126607e+01   3.430926e-09   0.000000e+00   4.076977e-12   318310
  1.128641e+01   3.447244e-09   0.000000e+00   4.136813e-12   315648
  1.130649e+01   3.434226e-09   4.199885e-02   4.064345e-12   320610
  1.132671e+01   3.434883e-09   0.000000e+00   4.135570e-12   313944
  1.134697e+01   3.418216e-09   0.000000e+00   4.034442e-12   325880
  1.136725e+01   3.436063e-09   4.297119e-02   4.120816e-12   319146
  1.138752e+01   3.419083e-09   0.000000e+00   4.074678e-12   322896
  1.140760e+01   3.417893e-09   4.711227e-02   4.059738e-12   322206
  1.142792e+01   3.408663e-09   0.000000e+00   4.045428e-12   327416
  1.144835e+01   3.409516e-09   0.000000e+00   4.040934e-12   325602
  1.146834e+01   3.413170e-09   5.751373e-02   4.037853e-12   328248
  1.148866e+01   3.401065e-09   0.000000e+00   4.049917e-12   326088
  1.150908e+01   3.407250e-09   0.000000e+00   4.037361e-12   331658
  1.152907e+01   3.390794e-09   5.189223e-02   3.986664e-12   331584
  1.154944e+01   3.381546e-09   2.403098e-02   3.998230e-12   330630
  1.156976e+01   3.406430e-09   0.000000e+00   4.054464e-12   333204
  1.158972e+01   3.394807e-09   5.897245e-02   4.024983e-12   333470
  1.161019e+01   3.400570e-09   0.000000e+00   4.029400e-12   335688
  1.163031e+01   3.375479e-09   1.969541e-02   3.970677e-12   336828
  1.165052e+01   3.388930e-09   2.747241e-02   4.015572e-12   337662
  1.167092e+01   3.376494e-09   0.000000e+00   3.991811e-12   338960
  1.169084e+01   3.374920e-09   5.343654e-02   4.000724e-12   338262
  1.171119e+01   3.370936e-09   4.523328e-02   3.952799e-12   344388
  1.173173e+01   3.372553e-09   0.000000e+00   3.944457e-12   342486
  1.175158e+01   3.374454e-09   6.814448e-02   3.975561e-12   343592
  1.177209e+01   3.356130e-09   6.351978e-03   3.932318e-12   347130
  1.179251e+01   3.377086e-09   0.000000e+00   3.973733e-12   346152
  1.181244e+01   3.371771e-09   6.491791e-02   3.976382e-12   345856
  1.183291e+01   3.375486e-09   0.000000e+00   3.968137e-12   349354
  1.185320e+01   3.370713e-09   0.000000e+00   3.943593e-12   352032
  1.187332e+01   3.369787e-09   5.435084e-02   3.948507e-12   348582
  1.189375e+01   3.371787e-09   0.000000e+00   3.954262e-12   352244
  1.191364e+01   3.355534e-09   6.627837e-02   3.917213e-12   351582
  1.193405e+01   3.376337e-09   1.167474e-02   3.960082e-12   357144
  1.195452e+01   3.370530e-09   0.000000e+00   3.942627e-12   355560
  1.197446e+01   3.361567e-09   6.202411e-02   3.956968e-12   354551
  1.199485e+01   3.349740e-09   8.369382e-03   3.907685e-12   358044
  1.201531e+01   3.330925e-09   0.000000e+00   3.889622e-12   355272
  1.203516e+01   3.320805e-09   6.793897e-02   3.896147e-12   352044
  1.205550e+01   3.319019e-09   0.000000e+00   3.893633e-12   352344
  1.207583e+01   3.296611e-09   0.000000e+00   3.824926e-12   356516
  1.209593e+01   3.288044e-09   4.750359e-02   3.854305e-12   352848
  1.211652e+01   3.278073e-09   0.000000e+00   3.812563e-12   352980
  1.213648e+01   3.257284e-09   4.036015e-02   3.816432e-12   348948
  1.215670e+01   3.253536e-09   3.497783e-02   3.760939e-12   351692
  1.217729e+01   3.238127e-09   0.000000e+00   3.753867e-12   353064
  1.219717e+01   3.231970e-09   6.047057e-02   3.775501e-12   345624
  1.221740e+01   3.212326e-09   0.000000e+00   3.713186e-12   347844
  1.223787e+01   3.207352e-09   0.000000e+00   3.693194e-12   351020
  1.225784e+01   3.192826e-09   5.682459e-02   3.695514e-12   345852
  1.227818e+01   3.186352e-09   1.070526e-02   3.692332e-12   347040
  1.229855e+01   3.165310e-09   0.000000e+00   3.674183e-12   345928
  1.231852e+01   3.168994e-09   5.703993e-02   3.666486e-12   347020
  1.233898e+01   3.139186e-09   0.000000e+00   3.631211e-12   343032
  1.235915e+01   3.134818e-09   0.000000e+00   3.611790e-12   343620
  1.237922e+01   3.135436e-09   5.870520e-02   3.605748e-12   343988
  1.239983e+01   3.119293e-09   0.000000e+00   3.566006e-12   344556
  1.241988e+01   3.107360e-09   4.267186e-02   3.566676e-12   343632
  1.244027e+01   3.105536e-09   0.000000e+00   3.580270e-12   340392
  1.246062e+01   3.093616e-09   0.000000e+00   3.561381e-12   339408
  1.248051e+01   3.083985e-09   7.245366e-02   3.534887e-12   341864
  1.250106e+01   3.069169e-09   0.000000e+00   3.526885e-12   341964
  1.252140e+01   3.063660e-09   0.000000e+00   3.537031e-12   334380
  1.254111e+01   3.056544e-09   6.792448e-02   3.507768e-12   336504
  1.256164e+01   3.054036e-09   1.674787e-02   3.512535e-12   339560
  1.258197e+01   3.039179e-09   0.000000e+00   3.479717e-12   336384
  1.260204e+01   3.024375e-09   7.186027e-02   3.469921e-12   337404
  1.262252e+01   3.013858e-09   0.000000e+00   3.474092e-12   330156
  1.264247e+01   3.015217e-09   5.630549e-02   3.458976e-12   337808
  1.266291e+01   2.993860e-09   0.000000e+00   3.453212e-12   332748
  1.268331e+01   2.995334e-09   0.000000e+00   3.422145e-12   333612
  1.270325e+01   2.979770e-09   5.740873e-02   3.419863e-12   331860
  1.272358e+01   2.967893e-09   2.560011e-02   3.426401e-12   328376
  1.274388e+01   2.956323e-09   0.000000e+00   3.380986e-12   331140
  1.276394e+01   2.949019e-09   6.890719e-02   3.366137e-12   332988
  1.278429e+01   2.944587e-09   2.731929e-02   3.396789e-12   325224
  1.280470e+01   2.935957e-09   0.000000e+00   3.348778e-12   331544
  1.282473e+01   2.920225e-09   6.449738e-02   3.346441e-12   327264
  1.284507e+01   2.909310e-09   0.000000e+00   3.347593e-12   322308
  1.286522e+01   2.911554e-09   2.321348e-02   3.334972e-12   328136
  1.288528e+01   2.896135e-09   4.858680e-02   3.334992e-12   323172
  1.290581e+01   2.898565e-09   0.000000e+00   3.319655e-12   325248
  1.292583e+01   2.893608e-09   6.109006e-02   3.337018e-12   324096
  1.294612e+01   2.877248e-09   0.000000e+00   3.291707e-12   321540
  1.296661e+01   2.866476e-09   0.000000e+00   3.279864e-12   323744
  1.298643e+01   2.867273e-09   6.795142e-02   3.300185e-12   317400
  1.300679e+01   2.863062e-09   1.881318e-02   3.293629e-12   322560
  1.302731e+01   2.845689e-09   0.000000e+00   3.258900e-12   320076
  1.304720e+01   2.839190e-09   6.985503e-02   3.261441e-12   317204
  1.306784e+01   2.825567e-09   0.000000e+00   3.229861e-12   323064
  1.308817e+01   2.829116e-09   0.000000e+00   3.260596e-12   315204
  1.310801e+01   2.815072e-09   7.596125e-02   3.236081e-12   315416
  1.312872e+01   2.802751e-09   0.000000e+00   3.223240e-12   316884
  1.314868e+01   2.801360e-09   4.595835e-02   3.242960e-12   312876
  1.316891e+01   2.798258e-09   5.361622e-02   3.224661e-12   315540
  1.318952e+01   2.799733e-09   0.000000e+00   3.224512e-12   312576
  1.320931e+01   2.787902e-09   7.575446e-02   3.212310e-12   312140
  1.322977e+01   2.777266e-09   1.907976e-02   3.203034e-12   310356
  1.325022e+01   2.767113e-09   0.000000e+00   3.173263e-12   311232
  1.327002e+01   2.770051e-09   6.807216e-02   3.205967e-12   307584
  1.329050e+01   2.763776e-09   3.260891e-02   3.186127e-12   310616
  1.331081e+01   2.754205e-09   0.000000e+00   3.197676e-12   304200
  1.333062e+01   2.750456e-09   7.555618e-02   3.189604e-12   306792
  1.335127e+01   2.750193e-09   0.000000e+00   3.182021e-12   306168
  1.337128e+01   2.735236e-09   0.000000e+00   3.170082e-12   304448
  1.339159e+01   2.730690e-09   6.636238e-02   3.138203e-12   308580
  1.341216e+01   2.721692e-09   0.000000e+00   3.170401e-12   299568
  1.343196e+01   2.709345e-09   6.501602e-02   3.127600e-12   304416
  1.345248e+01   2.712578e-09   3.616415e-02   3.141529e-12   302216
  1.347289e+01   2.709057e-09   0.000000e+00   3.144487e-12   300084
  1.349278e+01   2.704908e-09   8.232719e-02   3.160450e-12   299340
  1.351313e+01   2.704279e-09   0.000000e+00   3.167595e-12   296688
  1.353351e+01   2.686840e-09   0.000000e+00   3.137031e-12   298820
  1.355339e+01   2.684935e-09   7.922789e-02   3.116678e-12   296916
  1.357395e+01   2.681701e-09   0.000000e+00   3.141338e-12   295920
  1.359407e+01   2.670268e-09   3.627403e-03   3.130513e-12   292692
  1.361403e+01   2.669124e-09   7.257064e-02   3.109073e-12   295892
  1.363478e+01   2.667261e-09   0.000000e+00   3.123997e-12   293064
  1.365474e+01   2.653105e-09   3.987285e-02   3.094652e-12   293220
  1.367491e+01   2.661124e-09   3.577042e-02   3.138647e-12   286804
  1.369536e+01   2.649354e-09   0.000000e+00   3.086781e-12   293080
  1.371539e+01   2.642240e-09   7.197335e-02   3.084101e-12   291816
  1.373592e+01   2.648772e-09   0.000000e+00   3.114273e-12   287784
  1.375625e+01   2.634033e-09   0.000000e+00   3.091555e-12   286760
  1.377611e+01   2.628737e-09   7.602268e-02   3.086058e-12   287088
  1.379659e+01   2.625089e-09   0.000000e+00   3.078200e-12   286176
  1.381700e+01   2.618571e-09   0.000000e+00   3.077631e-12   284184
  1.383681e+01   2.616954e-09   6.750205e-02   3.095323e-12   282220
  1.385749e+01   2.614076e-09   0.000000e+00   3.070522e-12   284452
  1.387753e+01   2.604921e-09   0.000000e+00   3.086438e-12   279516
  1.389763e+01   2.600867e-09   7.317281e-02   3.065931e-12   282696
  1.391834e+01   2.606949e-09   0.000000e+00   3.090111e-12   278676
  1.393814e+01   2.593447e-09   7.540342e-02   3.073105e-12   279512
  1.395854e+01   2.589267e-09   8.641140e-03   3.079188e-12   276672
  1.397899e+01   2.583974e-09   0.000000e+00   3.072294e-12   276036
  1.399870e+01   2.574128e-09   7.373142e-02   3.052091e-12   274416
  1.401919e+01   2.579770e-09   3.311594e-02   3.067579e-12   275384
  1.403966e+01   2.576291e-09   0.000000e+00   3.075170e-12   274560
  1.405954e+01   2.568282e-09   8.068253e-02   3.072541e-12   272220
  1.408013e+01   2.557821e-09   0.000000e+00   3.074334e-12   270492
  1.410028e+01   2.561789e-09   0.000000e+00   3.043886e-12   271532
  1.412045e+01   2.559121e-09   4.923866e-02   3.052153e-12   272052
  1.414094e+01   2.555177e-09   0.000000e+00   3.087787e-12   264372
  1.416075e+01   2.549597e-09   4.428508e-02   3.069928e-12   268652
  1.418118e+01   2.549156e-09   5.115434e-02   3.066751e-12   266760
  1.420152e+01   2.544682e-09   0.000000e+00   3.093914e-12   262536
  1.422144e+01   2.539995e-09   8.011290e-02   3.060001e-12   266460
  1.424186e+01   2.534784e-09   0.000000e+00   3.068198e-12   261560
  1.426218e+01   2.534343e-09   0.000000e+00   3.056049e-12   262236
  1.428218e+01   2.528173e-09   7.138193e-02   3.068334e-12   261708
  1.430257e+01   2.528224e-09   0.000000e+00   3.071882e-12   258960
  1.432291e+01   2.513525e-09   0.000000e+00   3.071024e-12   258376
  1.434280e+01   2.516958e-09   6.846733e-02   3.063547e-12   258304
  1.436354e+01   2.519645e-09   0.000000e+00   3.061829e-12   259368
  1.438358e+01   2.510155e-09   3.333649e-02   3.077513e-12   253332
  1.440365e+01   2.511783e-09   7.171310e-02   3.087879e-12   254448
  1.442431e+01   2.503348e-09   0.000000e+00   3.061305e-12   255248
  1.444424e+01   2.495180e-09   7.409947e-02   3.069375e-12   252180
  1.446469e+01   2.502003e-09   2.900597e-02   3.070454e-12   252744
  1.448508e+01   2.502817e-09   0.000000e+00   3.106092e-12   247348
  1.450487e+01   2.500592e-09   8.942220e-02   3.087801e-12   250432
  1.452537e+01   2.497406e-09   0.000000e+00   3.089846e-12   247860
  1.454584e+01   2.485976e-09   0.000000e+00   3.081087e-12   247716
  1.456564e+01   2.502332e-09   7.510638e-02   3.151188e-12   242472
  1.458627e+01   2.480847e-09   0.000000e+00   3.077819e-12   248672
  1.460638e+01   2.477153e-09   3.270111e-02   3.129195e-12   239352
  1.462638e+01   2.479214e-09   6.023797e-02   3.089660e-12   245088
  1.464704e+01   2.484093e-09   0.000000e+00   3.130421e-12   239232
  1.466684e+01   2.470638e-09   7.988659e-02   3.105913e-12   240320
  1.468736e+01   2.476947e-09   0.000000e+00   3.110173e-12   239340
  1.470783e+01   2.462974e-09   0.000000e+00   3.118568e-12   237636
  1.472756e+01   2.470267e-09   7.641268e-02   3.130808e-12   235980
  1.474803e+01   2.464357e-09   0.000000e+00   3.124598e-12   235304
  1.476846e+01   2.463043e-09   0.000000e+00   3.130593e-12   234576
  1.478832e+01   2.462780e-09   7.029543e-02   3.161181e-12   232788
  1.480880e+01   2.461669e-09   0.000000e+00   3.157713e-12   230400
  1.482901e+01   2.463001e-09   0.000000e+00   3.137723e-12   231836
  1.484909e+01   2.465288e-09   7.565571e-02   3.169223e-12   231288
  1.486979e+01   2.456292e-09   0.000000e+00   3.172934e-12   226536
  1.488961e+01   2.455401e-09   5.899679e-02   3.170049e-12   226084
  1.490981e+01   2.446091e-09   5.074550e-02   3.146219e-12   227116
  1.493044e+01   2.448608e-09   0.000000e+00   3.177700e-12   223800
  1.495026e+01   2.459082e-09   8.115628e-02   3.194538e-12   223884
  1.497067e+01   2.453646e-09   0.000000e+00   3.198674e-12   222360
  1.499112e+01   2.445453e-09   0.000000e+00   3.198870e-12   221156
  1.501107e+01   2.437679e-09   9.009757e-02   3.193673e-12   221724
  1.503161e+01   2.443692e-09   0.000000e+00   3.222352e-12   217584
  1.505188e+01   2.436691e-09   0.000000e+00   3.206053e-12   217576
  1.507175e+01   2.435897e-09   9.341948e-02   3.231850e-12   215464
  1.509237e+01   2.433357e-09   0.000000e+00   3.218958e-12   215472
  1.511247e+01   2.438720e-09   2.494629e-02   3.233628e-12   213768
  1.513249e+01   2.435949e-09   8.052277e-02   3.253249e-12   210956
  1.515303e+01   2.437881e-09   0.000000e+00   3.254989e-12   211788
  1.517310e+01   2.429428e-09   4.435863e-02   3.230498e-12   211092
  1.519347e+01   2.437819e-09   3.244952e-02   3.264592e-12   209556
  1.521398e+01   2.424441e-09   0.000000e+00   3.274061e-12   206700
  1.523373e+01   2.425377e-09   7.598250e-02   3.266660e-12   206048
  1.525416e+01   2.426718e-09   0.000000e+00   3.273489e-12   204744
  1.527456e+01   2.430208e-09   0.000000e+00   3.320233e-12   202992
  1.529429e+01   2.423386e-09   8.469993e-02   3.299334e-12   201944
  1.531503e+01   2.430876e-09   0.000000e+00   3.307616e-12   203304
  1.533535e+01   2.423839e-09   0.000000e+00   3.300900e-12   200484
  1.535513e+01   2.423357e-09   9.074758e-02   3.348638e-12   195516
  1.537587e+01   2.425167e-09   0.000000e+00   3.319658e-12   198860
  1.539575e+01   2.424851e-09   4.124794e-02   3.346132e-12   195264
  1.541601e+01   2.425134e-09   5.931921e-02   3.352545e-12   195984
  1.543661e+01   2.413461e-09   0.000000e+00   3.382161e-12   191808
  1.545623e+01   2.413762e-09   6.955743e-02   3.378846e-12   190776
  1.547663e+01   2.419067e-09   1.562288e-02   3.368459e-12   192032
  1.549717e+01   2.411341e-09   0.000000e+00   3.386084e-12   188628
  1.551692e+01   2.407851e-09   9.630796e-02   3.379019e-12   189444
  1.553757e+01   2.419541e-09   0.000000e+00   3.428429e-12   186260
  1.555771e+01   2.410980e-09   0.000000e+00   3.420141e-12   184560
  1.557768e+01   2.414826e-09   8.762977e-02   3.426274e-12   185832
  1.559849e+01   2.408971e-09   0.000000e+00   3.471349e-12   182400
  1.561840e+01   2.410969e-09   4.143687e-02   3.449431e-12   181380
  1.563850e+01   2.412637e-09   7.290476e-02   3.465283e-12   180332
  1.565917e+01   2.404719e-09   0.000000e+00   3.477054e-12   178236
  1.567911e+01   2.409568e-09   5.208650e-02   3.475935e-12   179184
  1.569941e+01   2.407255e-09   6.676254e-02   3.522451e-12   175028
  1.571990e+01   2.416588e-09   0.000000e+00   3.540770e-12   175440
  1.573991e+01   2.407716e-09   7.195348e-02   3.534777e-12   174828
  1.576032e+01   2.402992e-09   0.000000e+00   3.556018e-12   169896
  1.578053e+01   2.415363e-09   0.000000e+00   3.568939e-12   171708
  1.580052e+01   2.407442e-09   9.293696e-02   3.593565e-12   169328
  1.582104e+01   2.398347e-09   0.000000e+00   3.590330e-12   167364
  1.584127e+01   2.412516e-09   3.348241e-02   3.586974e-12   168192
  1.586126e+01   2.409892e-09   8.299866e-02   3.654400e-12   163188
  1.588198e+01   2.408616e-09   0.000000e+00   3.612207e-12   166184
  1.590206e+01   2.409700e-09   4.334297e-02   3.659584e-12   161460
  1.592208e+01   2.400521e-09   7.671723e-02   3.662560e-12   159972
  1.594260e+01   2.409220e-09   0.000000e+00   3.707100e-12   159488
  1.596249e+01   2.397982e-09   7.233151e-02   3.699280e-12   158148
  1.598300e+01   2.404929e-09   0.000000e+00   3.710376e-12   158100
  1.600348e+01   2.413682e-09   0.000000e+00   3.741329e-12   155232
  1.602308e+01   2.399358e-09   8.233327e-02   3.782592e-12   151216
  1.604371e+01   2.406375e-09   0.000000e+00   3.758197e-12   155560
  1.606419e+01   2.398984e-09   0.000000e+00   3.765203e-12   151404
  1.608393e+01   2.408207e-09   9.838440e-02   3.826971e-12   148356
  1.610460e+01   2.408536e-09   0.000000e+00   3.860016e-12   147164
  1.612455e+01   2.394427e-09   2.563151e-02   3.833955e-12   147384
  1.614470e+01   2.413159e-09   6.670644e-02   3.886275e-12   145992
  1.616548e+01   2.400855e-09   0.000000e+00   3.903108e-12   143856
  1.618506e+01   2.396299e-09   6.491692e-02   3.928446e-12   140384
  1.620553e+01   2.402137e-09   3.325703e-02   3.905705e-12   143856
  1.622609e+01   2.385062e-09   0.000000e+00   3.947312e-12   136968
  1.624574e+01   2.399633e-09   9.059262e-02   3.954483e-12   139536
  1.626647e+01   2.410732e-09   0.000000e+00   4.022348e-12   136916
  1.628660e+01   2.381835e-09   0.000000e+00   4.019090e-12   133032
  1.630647e+01   2.403868e-09   9.167159e-02   4.037935e-12   135540
  1.632734e+01   2.391315e-09   0.000000e+00   4.027750e-12   132096
  1.634724e+01   2.389709e-09   0.000000e+00   4.086938e-12   129540
  1.636732e+01   2.400543e-09   8.818397e-02   4.093879e-12   130640
  1.638800e+01   2.375665e-09   0.000000e+00   4.098153e-12   126276
  1.640794e+01   2.393612e-09   5.398795e-02   4.100532e-12   128484
  1.642849e+01   2.393507e-09   1.590123e-02   4.205240e-12   124168
  1.644875e+01   2.373607e-09   0.000000e+00   4.155671e-12   122224
  1.646872e+01   2.398609e-09   8.003519e-02   4.214278e-12   123156
  1.648926e+01   2.385828e-09   0.000000e+00   4.259178e-12   119688
  1.650932e+01   2.388075e-09   0.000000e+00   4.287134e-12   116640
  1.652930e+01   2.394835e-09   9.328752e-02   4.289087e-12   119696
  1.654992e+01   2.363943e-09   0.000000e+00   4.310538e-12   114276
  1.657008e+01   2.390171e-09   0.000000e+00   4.352803e-12   114060
  1.659007e+01   2.371952e-09   8.790416e-02   4.366579e-12   112536
  1.661073e+01   2.375751e-09   0.000000e+00   4.376949e-12   112196
  1.663092e+01   2.371060e-09   3.977588e-02   4.402332e-12   109404
  1.665092e+01   2.360483e-09   4.900064e-02   4.440957e-12   105900
  1.667126e+01   2.380812e-09   0.000000e+00   4.484372e-12   107176
  1.669133e+01   2.355996e-09   6.469309e-02   4.449185e-12   105088
  1.671173e+01   2.352778e-09   2.551228e-02   4.478716e-12   103800
  1.673221e+01   2.361535e-09   0.000000e+00   4.569865e-12   101340
  1.675206e+01   2.349937e-09   7.392030e-02   4.571575e-12   100036
  1.677238e+01   2.356444e-09   0.000000e+00   4.623464e-12   97672
  1.679278e+01   2.346997e-09   0.000000e+00   4.572476e-12   97908
  1.681276e+01   2.336515e-09   7.790367e-02   4.638396e-12   95328
  1.683323e+01   2.343883e-09   0.000000e+00   4.669834e-12   93600
  1.685339e+01   2.326737e-09   0.000000e+00   4.666206e-12   92312
  1.687354e+01   2.344978e-09   6.541684e-02   4.757567e-12   91044
  1.689405e+01   2.317651e-09   0.000000e+00   4.747683e-12   88500
  1.691379e+01   2.323563e-09   4.931962e-02   4.810219e-12   86216
  1.693416e+01   2.311895e-09   0.000000e+00   4.774271e-12   87159
  1.695490e+01   2.309978e-09   0.000000e+00   4.760252e-12   86064
  1.697482e+01   2.304549e-09   7.723579e-02   4.885560e-12   81648
  1.699503e+01   2.310852e-09   5.596259e-03   4.869139e-12   81654
  1.701553e+01   2.288090e-09   0.000000e+00   4.844001e-12   81284
  1.703562e+01   2.291957e-09   5.517715e-02   4.905871e-12   78888
  1.705585e+01   2.287786e-09   1.738732e-02   4.916276e-12   77250
  1.707595e+01   2.293924e-09   0.000000e+00   4.995098e-12   75942
  1.709606e+01   2.272010e-09   6.027257e-02   4.927338e-12   77042
  1.711673e+01   2.281918e-09   0.000000e+00   5.012690e-12   74094
  1.713691e+01   2.284916e-09   3.229928e-02   5.049290e-12   73818
  1.715710e+01   2.281852e-09   0.000000e+00   5.145335e-12   70998
  1.717738e+01   2.270441e-09   0.000000e+00   5.037100e-12   72044
  1.719760e+01   2.272684e-09   6.265410e-02   5.162842e-12   69426
  1.721797e+01   2.277832e-09   0.000000e+00   5.164958e-12   69288
  1.723818e+01   2.266976e-09   0.000000e+00   5.204903e-12   67068
  1.725814e+01   2.241286e-09   6.405864e-02   5.149258e-12   66926
  1.727858e+01   2.283324e-09   5.370706e-02   5.294430e-12   66348
  1.729911e+01   2.272527e-09   0.000000e+00   5.344952e-12   64728
  1.731906e+01   2.253904e-09   0.000000e+00   5.320627e-12   62820
  1.733927e+01   2.256536e-09   0.000000e+00   5.335852e-12   63716
  1.735974e+01   2.265055e-09   8.476966e-03   5.389396e-12   62160
  1.737993e+01   2.249058e-09   0.000000e+00   5.460772e-12   59940
  1.739997e+01   2.247480e-09   1.383772e-02   5.433359e-12   60112
  1.742018e+01   2.252063e-09   6.149356e-02   5.453027e-12   59668
  1.744070e+01   2.249003e-09   0.000000e+00   5.549219e-12   57618
  1.746070e+01   2.253689e-09   1.757975e-02   5.558144e-12   56868
  1.748074e+01   2.250599e-09   5.977393e-02   5.570631e-12   56684
  1.750108e+01   2.252103e-09   2.772445e-02   5.628677e-12   55536
  1.752146e+01   2.241794e-09   0.000000e+00   5.688076e-12   54342
  1.754173e+01   2.265861e-09   2.187321e-02   5.710055e-12   54768
  1.756179e+01   2.246765e-09   5.946848e-02   5.811208e-12   52094
  1.758204e+01   2.242196e-09   0.000000e+00   5.805882e-12   52224
  1.760258e+01   2.232116e-09   0.000000e+00   5.746423e-12   52188
  1.762269e+01   2.246844e-09   5.283823e-02   5.903718e-12   50190
  1.764269e+01   2.229698e-09   4.301519e-02   5.871650e-12   49224
  1.766309e+01   2.229305e-09   0.000000e+00   5.890246e-12   49094
  1.768355e+01   2.250756e-09   1.581431e-02   5.948731e-12   49488
  1.770381e+01   2.233246e-09   5.560726e-02   6.051962e-12   46830
  1.772379e+01   2.239538e-09   1.241198e-02   6.117528e-12   45860
  1.774411e+01   2.244452e-09   0.000000e+00   6.096030e-12   46770
  1.776451e+01   2.246573e-09   2.136682e-02   6.168420e-12   45468
  1.778472e+01   2.238915e-09   3.869434e-02   6.284418e-12   44130
  1.780486e+01   2.253066e-09   0.000000e+00   6.364422e-12   43230
  1.782512e+01   2.236974e-09   0.000000e+00   6.206790e-12   44108
  1.784554e+01   2.233537e-09   3.715149e-02   6.328711e-12   42162
  1.786573e+01   2.256348e-09   3.659520e-02   6.477477e-12   41358
  1.788575e+01   2.251245e-09   0.000000e+00   6.558204e-12   40456
  1.790602e+01   2.232439e-09   3.197619e-02   6.400708e-12   41230
  1.792660e+01   2.237817e-09   4.513755e-02   6.549546e-12   39906
  1.794689e+01   2.250114e-09   0.000000e+00   6.711658e-12   38508
  1.796682e+01   2.249709e-09   0.000000e+00   6.761767e-12   37854
  1.798693e+01   2.250845e-09   5.446339e-02   6.706997e-12   38162
  1.800752e+01   2.245321e-09   2.694465e-02   6.761885e-12   37212
  1.802785e+01   2.261311e-09   0.000000e+00   6.929347e-12   36450
  1.804767e+01   2.266443e-09   2.982342e-02   7.115159e-12   34718
  1.806776e+01   2.260666e-09   2.399195e-02   6.980451e-12   35814
  1.808838e+01   2.250137e-09   2.328142e-02   7.070313e-12   34896
  1.810872e+01   2.265966e-09   0.000000e+00   7.213041e-12   33822
  1.812849e+01   2.241922e-09   4.352804e-02   7.214979e-12   32522
  1.814879e+01   2.240435e-09   0.000000e+00   7.105848e-12   33630
  1.816940e+01   2.262791e-09   0.000000e+00   7.355683e-12   32166
  1.818943e+01   2.260180e-09   1.863237e-02   7.455957e-12   31200
  1.820928e+01   2.266107e-09   1.681783e-02   7.573054e-12   30598
  1.822958e+01   2.259019e-09   2.432031e-02   7.399859e-12   31138
  1.825033e+01   2.279830e-09   0.000000e+00   7.544083e-12   30510
  1.827054e+01   2.257172e-09   3.083329e-02   7.749545e-12   28998
  1.829037e+01   2.258858e-09   1.163457e-02   7.756859e-12   28290
  1.831064e+01   2.249599e-09   4.267266e-02   7.796565e-12   29126
  1.833140e+01   2.266340e-09   0.000000e+00   7.930578e-12   28008
  1.835164e+01   2.242132e-09   1.271730e-02   7.896906e-12   27222
  1.837164e+01   2.270818e-09   2.069339e-02   8.009507e-12   26426
  1.839188e+01   2.272626e-09   1.381055e-02   8.072828e-12   26694
  1.841237e+01   2.265059e-09   2.543534e-02   8.234289e-12   25734
  1.843269e+01   2.279218e-09   0.000000e+00   8.257034e-12   25458
  1.845263e+01   2.282641e-09   0.000000e+00   8.488956e-12   24198
  1.847298e+01   2.276765e-09   0.000000e+00   8.379948e-12   25034
  1.849356e+01   2.280057e-09   1.658779e-02   8.668126e-12   23718
  1.851364e+01   2.287241e-09   0.000000e+00   8.692330e-12   23094
  1.853340e+01   2.286915e-09   2.823363e-02   8.868908e-12   22416
  1.855375e+01   2.288072e-09   2.761092e-03   8.625117e-12   23078
  1.857463e+01   2.294530e-09   0.000000e+00   8.886963e-12   22386
  1.859486e+01   2.290635e-09   0.000000e+00   9.134637e-12   21126
  1.861444e+01   2.307893e-09   0.000000e+00   9.543818e-12   20366
  1.863462e+01   2.277726e-09   3.805241e-02   9.073116e-12   21354
  1.865556e+01   2.291157e-09   0.000000e+00   9.327181e-12   20478
  1.867575e+01   2.305437e-09   0.000000e+00   9.582412e-12   19458
  1.869534e+01   2.302736e-09   9.869510e-03   9.688347e-12   18758
  1.871554e+01   2.320730e-09   4.054256e-02   9.627632e-12   19566
  1.873644e+01   2.284805e-09   2.773720e-02   9.577698e-12   18858
  1.875673e+01   2.314891e-09   0.000000e+00   1.013557e-11   17790
  1.877626e+01   2.297813e-09   0.000000e+00   1.009448e-11   17114
  1.879650e+01   2.297828e-09   0.000000e+00   9.887536e-12   17982
  1.881738e+01   2.331148e-09   0.000000e+00   1.033855e-11   17190
  1.883772e+01   2.324877e-09   0.000000e+00   1.030448e-11   16458
  1.885724e+01   2.327613e-09   2.961538e-02   1.087235e-11   15494
  1.887743e+01   2.324150e-09   7.367531e-03   1.044911e-11   16374
  1.889844e+01   2.307529e-09   0.000000e+00   1.053646e-11   15858
  1.891881e+01   2.337942e-09   0.000000e+00   1.109254e-11   14862
  1.893824e+01   2.368966e-09   4.413391e-03   1.145391e-11   14082
  1.895852e+01   2.310084e-09   0.000000e+00   1.082411e-11   14990
  1.897960e+01   2.324313e-09   1.205612e-02   1.122240e-11   14358
  1.899989e+01   2.385836e-09   0.000000e+00   1.159852e-11   13386
  1.901912e+01   2.389026e-09   0.000000e+00   1.225519e-11   12678
  1.903943e+01   2.375826e-09   2.115848e-02   1.179686e-11   13700
  1.906063e+01   2.387727e-09   1.393657e-02   1.223918e-11   12942
  1.908098e+01   2.349388e-09   3.595907e-02   1.214791e-11   12198
  1.909999e+01   2.388853e-09   0.000000e+00   1.322223e-11   11106
  1.912016e+01   2.377227e-09   5.359001e-03   1.219944e-11   12494
  1.914143e+01   2.385897e-09   2.670302e-02   1.288755e-11   11610
  1.916194e+01   2.354586e-09   0.000000e+00   1.297483e-11   11094
  1.918096e+01   2.395402e-09   1.861351e-02   1.407211e-11   9902
  1.920105e+01   2.366111e-09   1.178535e-02   1.298960e-11   11226
  1.922232e+01   2.414818e-09   0.000000e+00   1.381014e-11   10326
  1.924285e+01   2.420180e-09   1.729837e-02   1.384938e-11   10074
  1.926202e+01   2.368465e-09   0.000000e+00   1.473432e-11   8766
  1.928194e+01   2.404437e-09   0.000000e+00   1.414654e-11   9950
  1.930316e+01   2.338881e-09   1.294469e-02   1.430888e-11   9252
  1.932368e+01   2.442187e-09   0.000000e+00   1.510846e-11   8886
  1.934284e+01   2.419157e-09   0.000000e+00   1.580571e-11   7850
  1.936294e+01   2.386082e-09   6.054203e-03   1.491179e-11   8886
  1.938421e+01   2.389208e-09   0.000000e+00   1.510790e-11   8142
  1.940449e+01   2.417182e-09   1.330504e-02   1.606952e-11   7746
  1.942343e+01   2.434911e-09   2.180932e-02   1.710401e-11   6926
  1.944391e+01   2.438810e-09   0.000000e+00   1.584341e-11   7974
  1.946526e+01   2.434165e-09   2.042469e-02   1.668492e-11   7074
  1.948530e+01   2.421710e-09   6.802372e-03   1.676358e-11   6744
  1.950414e+01   2.420255e-09   1.923033e-02   1.804338e-11   6114
  1.952498e+01   2.384677e-09   0.000000e+00   1.628919e-11   7094
  1.954669e+01   2.446301e-09   0.000000e+00   1.804607e-11   6174
  1.956649e+01   2.484186e-09   4.409002e-03   1.932628e-11   5754
  1.958482e+01   2.413236e-09   0.000000e+00   1.941103e-11   5214
  1.960593e+01   2.436049e-09   0.000000e+00   1.796494e-11   6338
  1.962823e+01   2.485589e-09   6.533754e-03   1.881036e-11   5352
  1.964780e+01   2.467602e-09   0.000000e+00   1.997824e-11   4830
  1.966529e+01   2.496733e-09   7.591353e-03   2.215139e-11   4338
  1.968652e+01   2.460436e-09   0.000000e+00   1.894019e-11   5558
  1.970977e+01   2.459308e-09   1.464528e-02   1.988791e-11   4866
  1.972974e+01   2.453560e-09   2.352177e-02   2.312003e-11   3846
  1.974564e+01   2.444863e-09   0.000000e+00   2.319277e-11   3518
  1.976694e+01   2.491428e-09   2.391948e-02   2.127839e-11   4812
  1.979088e+01   2.491225e-09   1.112729e-02   2.233822e-11   4278
  1.981163e+01   2.461644e-09   1.887004e-02   2.480990e-11   3174
  1.982600e+01   2.450162e-09   0.000000e+00   2.714737e-11   2738
  1.984723e+01   2.517756e-09   8.204862e-03   2.250877e-11   4086
  1.987166e+01   2.590622e-09   0.000000e+00   2.429777e-11   3666
  1.989340e+01   2.547428e-09   1.166887e-02   2.814485e-11   2712
  1.990636e+01   2.645275e-09   8.061605e-03   3.415410e-11   1998
  1.992748e+01   2.633400e-09   1.131555e-02   2.549258e-11   3434
  1.995242e+01   2.599092e-09   0.000000e+00   2.657667e-11   3078
  1.997519e+01   2.495566e-09   9.897240e-03   2.935082e-11   2334
  1.998677e+01   2.643858e-09   0.000000e+00   4.286237e-11   1340
  2.000771e+01   2.582705e-09   0.000000e+00   2.801429e-11   2838
  2.003323e+01   2.589982e-09   0.000000e+00   2.851075e-11   2538
  2.005707e+01   2.624480e-09   1.261640e-02   3.480006e-11   1974
  2.006661e+01   2.678172e-09   1.262420e-02   5.377971e-11   774
  2.008764e+01   2.633137e-09   5.986586e-03   3.073736e-11   2300
  2.011380e+01   2.621060e-09   1.432718e-02   3.341453e-11   2046
  2.013872e+01   2.645825e-09   4.344049e-03   3.748739e-11   1626
  2.014646e+01   2.637187e-09   7.551880e-03   9.080890e-11   390
  2.016742e+01   2.666888e-09   7.665120e-03   3.798187e-11   1766
  2.019400e+01   2.656268e-09   0.000000e+00   4.047505e-11   1596
  2.021996e+01   2.588891e-09   0.000000e+00   4.277965e-11   1302
  2.022633e+01   2.430088e-09   0.000000e+00   1.175628e-10   150
  2.024734e+01   2.658920e-09   2.581261e-03   4.507718e-11   1298
  2.027401e+01   2.787751e-09   0.000000e+00   4.918070e-11   1158
  2.030054e+01   2.659578e-09   4.289854e-03   5.054500e-11   996
  2.031028e+01   3.018384e-09   1.050840e-02   2.860059e-10   38
  2.032743e+01   2.750112e-09   0.000000e+00   5.183166e-11   894
  2.035414e+01   2.661424e-09   9.478568e-03   5.568347e-11   786
  2.038089e+01   2.514973e-09   0.000000e+00   5.241025e-11   678
  2.040633e+01   2.314202e-09   0.000000e+00   3.557891e-10   8
  2.040767e+01   2.726914e-09   1.278018e-02   6.441779e-11   570
  2.043444e+01   2.432565e-09   1.211039e-02   6.784899e-11   486
  2.046125e+01   2.825774e-09   0.000000e+00   7.615571e-11   402
  2.048731e+01   3.109756e-09   0.000000e+00   5.119381e-10   8
  2.048809e+01   2.599193e-09   1.066829e-02   8.125423e-11   318
  2.051491e+01   2.878741e-09   0.000000e+00   9.182287e-11   258
  2.054177e+01   2.947536e-09   0.000000e+00   1.262915e-10   198
  2.056829e+01   3.687513e-09   0.000000e+00   2.887732e-10   8
  2.056867e+01   2.757112e-09   0.000000e+00   1.396578e-10   138
  2.059554e+01   2.766714e-09   3.501588e-03   1.627780e-10   102
  2.062245e+01   3.150726e-09   6.377567e-03   2.189256e-10   66
  2.064939e+01   2.298029e-09   0.000000e+00   2.093809e-10   38
  2.067633e+01   1.718400e-09   0.000000e+00   1.808559e-10   18
  2.070329e+01   2.458142e-09   0.000000e+00   3.671574e-11   6
