# power spectrum of omega (curl v)
# redshift z=1.792500
# k              Pk             sigma(k)       sigma(Pk)      count
  4.675239e-02   2.449032e-18   1.531908e-05   5.098880e-19   6
  6.611787e-02   2.669982e-17   0.000000e+00   4.550727e-18   12
  8.634636e-02   1.366029e-16   6.199343e-03   1.904712e-17   14
  1.095305e-01   2.914532e-16   4.988736e-03   2.653033e-17   48
  1.379653e-01   1.089570e-15   3.623812e-03   1.369431e-16   42
  1.514521e-01   1.951768e-15   3.607714e-03   1.515037e-16   48
  1.717248e-01   3.563307e-15   4.325071e-03   2.391637e-16   80
  1.946168e-01   6.517193e-15   3.358060e-03   5.681840e-16   90
  2.121306e-01   1.160564e-14   5.273081e-03   7.651593e-16   120
  2.370115e-01   2.258923e-14   4.431434e-03   1.282732e-15   158
  2.534910e-01   3.417314e-14   2.102998e-03   1.882971e-15   120
  2.733454e-01   4.222431e-14   4.700457e-03   2.443209e-15   186
  2.952819e-01   6.912693e-14   6.427987e-03   2.816928e-15   264
  3.131072e-01   8.881184e-14   3.470272e-03   4.119596e-15   168
  3.358507e-01   1.522738e-13   6.202191e-03   5.781577e-15   386
  3.548829e-01   2.166745e-13   3.752994e-03   1.039917e-14   192
  3.736086e-01   2.743899e-13   6.153256e-03   1.102309e-14   390
  3.946460e-01   3.522937e-13   6.442452e-03   1.141443e-14   396
  4.144099e-01   4.848207e-13   6.391635e-03   1.746366e-14   398
  4.361367e-01   7.109236e-13   6.264880e-03   2.195204e-14   576
  4.575177e-01   9.151605e-13   6.355778e-03   3.147325e-14   444
  4.762195e-01   1.089528e-12   5.734461e-03   3.156033e-14   590
  4.975149e-01   1.435856e-12   6.279670e-03   3.643666e-14   648
  5.182859e-01   1.580484e-12   5.557653e-03   4.267197e-14   654
  5.367402e-01   2.146769e-12   4.609866e-03   5.932286e-14   636
  5.573692e-01   2.402079e-12   6.911363e-03   5.947779e-14   830
  5.767253e-01   3.075956e-12   4.974939e-03   7.752147e-14   792
  5.965172e-01   3.447063e-12   5.116634e-03   8.191128e-14   804
  6.167868e-01   4.441606e-12   6.315099e-03   9.587215e-14   1038
  6.364107e-01   5.488435e-12   4.946499e-03   1.304460e-13   936
  6.576805e-01   6.289509e-12   5.779873e-03   1.266548e-13   1130
  6.769590e-01   7.195458e-12   5.367484e-03   1.463726e-13   1104
  6.981214e-01   8.405171e-12   5.967700e-03   1.670023e-13   1230
  7.174733e-01   9.572600e-12   6.064625e-03   1.759721e-13   1260
  7.371340e-01   1.152037e-11   5.239623e-03   2.197974e-13   1286
  7.593700e-01   1.345102e-11   6.358524e-03   2.203407e-13   1728
  7.804400e-01   1.505593e-11   5.625004e-03   2.896050e-13   1392
  8.004658e-01   1.798475e-11   5.330215e-03   3.064947e-13   1626
  8.209915e-01   1.987360e-11   6.316599e-03   3.285103e-13   1760
  8.416011e-01   2.263804e-11   5.219535e-03   4.014324e-13   1686
  8.610301e-01   2.574905e-11   5.309235e-03   4.235582e-13   1812
  8.808962e-01   2.954811e-11   6.104615e-03   4.756761e-13   1862
  9.011989e-01   3.266602e-11   5.436457e-03   4.915916e-13   2160
  9.216262e-01   3.572714e-11   5.566353e-03   5.888226e-13   1956
  9.421785e-01   4.264470e-11   6.253437e-03   5.999175e-13   2454
  9.622347e-01   4.584672e-11   4.877534e-03   7.108742e-13   2048
  9.823639e-01   5.146320e-11   6.349072e-03   7.162587e-13   2538
  1.002233e+00   5.638854e-11   5.321020e-03   8.105512e-13   2400
  1.022315e+00   6.318794e-11   6.339653e-03   8.769539e-13   2526
  1.042353e+00   7.037614e-11   6.275929e-03   9.401482e-13   2856
  1.063253e+00   7.520227e-11   5.902122e-03   9.916159e-13   2804
  1.083895e+00   8.116526e-11   6.132185e-03   1.055983e-12   2958
  1.103540e+00   8.894960e-11   5.939789e-03   1.152107e-12   2976
  1.124272e+00   1.011312e-10   5.941212e-03   1.275284e-12   3194
  1.143681e+00   1.064137e-10   5.923951e-03   1.362447e-12   3120
  1.164704e+00   1.200772e-10   6.004856e-03   1.352009e-12   3606
  1.184769e+00   1.274747e-10   5.478695e-03   1.558497e-12   3276
  1.204316e+00   1.375827e-10   6.182204e-03   1.616098e-12   3600
  1.224425e+00   1.497200e-10   5.440385e-03   1.806019e-12   3638
  1.243784e+00   1.586210e-10   5.805576e-03   1.915725e-12   3744
  1.264728e+00   1.750054e-10   6.014342e-03   1.893496e-12   4170
  1.284748e+00   1.873696e-10   5.652081e-03   2.122066e-12   3984
  1.305140e+00   1.954884e-10   5.789678e-03   2.110664e-12   4334
  1.325261e+00   2.247551e-10   5.324107e-03   2.439153e-12   4284
  1.345130e+00   2.287318e-10   6.429547e-03   2.447203e-12   4374
  1.365905e+00   2.535965e-10   5.716182e-03   2.577290e-12   5016
  1.386367e+00   2.661953e-10   5.485294e-03   2.833405e-12   4580
  1.406763e+00   2.864843e-10   6.472145e-03   2.784270e-12   5142
  1.427570e+00   3.196428e-10   6.220601e-03   3.191335e-12   5184
  1.447942e+00   3.352911e-10   4.830032e-03   3.393062e-12   5058
  1.467517e+00   3.455853e-10   5.757296e-03   3.403983e-12   5384
  1.488450e+00   3.789514e-10   6.571646e-03   3.684742e-12   5622
  1.508642e+00   4.027508e-10   5.492822e-03   3.742917e-12   5736
  1.528750e+00   4.119591e-10   4.940002e-03   3.856442e-12   5596
  1.548951e+00   4.520259e-10   6.199800e-03   4.132270e-12   6070
  1.568987e+00   4.606537e-10   4.803947e-03   4.278102e-12   6096
  1.589893e+00   4.965980e-10   5.921316e-03   4.431488e-12   6474
  1.609233e+00   5.307744e-10   5.725112e-03   4.998197e-12   6024
  1.629918e+00   5.566576e-10   5.715430e-03   4.795252e-12   7070
  1.650412e+00   5.950468e-10   4.658269e-03   5.302217e-12   6516
  1.670069e+00   6.115151e-10   5.724404e-03   5.233277e-12   6936
  1.690589e+00   6.412577e-10   5.764820e-03   5.315408e-12   7110
  1.710438e+00   7.061349e-10   4.148308e-03   5.888923e-12   7244
  1.731436e+00   7.163831e-10   6.235119e-03   5.800793e-12   7878
  1.751774e+00   7.516774e-10   6.000937e-03   6.174259e-12   7344
  1.771468e+00   7.694884e-10   6.264105e-03   6.273525e-12   7694
  1.791987e+00   8.252358e-10   6.013907e-03   6.376105e-12   8412
  1.812592e+00   8.814072e-10   6.298814e-03   7.072755e-12   7920
  1.832175e+00   9.338038e-10   5.370613e-03   7.345769e-12   8118
  1.852109e+00   9.394212e-10   6.155177e-03   7.183038e-12   8548
  1.872389e+00   9.897715e-10   6.202430e-03   7.422141e-12   8710
  1.892498e+00   1.027598e-09   5.454480e-03   7.726279e-12   8928
  1.913141e+00   1.110849e-09   6.106317e-03   8.312083e-12   9186
  1.932944e+00   1.141336e-09   6.522601e-03   8.573506e-12   9200
  1.953359e+00   1.176232e-09   5.481559e-03   8.502869e-12   9438
  1.973260e+00   1.226859e-09   7.827950e-03   8.776571e-12   9564
  1.993716e+00   1.302016e-09   6.002902e-03   9.054922e-12   10296
  2.014657e+00   1.364258e-09   5.296276e-03   9.564139e-12   10126
  2.034275e+00   1.421681e-09   6.504549e-03   9.909390e-12   10024
  2.055142e+00   1.439606e-09   4.600353e-03   9.593334e-12   11082
  2.075629e+00   1.497740e-09   7.152853e-03   1.039763e-11   10632
  2.095653e+00   1.585621e-09   5.150926e-03   1.076343e-11   10734
  2.115883e+00   1.627875e-09   6.292407e-03   1.091460e-11   11276
  2.136105e+00   1.695326e-09   5.639131e-03   1.153466e-11   11352
  2.156515e+00   1.749837e-09   5.962501e-03   1.157116e-11   11550
  2.176549e+00   1.801798e-09   5.479459e-03   1.177420e-11   11772
  2.196880e+00   1.864775e-09   6.843589e-03   1.223735e-11   12038
  2.216960e+00   1.967864e-09   8.409096e-03   1.295530e-11   12096
  2.237319e+00   2.006263e-09   6.704741e-03   1.277297e-11   12582
  2.257454e+00   2.053330e-09   1.962493e-03   1.278437e-11   12620
  2.278050e+00   2.106884e-09   7.213526e-03   1.315252e-11   13320
  2.298208e+00   2.191284e-09   6.405709e-03   1.409464e-11   12654
  2.317980e+00   2.287955e-09   5.576721e-04   1.406455e-11   13236
  2.338047e+00   2.324852e-09   9.316128e-03   1.439706e-11   13438
  2.358325e+00   2.459678e-09   9.131280e-03   1.453288e-11   14344
  2.379338e+00   2.474203e-09   5.763604e-03   1.499379e-11   14226
  2.399191e+00   2.555323e-09   4.506264e-03   1.522154e-11   14088
  2.419304e+00   2.642746e-09   0.000000e+00   1.588297e-11   14328
  2.439465e+00   2.713623e-09   6.375901e-03   1.555429e-11   14954
  2.459901e+00   2.740937e-09   4.820302e-03   1.564669e-11   15480
  2.480418e+00   2.830637e-09   6.579717e-03   1.622289e-11   14862
  2.499857e+00   2.957812e-09   7.822099e-03   1.700836e-11   15296
  2.520269e+00   3.033639e-09   7.572760e-03   1.728735e-11   15954
  2.540272e+00   3.146081e-09   6.254756e-03   1.798190e-11   15720
  2.560278e+00   3.213783e-09   2.182148e-03   1.800711e-11   16296
  2.580887e+00   3.306994e-09   4.182586e-03   1.782514e-11   17010
  2.600899e+00   3.369578e-09   3.491782e-03   1.880947e-11   16328
  2.621031e+00   3.432848e-09   3.283166e-03   1.891627e-11   17094
  2.641224e+00   3.518476e-09   8.224916e-03   1.887048e-11   17436
  2.661647e+00   3.608654e-09   8.507681e-03   1.914159e-11   17862
  2.682156e+00   3.723549e-09   7.334012e-03   1.950577e-11   18200
  2.702815e+00   3.789321e-09   9.867075e-04   1.997602e-11   18450
  2.723026e+00   3.881488e-09   3.528250e-03   2.026855e-11   18384
  2.743187e+00   3.997379e-09   5.635561e-03   2.095802e-11   18504
  2.763326e+00   4.054178e-09   4.371033e-03   2.083830e-11   19142
  2.783870e+00   4.164237e-09   5.723229e-03   2.079235e-11   19692
  2.804196e+00   4.250165e-09   5.955380e-03   2.154297e-11   19062
  2.824083e+00   4.333914e-09   0.000000e+00   2.153681e-11   20184
  2.844639e+00   4.414901e-09   7.212340e-03   2.198893e-11   19970
  2.864688e+00   4.529443e-09   0.000000e+00   2.244911e-11   20496
  2.885325e+00   4.684126e-09   8.406604e-03   2.266475e-11   21456
  2.905409e+00   4.681584e-09   5.726911e-03   2.364732e-11   19650
  2.925123e+00   4.833994e-09   9.717315e-03   2.294037e-11   22040
  2.945909e+00   4.941200e-09   1.258386e-02   2.354093e-11   21558
  2.965977e+00   5.043026e-09   0.000000e+00   2.379668e-11   21804
  2.986100e+00   5.100221e-09   7.792296e-03   2.464183e-11   21926
  3.006157e+00   5.157714e-09   9.339643e-03   2.406935e-11   22416
  3.026295e+00   5.322030e-09   8.302547e-03   2.494120e-11   22776
  3.047001e+00   5.397605e-09   6.339916e-03   2.482337e-11   23874
  3.067343e+00   5.510584e-09   0.000000e+00   2.590086e-11   23104
  3.087569e+00   5.628171e-09   0.000000e+00   2.552179e-11   23974
  3.107841e+00   5.718793e-09   1.349046e-02   2.635908e-11   23892
  3.127762e+00   5.842650e-09   0.000000e+00   2.692598e-11   23550
  3.147819e+00   5.973797e-09   6.484553e-03   2.664230e-11   25320
  3.168193e+00   6.018948e-09   1.166565e-02   2.736813e-11   24428
  3.188130e+00   6.134296e-09   8.046499e-03   2.709381e-11   25254
  3.208543e+00   6.315812e-09   0.000000e+00   2.771313e-11   26016
  3.228665e+00   6.358162e-09   0.000000e+00   2.840333e-11   25182
  3.248973e+00   6.508900e-09   3.216640e-03   2.770241e-11   27428
  3.269573e+00   6.519216e-09   5.692951e-03   2.872370e-11   25974
  3.289395e+00   6.602692e-09   8.536646e-03   2.868477e-11   26904
  3.309525e+00   6.762725e-09   3.064794e-03   2.959756e-11   26730
  3.329677e+00   6.901632e-09   0.000000e+00   2.915496e-11   27896
  3.350333e+00   7.000264e-09   1.031779e-02   2.916117e-11   28992
  3.371235e+00   7.009579e-09   2.603124e-03   2.974851e-11   28698
  3.391180e+00   7.188252e-09   0.000000e+00   3.067859e-11   27816
  3.411554e+00   7.282664e-09   0.000000e+00   2.977864e-11   29774
  3.431937e+00   7.352294e-09   6.225754e-03   3.082711e-11   29148
  3.451864e+00   7.540525e-09   0.000000e+00   3.193583e-11   28806
  3.471936e+00   7.606227e-09   1.118711e-02   3.108211e-11   30408
  3.492237e+00   7.693703e-09   0.000000e+00   3.115286e-11   30320
  3.512714e+00   7.787293e-09   0.000000e+00   3.139058e-11   30930
  3.533152e+00   7.932753e-09   0.000000e+00   3.163404e-11   31656
  3.553119e+00   8.083557e-09   1.523775e-03   3.321645e-11   30086
  3.573179e+00   8.188751e-09   1.297429e-02   3.205066e-11   32724
  3.593396e+00   8.244275e-09   7.261131e-03   3.307058e-11   30846
  3.613473e+00   8.397409e-09   2.446096e-03   3.261291e-11   33480
  3.633996e+00   8.520739e-09   1.052565e-02   3.347202e-11   32724
  3.654062e+00   8.564053e-09   6.692134e-03   3.369413e-11   32894
  3.674415e+00   8.625444e-09   0.000000e+00   3.311860e-11   34200
  3.694774e+00   8.792512e-09   8.528892e-03   3.419903e-11   33594
  3.714768e+00   8.862179e-09   0.000000e+00   3.405241e-11   34336
  3.735166e+00   9.033943e-09   0.000000e+00   3.451595e-11   34822
  3.755407e+00   9.009129e-09   0.000000e+00   3.366950e-11   35472
  3.775537e+00   9.300614e-09   0.000000e+00   3.534061e-11   34404
  3.795608e+00   9.367379e-09   0.000000e+00   3.523951e-11   36222
  3.815726e+00   9.530122e-09   5.643317e-03   3.569029e-11   35984
  3.836048e+00   9.518419e-09   8.558383e-03   3.526390e-11   36570
  3.856195e+00   9.573143e-09   0.000000e+00   3.524477e-11   37176
  3.876564e+00   9.755361e-09   0.000000e+00   3.582934e-11   37406
  3.896848e+00   9.945801e-09   0.000000e+00   3.655594e-11   38052
  3.916968e+00   9.990267e-09   0.000000e+00   3.666477e-11   37590
  3.937361e+00   1.010924e-08   1.054553e-02   3.644614e-11   39480
  3.957552e+00   1.016996e-08   0.000000e+00   3.668532e-11   38260
  3.977734e+00   1.030951e-08   1.007824e-02   3.717777e-11   39646
  3.998329e+00   1.043384e-08   5.616128e-03   3.658371e-11   40944
  4.018750e+00   1.047927e-08   0.000000e+00   3.772278e-11   39678
  4.038868e+00   1.057170e-08   0.000000e+00   3.739684e-11   40804
  4.059105e+00   1.073662e-08   0.000000e+00   3.773591e-11   40606
  4.079380e+00   1.076269e-08   1.349666e-02   3.761471e-11   42216
  4.099776e+00   1.093284e-08   0.000000e+00   3.803972e-11   41532
  4.119923e+00   1.098237e-08   0.000000e+00   3.807278e-11   41990
  4.139925e+00   1.119575e-08   1.431468e-02   3.895744e-11   42360
  4.160335e+00   1.126042e-08   5.341048e-03   3.851062e-11   43530
  4.180618e+00   1.129798e-08   8.000738e-03   3.836586e-11   43848
  4.200839e+00   1.144299e-08   0.000000e+00   3.943173e-11   42870
  4.221126e+00   1.154646e-08   1.368087e-02   3.829363e-11   46160
  4.241488e+00   1.142409e-08   5.740139e-03   3.969023e-11   43380
  4.261540e+00   1.175021e-08   0.000000e+00   3.908168e-11   45294
  4.281662e+00   1.174087e-08   1.250346e-02   3.938631e-11   45744
  4.302236e+00   1.170379e-08   0.000000e+00   3.889187e-11   46682
  4.322362e+00   1.191526e-08   7.222290e-03   3.984077e-11   45840
  4.342555e+00   1.211471e-08   0.000000e+00   3.989800e-11   47118
  4.362704e+00   1.212937e-08   1.879055e-02   3.976763e-11   47124
  4.382935e+00   1.211931e-08   3.368536e-03   3.950540e-11   47984
  4.403575e+00   1.221432e-08   7.909821e-03   3.974128e-11   49566
  4.423478e+00   1.231569e-08   4.738148e-03   4.130177e-11   46284
  4.443444e+00   1.249959e-08   1.351707e-02   3.966912e-11   49966
  4.463763e+00   1.254528e-08   1.024534e-02   4.057101e-11   49360
  4.483961e+00   1.272525e-08   0.000000e+00   4.116157e-11   49806
  4.504320e+00   1.274246e-08   1.108968e-02   4.003548e-11   51492
  4.524458e+00   1.283555e-08   1.466046e-02   4.116944e-11   49496
  4.544765e+00   1.290256e-08   1.508930e-02   4.000606e-11   53190
  4.565246e+00   1.304973e-08   0.000000e+00   4.123349e-11   51060
  4.585322e+00   1.318414e-08   0.000000e+00   4.120294e-11   52134
  4.605464e+00   1.320052e-08   9.685811e-03   4.047054e-11   53088
  4.625764e+00   1.324354e-08   6.845642e-03   4.123129e-11   52706
  4.646004e+00   1.334775e-08   9.756994e-03   4.103507e-11   54936
  4.666566e+00   1.347353e-08   0.000000e+00   4.196374e-11   53886
  4.686679e+00   1.337959e-08   0.000000e+00   4.123698e-11   54436
  4.706786e+00   1.352487e-08   0.000000e+00   4.104582e-11   55096
  4.727298e+00   1.358687e-08   0.000000e+00   4.098913e-11   56358
  4.747397e+00   1.379876e-08   0.000000e+00   4.199446e-11   55632
  4.767658e+00   1.384209e-08   1.975700e-02   4.178876e-11   56530
  4.787870e+00   1.390732e-08   0.000000e+00   4.164943e-11   57232
  4.808005e+00   1.386810e-08   0.000000e+00   4.163274e-11   56766
  4.828655e+00   1.392050e-08   0.000000e+00   4.052250e-11   60804
  4.848751e+00   1.403245e-08   0.000000e+00   4.268947e-11   55536
  4.868920e+00   1.418436e-08   2.448960e-02   4.110694e-11   61166
  4.889170e+00   1.424416e-08   0.000000e+00   4.252696e-11   57396
  4.909197e+00   1.427114e-08   1.139195e-02   4.150301e-11   60870
  4.929530e+00   1.446605e-08   0.000000e+00   4.271225e-11   60224
  4.949759e+00   1.452556e-08   1.685283e-02   4.246916e-11   61002
  4.970055e+00   1.446392e-08   1.548637e-02   4.186709e-11   62016
  4.990242e+00   1.461489e-08   0.000000e+00   4.238829e-11   60768
  5.010269e+00   1.461083e-08   2.297311e-02   4.170091e-11   62870
  5.030742e+00   1.486057e-08   8.453434e-03   4.227109e-11   63804
  5.051097e+00   1.485756e-08   1.131592e-02   4.266246e-11   63054
  5.070991e+00   1.482179e-08   8.202715e-03   4.262529e-11   63024
  5.091311e+00   1.488949e-08   0.000000e+00   4.177383e-11   65018
  5.111402e+00   1.504661e-08   1.498070e-02   4.254189e-11   64608
  5.131702e+00   1.516287e-08   0.000000e+00   4.260373e-11   65688
  5.151944e+00   1.512582e-08   2.212426e-02   4.218148e-11   65994
  5.172121e+00   1.511685e-08   0.000000e+00   4.209276e-11   66648
  5.192517e+00   1.524914e-08   1.494947e-02   4.214456e-11   67310
  5.212619e+00   1.532804e-08   0.000000e+00   4.247283e-11   67224
  5.232864e+00   1.540980e-08   5.493395e-03   4.266409e-11   68034
  5.253184e+00   1.530231e-08   0.000000e+00   4.188170e-11   69744
  5.273505e+00   1.554568e-08   1.183695e-02   4.317329e-11   68654
  5.294030e+00   1.541746e-08   1.504391e-02   4.111745e-11   72132
  5.314335e+00   1.557563e-08   9.174670e-03   4.268464e-11   68520
  5.334352e+00   1.562074e-08   1.500208e-02   4.228105e-11   71070
  5.354770e+00   1.566103e-08   0.000000e+00   4.214515e-11   71948
  5.374980e+00   1.571065e-08   2.214325e-02   4.252704e-11   71598
  5.395365e+00   1.568032e-08   0.000000e+00   4.166855e-11   73536
  5.415580e+00   1.575514e-08   2.703792e-02   4.224698e-11   71802
  5.435586e+00   1.588694e-08   0.000000e+00   4.253779e-11   73280
  5.455831e+00   1.596928e-08   0.000000e+00   4.229309e-11   73992
  5.476260e+00   1.594133e-08   1.210641e-02   4.161683e-11   75966
  5.496487e+00   1.601021e-08   0.000000e+00   4.223261e-11   74364
  5.516736e+00   1.604754e-08   1.554842e-02   4.189207e-11   76094
  5.536931e+00   1.609843e-08   0.000000e+00   4.201051e-11   76224
  5.557190e+00   1.616078e-08   9.212313e-03   4.231078e-11   76242
  5.577233e+00   1.613903e-08   0.000000e+00   4.167886e-11   76944
  5.597474e+00   1.630661e-08   0.000000e+00   4.180578e-11   78680
  5.618029e+00   1.631629e-08   1.741265e-02   4.139831e-11   79962
  5.638191e+00   1.644929e-08   8.217613e-03   4.282352e-11   77760
  5.658331e+00   1.627668e-08   2.062583e-02   4.218746e-11   79590
  5.678585e+00   1.634256e-08   0.000000e+00   4.158260e-11   80732
  5.698893e+00   1.644249e-08   2.598413e-02   4.205078e-11   81174
  5.719148e+00   1.632148e-08   9.200171e-03   4.172330e-11   80832
  5.738996e+00   1.655170e-08   2.632808e-02   4.236724e-11   79992
  5.759359e+00   1.643212e-08   0.000000e+00   4.128839e-11   84314
  5.779794e+00   1.648264e-08   0.000000e+00   4.149847e-11   83592
  5.800111e+00   1.659418e-08   1.922518e-02   4.168205e-11   83838
  5.820312e+00   1.660449e-08   0.000000e+00   4.160062e-11   83676
  5.840436e+00   1.663642e-08   1.258164e-02   4.111668e-11   84950
  5.860618e+00   1.661979e-08   0.000000e+00   4.135270e-11   84912
  5.880920e+00   1.665756e-08   2.365901e-02   4.078544e-11   87162
  5.901268e+00   1.667480e-08   0.000000e+00   4.108560e-11   86440
  5.921403e+00   1.671165e-08   0.000000e+00   4.125646e-11   86560
  5.941710e+00   1.671054e-08   3.082877e-03   4.091994e-11   88698
  5.961922e+00   1.686062e-08   2.939152e-02   4.080737e-11   88920
  5.982405e+00   1.674321e-08   0.000000e+00   4.065741e-11   88814
  6.002491e+00   1.681810e-08   7.684377e-03   4.041623e-11   90336
  6.022962e+00   1.680976e-08   0.000000e+00   4.074341e-11   90282
  6.043171e+00   1.680816e-08   0.000000e+00   4.085602e-11   90840
  6.063220e+00   1.691763e-08   2.213524e-02   4.076283e-11   91128
  6.083665e+00   1.687519e-08   0.000000e+00   4.026178e-11   92690
  6.103786e+00   1.686299e-08   0.000000e+00   4.022055e-11   92160
  6.124088e+00   1.681412e-08   0.000000e+00   4.022998e-11   93534
  6.144230e+00   1.677388e-08   0.000000e+00   3.964622e-11   93484
  6.164472e+00   1.681587e-08   3.473208e-03   3.966119e-11   95206
  6.184882e+00   1.698110e-08   9.407028e-03   3.976939e-11   96048
  6.204965e+00   1.689296e-08   7.689381e-03   4.053595e-11   93600
  6.225166e+00   1.683751e-08   0.000000e+00   3.931758e-11   97410
  6.245401e+00   1.705777e-08   2.720117e-02   3.984213e-11   97856
  6.265842e+00   1.696165e-08   0.000000e+00   3.983138e-11   97278
  6.286002e+00   1.701504e-08   1.666057e-02   3.958821e-11   98916
  6.306175e+00   1.694351e-08   0.000000e+00   3.961459e-11   96894
  6.326241e+00   1.699314e-08   0.000000e+00   3.925883e-11   100976
  6.346691e+00   1.700201e-08   2.262637e-03   3.921150e-11   100164
  6.366820e+00   1.699848e-08   0.000000e+00   3.964086e-11   100014
  6.386825e+00   1.703776e-08   1.955607e-02   3.919851e-11   101040
  6.407163e+00   1.702480e-08   0.000000e+00   3.912062e-11   102338
  6.427307e+00   1.699892e-08   1.120113e-02   3.900574e-11   102912
  6.447747e+00   1.702726e-08   0.000000e+00   3.859208e-11   104238
  6.467834e+00   1.705104e-08   1.927916e-02   3.907152e-11   103104
  6.488105e+00   1.702834e-08   1.685154e-02   3.872866e-11   105404
  6.508429e+00   1.700077e-08   0.000000e+00   3.828284e-11   105198
  6.528642e+00   1.716531e-08   0.000000e+00   3.843967e-11   106632
  6.548964e+00   1.706502e-08   2.565365e-02   3.811329e-11   106706
  6.569170e+00   1.702378e-08   0.000000e+00   3.829751e-11   106992
  6.589611e+00   1.697328e-08   0.000000e+00   3.764455e-11   110118
  6.609853e+00   1.696814e-08   3.101492e-02   3.809044e-11   108084
  6.629982e+00   1.697450e-08   1.173389e-02   3.778338e-11   108222
  6.650333e+00   1.703636e-08   0.000000e+00   3.782789e-11   112160
  6.670493e+00   1.698262e-08   1.818277e-02   3.772004e-11   108492
  6.690745e+00   1.692252e-08   2.187017e-02   3.713895e-11   113262
  6.711074e+00   1.689978e-08   0.000000e+00   3.715859e-11   111360
  6.731429e+00   1.699115e-08   0.000000e+00   3.718579e-11   114182
  6.751628e+00   1.690796e-08   3.222430e-02   3.734959e-11   112884
  6.771895e+00   1.684200e-08   7.943268e-03   3.679155e-11   113934
  6.792017e+00   1.686434e-08   0.000000e+00   3.679125e-11   114504
  6.812469e+00   1.684193e-08   0.000000e+00   3.623205e-11   117500
  6.832646e+00   1.682473e-08   2.241000e-02   3.689088e-11   114102
  6.852836e+00   1.693077e-08   9.453110e-03   3.628564e-11   118584
  6.873149e+00   1.683311e-08   0.000000e+00   3.676750e-11   115546
  6.893137e+00   1.683502e-08   2.090855e-02   3.603507e-11   118984
  6.913625e+00   1.679047e-08   5.943680e-03   3.588388e-11   119526
  6.933786e+00   1.679052e-08   3.214331e-03   3.600933e-11   119436
  6.953933e+00   1.679346e-08   0.000000e+00   3.596238e-11   118632
  6.974108e+00   1.673562e-08   2.389801e-02   3.575299e-11   122510
  6.994466e+00   1.677522e-08   0.000000e+00   3.571545e-11   121680
  7.014751e+00   1.670661e-08   0.000000e+00   3.572287e-11   121434
  7.034817e+00   1.668401e-08   0.000000e+00   3.536960e-11   123928
  7.055148e+00   1.677810e-08   0.000000e+00   3.562103e-11   123910
  7.075427e+00   1.664453e-08   0.000000e+00   3.517232e-11   124452
  7.095651e+00   1.672132e-08   0.000000e+00   3.528390e-11   125376
  7.115875e+00   1.660843e-08   2.003363e-02   3.500928e-11   126638
  7.136112e+00   1.669190e-08   6.146994e-03   3.520583e-11   125844
  7.156363e+00   1.663983e-08   0.000000e+00   3.463863e-11   128142
  7.176640e+00   1.664980e-08   5.295285e-03   3.498541e-11   128136
  7.196778e+00   1.658019e-08   9.206852e-03   3.456081e-11   127642
  7.217074e+00   1.662769e-08   0.000000e+00   3.419921e-11   131968
  7.237597e+00   1.646053e-08   0.000000e+00   3.405508e-11   130326
  7.257721e+00   1.652191e-08   2.134622e-02   3.391447e-11   131688
  7.277956e+00   1.647585e-08   1.027310e-02   3.413624e-11   130212
  7.298111e+00   1.639641e-08   0.000000e+00   3.364552e-11   132686
  7.318517e+00   1.643505e-08   0.000000e+00   3.341827e-11   135960
  7.338829e+00   1.644130e-08   1.667040e-02   3.397471e-11   131562
  7.358717e+00   1.627199e-08   1.281241e-02   3.317311e-11   134016
  7.379094e+00   1.646229e-08   0.000000e+00   3.374934e-11   136478
  7.399348e+00   1.627707e-08   2.749318e-02   3.288505e-11   136812
  7.419681e+00   1.638878e-08   1.753924e-02   3.300377e-11   137856
  7.439937e+00   1.626097e-08   0.000000e+00   3.328541e-11   135862
  7.460080e+00   1.635083e-08   0.000000e+00   3.289186e-11   140056
  7.480476e+00   1.620539e-08   2.404250e-02   3.259660e-11   139602
  7.500678e+00   1.623251e-08   0.000000e+00   3.289716e-11   139080
  7.520868e+00   1.621188e-08   0.000000e+00   3.261064e-11   140678
  7.541139e+00   1.616663e-08   1.281793e-02   3.233867e-11   142884
  7.561330e+00   1.614949e-08   1.035026e-02   3.239028e-11   139992
  7.581564e+00   1.606377e-08   0.000000e+00   3.181427e-11   144966
  7.601915e+00   1.614479e-08   0.000000e+00   3.231803e-11   143364
  7.622074e+00   1.608702e-08   1.825573e-02   3.191591e-11   144518
  7.642264e+00   1.597191e-08   1.919441e-02   3.168790e-11   145200
  7.662421e+00   1.600960e-08   0.000000e+00   3.200315e-11   143466
  7.682527e+00   1.599586e-08   0.000000e+00   3.142140e-11   148824
  7.702776e+00   1.595412e-08   1.584007e-02   3.143192e-11   145544
  7.722878e+00   1.579088e-08   0.000000e+00   3.104674e-11   148590
  7.743229e+00   1.585036e-08   0.000000e+00   3.098480e-11   150540
  7.763553e+00   1.578706e-08   2.693804e-02   3.087192e-11   150134
  7.783789e+00   1.583451e-08   0.000000e+00   3.090938e-11   151296
  7.804219e+00   1.575443e-08   0.000000e+00   3.065669e-11   152058
  7.824258e+00   1.563072e-08   1.612222e-02   3.065780e-11   150864
  7.844504e+00   1.573997e-08   1.459620e-02   3.042354e-11   154310
  7.864955e+00   1.561529e-08   0.000000e+00   2.999789e-11   155172
  7.885186e+00   1.571991e-08   0.000000e+00   3.028709e-11   154128
  7.905615e+00   1.557761e-08   1.253802e-02   2.982156e-11   158310
  7.925765e+00   1.552203e-08   1.866161e-02   3.025132e-11   153436
  7.945932e+00   1.557439e-08   0.000000e+00   2.988894e-11   157726
  7.966379e+00   1.551268e-08   0.000000e+00   2.940592e-11   160368
  7.986531e+00   1.546312e-08   9.200786e-03   2.993594e-11   155718
  8.006648e+00   1.536149e-08   0.000000e+00   2.930952e-11   160028
  8.026900e+00   1.538747e-08   0.000000e+00   2.923594e-11   160920
  8.047188e+00   1.532782e-08   1.304424e-02   2.924719e-11   161070
  8.067471e+00   1.533119e-08   2.977872e-02   2.895141e-11   163428
  8.087636e+00   1.522867e-08   0.000000e+00   2.916399e-11   159574
  8.107943e+00   1.526358e-08   0.000000e+00   2.851194e-11   167392
  8.128263e+00   1.530944e-08   2.426135e-02   2.913296e-11   162258
  8.148439e+00   1.514716e-08   1.308026e-02   2.825778e-11   167472
  8.168758e+00   1.517532e-08   0.000000e+00   2.858145e-11   163664
  8.188840e+00   1.505706e-08   0.000000e+00   2.835561e-11   166986
  8.209139e+00   1.520749e-08   1.673008e-02   2.828762e-11   169968
  8.229596e+00   1.501371e-08   0.000000e+00   2.813008e-11   167646
  8.249576e+00   1.502537e-08   0.000000e+00   2.814251e-11   168080
  8.269840e+00   1.506601e-08   1.564281e-02   2.792552e-11   170826
  8.290115e+00   1.497222e-08   0.000000e+00   2.796534e-11   170928
  8.310206e+00   1.489714e-08   1.701701e-02   2.757218e-11   170640
  8.330552e+00   1.489725e-08   0.000000e+00   2.755633e-11   173954
  8.350721e+00   1.476567e-08   2.573357e-02   2.739191e-11   173232
  8.371036e+00   1.484319e-08   0.000000e+00   2.752851e-11   174150
  8.391292e+00   1.478279e-08   0.000000e+00   2.736024e-11   176364
  8.411515e+00   1.476270e-08   1.655519e-02   2.708155e-11   175302
  8.431753e+00   1.468864e-08   6.691899e-03   2.696448e-11   177392
  8.451928e+00   1.462201e-08   1.745376e-02   2.680313e-11   176352
  8.472260e+00   1.458418e-08   0.000000e+00   2.660048e-11   180330
  8.492585e+00   1.461764e-08   8.565049e-03   2.654340e-11   180712
  8.512823e+00   1.450358e-08   1.492168e-02   2.655930e-11   179350
  8.533123e+00   1.451542e-08   1.350869e-02   2.627143e-11   183396
  8.553475e+00   1.448277e-08   0.000000e+00   2.636029e-11   180390
  8.573470e+00   1.443463e-08   0.000000e+00   2.620093e-11   181944
  8.593811e+00   1.441841e-08   0.000000e+00   2.577263e-11   185450
  8.614195e+00   1.433273e-08   8.021190e-03   2.591213e-11   186192
  8.634348e+00   1.434214e-08   1.993753e-02   2.589215e-11   183432
  8.654528e+00   1.422701e-08   0.000000e+00   2.570239e-11   185362
  8.674669e+00   1.423823e-08   3.503958e-03   2.550269e-11   188464
  8.695073e+00   1.421484e-08   0.000000e+00   2.547408e-11   188046
  8.715340e+00   1.412934e-08   1.318725e-02   2.519463e-11   191304
  8.735544e+00   1.415952e-08   2.405453e-02   2.541547e-11   186690
  8.755842e+00   1.402640e-08   0.000000e+00   2.471304e-11   194072
  8.776006e+00   1.408156e-08   2.068738e-02   2.518021e-11   188688
  8.796171e+00   1.393487e-08   0.000000e+00   2.466128e-11   192786
  8.816360e+00   1.400951e-08   7.760612e-03   2.480707e-11   193352
  8.836763e+00   1.395134e-08   0.000000e+00   2.462620e-11   195702
  8.856952e+00   1.389008e-08   2.768231e-02   2.446689e-11   195132
  8.877224e+00   1.386982e-08   0.000000e+00   2.423372e-11   195726
  8.897426e+00   1.375085e-08   0.000000e+00   2.416530e-11   197416
  8.917634e+00   1.376955e-08   8.102164e-03   2.418054e-11   196564
  8.937912e+00   1.367068e-08   1.931014e-02   2.391821e-11   201198
  8.958149e+00   1.374829e-08   4.626723e-03   2.415003e-11   197136
  8.978232e+00   1.363949e-08   0.000000e+00   2.396924e-11   199358
  8.998408e+00   1.370183e-08   2.700217e-02   2.374547e-11   203532
  9.018805e+00   1.364404e-08   0.000000e+00   2.377037e-11   201438
  9.039004e+00   1.356875e-08   0.000000e+00   2.356159e-11   203664
  9.059198e+00   1.356097e-08   2.709297e-02   2.336285e-11   203972
  9.079435e+00   1.344046e-08   2.139221e-02   2.334255e-11   205974
  9.099754e+00   1.346718e-08   0.000000e+00   2.320622e-11   205752
  9.120101e+00   1.338522e-08   0.000000e+00   2.308413e-11   207810
  9.140113e+00   1.341187e-08   3.536623e-02   2.326588e-11   206384
  9.160528e+00   1.343327e-08   0.000000e+00   2.296205e-11   210966
  9.180839e+00   1.328014e-08   0.000000e+00   2.281615e-11   210516
  9.201116e+00   1.333395e-08   0.000000e+00   2.286213e-11   209766
  9.221262e+00   1.320754e-08   3.919652e-02   2.263069e-11   212376
  9.241567e+00   1.324135e-08   0.000000e+00   2.253436e-11   212960
  9.261980e+00   1.318617e-08   0.000000e+00   2.255044e-11   214626
  9.282117e+00   1.314597e-08   2.924927e-02   2.232852e-11   213696
  9.302354e+00   1.306599e-08   2.794823e-02   2.223069e-11   215734
  9.322543e+00   1.302490e-08   0.000000e+00   2.244731e-11   213220
  9.342743e+00   1.311192e-08   0.000000e+00   2.201922e-11   219102
  9.363057e+00   1.301607e-08   3.334871e-02   2.193770e-11   220872
  9.383270e+00   1.298830e-08   4.902451e-02   2.197495e-11   216556
  9.403499e+00   1.288654e-08   3.833186e-02   2.163364e-11   221494
  9.423684e+00   1.292749e-08   4.134326e-02   2.178900e-11   219096
  9.443993e+00   1.290935e-08   3.023393e-02   2.156874e-11   224262
  9.464371e+00   1.269643e-08   0.000000e+00   2.130072e-11   222508
  9.484615e+00   1.283534e-08   0.000000e+00   2.138839e-11   222502
  9.504704e+00   1.274299e-08   3.895386e-02   2.112022e-11   227280
  9.525039e+00   1.272251e-08   1.877868e-02   2.120302e-11   223644
  9.545252e+00   1.261441e-08   0.000000e+00   2.116337e-11   226222
  9.565490e+00   1.269307e-08   0.000000e+00   2.092920e-11   229840
  9.585791e+00   1.260042e-08   2.521018e-02   2.097374e-11   228042
  9.605888e+00   1.256678e-08   0.000000e+00   2.085143e-11   227472
  9.626109e+00   1.258763e-08   0.000000e+00   2.075894e-11   230990
  9.646385e+00   1.251161e-08   8.183183e-03   2.061134e-11   233532
  9.666618e+00   1.252968e-08   2.949091e-02   2.057486e-11   231288
  9.686951e+00   1.239501e-08   0.000000e+00   2.045719e-11   233718
  9.707048e+00   1.243733e-08   0.000000e+00   2.055228e-11   232704
  9.727332e+00   1.237414e-08   3.048697e-02   2.011569e-11   239282
  9.747652e+00   1.237284e-08   3.703995e-02   2.023163e-11   234912
  9.767996e+00   1.237466e-08   0.000000e+00   2.017679e-11   238278
  9.788069e+00   1.227682e-08   3.639550e-02   2.011796e-11   237460
  9.808158e+00   1.229329e-08   2.705972e-02   2.004641e-11   236662
  9.828636e+00   1.221833e-08   0.000000e+00   1.974941e-11   246336
  9.849101e+00   1.225691e-08   0.000000e+00   1.988888e-11   241092
  9.869227e+00   1.216521e-08   3.418461e-02   1.968012e-11   242414
  9.889507e+00   1.217612e-08   1.347315e-02   1.967922e-11   243552
  9.909811e+00   1.213186e-08   0.000000e+00   1.960524e-11   243474
  9.929872e+00   1.209075e-08   2.368894e-02   1.949136e-11   245112
  9.950185e+00   1.211678e-08   2.552831e-02   1.936043e-11   246894
  9.970398e+00   1.200976e-08   1.948081e-02   1.934912e-11   247448
  9.990728e+00   1.202608e-08   0.000000e+00   1.925097e-11   247404
  1.001083e+01   1.197412e-08   3.847408e-02   1.922080e-11   249990
  1.003099e+01   1.196899e-08   3.633199e-02   1.912866e-11   249512
  1.005146e+01   1.193512e-08   0.000000e+00   1.890655e-11   253890
  1.007168e+01   1.189364e-08   0.000000e+00   1.911128e-11   250728
  1.009176e+01   1.190438e-08   4.670807e-02   1.892272e-11   253950
  1.011209e+01   1.178806e-08   0.000000e+00   1.877022e-11   254140
  1.013236e+01   1.184277e-08   0.000000e+00   1.878277e-11   255880
  1.015265e+01   1.176368e-08   2.976923e-02   1.859674e-11   258942
  1.017273e+01   1.177874e-08   4.466073e-02   1.874057e-11   253836
  1.019308e+01   1.172202e-08   0.000000e+00   1.844441e-11   260534
  1.021339e+01   1.172306e-08   0.000000e+00   1.843936e-11   259992
  1.023345e+01   1.172726e-08   4.601137e-02   1.844874e-11   258894
  1.025374e+01   1.162239e-08   3.638681e-02   1.820079e-11   263364
  1.027404e+01   1.167628e-08   0.000000e+00   1.835492e-11   259536
  1.029404e+01   1.158500e-08   2.037461e-02   1.835540e-11   263438
  1.031427e+01   1.155773e-08   4.120156e-02   1.794760e-11   265740
  1.033461e+01   1.151638e-08   0.000000e+00   1.795772e-11   264894
  1.035491e+01   1.150005e-08   0.000000e+00   1.784109e-11   269184
  1.037510e+01   1.151576e-08   3.945661e-02   1.795108e-11   266138
  1.039529e+01   1.141282e-08   2.789946e-02   1.763304e-11   270528
  1.041568e+01   1.144218e-08   0.000000e+00   1.772557e-11   268182
  1.043580e+01   1.139948e-08   0.000000e+00   1.772679e-11   270960
  1.045597e+01   1.145035e-08   4.785907e-02   1.757918e-11   274580
  1.047659e+01   1.136390e-08   0.000000e+00   1.748360e-11   276078
  1.049687e+01   1.138555e-08   0.000000e+00   1.753078e-11   273600
  1.051701e+01   1.132040e-08   3.996108e-02   1.735385e-11   274698
  1.053721e+01   1.127963e-08   4.262579e-02   1.727401e-11   276920
  1.055759e+01   1.128682e-08   0.000000e+00   1.718469e-11   276774
  1.057783e+01   1.117500e-08   0.000000e+00   1.707608e-11   279972
  1.059787e+01   1.128435e-08   3.431067e-02   1.733430e-11   276144
  1.061818e+01   1.120223e-08   1.502674e-02   1.708732e-11   282590
  1.063851e+01   1.120960e-08   0.000000e+00   1.705128e-11   282300
  1.065876e+01   1.116705e-08   0.000000e+00   1.699125e-11   283926
  1.067881e+01   1.114062e-08   4.612643e-02   1.705459e-11   279792
  1.069920e+01   1.117903e-08   0.000000e+00   1.684455e-11   287870
  1.071957e+01   1.106059e-08   0.000000e+00   1.682362e-11   286428
  1.073959e+01   1.112276e-08   4.449685e-02   1.675165e-11   284808
  1.075985e+01   1.102447e-08   1.607754e-02   1.662819e-11   289158
  1.078023e+01   1.102857e-08   0.000000e+00   1.650227e-11   290204
  1.080046e+01   1.102044e-08   0.000000e+00   1.661420e-11   290382
  1.082061e+01   1.102423e-08   3.081255e-02   1.656418e-11   291912
  1.084097e+01   1.100713e-08   0.000000e+00   1.651245e-11   290754
  1.086111e+01   1.093851e-08   1.751788e-02   1.639632e-11   296096
  1.088147e+01   1.097228e-08   2.535137e-02   1.631196e-11   294552
  1.090159e+01   1.089775e-08   4.599011e-02   1.636284e-11   293466
  1.092180e+01   1.090599e-08   0.000000e+00   1.623180e-11   296904
  1.094212e+01   1.089498e-08   0.000000e+00   1.615549e-11   298358
  1.096213e+01   1.086913e-08   4.444830e-02   1.612209e-11   297840
  1.098251e+01   1.085066e-08   1.689800e-02   1.618885e-11   301338
  1.100283e+01   1.083897e-08   0.000000e+00   1.614246e-11   300336
  1.102287e+01   1.087448e-08   4.818275e-02   1.602007e-11   303584
  1.104323e+01   1.081255e-08   4.013964e-02   1.609752e-11   304098
  1.106362e+01   1.084020e-08   0.000000e+00   1.602594e-11   304488
  1.108375e+01   1.079295e-08   4.385474e-02   1.594933e-11   306678
  1.110405e+01   1.078422e-08   0.000000e+00   1.593761e-11   305732
  1.112430e+01   1.078504e-08   1.458453e-02   1.580984e-11   309894
  1.114461e+01   1.069053e-08   2.421458e-02   1.569772e-11   310200
  1.116485e+01   1.074450e-08   0.000000e+00   1.576490e-11   307074
  1.118499e+01   1.070494e-08   4.571299e-02   1.566916e-11   315656
  1.120542e+01   1.075706e-08   0.000000e+00   1.578794e-11   310704
  1.122575e+01   1.067677e-08   0.000000e+00   1.561143e-11   314310
  1.124565e+01   1.069457e-08   5.346437e-02   1.566466e-11   312412
  1.126607e+01   1.065219e-08   0.000000e+00   1.551759e-11   318310
  1.128641e+01   1.066022e-08   0.000000e+00   1.564534e-11   315648
  1.130649e+01   1.064014e-08   4.186390e-02   1.534967e-11   320610
  1.132671e+01   1.060274e-08   0.000000e+00   1.557522e-11   313944
  1.134697e+01   1.065639e-08   0.000000e+00   1.533084e-11   325880
  1.136725e+01   1.056560e-08   4.275331e-02   1.539194e-11   319146
  1.138752e+01   1.064500e-08   0.000000e+00   1.535278e-11   322896
  1.140760e+01   1.057419e-08   4.730635e-02   1.533225e-11   322206
  1.142792e+01   1.063257e-08   0.000000e+00   1.531642e-11   327416
  1.144835e+01   1.059815e-08   0.000000e+00   1.526608e-11   325602
  1.146834e+01   1.056035e-08   5.736003e-02   1.531654e-11   328248
  1.148865e+01   1.063498e-08   0.000000e+00   1.535899e-11   326088
  1.150907e+01   1.054834e-08   0.000000e+00   1.524109e-11   331658
  1.152907e+01   1.058292e-08   5.161935e-02   1.516044e-11   331584
  1.154943e+01   1.051964e-08   2.479045e-02   1.516930e-11   330630
  1.156976e+01   1.054853e-08   0.000000e+00   1.521746e-11   333204
  1.158972e+01   1.057320e-08   5.882723e-02   1.514020e-11   333470
  1.161019e+01   1.047879e-08   0.000000e+00   1.501828e-11   335688
  1.163031e+01   1.054225e-08   2.052913e-02   1.507108e-11   336828
  1.165052e+01   1.043342e-08   2.602395e-02   1.498039e-11   337662
  1.167092e+01   1.053446e-08   0.000000e+00   1.499083e-11   338960
  1.169084e+01   1.045921e-08   5.374678e-02   1.495892e-11   338262
  1.171119e+01   1.049558e-08   4.488253e-02   1.491620e-11   344388
  1.173172e+01   1.052757e-08   0.000000e+00   1.498116e-11   342486
  1.175158e+01   1.048054e-08   6.861580e-02   1.492856e-11   343592
  1.177209e+01   1.052445e-08   7.826453e-03   1.486538e-11   347130
  1.179251e+01   1.047413e-08   0.000000e+00   1.493677e-11   346152
  1.181244e+01   1.046810e-08   6.507932e-02   1.488303e-11   345856
  1.183291e+01   1.047282e-08   0.000000e+00   1.482538e-11   349354
  1.185320e+01   1.048812e-08   0.000000e+00   1.479624e-11   352032
  1.187332e+01   1.043047e-08   5.415898e-02   1.477256e-11   348582
  1.189375e+01   1.049724e-08   0.000000e+00   1.479132e-11   352244
  1.191364e+01   1.045786e-08   6.627837e-02   1.472104e-11   351582
  1.193405e+01   1.044319e-08   1.307224e-02   1.479562e-11   357144
  1.195452e+01   1.052241e-08   0.000000e+00   1.479692e-11   355560
  1.197446e+01   1.048053e-08   6.227112e-02   1.478357e-11   354551
  1.199485e+01   1.055190e-08   8.913891e-03   1.469566e-11   358044
  1.201531e+01   1.056179e-08   0.000000e+00   1.470338e-11   355272
  1.203516e+01   1.067222e-08   6.812590e-02   1.491958e-11   352044
  1.205550e+01   1.067329e-08   0.000000e+00   1.490374e-11   352344
  1.207583e+01   1.069672e-08   0.000000e+00   1.482433e-11   356516
  1.209593e+01   1.073163e-08   4.761171e-02   1.485958e-11   352848
  1.211652e+01   1.076994e-08   0.000000e+00   1.489794e-11   352980
  1.213648e+01   1.076072e-08   4.023112e-02   1.498612e-11   348948
  1.215670e+01   1.084964e-08   3.497783e-02   1.505667e-11   351692
  1.217729e+01   1.086928e-08   0.000000e+00   1.506989e-11   353064
  1.219717e+01   1.084265e-08   6.073335e-02   1.519722e-11   345624
  1.221740e+01   1.090339e-08   0.000000e+00   1.525442e-11   347844
  1.223787e+01   1.091184e-08   0.000000e+00   1.514034e-11   351020
  1.225784e+01   1.094218e-08   5.645117e-02   1.531843e-11   345852
  1.227818e+01   1.095919e-08   1.019424e-02   1.535607e-11   347040
  1.229855e+01   1.099837e-08   0.000000e+00   1.543593e-11   345928
  1.231852e+01   1.098681e-08   5.722492e-02   1.541118e-11   347020
  1.233898e+01   1.098743e-08   0.000000e+00   1.549590e-11   343032
  1.235915e+01   1.104298e-08   0.000000e+00   1.562256e-11   343620
  1.237922e+01   1.100930e-08   5.888892e-02   1.560092e-11   343988
  1.239984e+01   1.103362e-08   0.000000e+00   1.553481e-11   344556
  1.241988e+01   1.102147e-08   4.229263e-02   1.556061e-11   343632
  1.244027e+01   1.104899e-08   0.000000e+00   1.579423e-11   340392
  1.246062e+01   1.104796e-08   0.000000e+00   1.578732e-11   339408
  1.248051e+01   1.101696e-08   7.238037e-02   1.572190e-11   341864
  1.250106e+01   1.104859e-08   0.000000e+00   1.583513e-11   341964
  1.252140e+01   1.106177e-08   0.000000e+00   1.602111e-11   334380
  1.254111e+01   1.097877e-08   6.776555e-02   1.583061e-11   336504
  1.256164e+01   1.105936e-08   1.606793e-02   1.605960e-11   339560
  1.258197e+01   1.101103e-08   0.000000e+00   1.597641e-11   336384
  1.260204e+01   1.099579e-08   7.171046e-02   1.597259e-11   337404
  1.262252e+01   1.096983e-08   0.000000e+00   1.613989e-11   330156
  1.264248e+01   1.101221e-08   5.620008e-02   1.610375e-11   337808
  1.266291e+01   1.098971e-08   0.000000e+00   1.619738e-11   332748
  1.268332e+01   1.101054e-08   0.000000e+00   1.621185e-11   333612
  1.270325e+01   1.096085e-08   5.691527e-02   1.626477e-11   331860
  1.272358e+01   1.094954e-08   2.755148e-02   1.630094e-11   328376
  1.274388e+01   1.093245e-08   0.000000e+00   1.623122e-11   331140
  1.276394e+01   1.087357e-08   6.915573e-02   1.609058e-11   332988
  1.278429e+01   1.092778e-08   2.772468e-02   1.640693e-11   325224
  1.280470e+01   1.083785e-08   0.000000e+00   1.614971e-11   331544
  1.282473e+01   1.083644e-08   6.449738e-02   1.618818e-11   327264
  1.284507e+01   1.085182e-08   0.000000e+00   1.640230e-11   322308
  1.286522e+01   1.081680e-08   2.321348e-02   1.623661e-11   328136
  1.288528e+01   1.082080e-08   4.870221e-02   1.635893e-11   323172
  1.290581e+01   1.074578e-08   0.000000e+00   1.621739e-11   325248
  1.292583e+01   1.075804e-08   6.040161e-02   1.631075e-11   324096
  1.294612e+01   1.073684e-08   0.000000e+00   1.644639e-11   321540
  1.296661e+01   1.068166e-08   0.000000e+00   1.626018e-11   323744
  1.298643e+01   1.072234e-08   6.795142e-02   1.660902e-11   317400
  1.300679e+01   1.064201e-08   1.696567e-02   1.624990e-11   322560
  1.302731e+01   1.069274e-08   0.000000e+00   1.648385e-11   320076
  1.304720e+01   1.065717e-08   7.012516e-02   1.648190e-11   317204
  1.306785e+01   1.058501e-08   0.000000e+00   1.631846e-11   323064
  1.308817e+01   1.055922e-08   0.000000e+00   1.640056e-11   315204
  1.310801e+01   1.053250e-08   7.653825e-02   1.647431e-11   315416
  1.312872e+01   1.045717e-08   0.000000e+00   1.627259e-11   316884
  1.314868e+01   1.052969e-08   4.595835e-02   1.644592e-11   312876
  1.316891e+01   1.040620e-08   5.315060e-02   1.620277e-11   315540
  1.318952e+01   1.038982e-08   0.000000e+00   1.630012e-11   312576
  1.320931e+01   1.041411e-08   7.608819e-02   1.630716e-11   312140
  1.322977e+01   1.029813e-08   1.896340e-02   1.620620e-11   310356
  1.325022e+01   1.032013e-08   0.000000e+00   1.622697e-11   311232
  1.327002e+01   1.026202e-08   6.824524e-02   1.629995e-11   307584
  1.329050e+01   1.023367e-08   3.100174e-02   1.619472e-11   310616
  1.331081e+01   1.024822e-08   0.000000e+00   1.633326e-11   304200
  1.333061e+01   1.013135e-08   7.608932e-02   1.616123e-11   306792
  1.335127e+01   1.012993e-08   0.000000e+00   1.617933e-11   306168
  1.337128e+01   1.008298e-08   0.000000e+00   1.617697e-11   304448
  1.339159e+01   1.005457e-08   6.557846e-02   1.604417e-11   308580
  1.341216e+01   1.003545e-08   0.000000e+00   1.606571e-11   299568
  1.343196e+01   9.961530e-09   6.501602e-02   1.599778e-11   304416
  1.345248e+01   9.990667e-09   3.649464e-02   1.608731e-11   302216
  1.347289e+01   9.903156e-09   0.000000e+00   1.594401e-11   300084
  1.349279e+01   9.878506e-09   8.221648e-02   1.597701e-11   299340
  1.351313e+01   9.849741e-09   0.000000e+00   1.602419e-11   296688
  1.353351e+01   9.836116e-09   0.000000e+00   1.603639e-11   298820
  1.355338e+01   9.735472e-09   7.934593e-02   1.585237e-11   296916
  1.357395e+01   9.740628e-09   0.000000e+00   1.588337e-11   295920
  1.359407e+01   9.657179e-09   8.931793e-03   1.588726e-11   292692
  1.361403e+01   9.669657e-09   7.278524e-02   1.570229e-11   295892
  1.363479e+01   9.572863e-09   0.000000e+00   1.576552e-11   293064
  1.365474e+01   9.534572e-09   3.971738e-02   1.563498e-11   293220
  1.367491e+01   9.564331e-09   3.478707e-02   1.588900e-11   286804
  1.369536e+01   9.458295e-09   0.000000e+00   1.557033e-11   293080
  1.371539e+01   9.451591e-09   7.219702e-02   1.560350e-11   291816
  1.373592e+01   9.406161e-09   0.000000e+00   1.563057e-11   287784
  1.375625e+01   9.315295e-09   0.000000e+00   1.545171e-11   286760
  1.377611e+01   9.329406e-09   7.607689e-02   1.541952e-11   287088
  1.379660e+01   9.237144e-09   0.000000e+00   1.542937e-11   286176
  1.381700e+01   9.255854e-09   0.000000e+00   1.544267e-11   284184
  1.383681e+01   9.171547e-09   6.776015e-02   1.527936e-11   282220
  1.385749e+01   9.142799e-09   0.000000e+00   1.522561e-11   284452
  1.387753e+01   9.158933e-09   0.000000e+00   1.538947e-11   279516
  1.389763e+01   9.057519e-09   7.341003e-02   1.521031e-11   282696
  1.391834e+01   9.009324e-09   0.000000e+00   1.515811e-11   278676
  1.393814e+01   9.017938e-09   7.548945e-02   1.522613e-11   279512
  1.395854e+01   8.937366e-09   7.845664e-03   1.524653e-11   276672
  1.397899e+01   8.966402e-09   0.000000e+00   1.519450e-11   276036
  1.399870e+01   8.887879e-09   7.338799e-02   1.522746e-11   274416
  1.401918e+01   8.839398e-09   3.329527e-02   1.498049e-11   275384
  1.403966e+01   8.815655e-09   0.000000e+00   1.505880e-11   274560
  1.405954e+01   8.762925e-09   8.092386e-02   1.500240e-11   272220
  1.408013e+01   8.763994e-09   0.000000e+00   1.498268e-11   270492
  1.410028e+01   8.671952e-09   0.000000e+00   1.484502e-11   271532
  1.412045e+01   8.640916e-09   4.923866e-02   1.477623e-11   272052
  1.414094e+01   8.638231e-09   0.000000e+00   1.493923e-11   264372
  1.416075e+01   8.547874e-09   4.413233e-02   1.467481e-11   268652
  1.418118e+01   8.537797e-09   5.049453e-02   1.470415e-11   266760
  1.420152e+01   8.485078e-09   0.000000e+00   1.473364e-11   262536
  1.422144e+01   8.407740e-09   7.994274e-02   1.456025e-11   266460
  1.424186e+01   8.430987e-09   0.000000e+00   1.473319e-11   261560
  1.426218e+01   8.365599e-09   0.000000e+00   1.454959e-11   262236
  1.428218e+01   8.356402e-09   7.157590e-02   1.460240e-11   261708
  1.430257e+01   8.323529e-09   0.000000e+00   1.455150e-11   258960
  1.432291e+01   8.233945e-09   0.000000e+00   1.450464e-11   258376
  1.434280e+01   8.238197e-09   6.836466e-02   1.446443e-11   258304
  1.436353e+01   8.177398e-09   0.000000e+00   1.430484e-11   259368
  1.438358e+01   8.155562e-09   3.176581e-02   1.439405e-11   253332
  1.440365e+01   8.158442e-09   7.171310e-02   1.445058e-11   254448
  1.442431e+01   8.046288e-09   0.000000e+00   1.423109e-11   255248
  1.444425e+01   8.029299e-09   7.388965e-02   1.422100e-11   252180
  1.446469e+01   7.997487e-09   2.849736e-02   1.413062e-11   252744
  1.448508e+01   7.959773e-09   0.000000e+00   1.423046e-11   247348
  1.450487e+01   7.944842e-09   8.925243e-02   1.402601e-11   250432
  1.452537e+01   7.849092e-09   0.000000e+00   1.397634e-11   247860
  1.454584e+01   7.849462e-09   0.000000e+00   1.403067e-11   247716
  1.456564e+01   7.804321e-09   7.510638e-02   1.401118e-11   242472
  1.458627e+01   7.751219e-09   0.000000e+00   1.395114e-11   248672
  1.460638e+01   7.752157e-09   3.343245e-02   1.405394e-11   239352
  1.462638e+01   7.693825e-09   6.037780e-02   1.392330e-11   245088
  1.464704e+01   7.681227e-09   0.000000e+00   1.403650e-11   239232
  1.466684e+01   7.700166e-09   7.968015e-02   1.398477e-11   240320
  1.468736e+01   7.562266e-09   0.000000e+00   1.377253e-11   239340
  1.470784e+01   7.602128e-09   0.000000e+00   1.380697e-11   237636
  1.472756e+01   7.533233e-09   7.586300e-02   1.382193e-11   235980
  1.474803e+01   7.454994e-09   0.000000e+00   1.368350e-11   235304
  1.476846e+01   7.506211e-09   0.000000e+00   1.372982e-11   234576
  1.478832e+01   7.407951e-09   7.039224e-02   1.368325e-11   232788
  1.480880e+01   7.385375e-09   0.000000e+00   1.362465e-11   230400
  1.482901e+01   7.378995e-09   0.000000e+00   1.341130e-11   231836
  1.484909e+01   7.300967e-09   7.624100e-02   1.343736e-11   231288
  1.486979e+01   7.322316e-09   0.000000e+00   1.357319e-11   226536
  1.488961e+01   7.281388e-09   5.904016e-02   1.368109e-11   226084
  1.490981e+01   7.264799e-09   5.058784e-02   1.354417e-11   227116
  1.493044e+01   7.259759e-09   0.000000e+00   1.352021e-11   223800
  1.495026e+01   7.168850e-09   8.163956e-02   1.351657e-11   223884
  1.497067e+01   7.195445e-09   0.000000e+00   1.351923e-11   222360
  1.499111e+01   7.138400e-09   0.000000e+00   1.341317e-11   221156
  1.501107e+01   7.083329e-09   9.018834e-02   1.331102e-11   221724
  1.503161e+01   7.113657e-09   0.000000e+00   1.339287e-11   217584
  1.505188e+01   6.983410e-09   0.000000e+00   1.335250e-11   217576
  1.507175e+01   7.024692e-09   9.363855e-02   1.338502e-11   215464
  1.509237e+01   7.026784e-09   0.000000e+00   1.330835e-11   215472
  1.511246e+01   6.965786e-09   2.576719e-02   1.332960e-11   213768
  1.513249e+01   6.980613e-09   8.062951e-02   1.338202e-11   210956
  1.515303e+01   6.833475e-09   0.000000e+00   1.316735e-11   211788
  1.517310e+01   6.876065e-09   4.416445e-02   1.320828e-11   211092
  1.519347e+01   6.895527e-09   3.191146e-02   1.326382e-11   209556
  1.521398e+01   6.811246e-09   0.000000e+00   1.327214e-11   206700
  1.523373e+01   6.773818e-09   7.645488e-02   1.310511e-11   206048
  1.525416e+01   6.757982e-09   0.000000e+00   1.315737e-11   204744
  1.527456e+01   6.746974e-09   0.000000e+00   1.323298e-11   202992
  1.529429e+01   6.746720e-09   8.497485e-02   1.317190e-11   201944
  1.531503e+01   6.673305e-09   0.000000e+00   1.309266e-11   203304
  1.533535e+01   6.665296e-09   0.000000e+00   1.313092e-11   200484
  1.535513e+01   6.642047e-09   9.047297e-02   1.317530e-11   195516
  1.537587e+01   6.587821e-09   0.000000e+00   1.291808e-11   198860
  1.539575e+01   6.584746e-09   4.063862e-02   1.296054e-11   195264
  1.541602e+01   6.463092e-09   5.868966e-02   1.284970e-11   195984
  1.543661e+01   6.517410e-09   0.000000e+00   1.292945e-11   191808
  1.545623e+01   6.510931e-09   6.955743e-02   1.305664e-11   190776
  1.547663e+01   6.422873e-09   1.979748e-02   1.284602e-11   192032
  1.549718e+01   6.489997e-09   0.000000e+00   1.296530e-11   188628
  1.551692e+01   6.385950e-09   9.650663e-02   1.279711e-11   189444
  1.553757e+01   6.418248e-09   0.000000e+00   1.295402e-11   186260
  1.555771e+01   6.384100e-09   0.000000e+00   1.296219e-11   184560
  1.557768e+01   6.325026e-09   8.774112e-02   1.275162e-11   185832
  1.559850e+01   6.364303e-09   0.000000e+00   1.285005e-11   182400
  1.561840e+01   6.268749e-09   4.191687e-02   1.294711e-11   181380
  1.563850e+01   6.260270e-09   7.306749e-02   1.274112e-11   180332
  1.565917e+01   6.295235e-09   0.000000e+00   1.279412e-11   178236
  1.567910e+01   6.192171e-09   5.274117e-02   1.272551e-11   179184
  1.569941e+01   6.219343e-09   6.726471e-02   1.278463e-11   175028
  1.571989e+01   6.214243e-09   0.000000e+00   1.276451e-11   175440
  1.573991e+01   6.157061e-09   7.133803e-02   1.284264e-11   174828
  1.576032e+01   6.181187e-09   0.000000e+00   1.284415e-11   169896
  1.578053e+01   6.083225e-09   0.000000e+00   1.269070e-11   171708
  1.580052e+01   6.084222e-09   9.305218e-02   1.270231e-11   169328
  1.582104e+01   6.131264e-09   0.000000e+00   1.289749e-11   167364
  1.584127e+01   6.048687e-09   3.348241e-02   1.271907e-11   168192
  1.586126e+01   6.106099e-09   8.331866e-02   1.289792e-11   163188
  1.588198e+01   6.042545e-09   0.000000e+00   1.279573e-11   166184
  1.590206e+01   5.997683e-09   4.217744e-02   1.281737e-11   161460
  1.592208e+01   6.041363e-09   7.702655e-02   1.279743e-11   159972
  1.594260e+01   5.987025e-09   0.000000e+00   1.285645e-11   159488
  1.596249e+01   6.008425e-09   7.199067e-02   1.276874e-11   158148
  1.598299e+01   5.951060e-09   0.000000e+00   1.277171e-11   158100
  1.600348e+01   5.966877e-09   0.000000e+00   1.284695e-11   155232
  1.602309e+01   6.000117e-09   8.184601e-02   1.300760e-11   151216
  1.604371e+01   5.875815e-09   0.000000e+00   1.278945e-11   155560
  1.606419e+01   5.970602e-09   0.000000e+00   1.293157e-11   151404
  1.608393e+01   5.883912e-09   9.850863e-02   1.286247e-11   148356
  1.610460e+01   5.870763e-09   0.000000e+00   1.304267e-11   147164
  1.612455e+01   5.903113e-09   2.573760e-02   1.282678e-11   147384
  1.614471e+01   5.815997e-09   6.620277e-02   1.287446e-11   145992
  1.616548e+01   5.887031e-09   0.000000e+00   1.294877e-11   143856
  1.618506e+01   5.892685e-09   6.377849e-02   1.306516e-11   140384
  1.620553e+01   5.741093e-09   3.363411e-02   1.279823e-11   143856
  1.622609e+01   5.878778e-09   0.000000e+00   1.315584e-11   136968
  1.624574e+01   5.715444e-09   9.005174e-02   1.275621e-11   139536
  1.626646e+01   5.787271e-09   0.000000e+00   1.305190e-11   136916
  1.628660e+01   5.799537e-09   0.000000e+00   1.309202e-11   133032
  1.630647e+01   5.691688e-09   9.196315e-02   1.300197e-11   135540
  1.632734e+01   5.772072e-09   0.000000e+00   1.303376e-11   132096
  1.634724e+01   5.778347e-09   0.000000e+00   1.325424e-11   129540
  1.636732e+01   5.653906e-09   8.802635e-02   1.299825e-11   130640
  1.638800e+01   5.810907e-09   0.000000e+00   1.320881e-11   126276
  1.640794e+01   5.646021e-09   5.346229e-02   1.304377e-11   128484
  1.642849e+01   5.717338e-09   1.773539e-02   1.327541e-11   124168
  1.644876e+01   5.734309e-09   0.000000e+00   1.322072e-11   122224
  1.646873e+01   5.619651e-09   7.922386e-02   1.317064e-11   123156
  1.648926e+01   5.758345e-09   0.000000e+00   1.344227e-11   119688
  1.650932e+01   5.665393e-09   0.000000e+00   1.351547e-11   116640
  1.652930e+01   5.650234e-09   9.309395e-02   1.323001e-11   119696
  1.654992e+01   5.714983e-09   0.000000e+00   1.347300e-11   114276
  1.657008e+01   5.569199e-09   0.000000e+00   1.342779e-11   114060
  1.659006e+01   5.650405e-09   8.864862e-02   1.345762e-11   112536
  1.661073e+01   5.626837e-09   0.000000e+00   1.335623e-11   112196
  1.663092e+01   5.567033e-09   3.927322e-02   1.333361e-11   109404
  1.665092e+01   5.693467e-09   4.869159e-02   1.370927e-11   105900
  1.667126e+01   5.537462e-09   0.000000e+00   1.350080e-11   107176
  1.669132e+01   5.607795e-09   6.571797e-02   1.359454e-11   105088
  1.671173e+01   5.604314e-09   2.410317e-02   1.363170e-11   103800
  1.673221e+01   5.621418e-09   0.000000e+00   1.395186e-11   101340
  1.675206e+01   5.633847e-09   7.291096e-02   1.389618e-11   100036
  1.677238e+01   5.582757e-09   0.000000e+00   1.392485e-11   97672
  1.679278e+01   5.578339e-09   0.000000e+00   1.378602e-11   97908
  1.681276e+01   5.660658e-09   7.629926e-02   1.405436e-11   95328
  1.683322e+01   5.595074e-09   0.000000e+00   1.426903e-11   93600
  1.685339e+01   5.587129e-09   0.000000e+00   1.419484e-11   92312
  1.687354e+01   5.558037e-09   6.465081e-02   1.417417e-11   91044
  1.689404e+01   5.586017e-09   0.000000e+00   1.436135e-11   88500
  1.691379e+01   5.618031e-09   4.986295e-02   1.447140e-11   86216
  1.693416e+01   5.561025e-09   0.000000e+00   1.435012e-11   87159
  1.695490e+01   5.537254e-09   0.000000e+00   1.422085e-11   86064
  1.697482e+01   5.573268e-09   7.694563e-02   1.466035e-11   81648
  1.699503e+01   5.570086e-09   0.000000e+00   1.482095e-11   81654
  1.701553e+01   5.527469e-09   0.000000e+00   1.478240e-11   81284
  1.703562e+01   5.467246e-09   5.562418e-02   1.463756e-11   78888
  1.705585e+01   5.476749e-09   1.738732e-02   1.490637e-11   77250
  1.707596e+01   5.492462e-09   0.000000e+00   1.506764e-11   75942
  1.709607e+01   5.364438e-09   5.892815e-02   1.465585e-11   77042
  1.711673e+01   5.332386e-09   0.000000e+00   1.483925e-11   74094
  1.713692e+01   5.329969e-09   3.015902e-02   1.490440e-11   73818
  1.715710e+01   5.370514e-09   0.000000e+00   1.540497e-11   70998
  1.717739e+01   5.251696e-09   0.000000e+00   1.502843e-11   72044
  1.719760e+01   5.269642e-09   6.303497e-02   1.526787e-11   69426
  1.721797e+01   5.194757e-09   0.000000e+00   1.509468e-11   69288
  1.723818e+01   5.216875e-09   0.000000e+00   1.570487e-11   67068
  1.725814e+01   5.166786e-09   6.590556e-02   1.536586e-11   66926
  1.727858e+01   5.111140e-09   5.616834e-02   1.529210e-11   66348
  1.729910e+01   5.083575e-09   0.000000e+00   1.538129e-11   64728
  1.731905e+01   5.007178e-09   0.000000e+00   1.548280e-11   62820
  1.733927e+01   5.033450e-09   0.000000e+00   1.542912e-11   63716
  1.735974e+01   4.976589e-09   1.502395e-02   1.545293e-11   62160
  1.737993e+01   4.921298e-09   0.000000e+00   1.556307e-11   59940
  1.739997e+01   4.886118e-09   1.586962e-02   1.550717e-11   60112
  1.742018e+01   4.872862e-09   6.203426e-02   1.570237e-11   59668
  1.744070e+01   4.757801e-09   0.000000e+00   1.559322e-11   57618
  1.746070e+01   4.726027e-09   2.089639e-02   1.551054e-11   56868
  1.748074e+01   4.796834e-09   5.923605e-02   1.588517e-11   56684
  1.750108e+01   4.653619e-09   2.663065e-02   1.553435e-11   55536
  1.752146e+01   4.594873e-09   0.000000e+00   1.545431e-11   54342
  1.754173e+01   4.640817e-09   1.930145e-02   1.569584e-11   54768
  1.756179e+01   4.555294e-09   5.946848e-02   1.581195e-11   52094
  1.758204e+01   4.458632e-09   0.000000e+00   1.546941e-11   52224
  1.760258e+01   4.465624e-09   0.000000e+00   1.553044e-11   52188
  1.762270e+01   4.387804e-09   5.169510e-02   1.559661e-11   50190
  1.764269e+01   4.404455e-09   4.400266e-02   1.557237e-11   49224
  1.766309e+01   4.284283e-09   0.000000e+00   1.539214e-11   49094
  1.768355e+01   4.265907e-09   1.460931e-02   1.527461e-11   49488
  1.770381e+01   4.217951e-09   5.469436e-02   1.538854e-11   46830
  1.772379e+01   4.206691e-09   1.241198e-02   1.559231e-11   45860
  1.774411e+01   4.200756e-09   0.000000e+00   1.558132e-11   46770
  1.776451e+01   4.090951e-09   2.286613e-02   1.512505e-11   45468
  1.778472e+01   4.071385e-09   3.922197e-02   1.552110e-11   44130
  1.780486e+01   4.066732e-09   0.000000e+00   1.570551e-11   43230
  1.782512e+01   3.948244e-09   0.000000e+00   1.519735e-11   44108
  1.784554e+01   3.900223e-09   3.669865e-02   1.535197e-11   42162
  1.786573e+01   3.867462e-09   3.659520e-02   1.527463e-11   41358
  1.788575e+01   3.870233e-09   0.000000e+00   1.538045e-11   40456
  1.790602e+01   3.769471e-09   3.357667e-02   1.495782e-11   41230
  1.792660e+01   3.720675e-09   4.455858e-02   1.488905e-11   39906
  1.794689e+01   3.713316e-09   0.000000e+00   1.513015e-11   38508
  1.796681e+01   3.709914e-09   0.000000e+00   1.509441e-11   37854
  1.798693e+01   3.566355e-09   5.517738e-02   1.469915e-11   38162
  1.800752e+01   3.548421e-09   2.541599e-02   1.487150e-11   37212
  1.802785e+01   3.530535e-09   0.000000e+00   1.477178e-11   36450
  1.804767e+01   3.493342e-09   3.223149e-02   1.508538e-11   34718
  1.806777e+01   3.427503e-09   2.354981e-02   1.448160e-11   35814
  1.808838e+01   3.399651e-09   2.104280e-02   1.458377e-11   34896
  1.810872e+01   3.375545e-09   0.000000e+00   1.475255e-11   33822
  1.812849e+01   3.357619e-09   4.288245e-02   1.527119e-11   32522
  1.814880e+01   3.229592e-09   0.000000e+00   1.416218e-11   33630
  1.816940e+01   3.222890e-09   0.000000e+00   1.452673e-11   32166
  1.818942e+01   3.203346e-09   2.488101e-02   1.458925e-11   31200
  1.820928e+01   3.180823e-09   1.849682e-02   1.474120e-11   30598
  1.822958e+01   3.042229e-09   1.949167e-02   1.396921e-11   31138
  1.825033e+01   3.040323e-09   0.000000e+00   1.419304e-11   30510
  1.827054e+01   3.018482e-09   3.083329e-02   1.456761e-11   28998
  1.829037e+01   2.961108e-09   6.258392e-03   1.396743e-11   28290
  1.831064e+01   2.908670e-09   4.303604e-02   1.375456e-11   29126
  1.833140e+01   2.856969e-09   0.000000e+00   1.405495e-11   28008
  1.835164e+01   2.849546e-09   1.444407e-02   1.375078e-11   27222
  1.837164e+01   2.803287e-09   2.089150e-02   1.375451e-11   26426
  1.839188e+01   2.735512e-09   1.549769e-02   1.364254e-11   26694
  1.841237e+01   2.696848e-09   2.400950e-02   1.373736e-11   25734
  1.843269e+01   2.685208e-09   0.000000e+00   1.345274e-11   25458
  1.845263e+01   2.668632e-09   5.238866e-03   1.382338e-11   24198
  1.847298e+01   2.579388e-09   0.000000e+00   1.317039e-11   25034
  1.849356e+01   2.550956e-09   1.770314e-02   1.328568e-11   23718
  1.851364e+01   2.507306e-09   0.000000e+00   1.337048e-11   23094
  1.853340e+01   2.480015e-09   2.958011e-02   1.328295e-11   22416
  1.855375e+01   2.390391e-09   1.013616e-02   1.278716e-11   23078
  1.857463e+01   2.356342e-09   0.000000e+00   1.248378e-11   22386
  1.859486e+01   2.325502e-09   0.000000e+00   1.295063e-11   21126
  1.861444e+01   2.319217e-09   0.000000e+00   1.288259e-11   20366
  1.863462e+01   2.253244e-09   3.718601e-02   1.245455e-11   21354
  1.865556e+01   2.232549e-09   0.000000e+00   1.264418e-11   20478
  1.867575e+01   2.181489e-09   0.000000e+00   1.231906e-11   19458
  1.869534e+01   2.179787e-09   9.869510e-03   1.256800e-11   18758
  1.871554e+01   2.101846e-09   4.025566e-02   1.238338e-11   19566
  1.873644e+01   2.072600e-09   2.537667e-02   1.235421e-11   18858
  1.875673e+01   2.056950e-09   4.374376e-03   1.237856e-11   17790
  1.877626e+01   2.017118e-09   0.000000e+00   1.232147e-11   17114
  1.879650e+01   1.956933e-09   0.000000e+00   1.176304e-11   17982
  1.881738e+01   1.899273e-09   0.000000e+00   1.163130e-11   17190
  1.883772e+01   1.895336e-09   0.000000e+00   1.172279e-11   16458
  1.885723e+01   1.878878e-09   3.163686e-02   1.219770e-11   15494
  1.887742e+01   1.782112e-09   1.485148e-02   1.136841e-11   16374
  1.889844e+01   1.778608e-09   0.000000e+00   1.118058e-11   15858
  1.891881e+01   1.760858e-09   0.000000e+00   1.146410e-11   14862
  1.893824e+01   1.735283e-09   0.000000e+00   1.132601e-11   14082
  1.895852e+01   1.649252e-09   0.000000e+00   1.106586e-11   14990
  1.897959e+01   1.648439e-09   1.504523e-02   1.123480e-11   14358
  1.899989e+01   1.628518e-09   0.000000e+00   1.116621e-11   13386
  1.901912e+01   1.611115e-09   0.000000e+00   1.119165e-11   12678
  1.903942e+01   1.492105e-09   2.393629e-02   1.061809e-11   13700
  1.906063e+01   1.499515e-09   1.514179e-02   1.054136e-11   12942
  1.908098e+01   1.487898e-09   3.715080e-02   1.097579e-11   12198
  1.909999e+01   1.445776e-09   0.000000e+00   1.064702e-11   11106
  1.912016e+01   1.370679e-09   6.326267e-03   9.600739e-12   12494
  1.914143e+01   1.364948e-09   2.771610e-02   1.037395e-11   11610
  1.916194e+01   1.342484e-09   0.000000e+00   1.016756e-11   11094
  1.918096e+01   1.307043e-09   1.778983e-02   1.027927e-11   9902
  1.920105e+01   1.269082e-09   1.178535e-02   9.721312e-12   11226
  1.922232e+01   1.203268e-09   0.000000e+00   9.511757e-12   10326
  1.924284e+01   1.231820e-09   2.022547e-02   9.904854e-12   10074
  1.926202e+01   1.204365e-09   6.242925e-03   1.029545e-11   8766
  1.928194e+01   1.151722e-09   0.000000e+00   9.414769e-12   9950
  1.930316e+01   1.090596e-09   1.294469e-02   9.191744e-12   9252
  1.932368e+01   1.101134e-09   0.000000e+00   9.305527e-12   8886
  1.934284e+01   1.099097e-09   0.000000e+00   9.714642e-12   7850
  1.936294e+01   1.021016e-09   7.885087e-03   8.758990e-12   8886
  1.938421e+01   1.014802e-09   0.000000e+00   8.827408e-12   8142
  1.940449e+01   9.606251e-10   1.545801e-02   8.507583e-12   7746
  1.942343e+01   9.848884e-10   1.911663e-02   9.288822e-12   6926
  1.944391e+01   9.320605e-10   0.000000e+00   8.480720e-12   7974
  1.946526e+01   8.909714e-10   1.851804e-02   8.483632e-12   7074
  1.948530e+01   8.799036e-10   0.000000e+00   8.450052e-12   6744
  1.950414e+01   8.720549e-10   2.048181e-02   8.763264e-12   6114
  1.952497e+01   7.959814e-10   1.265670e-02   7.495488e-12   7094
  1.954669e+01   7.901728e-10   0.000000e+00   7.916999e-12   6174
  1.956649e+01   7.861422e-10   0.000000e+00   7.998300e-12   5754
  1.958482e+01   7.875993e-10   0.000000e+00   8.320343e-12   5214
  1.960592e+01   7.154958e-10   0.000000e+00   7.064468e-12   6338
  1.962823e+01   6.705426e-10   6.533754e-03   7.352862e-12   5352
  1.964780e+01   6.751746e-10   0.000000e+00   7.620770e-12   4830
  1.966529e+01   7.062180e-10   7.591353e-03   8.094203e-12   4338
  1.968652e+01   5.985872e-10   0.000000e+00   6.329787e-12   5558
  1.970977e+01   5.880644e-10   1.464528e-02   6.701355e-12   4866
  1.972974e+01   5.776543e-10   2.352177e-02   7.289371e-12   3846
  1.974563e+01   6.142952e-10   0.000000e+00   8.056004e-12   3518
  1.976694e+01   5.164095e-10   2.217903e-02   5.871093e-12   4812
  1.979088e+01   4.994423e-10   1.112729e-02   6.305489e-12   4278
  1.981163e+01   4.997162e-10   1.979402e-02   7.497538e-12   3174
  1.982600e+01   5.434700e-10   0.000000e+00   7.690518e-12   2738
  1.984723e+01   4.247270e-10   1.108863e-02   5.073573e-12   4086
  1.987166e+01   4.147385e-10   0.000000e+00   5.374238e-12   3666
  1.989340e+01   4.171743e-10   1.022686e-02   6.641757e-12   2712
  1.990636e+01   4.711950e-10   8.061605e-03   7.703590e-12   1998
  1.992748e+01   3.551260e-10   7.019291e-03   4.666439e-12   3434
  1.995242e+01   3.338700e-10   0.000000e+00   4.706672e-12   3078
  1.997519e+01   3.125172e-10   9.897240e-03   5.449428e-12   2334
  1.998677e+01   4.050014e-10   0.000000e+00   7.908812e-12   1340
  2.000771e+01   2.986712e-10   0.000000e+00   4.410087e-12   2838
  2.003323e+01   2.752820e-10   0.000000e+00   4.288771e-12   2538
  2.005707e+01   2.546665e-10   1.471787e-02   4.706632e-12   1974
  2.006661e+01   3.492251e-10   1.262420e-02   8.832186e-12   774
  2.008764e+01   2.421350e-10   5.986586e-03   3.908517e-12   2300
  2.011380e+01   2.173311e-10   1.332507e-02   3.645346e-12   2046
  2.013872e+01   1.888534e-10   4.344049e-03   3.651130e-12   1626
  2.014646e+01   2.830113e-10   7.551880e-03   1.004508e-11   390
  2.016742e+01   1.881626e-10   7.665120e-03   3.422285e-12   1766
  2.019400e+01   1.740429e-10   0.000000e+00   3.504887e-12   1596
  2.021996e+01   1.473208e-10   0.000000e+00   3.014447e-12   1302
  2.022633e+01   2.712269e-10   0.000000e+00   1.957488e-11   150
  2.024734e+01   1.435932e-10   2.581261e-03   3.108626e-12   1298
  2.027401e+01   1.237501e-10   0.000000e+00   2.740738e-12   1158
  2.030054e+01   1.075080e-10   4.289854e-03   2.807564e-12   996
  2.031028e+01   2.041499e-10   1.050840e-02   2.900918e-11   38
  2.032743e+01   9.653268e-11   0.000000e+00   2.506026e-12   894
  2.035414e+01   8.570428e-11   9.478568e-03   2.719459e-12   786
  2.038089e+01   7.409901e-11   0.000000e+00   2.602386e-12   678
  2.040633e+01   2.433502e-11   0.000000e+00   2.282276e-12   8
  2.040768e+01   6.175717e-11   8.601655e-03   1.795629e-12   570
  2.043444e+01   5.166327e-11   9.231066e-03   1.734382e-12   486
  2.046125e+01   4.290933e-11   0.000000e+00   1.726521e-12   402
  2.048731e+01   2.626194e-11   0.000000e+00   5.787807e-12   8
  2.048809e+01   3.633924e-11   1.066829e-02   1.465018e-12   318
  2.051491e+01   2.998009e-11   0.000000e+00   1.437565e-12   258
  2.054177e+01   2.477746e-11   0.000000e+00   1.311562e-12   198
  2.056829e+01   7.651034e-12   0.000000e+00   2.034417e-12   8
  2.056867e+01   1.737741e-11   0.000000e+00   1.018063e-12   138
  2.059554e+01   1.204278e-11   3.501588e-03   8.321807e-13   102
  2.062245e+01   8.031956e-12   6.377567e-03   6.915428e-13   66
  2.064939e+01   4.636190e-12   0.000000e+00   3.288296e-13   38
  2.067633e+01   2.217017e-12   0.000000e+00   4.465830e-13   18
  2.070329e+01   8.948720e-13   0.000000e+00   1.152606e-13   6
