# power spectrum of theta (div v)
# redshift z=0.269700
# k              Pk             sigma(k)       sigma(Pk)      count
  4.675239e-02   5.307506e-10   1.531908e-05   1.915763e-10   6
  6.611787e-02   2.637515e-09   0.000000e+00   6.127451e-10   12
  8.634636e-02   2.523099e-09   6.199343e-03   4.650156e-10   14
  1.095305e-01   4.125863e-09   4.988736e-03   4.222323e-10   48
  1.379653e-01   5.416580e-09   3.623812e-03   6.149550e-10   42
  1.514521e-01   4.857530e-09   3.607714e-03   6.323040e-10   48
  1.717248e-01   7.282516e-09   4.325071e-03   7.330945e-10   80
  1.946168e-01   9.212920e-09   3.358060e-03   8.355520e-10   90
  2.121306e-01   7.703128e-09   5.273081e-03   7.413353e-10   120
  2.370115e-01   1.030706e-08   4.431434e-03   7.107917e-10   158
  2.534910e-01   1.118354e-08   2.102998e-03   1.148511e-09   120
  2.733454e-01   1.170261e-08   4.700457e-03   7.643505e-10   186
  2.952819e-01   1.269366e-08   6.427987e-03   8.321616e-10   264
  3.131072e-01   1.553257e-08   3.470272e-03   1.114753e-09   168
  3.358507e-01   1.498391e-08   6.202191e-03   7.597772e-10   386
  3.548829e-01   1.373330e-08   3.752994e-03   1.038020e-09   192
  3.736086e-01   1.759015e-08   6.153256e-03   9.319427e-10   390
  3.946460e-01   1.612684e-08   6.442452e-03   7.514316e-10   396
  4.144099e-01   1.790603e-08   6.391635e-03   8.345901e-10   398
  4.361367e-01   1.802450e-08   6.264880e-03   7.094763e-10   576
  4.575177e-01   1.813859e-08   6.355778e-03   8.234034e-10   444
  4.762195e-01   2.184169e-08   5.734461e-03   8.212233e-10   590
  4.975149e-01   1.911169e-08   6.279670e-03   7.761268e-10   648
  5.182859e-01   2.045864e-08   5.557653e-03   7.980843e-10   654
  5.367402e-01   2.100284e-08   4.609866e-03   7.711695e-10   636
  5.573692e-01   2.211691e-08   6.911363e-03   7.633420e-10   830
  5.767253e-01   2.102931e-08   4.974939e-03   6.992502e-10   792
  5.965172e-01   2.269015e-08   5.116634e-03   7.921610e-10   804
  6.167868e-01   2.548212e-08   6.315099e-03   8.928521e-10   1038
  6.364107e-01   2.169041e-08   4.946499e-03   7.057627e-10   936
  6.576805e-01   2.342842e-08   5.779873e-03   7.193125e-10   1130
  6.769590e-01   2.243661e-08   5.367484e-03   6.820217e-10   1104
  6.981214e-01   2.311326e-08   5.967700e-03   6.616836e-10   1230
  7.174733e-01   2.382220e-08   6.064625e-03   6.277484e-10   1260
  7.371340e-01   2.335071e-08   5.239623e-03   6.773332e-10   1286
  7.593700e-01   2.424792e-08   6.353483e-03   5.484743e-10   1728
  7.804400e-01   2.531877e-08   5.625004e-03   6.798624e-10   1392
  8.004657e-01   2.425430e-08   5.342270e-03   6.133727e-10   1626
  8.209915e-01   2.560847e-08   6.311617e-03   5.841296e-10   1760
  8.416011e-01   2.475704e-08   5.219535e-03   5.928679e-10   1686
  8.610301e-01   2.394068e-08   5.303477e-03   5.506804e-10   1812
  8.808962e-01   2.518531e-08   6.109484e-03   6.062964e-10   1862
  9.011988e-01   2.461845e-08   5.440681e-03   5.107442e-10   2160
  9.216262e-01   2.468382e-08   5.561266e-03   5.604231e-10   1956
  9.421785e-01   2.422646e-08   6.253437e-03   4.881157e-10   2454
  9.622347e-01   2.480979e-08   4.877534e-03   5.580151e-10   2048
  9.823638e-01   2.587308e-08   6.360152e-03   5.049542e-10   2538
  1.002233e+00   2.396439e-08   5.321020e-03   4.908335e-10   2400
  1.022315e+00   2.409913e-08   6.339653e-03   4.533698e-10   2526
  1.042353e+00   2.152620e-08   6.275929e-03   3.988874e-10   2856
  1.063253e+00   2.396236e-08   5.902122e-03   4.704251e-10   2804
  1.083895e+00   2.444152e-08   6.121373e-03   4.505821e-10   2958
  1.103540e+00   2.438802e-08   5.946049e-03   4.241181e-10   2976
  1.124272e+00   2.254999e-08   5.941212e-03   3.908440e-10   3194
  1.143681e+00   2.283021e-08   5.923951e-03   4.024044e-10   3120
  1.164704e+00   2.281932e-08   6.004856e-03   3.681810e-10   3606
  1.184769e+00   2.269307e-08   5.478695e-03   3.992810e-10   3276
  1.204316e+00   2.283661e-08   6.182204e-03   3.801285e-10   3600
  1.224425e+00   2.246042e-08   5.451564e-03   3.725722e-10   3638
  1.243784e+00   2.274390e-08   5.805576e-03   3.788939e-10   3744
  1.264728e+00   2.136149e-08   6.040307e-03   3.262198e-10   4170
  1.284748e+00   2.175929e-08   5.682335e-03   3.411040e-10   3984
  1.305140e+00   2.238531e-08   5.765086e-03   3.402211e-10   4334
  1.325261e+00   2.141735e-08   5.324107e-03   3.349618e-10   4284
  1.345130e+00   2.131402e-08   6.413777e-03   3.281164e-10   4374
  1.365905e+00   2.151311e-08   5.700713e-03   3.105637e-10   5016
  1.386367e+00   2.116649e-08   5.485294e-03   3.162825e-10   4580
  1.406763e+00   2.166575e-08   6.458822e-03   3.016986e-10   5142
  1.427570e+00   2.102511e-08   6.212626e-03   2.970990e-10   5184
  1.447942e+00   2.092779e-08   4.830032e-03   2.976418e-10   5058
  1.467517e+00   2.079399e-08   5.757296e-03   2.826529e-10   5384
  1.488450e+00   2.059458e-08   6.559647e-03   2.733013e-10   5622
  1.508642e+00   2.045606e-08   5.492822e-03   2.656672e-10   5736
  1.528750e+00   2.043449e-08   4.940002e-03   2.760995e-10   5596
  1.548951e+00   1.999532e-08   6.223295e-03   2.572760e-10   6070
  1.568987e+00   1.971399e-08   4.874332e-03   2.473361e-10   6096
  1.589893e+00   1.964990e-08   5.921316e-03   2.503374e-10   6474
  1.609233e+00   2.044909e-08   5.777270e-03   2.665730e-10   6024
  1.629918e+00   1.996008e-08   5.762561e-03   2.364604e-10   7070
  1.650412e+00   2.031287e-08   4.694818e-03   2.576650e-10   6516
  1.670069e+00   2.058884e-08   5.802920e-03   2.445747e-10   6936
  1.690589e+00   1.958847e-08   5.764820e-03   2.358121e-10   7110
  1.710438e+00   2.019230e-08   4.177684e-03   2.331571e-10   7244
  1.731437e+00   2.021643e-08   6.197499e-03   2.289613e-10   7878
  1.751774e+00   1.973049e-08   6.021005e-03   2.319602e-10   7344
  1.771468e+00   1.982598e-08   6.245698e-03   2.316113e-10   7694
  1.791987e+00   2.020901e-08   6.030479e-03   2.161744e-10   8412
  1.812592e+00   2.019236e-08   6.261971e-03   2.325334e-10   7920
  1.832175e+00   1.951106e-08   5.329448e-03   2.197391e-10   8118
  1.852109e+00   2.005649e-08   6.155177e-03   2.195647e-10   8548
  1.872388e+00   1.982037e-08   6.263817e-03   2.131000e-10   8710
  1.892498e+00   1.969985e-08   5.381223e-03   2.213381e-10   8928
  1.913141e+00   2.055107e-08   5.898778e-03   2.173250e-10   9186
  1.932944e+00   2.029972e-08   6.463282e-03   2.154570e-10   9200
  1.953358e+00   2.034815e-08   5.570021e-03   2.129695e-10   9438
  1.973260e+00   2.065819e-08   7.827950e-03   2.121249e-10   9564
  1.993716e+00   2.043194e-08   5.974167e-03   1.993877e-10   10296
  2.014657e+00   1.992262e-08   5.296276e-03   1.962810e-10   10126
  2.034275e+00   2.036130e-08   6.543878e-03   1.980145e-10   10024
  2.055142e+00   2.081685e-08   4.600353e-03   1.970266e-10   11082
  2.075629e+00   2.116999e-08   7.152853e-03   2.044326e-10   10632
  2.095653e+00   2.053240e-08   5.118781e-03   1.949603e-10   10734
  2.115883e+00   2.128729e-08   6.292407e-03   1.982067e-10   11276
  2.136105e+00   2.084209e-08   5.651386e-03   1.913334e-10   11352
  2.156515e+00   2.163857e-08   5.862955e-03   2.047216e-10   11550
  2.176549e+00   2.160495e-08   5.479459e-03   2.019551e-10   11772
  2.196879e+00   2.178046e-08   6.930843e-03   2.026268e-10   12038
  2.216960e+00   2.196268e-08   8.409096e-03   1.986302e-10   12096
  2.237319e+00   2.181586e-08   6.842042e-03   1.957646e-10   12582
  2.257454e+00   2.241236e-08   1.962493e-03   1.993110e-10   12620
  2.278050e+00   2.227955e-08   7.168021e-03   1.901740e-10   13320
  2.298208e+00   2.259442e-08   6.405709e-03   2.024637e-10   12654
  2.317980e+00   2.299131e-08   1.279274e-03   1.998469e-10   13236
  2.338046e+00   2.292269e-08   9.384894e-03   1.991073e-10   13438
  2.358325e+00   2.278275e-08   9.131280e-03   1.890013e-10   14344
  2.379338e+00   2.378700e-08   5.676513e-03   2.048299e-10   14226
  2.399191e+00   2.345237e-08   4.561739e-03   2.003712e-10   14088
  2.419304e+00   2.393677e-08   6.457685e-04   2.078695e-10   14328
  2.439465e+00   2.381372e-08   6.293938e-03   1.980651e-10   14954
  2.459901e+00   2.424749e-08   4.914360e-03   1.997181e-10   15480
  2.480418e+00   2.415732e-08   6.579717e-03   1.997626e-10   14862
  2.499857e+00   2.472531e-08   7.881109e-03   2.064128e-10   15296
  2.520270e+00   2.474055e-08   7.481855e-03   1.974325e-10   15954
  2.540272e+00   2.520311e-08   6.254756e-03   1.998091e-10   15720
  2.560277e+00   2.485341e-08   2.635897e-03   1.961114e-10   16296
  2.580888e+00   2.503682e-08   3.830090e-03   1.944357e-10   17010
  2.600899e+00   2.603286e-08   3.491782e-03   2.051607e-10   16328
  2.621031e+00   2.663825e-08   3.154363e-03   2.053484e-10   17094
  2.641224e+00   2.682934e-08   8.365993e-03   2.069088e-10   17436
  2.661648e+00   2.679597e-08   8.468674e-03   2.007070e-10   17862
  2.682156e+00   2.663680e-08   7.227043e-03   1.988590e-10   18200
  2.702815e+00   2.666852e-08   1.319781e-03   2.010577e-10   18450
  2.723026e+00   2.730229e-08   3.740391e-03   2.053361e-10   18384
  2.743187e+00   2.737752e-08   5.452051e-03   2.054544e-10   18504
  2.763325e+00   2.768001e-08   4.501865e-03   2.029995e-10   19142
  2.783870e+00   2.801181e-08   5.785769e-03   2.017599e-10   19692
  2.804196e+00   2.824692e-08   5.792171e-03   2.077605e-10   19062
  2.824084e+00   2.904687e-08   0.000000e+00   2.080424e-10   20184
  2.844639e+00   2.854009e-08   7.261378e-03   2.033012e-10   19970
  2.864688e+00   2.893511e-08   0.000000e+00   2.063404e-10   20496
  2.885325e+00   2.927687e-08   8.346383e-03   2.002927e-10   21456
  2.905409e+00   2.930461e-08   5.892511e-03   2.090245e-10   19650
  2.925124e+00   2.983563e-08   9.400874e-03   2.041980e-10   22040
  2.945909e+00   2.958467e-08   1.260996e-02   2.021682e-10   21558
  2.965978e+00   3.028038e-08   0.000000e+00   2.124432e-10   21804
  2.986100e+00   3.046920e-08   7.915306e-03   2.050470e-10   21926
  3.006157e+00   3.053299e-08   9.407102e-03   2.056880e-10   22416
  3.026295e+00   3.096455e-08   8.264985e-03   2.051124e-10   22776
  3.047001e+00   3.075839e-08   6.558327e-03   2.006709e-10   23874
  3.067343e+00   3.195715e-08   0.000000e+00   2.078952e-10   23104
  3.087569e+00   3.129157e-08   0.000000e+00   2.064669e-10   23974
  3.107841e+00   3.198384e-08   1.355877e-02   2.093603e-10   23892
  3.127762e+00   3.194457e-08   0.000000e+00   2.124596e-10   23550
  3.147819e+00   3.246210e-08   6.397644e-03   2.045402e-10   25320
  3.168193e+00   3.244731e-08   1.164866e-02   2.101904e-10   24428
  3.188130e+00   3.299908e-08   7.976444e-03   2.118633e-10   25254
  3.208543e+00   3.308512e-08   0.000000e+00   2.062879e-10   26016
  3.228664e+00   3.300636e-08   1.380080e-03   2.122188e-10   25182
  3.248973e+00   3.347155e-08   3.403164e-03   2.004120e-10   27428
  3.269573e+00   3.396086e-08   5.382149e-03   2.087772e-10   25974
  3.289394e+00   3.368468e-08   8.759239e-03   2.051919e-10   26904
  3.309526e+00   3.419406e-08   3.025459e-03   2.100910e-10   26730
  3.329678e+00   3.450739e-08   0.000000e+00   2.078984e-10   27896
  3.350333e+00   3.439955e-08   1.020388e-02   2.056527e-10   28992
  3.371235e+00   3.495916e-08   1.879546e-03   2.095213e-10   28698
  3.391180e+00   3.532685e-08   0.000000e+00   2.133628e-10   27816
  3.411555e+00   3.512255e-08   0.000000e+00   2.081121e-10   29774
  3.431937e+00   3.522338e-08   6.465171e-03   2.078696e-10   29148
  3.451864e+00   3.557070e-08   0.000000e+00   2.084229e-10   28806
  3.471936e+00   3.595994e-08   1.109695e-02   2.096744e-10   30408
  3.492237e+00   3.601577e-08   0.000000e+00   2.073990e-10   30320
  3.512714e+00   3.691144e-08   0.000000e+00   2.104239e-10   30930
  3.533153e+00   3.733169e-08   0.000000e+00   2.127188e-10   31656
  3.553120e+00   3.673085e-08   0.000000e+00   2.171736e-10   30086
  3.573179e+00   3.688795e-08   1.300772e-02   2.065372e-10   32724
  3.593395e+00   3.757522e-08   7.901233e-03   2.163419e-10   30846
  3.613474e+00   3.763482e-08   1.005580e-03   2.099804e-10   33480
  3.633996e+00   3.821509e-08   1.056683e-02   2.110182e-10   32724
  3.654061e+00   3.809745e-08   6.755727e-03   2.118718e-10   32894
  3.674416e+00   3.833517e-08   0.000000e+00   2.093408e-10   34200
  3.694774e+00   3.855673e-08   8.231767e-03   2.082956e-10   33594
  3.714768e+00   3.941888e-08   0.000000e+00   2.149109e-10   34336
  3.735165e+00   3.888182e-08   2.441068e-03   2.089920e-10   34822
  3.755407e+00   3.921989e-08   0.000000e+00   2.099751e-10   35472
  3.775538e+00   3.958868e-08   0.000000e+00   2.165160e-10   34404
  3.795609e+00   3.940561e-08   0.000000e+00   2.098652e-10   36222
  3.815725e+00   3.986051e-08   6.504827e-03   2.119714e-10   35984
  3.836048e+00   3.974568e-08   8.375277e-03   2.101495e-10   36570
  3.856195e+00   4.035407e-08   0.000000e+00   2.095371e-10   37176
  3.876563e+00   3.997614e-08   0.000000e+00   2.112564e-10   37406
  3.896847e+00   4.069641e-08   4.463443e-04   2.103164e-10   38052
  3.916969e+00   4.111517e-08   0.000000e+00   2.159152e-10   37590
  3.937363e+00   4.079770e-08   1.010748e-02   2.102774e-10   39480
  3.957552e+00   4.155214e-08   0.000000e+00   2.154668e-10   38260
  3.977734e+00   4.136895e-08   1.000704e-02   2.096298e-10   39646
  3.998328e+00   4.152850e-08   6.066743e-03   2.062286e-10   40944
  4.018749e+00   4.133279e-08   0.000000e+00   2.112143e-10   39678
  4.038868e+00   4.200510e-08   0.000000e+00   2.083107e-10   40804
  4.059106e+00   4.199568e-08   0.000000e+00   2.109205e-10   40606
  4.079379e+00   4.225298e-08   1.361202e-02   2.102929e-10   42216
  4.099776e+00   4.274995e-08   0.000000e+00   2.145865e-10   41532
  4.119923e+00   4.196362e-08   0.000000e+00   2.066757e-10   41990
  4.139925e+00   4.300155e-08   1.435519e-02   2.106397e-10   42360
  4.160335e+00   4.236322e-08   5.091356e-03   2.053127e-10   43530
  4.180618e+00   4.293393e-08   8.160749e-03   2.052558e-10   43848
  4.200839e+00   4.323227e-08   0.000000e+00   2.121511e-10   42870
  4.221125e+00   4.304431e-08   1.387075e-02   2.028480e-10   46160
  4.241488e+00   4.346347e-08   5.446814e-03   2.096304e-10   43380
  4.261540e+00   4.400741e-08   0.000000e+00   2.064014e-10   45294
  4.281662e+00   4.396682e-08   1.269359e-02   2.063906e-10   45744
  4.302235e+00   4.394877e-08   0.000000e+00   2.057421e-10   46682
  4.322362e+00   4.387051e-08   7.136152e-03   2.083860e-10   45840
  4.342555e+00   4.426551e-08   0.000000e+00   2.044072e-10   47118
  4.362704e+00   4.432175e-08   1.884750e-02   2.038717e-10   47124
  4.382935e+00   4.433814e-08   4.023465e-03   2.040349e-10   47984
  4.403574e+00   4.434000e-08   8.598094e-03   2.012827e-10   49566
  4.423478e+00   4.459291e-08   4.607071e-03   2.084768e-10   46284
  4.443444e+00   4.505492e-08   1.362673e-02   2.057136e-10   49966
  4.463763e+00   4.500285e-08   1.020853e-02   2.033929e-10   49360
  4.483960e+00   4.508288e-08   1.758391e-03   2.029921e-10   49806
  4.504320e+00   4.527121e-08   1.106256e-02   2.007776e-10   51492
  4.524458e+00   4.573652e-08   1.478868e-02   2.071097e-10   49496
  4.544766e+00   4.525482e-08   1.489762e-02   1.986982e-10   53190
  4.565246e+00   4.615015e-08   0.000000e+00   2.069567e-10   51060
  4.585322e+00   4.562685e-08   0.000000e+00   2.014934e-10   52134
  4.605465e+00   4.621795e-08   9.268482e-03   2.047713e-10   53088
  4.625765e+00   4.560594e-08   6.647386e-03   2.010694e-10   52706
  4.646004e+00   4.601227e-08   1.021037e-02   1.983030e-10   54936
  4.666567e+00   4.640395e-08   0.000000e+00   2.036770e-10   53886
  4.686678e+00   4.683547e-08   0.000000e+00   2.028382e-10   54436
  4.706786e+00   4.673087e-08   0.000000e+00   2.017891e-10   55096
  4.727298e+00   4.624208e-08   0.000000e+00   1.990845e-10   56358
  4.747397e+00   4.691809e-08   0.000000e+00   2.022530e-10   55632
  4.767658e+00   4.671359e-08   1.963894e-02   1.979377e-10   56530
  4.787867e+00   4.715086e-08   0.000000e+00   2.010028e-10   57232
  4.808007e+00   4.800791e-08   0.000000e+00   2.037768e-10   56766
  4.828655e+00   4.689504e-08   0.000000e+00   1.910212e-10   60804
  4.848751e+00   4.762581e-08   0.000000e+00   2.035599e-10   55536
  4.868921e+00   4.786467e-08   2.432956e-02   1.958860e-10   61166
  4.889171e+00   4.766488e-08   0.000000e+00   2.033455e-10   57396
  4.909197e+00   4.795768e-08   1.122724e-02   1.961435e-10   60870
  4.929530e+00   4.760942e-08   0.000000e+00   1.971560e-10   60224
  4.949759e+00   4.806335e-08   1.685283e-02   1.979262e-10   61002
  4.970054e+00   4.777132e-08   1.585298e-02   1.963050e-10   62016
  4.990242e+00   4.799957e-08   0.000000e+00   1.964373e-10   60768
  5.010270e+00   4.798962e-08   2.285170e-02   1.933508e-10   62870
  5.030743e+00   4.828309e-08   7.781792e-03   1.945747e-10   63804
  5.051098e+00   4.807439e-08   1.089516e-02   1.951772e-10   63054
  5.070990e+00   4.845697e-08   9.057396e-03   1.975951e-10   63024
  5.091311e+00   4.816652e-08   0.000000e+00   1.928092e-10   65018
  5.111402e+00   4.843048e-08   1.503917e-02   1.939195e-10   64608
  5.131702e+00   4.882563e-08   0.000000e+00   1.935487e-10   65688
  5.151944e+00   4.848175e-08   2.216252e-02   1.919984e-10   65994
  5.172121e+00   4.904772e-08   0.000000e+00   1.933397e-10   66648
  5.192516e+00   4.923468e-08   1.522129e-02   1.936970e-10   67310
  5.212620e+00   4.875034e-08   0.000000e+00   1.916806e-10   67224
  5.232864e+00   4.907468e-08   5.788846e-03   1.913762e-10   68034
  5.253184e+00   4.850448e-08   0.000000e+00   1.864951e-10   69744
  5.273505e+00   4.907328e-08   1.155452e-02   1.917739e-10   68654
  5.294030e+00   4.900186e-08   1.523260e-02   1.859759e-10   72132
  5.314335e+00   4.902190e-08   9.353303e-03   1.900360e-10   68520
  5.334353e+00   4.921715e-08   1.469648e-02   1.869886e-10   71070
  5.354770e+00   4.908578e-08   0.000000e+00   1.874990e-10   71948
  5.374980e+00   4.912729e-08   2.227380e-02   1.868797e-10   71598
  5.395366e+00   4.886343e-08   0.000000e+00   1.821546e-10   73536
  5.415581e+00   4.945012e-08   2.671614e-02   1.876771e-10   71802
  5.435587e+00   4.899775e-08   0.000000e+00   1.844905e-10   73280
  5.455832e+00   4.966429e-08   0.000000e+00   1.856496e-10   73992
  5.476258e+00   4.891385e-08   1.325574e-02   1.790274e-10   75966
  5.496487e+00   4.930324e-08   0.000000e+00   1.835924e-10   74364
  5.516737e+00   4.951024e-08   1.518747e-02   1.824589e-10   76094
  5.536930e+00   4.906557e-08   0.000000e+00   1.809544e-10   76224
  5.557189e+00   4.929072e-08   9.144049e-03   1.817684e-10   76242
  5.577232e+00   4.908459e-08   0.000000e+00   1.804556e-10   76944
  5.597474e+00   4.917918e-08   0.000000e+00   1.791823e-10   78680
  5.618029e+00   4.918010e-08   1.733102e-02   1.782617e-10   79962
  5.638190e+00   4.966627e-08   9.121069e-03   1.819692e-10   77760
  5.658331e+00   4.922652e-08   2.063802e-02   1.782428e-10   79590
  5.678586e+00   4.935488e-08   0.000000e+00   1.779973e-10   80732
  5.698894e+00   4.959804e-08   2.570146e-02   1.786837e-10   81174
  5.719148e+00   4.876126e-08   9.682040e-03   1.753180e-10   80832
  5.738995e+00   4.916087e-08   2.649427e-02   1.761390e-10   79992
  5.759359e+00   4.916391e-08   0.000000e+00   1.730001e-10   84314
  5.779794e+00   4.892250e-08   0.000000e+00   1.734981e-10   83592
  5.800111e+00   4.900976e-08   1.983335e-02   1.742009e-10   83838
  5.820313e+00   4.941528e-08   0.000000e+00   1.763787e-10   83676
  5.840436e+00   4.889313e-08   1.252390e-02   1.715291e-10   84950
  5.860618e+00   4.910990e-08   0.000000e+00   1.724520e-10   84912
  5.880920e+00   4.904873e-08   2.387836e-02   1.697121e-10   87162
  5.901268e+00   4.922893e-08   0.000000e+00   1.720254e-10   86440
  5.921403e+00   4.909318e-08   0.000000e+00   1.704464e-10   86560
  5.941709e+00   4.887927e-08   3.456451e-03   1.682850e-10   88698
  5.961923e+00   4.902108e-08   2.943712e-02   1.677904e-10   88920
  5.982405e+00   4.928211e-08   0.000000e+00   1.685154e-10   88814
  6.002491e+00   4.903510e-08   7.350429e-03   1.666217e-10   90336
  6.022958e+00   4.897543e-08   0.000000e+00   1.666288e-10   90282
  6.043173e+00   4.854984e-08   0.000000e+00   1.655746e-10   90840
  6.063222e+00   4.903741e-08   2.132975e-02   1.666929e-10   91128
  6.083666e+00   4.908810e-08   0.000000e+00   1.645760e-10   92690
  6.103786e+00   4.884089e-08   0.000000e+00   1.659045e-10   92160
  6.124088e+00   4.909485e-08   0.000000e+00   1.646252e-10   93534
  6.144230e+00   4.861556e-08   0.000000e+00   1.637008e-10   93484
  6.164471e+00   4.924693e-08   4.315309e-03   1.641378e-10   95206
  6.184881e+00   4.858330e-08   1.034233e-02   1.612903e-10   96048
  6.204962e+00   4.887338e-08   9.209592e-03   1.652706e-10   93600
  6.225166e+00   4.855378e-08   0.000000e+00   1.604839e-10   97410
  6.245403e+00   4.881564e-08   2.688512e-02   1.597994e-10   97856
  6.265843e+00   4.889732e-08   0.000000e+00   1.622707e-10   97278
  6.286002e+00   4.875405e-08   1.666057e-02   1.593798e-10   98916
  6.306175e+00   4.868016e-08   0.000000e+00   1.610741e-10   96894
  6.326241e+00   4.874829e-08   0.000000e+00   1.571160e-10   100976
  6.346692e+00   4.874850e-08   0.000000e+00   1.578474e-10   100164
  6.366818e+00   4.877258e-08   0.000000e+00   1.594710e-10   100014
  6.386824e+00   4.853123e-08   2.003714e-02   1.578560e-10   101040
  6.407163e+00   4.856917e-08   0.000000e+00   1.560815e-10   102338
  6.427307e+00   4.838883e-08   1.192917e-02   1.543140e-10   102912
  6.447745e+00   4.829510e-08   0.000000e+00   1.545916e-10   104238
  6.467834e+00   4.831224e-08   1.901826e-02   1.546308e-10   103104
  6.488104e+00   4.827934e-08   1.733803e-02   1.541579e-10   105404
  6.508426e+00   4.805860e-08   0.000000e+00   1.526713e-10   105198
  6.528642e+00   4.826486e-08   0.000000e+00   1.519209e-10   106632
  6.548965e+00   4.780194e-08   2.541707e-02   1.513795e-10   106706
  6.569170e+00   4.803306e-08   0.000000e+00   1.526105e-10   106992
  6.589612e+00   4.795620e-08   0.000000e+00   1.504586e-10   110118
  6.609855e+00   4.771936e-08   3.073880e-02   1.495569e-10   108084
  6.629981e+00   4.767248e-08   1.240149e-02   1.492883e-10   108222
  6.650333e+00   4.785868e-08   0.000000e+00   1.478201e-10   112160
  6.670493e+00   4.776864e-08   1.790284e-02   1.502946e-10   108492
  6.690746e+00   4.753528e-08   2.185577e-02   1.459759e-10   113262
  6.711074e+00   4.732798e-08   0.000000e+00   1.465724e-10   111360
  6.731427e+00   4.727924e-08   0.000000e+00   1.450406e-10   114182
  6.751628e+00   4.725772e-08   3.234875e-02   1.460397e-10   112884
  6.771897e+00   4.691029e-08   6.017962e-03   1.444937e-10   113934
  6.792017e+00   4.673218e-08   0.000000e+00   1.434653e-10   114504
  6.812468e+00   4.715663e-08   0.000000e+00   1.427197e-10   117500
  6.832645e+00   4.690624e-08   2.308656e-02   1.456323e-10   114102
  6.852837e+00   4.677169e-08   8.535434e-03   1.403450e-10   118584
  6.873150e+00   4.653902e-08   0.000000e+00   1.407489e-10   115546
  6.893137e+00   4.664480e-08   2.066140e-02   1.405336e-10   118984
  6.913625e+00   4.635828e-08   5.615393e-03   1.379701e-10   119526
  6.933786e+00   4.610310e-08   2.482823e-03   1.387142e-10   119436
  6.953932e+00   4.625036e-08   0.000000e+00   1.387115e-10   118632
  6.974108e+00   4.610723e-08   2.357516e-02   1.369960e-10   122510
  6.994465e+00   4.566058e-08   0.000000e+00   1.358572e-10   121680
  7.014752e+00   4.596937e-08   0.000000e+00   1.376900e-10   121434
  7.034816e+00   4.560966e-08   0.000000e+00   1.351255e-10   123928
  7.055149e+00   4.585162e-08   0.000000e+00   1.351394e-10   123910
  7.075428e+00   4.550445e-08   0.000000e+00   1.349191e-10   124452
  7.095650e+00   4.593797e-08   0.000000e+00   1.355376e-10   125376
  7.115875e+00   4.538562e-08   2.048182e-02   1.337392e-10   126638
  7.136111e+00   4.529256e-08   7.746579e-03   1.323688e-10   125844
  7.156364e+00   4.509200e-08   0.000000e+00   1.312622e-10   128142
  7.176641e+00   4.490468e-08   2.545075e-03   1.307063e-10   128136
  7.196780e+00   4.503553e-08   6.148821e-03   1.324735e-10   127642
  7.217076e+00   4.481105e-08   0.000000e+00   1.285858e-10   131968
  7.237596e+00   4.480491e-08   0.000000e+00   1.302119e-10   130326
  7.257722e+00   4.444111e-08   2.110509e-02   1.290347e-10   131688
  7.277956e+00   4.424426e-08   1.027086e-02   1.283395e-10   130212
  7.298112e+00   4.410270e-08   0.000000e+00   1.269102e-10   132686
  7.318517e+00   4.420926e-08   0.000000e+00   1.251237e-10   135960
  7.338829e+00   4.379445e-08   1.666963e-02   1.257910e-10   131562
  7.358718e+00   4.358477e-08   1.268551e-02   1.247806e-10   134016
  7.379095e+00   4.398290e-08   0.000000e+00   1.248950e-10   136478
  7.399348e+00   4.365046e-08   2.749318e-02   1.246837e-10   136812
  7.419681e+00   4.352978e-08   1.761441e-02   1.232702e-10   137856
  7.439939e+00   4.325434e-08   0.000000e+00   1.243337e-10   135862
  7.460078e+00   4.342490e-08   0.000000e+00   1.219043e-10   140056
  7.480477e+00   4.313249e-08   2.379574e-02   1.215883e-10   139602
  7.500678e+00   4.305747e-08   0.000000e+00   1.209348e-10   139080
  7.520867e+00   4.296861e-08   0.000000e+00   1.210065e-10   140678
  7.541141e+00   4.260637e-08   1.187450e-02   1.189452e-10   142884
  7.561330e+00   4.263848e-08   1.003235e-02   1.203160e-10   139992
  7.581565e+00   4.247338e-08   0.000000e+00   1.179853e-10   144966
  7.601915e+00   4.229828e-08   0.000000e+00   1.167767e-10   143364
  7.622072e+00   4.209294e-08   1.903471e-02   1.165285e-10   144518
  7.642264e+00   4.237635e-08   1.951718e-02   1.177982e-10   145200
  7.662419e+00   4.220574e-08   0.000000e+00   1.167419e-10   143466
  7.682527e+00   4.166492e-08   0.000000e+00   1.136202e-10   148824
  7.702777e+00   4.202439e-08   1.492793e-02   1.162204e-10   145544
  7.722878e+00   4.155797e-08   0.000000e+00   1.144658e-10   148590
  7.743230e+00   4.153468e-08   0.000000e+00   1.128504e-10   150540
  7.763552e+00   4.152022e-08   2.689529e-02   1.140333e-10   150134
  7.783789e+00   4.133929e-08   0.000000e+00   1.120482e-10   151296
  7.804220e+00   4.139338e-08   0.000000e+00   1.123690e-10   152058
  7.824256e+00   4.087810e-08   1.708974e-02   1.125245e-10   150864
  7.844504e+00   4.093438e-08   1.459620e-02   1.102117e-10   154310
  7.864955e+00   4.058819e-08   0.000000e+00   1.089285e-10   155172
  7.885186e+00   4.077172e-08   0.000000e+00   1.094351e-10   154128
  7.905615e+00   4.027695e-08   1.291086e-02   1.076472e-10   158310
  7.925765e+00   4.024250e-08   1.881935e-02   1.100982e-10   153436
  7.945930e+00   4.019285e-08   0.000000e+00   1.074163e-10   157726
  7.966377e+00   3.975306e-08   0.000000e+00   1.063253e-10   160368
  7.986530e+00   3.981688e-08   1.025623e-02   1.073047e-10   155718
  8.006647e+00   3.977618e-08   0.000000e+00   1.060606e-10   160028
  8.026900e+00   3.954657e-08   0.000000e+00   1.044820e-10   160920
  8.047188e+00   3.923946e-08   1.304424e-02   1.043634e-10   161070
  8.067470e+00   3.971008e-08   3.009448e-02   1.050976e-10   163428
  8.087636e+00   3.906427e-08   0.000000e+00   1.051145e-10   159574
  8.107943e+00   3.905785e-08   0.000000e+00   1.017195e-10   167392
  8.128264e+00   3.875597e-08   2.374623e-02   1.030855e-10   162258
  8.148439e+00   3.879193e-08   1.308026e-02   1.020585e-10   167472
  8.168759e+00   3.879744e-08   0.000000e+00   1.021156e-10   163664
  8.188839e+00   3.833218e-08   0.000000e+00   1.000748e-10   166986
  8.209138e+00   3.816758e-08   1.693829e-02   9.870784e-11   169968
  8.229596e+00   3.805058e-08   0.000000e+00   1.002475e-10   167646
  8.249577e+00   3.785502e-08   0.000000e+00   9.923042e-11   168080
  8.269840e+00   3.804783e-08   1.573328e-02   9.900797e-11   170826
  8.290116e+00   3.757307e-08   0.000000e+00   9.793923e-11   170928
  8.310206e+00   3.767761e-08   1.717249e-02   9.790959e-11   170640
  8.330552e+00   3.725678e-08   0.000000e+00   9.547712e-11   173954
  8.350719e+00   3.757382e-08   2.659086e-02   9.690709e-11   173232
  8.371034e+00   3.700828e-08   0.000000e+00   9.516801e-11   174150
  8.391292e+00   3.700997e-08   0.000000e+00   9.505442e-11   176364
  8.411515e+00   3.673981e-08   1.671074e-02   9.444962e-11   175302
  8.431752e+00   3.677904e-08   7.401452e-03   9.447989e-11   177392
  8.451926e+00   3.651128e-08   1.838097e-02   9.370299e-11   176352
  8.472260e+00   3.612295e-08   0.000000e+00   9.242298e-11   180330
  8.492585e+00   3.608988e-08   8.565049e-03   9.148436e-11   180712
  8.512823e+00   3.600578e-08   1.564719e-02   9.191356e-11   179350
  8.533123e+00   3.593572e-08   1.335054e-02   9.068333e-11   183396
  8.553474e+00   3.570187e-08   0.000000e+00   9.069220e-11   180390
  8.573470e+00   3.552618e-08   0.000000e+00   8.980167e-11   181944
  8.593810e+00   3.547815e-08   0.000000e+00   8.947555e-11   185450
  8.614195e+00   3.535814e-08   8.021190e-03   8.917639e-11   186192
  8.634351e+00   3.520344e-08   1.903072e-02   8.871885e-11   183432
  8.654528e+00   3.512489e-08   0.000000e+00   8.891609e-11   185362
  8.674668e+00   3.486318e-08   4.566669e-03   8.702603e-11   188464
  8.695071e+00   3.464068e-08   0.000000e+00   8.618592e-11   188046
  8.715340e+00   3.468888e-08   1.354205e-02   8.628054e-11   191304
  8.735544e+00   3.430364e-08   2.395331e-02   8.610646e-11   186690
  8.755841e+00   3.411535e-08   0.000000e+00   8.444887e-11   194072
  8.776006e+00   3.408368e-08   2.068738e-02   8.550894e-11   188688
  8.796171e+00   3.364899e-08   0.000000e+00   8.408318e-11   192786
  8.816360e+00   3.392115e-08   7.760612e-03   8.366629e-11   193352
  8.836763e+00   3.376779e-08   0.000000e+00   8.324423e-11   195702
  8.856952e+00   3.357959e-08   2.784973e-02   8.337099e-11   195132
  8.877225e+00   3.361911e-08   0.000000e+00   8.297296e-11   195726
  8.897426e+00   3.325390e-08   0.000000e+00   8.192828e-11   197416
  8.917636e+00   3.306218e-08   5.638502e-03   8.133281e-11   196564
  8.937913e+00   3.287750e-08   1.876474e-02   8.056232e-11   201198
  8.958149e+00   3.274526e-08   3.493353e-03   8.131978e-11   197136
  8.978231e+00   3.237436e-08   0.000000e+00   7.921076e-11   199358
  8.998408e+00   3.246523e-08   2.700217e-02   7.898235e-11   203532
  9.018805e+00   3.239116e-08   0.000000e+00   7.916479e-11   201438
  9.039004e+00   3.207475e-08   0.000000e+00   7.802885e-11   203664
  9.059198e+00   3.167096e-08   2.688118e-02   7.715278e-11   203972
  9.079434e+00   3.171004e-08   2.144828e-02   7.673137e-11   205974
  9.099752e+00   3.173115e-08   0.000000e+00   7.679009e-11   205752
  9.120101e+00   3.145499e-08   0.000000e+00   7.622301e-11   207810
  9.140113e+00   3.133361e-08   3.536623e-02   7.615286e-11   206384
  9.160528e+00   3.115043e-08   0.000000e+00   7.523531e-11   210966
  9.180840e+00   3.112636e-08   0.000000e+00   7.456453e-11   210516
  9.201115e+00   3.088708e-08   0.000000e+00   7.435587e-11   209766
  9.221260e+00   3.052833e-08   3.981314e-02   7.333575e-11   212376
  9.241567e+00   3.058614e-08   0.000000e+00   7.334865e-11   212960
  9.261978e+00   3.046373e-08   0.000000e+00   7.279105e-11   214626
  9.282119e+00   3.018106e-08   2.856197e-02   7.237175e-11   213696
  9.302353e+00   3.013784e-08   2.816259e-02   7.207201e-11   215734
  9.322541e+00   2.993051e-08   0.000000e+00   7.220342e-11   213220
  9.342742e+00   2.983588e-08   0.000000e+00   7.079857e-11   219102
  9.363058e+00   2.958244e-08   3.305508e-02   7.038999e-11   220872
  9.383270e+00   2.940178e-08   4.902451e-02   7.094502e-11   216556
  9.403502e+00   2.926071e-08   3.769429e-02   6.927318e-11   221494
  9.423683e+00   2.924333e-08   4.160177e-02   6.937859e-11   219096
  9.443993e+00   2.895279e-08   3.009984e-02   6.780757e-11   224262
  9.464371e+00   2.884445e-08   0.000000e+00   6.792656e-11   222508
  9.484616e+00   2.862372e-08   0.000000e+00   6.747801e-11   222502
  9.504704e+00   2.868160e-08   3.895386e-02   6.717782e-11   227280
  9.525039e+00   2.872354e-08   1.877868e-02   6.776825e-11   223644
  9.545252e+00   2.813507e-08   0.000000e+00   6.624846e-11   226222
  9.565491e+00   2.808778e-08   0.000000e+00   6.596476e-11   229840
  9.585790e+00   2.809609e-08   2.587964e-02   6.647253e-11   228042
  9.605886e+00   2.772923e-08   0.000000e+00   6.518784e-11   227472
  9.626108e+00   2.758159e-08   0.000000e+00   6.417563e-11   230990
  9.646386e+00   2.761807e-08   7.037282e-03   6.424018e-11   233532
  9.666620e+00   2.742017e-08   2.916995e-02   6.420158e-11   231288
  9.686950e+00   2.716943e-08   0.000000e+00   6.366850e-11   233718
  9.707048e+00   2.698201e-08   0.000000e+00   6.296191e-11   232704
  9.727335e+00   2.702577e-08   2.979804e-02   6.235258e-11   239282
  9.747652e+00   2.677953e-08   3.693555e-02   6.213184e-11   234912
  9.767997e+00   2.658491e-08   0.000000e+00   6.136334e-11   238278
  9.788068e+00   2.658423e-08   3.662651e-02   6.159993e-11   237460
  9.808159e+00   2.645782e-08   2.629490e-02   6.122484e-11   236662
  9.828636e+00   2.625103e-08   0.000000e+00   6.007836e-11   246336
  9.849102e+00   2.601010e-08   0.000000e+00   6.010335e-11   241092
  9.869226e+00   2.593274e-08   3.432053e-02   6.000564e-11   242414
  9.889507e+00   2.579406e-08   1.347315e-02   5.950849e-11   243552
  9.909811e+00   2.572170e-08   0.000000e+00   5.941606e-11   243474
  9.929872e+00   2.544527e-08   2.384465e-02   5.847128e-11   245112
  9.950185e+00   2.548274e-08   2.552831e-02   5.862661e-11   246894
  9.970398e+00   2.529493e-08   1.948081e-02   5.805816e-11   247448
  9.990729e+00   2.522928e-08   0.000000e+00   5.793999e-11   247404
  1.001083e+01   2.488799e-08   3.915125e-02   5.668960e-11   249990
  1.003099e+01   2.489123e-08   3.684392e-02   5.686936e-11   249512
  1.005146e+01   2.473025e-08   0.000000e+00   5.636364e-11   253890
  1.007167e+01   2.454097e-08   0.000000e+00   5.620044e-11   250728
  1.009176e+01   2.454561e-08   4.662659e-02   5.583867e-11   253950
  1.011209e+01   2.414402e-08   0.000000e+00   5.509620e-11   254140
  1.013236e+01   2.421235e-08   0.000000e+00   5.472078e-11   255880
  1.015265e+01   2.391165e-08   3.024057e-02   5.426038e-11   258942
  1.017273e+01   2.383205e-08   4.441213e-02   5.429758e-11   253836
  1.019308e+01   2.375537e-08   0.000000e+00   5.344042e-11   260534
  1.021339e+01   2.368755e-08   0.000000e+00   5.394980e-11   259992
  1.023345e+01   2.345678e-08   4.593324e-02   5.298791e-11   258894
  1.025374e+01   2.331115e-08   3.610304e-02   5.256934e-11   263364
  1.027404e+01   2.327134e-08   0.000000e+00   5.254383e-11   259536
  1.029404e+01   2.310146e-08   2.020490e-02   5.233403e-11   263438
  1.031427e+01   2.298933e-08   4.128097e-02   5.142226e-11   265740
  1.033461e+01   2.277795e-08   0.000000e+00   5.112227e-11   264894
  1.035491e+01   2.268296e-08   0.000000e+00   5.057608e-11   269184
  1.037510e+01   2.248589e-08   4.013409e-02   5.051570e-11   266138
  1.039529e+01   2.248558e-08   2.789946e-02   5.016407e-11   270528
  1.041568e+01   2.225946e-08   0.000000e+00   4.982201e-11   268182
  1.043580e+01   2.204180e-08   0.000000e+00   4.915338e-11   270960
  1.045597e+01   2.207882e-08   4.818435e-02   4.922460e-11   274580
  1.047660e+01   2.191389e-08   0.000000e+00   4.857969e-11   276078
  1.049687e+01   2.169762e-08   0.000000e+00   4.815294e-11   273600
  1.051701e+01   2.166147e-08   3.931746e-02   4.834992e-11   274698
  1.053721e+01   2.154792e-08   4.248004e-02   4.806968e-11   276920
  1.055759e+01   2.148806e-08   0.000000e+00   4.790083e-11   276774
  1.057783e+01   2.124539e-08   0.000000e+00   4.730092e-11   279972
  1.059787e+01   2.123450e-08   3.488039e-02   4.717041e-11   276144
  1.061817e+01   2.099445e-08   1.582891e-02   4.611388e-11   282590
  1.063851e+01   2.096229e-08   0.000000e+00   4.629861e-11   282300
  1.065876e+01   2.075333e-08   0.000000e+00   4.565299e-11   283926
  1.067881e+01   2.063821e-08   4.572065e-02   4.531805e-11   279792
  1.069920e+01   2.055680e-08   0.000000e+00   4.470386e-11   287870
  1.071957e+01   2.031068e-08   0.000000e+00   4.446189e-11   286428
  1.073959e+01   2.024166e-08   4.515087e-02   4.428380e-11   284808
  1.075985e+01   2.001477e-08   1.568244e-02   4.379659e-11   289158
  1.078023e+01   2.013063e-08   0.000000e+00   4.401267e-11   290204
  1.080046e+01   1.985459e-08   0.000000e+00   4.329754e-11   290382
  1.082061e+01   1.967148e-08   3.135125e-02   4.277941e-11   291912
  1.084097e+01   1.973292e-08   0.000000e+00   4.310304e-11   290754
  1.086111e+01   1.944844e-08   1.618869e-02   4.240236e-11   296096
  1.088147e+01   1.945622e-08   2.583272e-02   4.219038e-11   294552
  1.090159e+01   1.936771e-08   4.586988e-02   4.228613e-11   293466
  1.092181e+01   1.909687e-08   0.000000e+00   4.113009e-11   296904
  1.094212e+01   1.902460e-08   0.000000e+00   4.123548e-11   298358
  1.096213e+01   1.877370e-08   4.494443e-02   4.077898e-11   297840
  1.098250e+01   1.892427e-08   1.809539e-02   4.089653e-11   301338
  1.100284e+01   1.870672e-08   0.000000e+00   4.049187e-11   300336
  1.102287e+01   1.859498e-08   4.793405e-02   3.969685e-11   303584
  1.104324e+01   1.851116e-08   3.938428e-02   3.998017e-11   304098
  1.106362e+01   1.838114e-08   0.000000e+00   3.944242e-11   304488
  1.108375e+01   1.821416e-08   4.350744e-02   3.899650e-11   306678
  1.110405e+01   1.827042e-08   0.000000e+00   3.920179e-11   305732
  1.112430e+01   1.801657e-08   1.556993e-02   3.853434e-11   309894
  1.114461e+01   1.796904e-08   2.324960e-02   3.833454e-11   310200
  1.116485e+01   1.785355e-08   0.000000e+00   3.830436e-11   307074
  1.118499e+01   1.771683e-08   4.539866e-02   3.764613e-11   315656
  1.120542e+01   1.761293e-08   0.000000e+00   3.757323e-11   310704
  1.122575e+01   1.755037e-08   0.000000e+00   3.731642e-11   314310
  1.124565e+01   1.741210e-08   5.339065e-02   3.733999e-11   312412
  1.126607e+01   1.722394e-08   0.000000e+00   3.641092e-11   318310
  1.128641e+01   1.716867e-08   0.000000e+00   3.648848e-11   315648
  1.130649e+01   1.714632e-08   4.213338e-02   3.616501e-11   320610
  1.132671e+01   1.699120e-08   0.000000e+00   3.618203e-11   313944
  1.134697e+01   1.698247e-08   0.000000e+00   3.544953e-11   325880
  1.136725e+01   1.676576e-08   4.264396e-02   3.571997e-11   319146
  1.138752e+01   1.674542e-08   0.000000e+00   3.502012e-11   322896
  1.140760e+01   1.669790e-08   4.711227e-02   3.523871e-11   322206
  1.142792e+01   1.653827e-08   0.000000e+00   3.459104e-11   327416
  1.144835e+01   1.649202e-08   0.000000e+00   3.469391e-11   325602
  1.146834e+01   1.627349e-08   5.736003e-02   3.398943e-11   328248
  1.148865e+01   1.629194e-08   0.000000e+00   3.401659e-11   326088
  1.150907e+01   1.615250e-08   0.000000e+00   3.364830e-11   331658
  1.152907e+01   1.615400e-08   5.199756e-02   3.375595e-11   331584
  1.154943e+01   1.599133e-08   2.461433e-02   3.329505e-11   330630
  1.156976e+01   1.582902e-08   0.000000e+00   3.290532e-11   333204
  1.158972e+01   1.573897e-08   5.882723e-02   3.268040e-11   333470
  1.161019e+01   1.570637e-08   0.000000e+00   3.273814e-11   335688
  1.163031e+01   1.560703e-08   2.023498e-02   3.222508e-11   336828
  1.165052e+01   1.544126e-08   2.747241e-02   3.182702e-11   337662
  1.167092e+01   1.551787e-08   0.000000e+00   3.186593e-11   338960
  1.169084e+01   1.531641e-08   5.384648e-02   3.166975e-11   338262
  1.171120e+01   1.530189e-08   4.428112e-02   3.143339e-11   344388
  1.173173e+01   1.519657e-08   0.000000e+00   3.109036e-11   342486
  1.175158e+01   1.507670e-08   6.876953e-02   3.110871e-11   343592
  1.177209e+01   1.513093e-08   7.127446e-03   3.062413e-11   347130
  1.179251e+01   1.488881e-08   0.000000e+00   3.058322e-11   346152
  1.181244e+01   1.488295e-08   6.483705e-02   3.009692e-11   345856
  1.183291e+01   1.472568e-08   0.000000e+00   2.983881e-11   349354
  1.185320e+01   1.468042e-08   0.000000e+00   2.957097e-11   352032
  1.187332e+01   1.465364e-08   5.473332e-02   2.980964e-11   348582
  1.189375e+01   1.451572e-08   0.000000e+00   2.944774e-11   352244
  1.191364e+01   1.445748e-08   6.620047e-02   2.919542e-11   351582
  1.193405e+01   1.440298e-08   1.307224e-02   2.898997e-11   357144
  1.195452e+01   1.436138e-08   0.000000e+00   2.891946e-11   355560
  1.197446e+01   1.431414e-08   6.218539e-02   2.880967e-11   354551
  1.199485e+01   1.422192e-08   9.986288e-03   2.841878e-11   358044
  1.201531e+01   1.424081e-08   0.000000e+00   2.832605e-11   355272
  1.203516e+01   1.417630e-08   6.820150e-02   2.811989e-11   352044
  1.205550e+01   1.423026e-08   0.000000e+00   2.819454e-11   352344
  1.207583e+01   1.418356e-08   0.000000e+00   2.769593e-11   356516
  1.209593e+01   1.421336e-08   4.718083e-02   2.790553e-11   352848
  1.211652e+01   1.419320e-08   0.000000e+00   2.778133e-11   352980
  1.213648e+01   1.424765e-08   4.074478e-02   2.796964e-11   348948
  1.215669e+01   1.414200e-08   3.541483e-02   2.748133e-11   351692
  1.217729e+01   1.411645e-08   0.000000e+00   2.730133e-11   353064
  1.219717e+01   1.412233e-08   6.081972e-02   2.752139e-11   345624
  1.221740e+01   1.405810e-08   0.000000e+00   2.697648e-11   347844
  1.223787e+01   1.408056e-08   0.000000e+00   2.702515e-11   351020
  1.225784e+01   1.409563e-08   5.682459e-02   2.715081e-11   345852
  1.227818e+01   1.406078e-08   7.880363e-03   2.701309e-11   347040
  1.229855e+01   1.399317e-08   0.000000e+00   2.680832e-11   345928
  1.231852e+01   1.407001e-08   5.703993e-02   2.675655e-11   347020
  1.233898e+01   1.402800e-08   0.000000e+00   2.675417e-11   343032
  1.235914e+01   1.398079e-08   0.000000e+00   2.664957e-11   343620
  1.237922e+01   1.396616e-08   5.815927e-02   2.656284e-11   343988
  1.239984e+01   1.394596e-08   0.000000e+00   2.649235e-11   344556
  1.241988e+01   1.400558e-08   4.311218e-02   2.639071e-11   343632
  1.244027e+01   1.392900e-08   0.000000e+00   2.627781e-11   340392
  1.246062e+01   1.381506e-08   0.000000e+00   2.618519e-11   339408
  1.248051e+01   1.389037e-08   7.252686e-02   2.637904e-11   341864
  1.250106e+01   1.384864e-08   0.000000e+00   2.610908e-11   341964
  1.252140e+01   1.381268e-08   0.000000e+00   2.630774e-11   334380
  1.254111e+01   1.386052e-08   6.800381e-02   2.636765e-11   336504
  1.256164e+01   1.376546e-08   1.642575e-02   2.586691e-11   339560
  1.258197e+01   1.373262e-08   0.000000e+00   2.598970e-11   336384
  1.260204e+01   1.362318e-08   7.158575e-02   2.571454e-11   337404
  1.262252e+01   1.362655e-08   0.000000e+00   2.590587e-11   330156
  1.264247e+01   1.372892e-08   5.630549e-02   2.577803e-11   337808
  1.266291e+01   1.361489e-08   0.000000e+00   2.569505e-11   332748
  1.268332e+01   1.358972e-08   0.000000e+00   2.548370e-11   333612
  1.270325e+01   1.354445e-08   5.691527e-02   2.546773e-11   331860
  1.272358e+01   1.357662e-08   2.731116e-02   2.578503e-11   328376
  1.274388e+01   1.349444e-08   0.000000e+00   2.540969e-11   331140
  1.276394e+01   1.349185e-08   6.845315e-02   2.515496e-11   332988
  1.278429e+01   1.342575e-08   2.816864e-02   2.538692e-11   325224
  1.280470e+01   1.341243e-08   0.000000e+00   2.520186e-11   331544
  1.282473e+01   1.344522e-08   6.530103e-02   2.536391e-11   327264
  1.284507e+01   1.336093e-08   0.000000e+00   2.540903e-11   322308
  1.286522e+01   1.327083e-08   2.273213e-02   2.487288e-11   328136
  1.288528e+01   1.327784e-08   4.847112e-02   2.511412e-11   323172
  1.290581e+01   1.321753e-08   0.000000e+00   2.499906e-11   325248
  1.292583e+01   1.320835e-08   6.070072e-02   2.505124e-11   324096
  1.294612e+01   1.322396e-08   0.000000e+00   2.501790e-11   321540
  1.296661e+01   1.311672e-08   0.000000e+00   2.466467e-11   323744
  1.298643e+01   1.307040e-08   6.792587e-02   2.495221e-11   317400
  1.300679e+01   1.303990e-08   1.620230e-02   2.478811e-11   322560
  1.302731e+01   1.299273e-08   0.000000e+00   2.473072e-11   320076
  1.304720e+01   1.297997e-08   7.004355e-02   2.498237e-11   317204
  1.306784e+01   1.294266e-08   0.000000e+00   2.447448e-11   323064
  1.308817e+01   1.287954e-08   0.000000e+00   2.454949e-11   315204
  1.310801e+01   1.290944e-08   7.628801e-02   2.477072e-11   315416
  1.312872e+01   1.280907e-08   0.000000e+00   2.446954e-11   316884
  1.314868e+01   1.283647e-08   4.600267e-02   2.464297e-11   312876
  1.316891e+01   1.276567e-08   5.361622e-02   2.437384e-11   315540
  1.318952e+01   1.267540e-08   0.000000e+00   2.440966e-11   312576
  1.320931e+01   1.269385e-08   7.583115e-02   2.443464e-11   312140
  1.322977e+01   1.264920e-08   1.907976e-02   2.430472e-11   310356
  1.325022e+01   1.258660e-08   0.000000e+00   2.421347e-11   311232
  1.327002e+01   1.258571e-08   6.807216e-02   2.437036e-11   307584
  1.329050e+01   1.242364e-08   3.156189e-02   2.382030e-11   310616
  1.331081e+01   1.251517e-08   0.000000e+00   2.433156e-11   304200
  1.333062e+01   1.237241e-08   7.582322e-02   2.408554e-11   306792
  1.335127e+01   1.242632e-08   0.000000e+00   2.420529e-11   306168
  1.337128e+01   1.236329e-08   0.000000e+00   2.416299e-11   304448
  1.339159e+01   1.231511e-08   6.636238e-02   2.386356e-11   308580
  1.341216e+01   1.231036e-08   0.000000e+00   2.414765e-11   299568
  1.343196e+01   1.214458e-08   6.451500e-02   2.353876e-11   304416
  1.345248e+01   1.218402e-08   3.608611e-02   2.381843e-11   302216
  1.347289e+01   1.209220e-08   0.000000e+00   2.378541e-11   300084
  1.349278e+01   1.208924e-08   8.247430e-02   2.378471e-11   299340
  1.351313e+01   1.200727e-08   0.000000e+00   2.358443e-11   296688
  1.353351e+01   1.196744e-08   0.000000e+00   2.353675e-11   298820
  1.355339e+01   1.192550e-08   7.868128e-02   2.360764e-11   296916
  1.357395e+01   1.187401e-08   0.000000e+00   2.355124e-11   295920
  1.359407e+01   1.182891e-08   8.931793e-03   2.370233e-11   292692
  1.361403e+01   1.169883e-08   7.286943e-02   2.310180e-11   295892
  1.363479e+01   1.169924e-08   0.000000e+00   2.348144e-11   293064
  1.365474e+01   1.171798e-08   3.940457e-02   2.336558e-11   293220
  1.367491e+01   1.165050e-08   3.544566e-02   2.340886e-11   286804
  1.369536e+01   1.157807e-08   0.000000e+00   2.313062e-11   293080
  1.371539e+01   1.154140e-08   7.180038e-02   2.315188e-11   291816
  1.373592e+01   1.156589e-08   0.000000e+00   2.328711e-11   287784
  1.375625e+01   1.143419e-08   0.000000e+00   2.322407e-11   286760
  1.377611e+01   1.140546e-08   7.577289e-02   2.298910e-11   287088
  1.379659e+01   1.131559e-08   0.000000e+00   2.294304e-11   286176
  1.381700e+01   1.128896e-08   0.000000e+00   2.294919e-11   284184
  1.383681e+01   1.119563e-08   6.766523e-02   2.281655e-11   282220
  1.385749e+01   1.119477e-08   0.000000e+00   2.276889e-11   284452
  1.387753e+01   1.111567e-08   0.000000e+00   2.288390e-11   279516
  1.389763e+01   1.105770e-08   7.326046e-02   2.259560e-11   282696
  1.391834e+01   1.108512e-08   0.000000e+00   2.281059e-11   278676
  1.393813e+01   1.097707e-08   7.588626e-02   2.261320e-11   279512
  1.395854e+01   1.091016e-08   7.845664e-03   2.279244e-11   276672
  1.397899e+01   1.092794e-08   0.000000e+00   2.272148e-11   276036
  1.399870e+01   1.081164e-08   7.337993e-02   2.251021e-11   274416
  1.401918e+01   1.080086e-08   3.514639e-02   2.256912e-11   275384
  1.403966e+01   1.072981e-08   0.000000e+00   2.240613e-11   274560
  1.405954e+01   1.069296e-08   8.052328e-02   2.235203e-11   272220
  1.408012e+01   1.066222e-08   0.000000e+00   2.236230e-11   270492
  1.410028e+01   1.063675e-08   0.000000e+00   2.234847e-11   271532
  1.412045e+01   1.047769e-08   4.937391e-02   2.199630e-11   272052
  1.414094e+01   1.055927e-08   0.000000e+00   2.258781e-11   264372
  1.416075e+01   1.044290e-08   4.428508e-02   2.222824e-11   268652
  1.418118e+01   1.038955e-08   5.062903e-02   2.219097e-11   266760
  1.420153e+01   1.038094e-08   0.000000e+00   2.230200e-11   262536
  1.422144e+01   1.027181e-08   8.027995e-02   2.194339e-11   266460
  1.424186e+01   1.024695e-08   0.000000e+00   2.206139e-11   261560
  1.426218e+01   1.020374e-08   0.000000e+00   2.198383e-11   262236
  1.428218e+01   1.017712e-08   7.157590e-02   2.205422e-11   261708
  1.430257e+01   1.008703e-08   0.000000e+00   2.188200e-11   258960
  1.432291e+01   9.988090e-09   0.000000e+00   2.186869e-11   258376
  1.434280e+01   1.001042e-08   6.877895e-02   2.188038e-11   258304
  1.436354e+01   9.908174e-09   0.000000e+00   2.144438e-11   259368
  1.438358e+01   9.893578e-09   3.265516e-02   2.189806e-11   253332
  1.440365e+01   9.903422e-09   7.120212e-02   2.177528e-11   254448
  1.442431e+01   9.814720e-09   0.000000e+00   2.162727e-11   255248
  1.444425e+01   9.729496e-09   7.409179e-02   2.147662e-11   252180
  1.446468e+01   9.760704e-09   2.975707e-02   2.164275e-11   252744
  1.448508e+01   9.592327e-09   0.000000e+00   2.143716e-11   247348
  1.450487e+01   9.639962e-09   8.942220e-02   2.131070e-11   250432
  1.452537e+01   9.539048e-09   0.000000e+00   2.145944e-11   247860
  1.454584e+01   9.476107e-09   0.000000e+00   2.134795e-11   247716
  1.456564e+01   9.462671e-09   7.520593e-02   2.146344e-11   242472
  1.458627e+01   9.376714e-09   0.000000e+00   2.108018e-11   248672
  1.460638e+01   9.345380e-09   3.270111e-02   2.146532e-11   239352
  1.462638e+01   9.257980e-09   6.076144e-02   2.098179e-11   245088
  1.464704e+01   9.219578e-09   0.000000e+00   2.110317e-11   239232
  1.466684e+01   9.286193e-09   8.028077e-02   2.119846e-11   240320
  1.468736e+01   9.084540e-09   0.000000e+00   2.086832e-11   239340
  1.470784e+01   9.148410e-09   0.000000e+00   2.105964e-11   237636
  1.472755e+01   9.037958e-09   7.664701e-02   2.101179e-11   235980
  1.474803e+01   8.986497e-09   0.000000e+00   2.097204e-11   235304
  1.476846e+01   9.010694e-09   0.000000e+00   2.096294e-11   234576
  1.478832e+01   8.880712e-09   7.040621e-02   2.091193e-11   232788
  1.480880e+01   8.880079e-09   0.000000e+00   2.107289e-11   230400
  1.482901e+01   8.865984e-09   0.000000e+00   2.090854e-11   231836
  1.484909e+01   8.690817e-09   7.613804e-02   2.046825e-11   231288
  1.486979e+01   8.765781e-09   0.000000e+00   2.082550e-11   226536
  1.488961e+01   8.665513e-09   5.931137e-02   2.072283e-11   226084
  1.490981e+01   8.624875e-09   5.053911e-02   2.056585e-11   227116
  1.493044e+01   8.564582e-09   0.000000e+00   2.066186e-11   223800
  1.495026e+01   8.470833e-09   8.140678e-02   2.042891e-11   223884
  1.497067e+01   8.490751e-09   0.000000e+00   2.058019e-11   222360
  1.499111e+01   8.389781e-09   0.000000e+00   2.042552e-11   221156
  1.501107e+01   8.375679e-09   9.009757e-02   2.029279e-11   221724
  1.503161e+01   8.394214e-09   0.000000e+00   2.044283e-11   217584
  1.505188e+01   8.308340e-09   0.000000e+00   2.049891e-11   217576
  1.507175e+01   8.311607e-09   9.345853e-02   2.040215e-11   215464
  1.509237e+01   8.180192e-09   0.000000e+00   2.018695e-11   215472
  1.511247e+01   8.136578e-09   2.425632e-02   2.007371e-11   213768
  1.513249e+01   8.152734e-09   8.094572e-02   2.015967e-11   210956
  1.515303e+01   8.082235e-09   0.000000e+00   2.017542e-11   211788
  1.517310e+01   8.001051e-09   4.411737e-02   2.009063e-11   211092
  1.519347e+01   7.996364e-09   3.163899e-02   2.012383e-11   209556
  1.521398e+01   7.903314e-09   0.000000e+00   1.997727e-11   206700
  1.523373e+01   7.916571e-09   7.627679e-02   1.997979e-11   206048
  1.525416e+01   7.806007e-09   0.000000e+00   1.985673e-11   204744
  1.527456e+01   7.845799e-09   0.000000e+00   1.997841e-11   202992
  1.529429e+01   7.759853e-09   8.518605e-02   1.988835e-11   201944
  1.531503e+01   7.718408e-09   0.000000e+00   1.980709e-11   203304
  1.533535e+01   7.691728e-09   0.000000e+00   1.963838e-11   200484
  1.535513e+01   7.655127e-09   9.088457e-02   2.000601e-11   195516
  1.537587e+01   7.602813e-09   0.000000e+00   1.971822e-11   198860
  1.539575e+01   7.652257e-09   3.986709e-02   2.011277e-11   195264
  1.541601e+01   7.460736e-09   5.937187e-02   1.955840e-11   195984
  1.543661e+01   7.521770e-09   0.000000e+00   1.983691e-11   191808
  1.545622e+01   7.493503e-09   6.998300e-02   1.989091e-11   190776
  1.547663e+01   7.372245e-09   1.719484e-02   1.949343e-11   192032
  1.549718e+01   7.417333e-09   0.000000e+00   1.976096e-11   188628
  1.551693e+01   7.340617e-09   9.603237e-02   1.958063e-11   189444
  1.553757e+01   7.294853e-09   0.000000e+00   1.965208e-11   186260
  1.555771e+01   7.299075e-09   0.000000e+00   1.950370e-11   184560
  1.557768e+01   7.188063e-09   8.774112e-02   1.954446e-11   185832
  1.559849e+01   7.215232e-09   0.000000e+00   1.949367e-11   182400
  1.561840e+01   7.138744e-09   4.191687e-02   1.948164e-11   181380
  1.563850e+01   7.128203e-09   7.290476e-02   1.954229e-11   180332
  1.565917e+01   7.102020e-09   0.000000e+00   1.947711e-11   178236
  1.567911e+01   7.025173e-09   5.231818e-02   1.932554e-11   179184
  1.569941e+01   7.016483e-09   6.707233e-02   1.943026e-11   175028
  1.571990e+01   7.002110e-09   0.000000e+00   1.940482e-11   175440
  1.573991e+01   6.931543e-09   7.162837e-02   1.943201e-11   174828
  1.576033e+01   6.999272e-09   0.000000e+00   1.978841e-11   169896
  1.578053e+01   6.839214e-09   0.000000e+00   1.939375e-11   171708
  1.580052e+01   6.885649e-09   9.305218e-02   1.934405e-11   169328
  1.582104e+01   6.836915e-09   0.000000e+00   1.944583e-11   167364
  1.584127e+01   6.735928e-09   3.348241e-02   1.920723e-11   168192
  1.586126e+01   6.828280e-09   8.313249e-02   1.966004e-11   163188
  1.588198e+01   6.715305e-09   0.000000e+00   1.912178e-11   166184
  1.590206e+01   6.699473e-09   4.201098e-02   1.938751e-11   161460
  1.592208e+01   6.653208e-09   7.681159e-02   1.924492e-11   159972
  1.594260e+01   6.622090e-09   0.000000e+00   1.927629e-11   159488
  1.596249e+01   6.638188e-09   7.264802e-02   1.927308e-11   158148
  1.598300e+01   6.578909e-09   0.000000e+00   1.934742e-11   158100
  1.600348e+01   6.547166e-09   0.000000e+00   1.933860e-11   155232
  1.602308e+01   6.567757e-09   8.247887e-02   1.941415e-11   151216
  1.604371e+01   6.448379e-09   0.000000e+00   1.898698e-11   155560
  1.606419e+01   6.491141e-09   0.000000e+00   1.919027e-11   151404
  1.608393e+01   6.408566e-09   9.783378e-02   1.942504e-11   148356
  1.610460e+01   6.373591e-09   0.000000e+00   1.909400e-11   147164
  1.612455e+01   6.385927e-09   2.476258e-02   1.905692e-11   147384
  1.614471e+01   6.303662e-09   6.620277e-02   1.910924e-11   145992
  1.616548e+01   6.339492e-09   0.000000e+00   1.924705e-11   143856
  1.618505e+01   6.335096e-09   6.548525e-02   1.943975e-11   140384
  1.620553e+01   6.205814e-09   3.148209e-02   1.914659e-11   143856
  1.622609e+01   6.388777e-09   0.000000e+00   1.964450e-11   136968
  1.624574e+01   6.195147e-09   9.032258e-02   1.902266e-11   139536
  1.626647e+01   6.230107e-09   0.000000e+00   1.925951e-11   136916
  1.628660e+01   6.278390e-09   0.000000e+00   1.963989e-11   133032
  1.630647e+01   6.124700e-09   9.167159e-02   1.925217e-11   135540
  1.632735e+01   6.187709e-09   0.000000e+00   1.923359e-11   132096
  1.634724e+01   6.155096e-09   0.000000e+00   1.954282e-11   129540
  1.636732e+01   6.056125e-09   8.849942e-02   1.898004e-11   130640
  1.638800e+01   6.169600e-09   0.000000e+00   1.936316e-11   126276
  1.640794e+01   6.020371e-09   5.345165e-02   1.915348e-11   128484
  1.642849e+01   6.094144e-09   1.773539e-02   1.939986e-11   124168
  1.644876e+01   6.068188e-09   0.000000e+00   1.945894e-11   122224
  1.646872e+01   5.957787e-09   7.943342e-02   1.934057e-11   123156
  1.648926e+01   6.055956e-09   0.000000e+00   1.945640e-11   119688
  1.650932e+01   5.978829e-09   0.000000e+00   1.967366e-11   116640
  1.652929e+01   5.963076e-09   9.396584e-02   1.945324e-11   119696
  1.654992e+01   6.058369e-09   0.000000e+00   1.967242e-11   114276
  1.657009e+01   5.872602e-09   0.000000e+00   1.938082e-11   114060
  1.659006e+01   6.012704e-09   8.814763e-02   1.976798e-11   112536
  1.661073e+01   5.939955e-09   0.000000e+00   1.946459e-11   112196
  1.663092e+01   5.914219e-09   4.096552e-02   1.989965e-11   109404
  1.665092e+01   5.962355e-09   4.929919e-02   1.974317e-11   105900
  1.667126e+01   5.826362e-09   0.000000e+00   1.955050e-11   107176
  1.669132e+01   5.935566e-09   6.571797e-02   1.999408e-11   105088
  1.671173e+01   5.962278e-09   2.481773e-02   2.004230e-11   103800
  1.673220e+01   5.856859e-09   0.000000e+00   2.008503e-11   101340
  1.675206e+01   5.942496e-09   7.245928e-02   2.025957e-11   100036
  1.677238e+01   5.881556e-09   0.000000e+00   2.011858e-11   97672
  1.679277e+01   5.852393e-09   0.000000e+00   1.994677e-11   97908
  1.681275e+01   5.892551e-09   7.836038e-02   2.004717e-11   95328
  1.683323e+01   5.832582e-09   0.000000e+00   2.014043e-11   93600
  1.685339e+01   5.920845e-09   0.000000e+00   2.044129e-11   92312
  1.687354e+01   5.928484e-09   6.539846e-02   2.047515e-11   91044
  1.689405e+01   5.901305e-09   0.000000e+00   2.053334e-11   88500
  1.691379e+01   5.935087e-09   4.976162e-02   2.109513e-11   86216
  1.693416e+01   5.877959e-09   0.000000e+00   2.049185e-11   87159
  1.695491e+01   5.870492e-09   0.000000e+00   2.051996e-11   86064
  1.697482e+01   5.903458e-09   7.723579e-02   2.103393e-11   81648
  1.699503e+01   5.866109e-09   1.477901e-02   2.079557e-11   81654
  1.701553e+01   5.805467e-09   0.000000e+00   2.096871e-11   81284
  1.703562e+01   5.847015e-09   5.613703e-02   2.125469e-11   78888
  1.705585e+01   5.812004e-09   1.701521e-02   2.126015e-11   77250
  1.707595e+01   5.710792e-09   0.000000e+00   2.114029e-11   75942
  1.709607e+01   5.774217e-09   5.943587e-02   2.115550e-11   77042
  1.711673e+01   5.735522e-09   0.000000e+00   2.131027e-11   74094
  1.713691e+01   5.739321e-09   3.329719e-02   2.158020e-11   73818
  1.715710e+01   5.666569e-09   0.000000e+00   2.152960e-11   70998
  1.717738e+01   5.617490e-09   0.000000e+00   2.143323e-11   72044
  1.719761e+01   5.624174e-09   6.183798e-02   2.172720e-11   69426
  1.721798e+01   5.623301e-09   0.000000e+00   2.170222e-11   69288
  1.723818e+01   5.536843e-09   0.000000e+00   2.154551e-11   67068
  1.725814e+01   5.546450e-09   6.447170e-02   2.173180e-11   66926
  1.727858e+01   5.490604e-09   5.470363e-02   2.154607e-11   66348
  1.729910e+01   5.462170e-09   0.000000e+00   2.164952e-11   64728
  1.731906e+01   5.403945e-09   0.000000e+00   2.202227e-11   62820
  1.733927e+01   5.401336e-09   0.000000e+00   2.166768e-11   63716
  1.735974e+01   5.363480e-09   1.596577e-02   2.185206e-11   62160
  1.737993e+01   5.343352e-09   0.000000e+00   2.201093e-11   59940
  1.739997e+01   5.360189e-09   1.586962e-02   2.199526e-11   60112
  1.742018e+01   5.244031e-09   6.149356e-02   2.186346e-11   59668
  1.744070e+01   5.213476e-09   0.000000e+00   2.225425e-11   57618
  1.746070e+01   5.164239e-09   2.280166e-02   2.218072e-11   56868
  1.748074e+01   5.131403e-09   5.977393e-02   2.183568e-11   56684
  1.750108e+01   5.093364e-09   2.663065e-02   2.192023e-11   55536
  1.752146e+01   5.055057e-09   0.000000e+00   2.226645e-11   54342
  1.754173e+01   5.095881e-09   1.930145e-02   2.220412e-11   54768
  1.756179e+01   5.028201e-09   5.872712e-02   2.238906e-11   52094
  1.758204e+01   4.844289e-09   0.000000e+00   2.174012e-11   52224
  1.760258e+01   4.872903e-09   0.000000e+00   2.178371e-11   52188
  1.762270e+01   4.868757e-09   5.204355e-02   2.204728e-11   50190
  1.764269e+01   4.846930e-09   4.455676e-02   2.213987e-11   49224
  1.766309e+01   4.735453e-09   0.000000e+00   2.177163e-11   49094
  1.768355e+01   4.703000e-09   1.693378e-02   2.177317e-11   49488
  1.770381e+01   4.696753e-09   5.504738e-02   2.222005e-11   46830
  1.772379e+01   4.696212e-09   1.241198e-02   2.237981e-11   45860
  1.774410e+01   4.617525e-09   0.000000e+00   2.207781e-11   46770
  1.776451e+01   4.612585e-09   1.991704e-02   2.226227e-11   45468
  1.778472e+01   4.470973e-09   3.869434e-02   2.185628e-11   44130
  1.780486e+01   4.488073e-09   0.000000e+00   2.212006e-11   43230
  1.782512e+01   4.486945e-09   0.000000e+00   2.190343e-11   44108
  1.784554e+01   4.360481e-09   3.640433e-02   2.201651e-11   42162
  1.786573e+01   4.360364e-09   3.563280e-02   2.214744e-11   41358
  1.788575e+01   4.331767e-09   0.000000e+00   2.245135e-11   40456
  1.790602e+01   4.271886e-09   3.324743e-02   2.153036e-11   41230
  1.792660e+01   4.220007e-09   4.481294e-02   2.161448e-11   39906
  1.794689e+01   4.210872e-09   0.000000e+00   2.222403e-11   38508
  1.796682e+01   4.132501e-09   0.000000e+00   2.193885e-11   37854
  1.798693e+01   4.066712e-09   5.446339e-02   2.167942e-11   38162
  1.800752e+01   4.052145e-09   2.739327e-02   2.192128e-11   37212
  1.802785e+01   4.009812e-09   0.000000e+00   2.166032e-11   36450
  1.804767e+01   3.993650e-09   2.898473e-02   2.183189e-11   34718
  1.806777e+01   3.880559e-09   2.202429e-02   2.090604e-11   35814
  1.808838e+01   3.853816e-09   2.104280e-02   2.154357e-11   34896
  1.810872e+01   3.859320e-09   0.000000e+00   2.172531e-11   33822
  1.812849e+01   3.777136e-09   4.449071e-02   2.165720e-11   32522
  1.814880e+01   3.727173e-09   0.000000e+00   2.124371e-11   33630
  1.816940e+01   3.730888e-09   0.000000e+00   2.161982e-11   32166
  1.818943e+01   3.685542e-09   1.700048e-02   2.203555e-11   31200
  1.820928e+01   3.622113e-09   0.000000e+00   2.123630e-11   30598
  1.822958e+01   3.509445e-09   2.093299e-02   2.084482e-11   31138
  1.825033e+01   3.468619e-09   0.000000e+00   2.085771e-11   30510
  1.827054e+01   3.486235e-09   3.292348e-02   2.133708e-11   28998
  1.829037e+01   3.424630e-09   1.016356e-02   2.116029e-11   28290
  1.831064e+01   3.330611e-09   4.221400e-02   2.015621e-11   29126
  1.833141e+01   3.302804e-09   0.000000e+00   2.054877e-11   28008
  1.835164e+01   3.274000e-09   1.133166e-02   2.067668e-11   27222
  1.837164e+01   3.280608e-09   1.984665e-02   2.129876e-11   26426
  1.839188e+01   3.173162e-09   1.108000e-02   2.028550e-11   26694
  1.841238e+01   3.085140e-09   2.206095e-02   1.994673e-11   25734
  1.843269e+01   3.084067e-09   0.000000e+00   2.004449e-11   25458
  1.845263e+01   3.068213e-09   5.238866e-03   2.054285e-11   24198
  1.847298e+01   2.982096e-09   0.000000e+00   1.988854e-11   25034
  1.849355e+01   2.990397e-09   1.981568e-02   2.061625e-11   23718
  1.851365e+01   2.902997e-09   0.000000e+00   1.981780e-11   23094
  1.853340e+01   2.911160e-09   2.696464e-02   2.036057e-11   22416
  1.855375e+01   2.798313e-09   1.013616e-02   1.931359e-11   23078
  1.857463e+01   2.746762e-09   0.000000e+00   1.955234e-11   22386
  1.859486e+01   2.763411e-09   0.000000e+00   2.006986e-11   21126
  1.861444e+01   2.729046e-09   0.000000e+00   1.995485e-11   20366
  1.863462e+01   2.610185e-09   3.718601e-02   1.870218e-11   21354
  1.865556e+01   2.573319e-09   0.000000e+00   1.874075e-11   20478
  1.867575e+01   2.572052e-09   0.000000e+00   1.887792e-11   19458
  1.869534e+01   2.500433e-09   1.359947e-02   1.922859e-11   18758
  1.871554e+01   2.498965e-09   4.082745e-02   1.888872e-11   19566
  1.873644e+01   2.413077e-09   2.816742e-02   1.845803e-11   18858
  1.875673e+01   2.423133e-09   1.168492e-02   1.921229e-11   17790
  1.877626e+01   2.375683e-09   0.000000e+00   1.901086e-11   17114
  1.879650e+01   2.287317e-09   0.000000e+00   1.845056e-11   17982
  1.881738e+01   2.275985e-09   0.000000e+00   1.813724e-11   17190
  1.883772e+01   2.247971e-09   0.000000e+00   1.829333e-11   16458
  1.885724e+01   2.250125e-09   2.961538e-02   1.875129e-11   15494
  1.887742e+01   2.107972e-09   9.056188e-03   1.763686e-11   16374
  1.889844e+01   2.111409e-09   0.000000e+00   1.770994e-11   15858
  1.891881e+01   2.100803e-09   0.000000e+00   1.837756e-11   14862
  1.893824e+01   2.053660e-09   0.000000e+00   1.813349e-11   14082
  1.895852e+01   1.963693e-09   0.000000e+00   1.699923e-11   14990
  1.897959e+01   1.952373e-09   1.242034e-02   1.738242e-11   14358
  1.899989e+01   1.954299e-09   0.000000e+00   1.785208e-11   13386
  1.901912e+01   1.889934e-09   0.000000e+00   1.731503e-11   12678
  1.903943e+01   1.801850e-09   2.222072e-02   1.653817e-11   13700
  1.906063e+01   1.766484e-09   1.514179e-02   1.595948e-11   12942
  1.908098e+01   1.799826e-09   3.697867e-02   1.724750e-11   12198
  1.909999e+01   1.746045e-09   0.000000e+00   1.779804e-11   11106
  1.912016e+01   1.699384e-09   0.000000e+00   1.649086e-11   12494
  1.914143e+01   1.627226e-09   2.771610e-02   1.617329e-11   11610
  1.916194e+01   1.637798e-09   0.000000e+00   1.653318e-11   11094
  1.918096e+01   1.619043e-09   1.921888e-02   1.741055e-11   9902
  1.920105e+01   1.529328e-09   1.482229e-02   1.586622e-11   11226
  1.922232e+01   1.472797e-09   0.000000e+00   1.545386e-11   10326
  1.924285e+01   1.486395e-09   1.663497e-02   1.593178e-11   10074
  1.926202e+01   1.477979e-09   8.052621e-03   1.671637e-11   8766
  1.928194e+01   1.366864e-09   0.000000e+00   1.457042e-11   9950
  1.930316e+01   1.354210e-09   1.294469e-02   1.497349e-11   9252
  1.932368e+01   1.368047e-09   0.000000e+00   1.554155e-11   8886
  1.934284e+01   1.336537e-09   0.000000e+00   1.601003e-11   7850
  1.936294e+01   1.254840e-09   1.152209e-02   1.475402e-11   8886
  1.938421e+01   1.236376e-09   0.000000e+00   1.526666e-11   8142
  1.940449e+01   1.193354e-09   1.975838e-02   1.458270e-11   7746
  1.942343e+01   1.231921e-09   2.180932e-02   1.575625e-11   6926
  1.944391e+01   1.064056e-09   0.000000e+00   1.241996e-11   7974
  1.946526e+01   1.045057e-09   1.851804e-02   1.364888e-11   7074
  1.948530e+01   1.072627e-09   0.000000e+00   1.371970e-11   6744
  1.950414e+01   1.096010e-09   2.166111e-02   1.446108e-11   6114
  1.952498e+01   9.811085e-10   0.000000e+00   1.195401e-11   7094
  1.954669e+01   9.226798e-10   0.000000e+00   1.191442e-11   6174
  1.956649e+01   9.628887e-10   4.409002e-03   1.442774e-11   5754
  1.958482e+01   9.856745e-10   0.000000e+00   1.437774e-11   5214
  1.960593e+01   8.642930e-10   0.000000e+00   1.166717e-11   6338
  1.962823e+01   8.570580e-10   1.313037e-02   1.272285e-11   5352
  1.964780e+01   8.344743e-10   0.000000e+00   1.318452e-11   4830
  1.966529e+01   8.455933e-10   7.591353e-03   1.337814e-11   4338
  1.968652e+01   7.541595e-10   0.000000e+00   1.078628e-11   5558
  1.970977e+01   7.138389e-10   1.382684e-02   1.080310e-11   4866
  1.972974e+01   6.998550e-10   2.352177e-02   1.188380e-11   3846
  1.974564e+01   7.809181e-10   0.000000e+00   1.454608e-11   3518
  1.976695e+01   6.608326e-10   2.125544e-02   1.063249e-11   4812
  1.979088e+01   6.179850e-10   1.112729e-02   1.014268e-11   4278
  1.981163e+01   6.050569e-10   1.979402e-02   1.095180e-11   3174
  1.982600e+01   6.493354e-10   0.000000e+00   1.232840e-11   2738
  1.984723e+01   5.438467e-10   1.108863e-02   9.023001e-12   4086
  1.987166e+01   5.186266e-10   7.487060e-03   9.506705e-12   3666
  1.989339e+01   4.796070e-10   1.411773e-02   1.010600e-11   2712
  1.990636e+01   5.620613e-10   8.061605e-03   1.290750e-11   1998
  1.992748e+01   4.547779e-10   1.073827e-02   8.202069e-12   3434
  1.995242e+01   4.043444e-10   0.000000e+00   7.609095e-12   3078
  1.997519e+01   3.946968e-10   9.897240e-03   9.054146e-12   2334
  1.998677e+01   4.833637e-10   0.000000e+00   1.390246e-11   1340
  2.000771e+01   3.630890e-10   0.000000e+00   7.202003e-12   2838
  2.003323e+01   3.439242e-10   0.000000e+00   7.280069e-12   2538
  2.005707e+01   3.290756e-10   9.924785e-03   7.958298e-12   1974
  2.006661e+01   4.197781e-10   1.262420e-02   1.828495e-11   774
  2.008764e+01   3.097461e-10   0.000000e+00   7.153051e-12   2300
  2.011380e+01   2.757977e-10   1.332507e-02   6.038775e-12   2046
  2.013872e+01   2.325612e-10   0.000000e+00   6.222456e-12   1626
  2.014646e+01   3.317170e-10   7.551880e-03   1.635410e-11   390
  2.016742e+01   2.214087e-10   7.665120e-03   5.454823e-12   1766
  2.019400e+01   2.246105e-10   0.000000e+00   6.307270e-12   1596
  2.021996e+01   1.770080e-10   0.000000e+00   4.827640e-12   1302
  2.022633e+01   2.637523e-10   0.000000e+00   2.018548e-11   150
  2.024734e+01   1.655728e-10   2.581261e-03   5.211484e-12   1298
  2.027401e+01   1.460180e-10   0.000000e+00   4.061681e-12   1158
  2.030054e+01   1.370579e-10   0.000000e+00   4.624605e-12   996
  2.031028e+01   1.862497e-10   1.050840e-02   3.701069e-11   38
  2.032743e+01   1.115303e-10   0.000000e+00   4.259157e-12   894
  2.035414e+01   1.081884e-10   9.478568e-03   3.986472e-12   786
  2.038089e+01   9.326220e-11   0.000000e+00   4.901653e-12   678
  2.040633e+01   4.966906e-11   0.000000e+00   1.499296e-11   8
  2.040768e+01   7.859827e-11   8.601655e-03   3.744496e-12   570
  2.043444e+01   6.658053e-11   9.231066e-03   3.423957e-12   486
  2.046125e+01   5.381694e-11   0.000000e+00   2.723323e-12   402
  2.048731e+01   3.137262e-11   0.000000e+00   1.075137e-11   8
  2.048809e+01   4.461760e-11   1.066829e-02   3.257967e-12   318
  2.051491e+01   3.166984e-11   0.000000e+00   1.967294e-12   258
  2.054177e+01   2.605390e-11   0.000000e+00   1.894338e-12   198
  2.056829e+01   2.375800e-11   0.000000e+00   4.062341e-12   8
  2.056867e+01   2.143888e-11   0.000000e+00   1.817629e-12   138
  2.059554e+01   1.299736e-11   3.501588e-03   1.606886e-12   102
  2.062245e+01   6.791553e-12   6.377567e-03   7.385922e-13   66
  2.064939e+01   4.994374e-12   0.000000e+00   7.462902e-13   38
  2.067633e+01   3.266143e-12   0.000000e+00   6.568761e-13   18
  2.070329e+01   2.367080e-12   0.000000e+00   3.719734e-13   6
