# power spectrum of omega (curl v)
# redshift z=0.985800
# k              Pk             sigma(k)       sigma(Pk)      count
  4.675239e-02   1.038781e-17   1.531908e-05   8.171748e-19   6
  6.611787e-02   1.064254e-16   0.000000e+00   1.940962e-17   12
  8.634636e-02   6.822959e-16   6.199343e-03   1.603194e-16   14
  1.095305e-01   1.308072e-15   4.988736e-03   1.427870e-16   48
  1.379653e-01   5.368690e-15   3.623812e-03   5.721421e-16   42
  1.514521e-01   1.266605e-14   3.607714e-03   1.078209e-15   48
  1.717248e-01   1.951074e-14   4.325071e-03   1.395593e-15   80
  1.946168e-01   4.477143e-14   3.358060e-03   2.704826e-15   90
  2.121306e-01   7.045673e-14   5.273081e-03   3.926401e-15   120
  2.370115e-01   1.524923e-13   4.431434e-03   8.761578e-15   158
  2.534910e-01   2.346374e-13   2.102998e-03   1.417511e-14   120
  2.733454e-01   3.000395e-13   4.700457e-03   1.819291e-14   186
  2.952819e-01   4.905401e-13   6.427987e-03   2.080785e-14   264
  3.131072e-01   6.995355e-13   3.470272e-03   3.959229e-14   168
  3.358507e-01   1.195731e-12   6.202191e-03   4.795149e-14   386
  3.548829e-01   1.438733e-12   3.752994e-03   5.951246e-14   192
  3.736086e-01   2.004921e-12   6.153256e-03   7.865777e-14   390
  3.946460e-01   2.574954e-12   6.442452e-03   9.212964e-14   396
  4.144099e-01   3.296335e-12   6.391635e-03   1.231349e-13   398
  4.361367e-01   5.304124e-12   6.264880e-03   1.608349e-13   576
  4.575177e-01   6.604089e-12   6.355778e-03   2.367243e-13   444
  4.762194e-01   7.347811e-12   5.739784e-03   2.274407e-13   590
  4.975149e-01   9.844659e-12   6.279670e-03   2.777603e-13   648
  5.182859e-01   1.203943e-11   5.557653e-03   3.538903e-13   654
  5.367402e-01   1.575321e-11   4.609866e-03   4.653393e-13   636
  5.573692e-01   1.715215e-11   6.911363e-03   4.320472e-13   830
  5.767253e-01   2.123762e-11   4.974939e-03   5.532591e-13   792
  5.965172e-01   2.359329e-11   5.116634e-03   5.833872e-13   804
  6.167868e-01   3.052265e-11   6.315099e-03   6.544390e-13   1038
  6.364107e-01   3.654389e-11   4.946499e-03   9.054252e-13   936
  6.576805e-01   4.275198e-11   5.779873e-03   9.697457e-13   1130
  6.769590e-01   4.645384e-11   5.367484e-03   1.038930e-12   1104
  6.981213e-01   5.610914e-11   5.970839e-03   1.160587e-12   1230
  7.174733e-01   6.546984e-11   6.064625e-03   1.236429e-12   1260
  7.371340e-01   7.738109e-11   5.239623e-03   1.640981e-12   1286
  7.593700e-01   8.509703e-11   6.358524e-03   1.474402e-12   1728
  7.804400e-01   9.616035e-11   5.621468e-03   1.967408e-12   1392
  8.004658e-01   1.115030e-10   5.330215e-03   2.009387e-12   1626
  8.209915e-01   1.236657e-10   6.316599e-03   2.117705e-12   1760
  8.416011e-01   1.379580e-10   5.219535e-03   2.324216e-12   1686
  8.610301e-01   1.563969e-10   5.309235e-03   2.627408e-12   1812
  8.808962e-01   1.694886e-10   6.114349e-03   2.790807e-12   1862
  9.011987e-01   1.935848e-10   5.454309e-03   2.925508e-12   2160
  9.216262e-01   2.072738e-10   5.566353e-03   3.613968e-12   1956
  9.421785e-01   2.433999e-10   6.246217e-03   3.524142e-12   2454
  9.622347e-01   2.485647e-10   4.877534e-03   3.938650e-12   2048
  9.823638e-01   2.800345e-10   6.367009e-03   3.910155e-12   2538
  1.002233e+00   3.185360e-10   5.321020e-03   4.643230e-12   2400
  1.022315e+00   3.481321e-10   6.356450e-03   4.768796e-12   2526
  1.042353e+00   3.670907e-10   6.275929e-03   4.945113e-12   2856
  1.063253e+00   3.979438e-10   5.902122e-03   5.260543e-12   2804
  1.083895e+00   4.395934e-10   6.121373e-03   5.845802e-12   2958
  1.103540e+00   4.747430e-10   5.937431e-03   6.435956e-12   2976
  1.124272e+00   5.317812e-10   5.941212e-03   6.706880e-12   3194
  1.143681e+00   5.412574e-10   5.908199e-03   6.979995e-12   3120
  1.164704e+00   6.066558e-10   6.015075e-03   7.154158e-12   3606
  1.184769e+00   6.377985e-10   5.478695e-03   8.175491e-12   3276
  1.204316e+00   6.842888e-10   6.182204e-03   8.159423e-12   3600
  1.224425e+00   7.516719e-10   5.440385e-03   8.890065e-12   3638
  1.243784e+00   8.025568e-10   5.805576e-03   9.814489e-12   3744
  1.264728e+00   8.426041e-10   6.014342e-03   9.179247e-12   4170
  1.284748e+00   8.923461e-10   5.652081e-03   1.011398e-11   3984
  1.305140e+00   9.724711e-10   5.765086e-03   1.072239e-11   4334
  1.325261e+00   1.016463e-09   5.324107e-03   1.081310e-11   4284
  1.345130e+00   1.069954e-09   6.444279e-03   1.117719e-11   4374
  1.365905e+00   1.144789e-09   5.700713e-03   1.158112e-11   5016
  1.386367e+00   1.211314e-09   5.485294e-03   1.238566e-11   4580
  1.406763e+00   1.275874e-09   6.461534e-03   1.255312e-11   5142
  1.427570e+00   1.373518e-09   6.212626e-03   1.380614e-11   5184
  1.447942e+00   1.443437e-09   4.866158e-03   1.459883e-11   5058
  1.467517e+00   1.528692e-09   5.757296e-03   1.484137e-11   5384
  1.488450e+00   1.577662e-09   6.524550e-03   1.550580e-11   5622
  1.508642e+00   1.675074e-09   5.552728e-03   1.555363e-11   5736
  1.528749e+00   1.774582e-09   5.032950e-03   1.726159e-11   5596
  1.548951e+00   1.881205e-09   6.254864e-03   1.722713e-11   6070
  1.568987e+00   2.036224e-09   4.844428e-03   1.869291e-11   6096
  1.589893e+00   2.018044e-09   5.987912e-03   1.822711e-11   6474
  1.609233e+00   2.128458e-09   5.725112e-03   1.963791e-11   6024
  1.629918e+00   2.255019e-09   5.715430e-03   1.957444e-11   7070
  1.650412e+00   2.406501e-09   4.723687e-03   2.106636e-11   6516
  1.670069e+00   2.530580e-09   5.671455e-03   2.240210e-11   6936
  1.690589e+00   2.546646e-09   5.721431e-03   2.182789e-11   7110
  1.710438e+00   2.684991e-09   4.206854e-03   2.265034e-11   7244
  1.731436e+00   2.761553e-09   6.253128e-03   2.232468e-11   7878
  1.751774e+00   2.949679e-09   6.043311e-03   2.442922e-11   7344
  1.771468e+00   3.016930e-09   6.264105e-03   2.432241e-11   7694
  1.791987e+00   3.156943e-09   6.012991e-03   2.445775e-11   8412
  1.812592e+00   3.336902e-09   6.261971e-03   2.614319e-11   7920
  1.832175e+00   3.346203e-09   5.370613e-03   2.710744e-11   8118
  1.852109e+00   3.496978e-09   6.155177e-03   2.745066e-11   8548
  1.872388e+00   3.584435e-09   6.263817e-03   2.767192e-11   8710
  1.892497e+00   3.757904e-09   5.484779e-03   2.838774e-11   8928
  1.913141e+00   3.870805e-09   5.996068e-03   2.916315e-11   9186
  1.932944e+00   4.013692e-09   6.571762e-03   2.997562e-11   9200
  1.953359e+00   4.129372e-09   5.515699e-03   3.073782e-11   9438
  1.973260e+00   4.221163e-09   7.935354e-03   3.151478e-11   9564
  1.993716e+00   4.390839e-09   6.070940e-03   3.174283e-11   10296
  2.014657e+00   4.573552e-09   5.296276e-03   3.323608e-11   10126
  2.034275e+00   4.623874e-09   6.504549e-03   3.353192e-11   10024
  2.055142e+00   4.846330e-09   4.600353e-03   3.314813e-11   11082
  2.075629e+00   4.981874e-09   7.075283e-03   3.433517e-11   10632
  2.095653e+00   5.157984e-09   5.052156e-03   3.569913e-11   10734
  2.115883e+00   5.295116e-09   6.292407e-03   3.546170e-11   11276
  2.136105e+00   5.480006e-09   5.678935e-03   3.665473e-11   11352
  2.156514e+00   5.513098e-09   5.973259e-03   3.684462e-11   11550
  2.176549e+00   5.799810e-09   5.506858e-03   3.833185e-11   11772
  2.196879e+00   5.906001e-09   6.851349e-03   3.865824e-11   12038
  2.216960e+00   6.086918e-09   8.490724e-03   3.969876e-11   12096
  2.237319e+00   6.189398e-09   6.759217e-03   3.932409e-11   12582
  2.257454e+00   6.341565e-09   1.813785e-03   4.067172e-11   12620
  2.278050e+00   6.403065e-09   7.168021e-03   3.957702e-11   13320
  2.298208e+00   6.563200e-09   6.361844e-03   4.177177e-11   12654
  2.317980e+00   6.902212e-09   9.867981e-04   4.279773e-11   13236
  2.338047e+00   6.867167e-09   9.287780e-03   4.220045e-11   13438
  2.358325e+00   7.071703e-09   9.104187e-03   4.285542e-11   14344
  2.379338e+00   7.319561e-09   5.720224e-03   4.337590e-11   14226
  2.399191e+00   7.513199e-09   4.616547e-03   4.484925e-11   14088
  2.419304e+00   7.580457e-09   0.000000e+00   4.513329e-11   14328
  2.439465e+00   7.824081e-09   6.338628e-03   4.574481e-11   14954
  2.459901e+00   7.907767e-09   4.867558e-03   4.581800e-11   15480
  2.480418e+00   8.125929e-09   6.579717e-03   4.717605e-11   14862
  2.499857e+00   8.194468e-09   7.881109e-03   4.761002e-11   15296
  2.520270e+00   8.495631e-09   7.481855e-03   4.832621e-11   15954
  2.540271e+00   8.572226e-09   6.401748e-03   4.833973e-11   15720
  2.560278e+00   8.712633e-09   2.464443e-03   4.810353e-11   16296
  2.580887e+00   8.933096e-09   3.984155e-03   4.881996e-11   17010
  2.600899e+00   9.165388e-09   3.299389e-03   5.142604e-11   16328
  2.621031e+00   9.376782e-09   3.457464e-03   5.070328e-11   17094
  2.641223e+00   9.400022e-09   8.411522e-03   5.089939e-11   17436
  2.661647e+00   9.685095e-09   8.550350e-03   5.107076e-11   17862
  2.682156e+00   9.667954e-09   7.286059e-03   5.178627e-11   18200
  2.702815e+00   9.932065e-09   1.286778e-03   5.174931e-11   18450
  2.723026e+00   1.012470e-08   3.441701e-03   5.348156e-11   18384
  2.743187e+00   1.031417e-08   5.703117e-03   5.435658e-11   18504
  2.763326e+00   1.047629e-08   4.185490e-03   5.341946e-11   19142
  2.783870e+00   1.086086e-08   5.733782e-03   5.400815e-11   19692
  2.804196e+00   1.080818e-08   5.792171e-03   5.554303e-11   19062
  2.824083e+00   1.088309e-08   0.000000e+00   5.428796e-11   20184
  2.844639e+00   1.121607e-08   7.261378e-03   5.600713e-11   19970
  2.864688e+00   1.120673e-08   0.000000e+00   5.577946e-11   20496
  2.885325e+00   1.143502e-08   8.406604e-03   5.520736e-11   21456
  2.905408e+00   1.151759e-08   5.993708e-03   5.810308e-11   19650
  2.925124e+00   1.186644e-08   9.468136e-03   5.732791e-11   22040
  2.945909e+00   1.202784e-08   1.242401e-02   5.858531e-11   21558
  2.965978e+00   1.213589e-08   0.000000e+00   5.827243e-11   21804
  2.986100e+00   1.238147e-08   7.792296e-03   5.842037e-11   21926
  3.006156e+00   1.252152e-08   9.504852e-03   5.929649e-11   22416
  3.026295e+00   1.260992e-08   8.372612e-03   5.994099e-11   22776
  3.047002e+00   1.288797e-08   6.257675e-03   5.908415e-11   23874
  3.067343e+00   1.310404e-08   0.000000e+00   6.234492e-11   23104
  3.087569e+00   1.317643e-08   0.000000e+00   6.079899e-11   23974
  3.107841e+00   1.349460e-08   1.344641e-02   6.181112e-11   23892
  3.127762e+00   1.366593e-08   0.000000e+00   6.299272e-11   23550
  3.147819e+00   1.372956e-08   6.595327e-03   6.164294e-11   25320
  3.168193e+00   1.400813e-08   1.159874e-02   6.374566e-11   24428
  3.188130e+00   1.405925e-08   7.976444e-03   6.266919e-11   25254
  3.208542e+00   1.420192e-08   0.000000e+00   6.206710e-11   26016
  3.228665e+00   1.428378e-08   0.000000e+00   6.349935e-11   25182
  3.248973e+00   1.453876e-08   3.403164e-03   6.367547e-11   27428
  3.269573e+00   1.459943e-08   5.763297e-03   6.459032e-11   25974
  3.289395e+00   1.493112e-08   8.624808e-03   6.473003e-11   26904
  3.309525e+00   1.508676e-08   3.064794e-03   6.674860e-11   26730
  3.329678e+00   1.507126e-08   0.000000e+00   6.471591e-11   27896
  3.350333e+00   1.539568e-08   1.021012e-02   6.439206e-11   28992
  3.371235e+00   1.541211e-08   2.603124e-03   6.417755e-11   28698
  3.391179e+00   1.558485e-08   0.000000e+00   6.619309e-11   27816
  3.411555e+00   1.572861e-08   0.000000e+00   6.451356e-11   29774
  3.431937e+00   1.589923e-08   6.483826e-03   6.632108e-11   29148
  3.451864e+00   1.606295e-08   0.000000e+00   6.771857e-11   28806
  3.471936e+00   1.621022e-08   1.119681e-02   6.581729e-11   30408
  3.492237e+00   1.644172e-08   0.000000e+00   6.799470e-11   30320
  3.512714e+00   1.653038e-08   0.000000e+00   6.712887e-11   30930
  3.533152e+00   1.676591e-08   0.000000e+00   6.635118e-11   31656
  3.553120e+00   1.660148e-08   5.190924e-04   6.798875e-11   30086
  3.573178e+00   1.722643e-08   1.307424e-02   6.758751e-11   32724
  3.593395e+00   1.737136e-08   7.657605e-03   7.086115e-11   30846
  3.613474e+00   1.740994e-08   1.633582e-03   6.766626e-11   33480
  3.633996e+00   1.760394e-08   1.056683e-02   6.967624e-11   32724
  3.654061e+00   1.777656e-08   6.819211e-03   6.940064e-11   32894
  3.674416e+00   1.788598e-08   0.000000e+00   6.802783e-11   34200
  3.694774e+00   1.806802e-08   8.429374e-03   7.063467e-11   33594
  3.714768e+00   1.830561e-08   0.000000e+00   7.041220e-11   34336
  3.735165e+00   1.819815e-08   2.081025e-03   6.930851e-11   34822
  3.755406e+00   1.856620e-08   0.000000e+00   6.981715e-11   35472
  3.775538e+00   1.872353e-08   0.000000e+00   7.148570e-11   34404
  3.795609e+00   1.865850e-08   0.000000e+00   7.023292e-11   36222
  3.815726e+00   1.897848e-08   5.781228e-03   7.167154e-11   35984
  3.836049e+00   1.899240e-08   8.301645e-03   7.086383e-11   36570
  3.856196e+00   1.918749e-08   0.000000e+00   7.037062e-11   37176
  3.876564e+00   1.949378e-08   0.000000e+00   7.218648e-11   37406
  3.896848e+00   1.946150e-08   0.000000e+00   7.077741e-11   38052
  3.916968e+00   1.970742e-08   0.000000e+00   7.223670e-11   37590
  3.937362e+00   1.970101e-08   1.044359e-02   7.026916e-11   39480
  3.957552e+00   1.992800e-08   0.000000e+00   7.249500e-11   38260
  3.977734e+00   2.003428e-08   9.960270e-03   7.265393e-11   39646
  3.998328e+00   2.013215e-08   6.066743e-03   7.150116e-11   40944
  4.018749e+00   2.024521e-08   0.000000e+00   7.285592e-11   39678
  4.038868e+00   2.054234e-08   0.000000e+00   7.212267e-11   40804
  4.059105e+00   2.059070e-08   0.000000e+00   7.271709e-11   40606
  4.079379e+00   2.069072e-08   1.351299e-02   7.172138e-11   42216
  4.099776e+00   2.101769e-08   0.000000e+00   7.334427e-11   41532
  4.119923e+00   2.099023e-08   0.000000e+00   7.286418e-11   41990
  4.139925e+00   2.134705e-08   1.454047e-02   7.356436e-11   42360
  4.160335e+00   2.123893e-08   4.961801e-03   7.238433e-11   43530
  4.180618e+00   2.142935e-08   8.239588e-03   7.348774e-11   43848
  4.200840e+00   2.161538e-08   0.000000e+00   7.472547e-11   42870
  4.221125e+00   2.176494e-08   1.382640e-02   7.249729e-11   46160
  4.241488e+00   2.206089e-08   5.852874e-03   7.559156e-11   43380
  4.261540e+00   2.186822e-08   0.000000e+00   7.262964e-11   45294
  4.281661e+00   2.199037e-08   1.294965e-02   7.351839e-11   45744
  4.302235e+00   2.206822e-08   0.000000e+00   7.334375e-11   46682
  4.322362e+00   2.222245e-08   7.258987e-03   7.433577e-11   45840
  4.342555e+00   2.244508e-08   0.000000e+00   7.423543e-11   47118
  4.362704e+00   2.248982e-08   1.879055e-02   7.473966e-11   47124
  4.382935e+00   2.271597e-08   3.702720e-03   7.422222e-11   47984
  4.403574e+00   2.284283e-08   8.464014e-03   7.337176e-11   49566
  4.423478e+00   2.288295e-08   4.844490e-03   7.654738e-11   46284
  4.443444e+00   2.292460e-08   1.340652e-02   7.392185e-11   49966
  4.463764e+00   2.298515e-08   9.826986e-03   7.448756e-11   49360
  4.483960e+00   2.317723e-08   1.758391e-03   7.477298e-11   49806
  4.504319e+00   2.322376e-08   1.140999e-02   7.326488e-11   51492
  4.524457e+00   2.339588e-08   1.496760e-02   7.525148e-11   49496
  4.544766e+00   2.339236e-08   1.484257e-02   7.258294e-11   53190
  4.565246e+00   2.345662e-08   0.000000e+00   7.487800e-11   51060
  4.585323e+00   2.370637e-08   0.000000e+00   7.490066e-11   52134
  4.605464e+00   2.393614e-08   9.349184e-03   7.513355e-11   53088
  4.625765e+00   2.399728e-08   6.099991e-03   7.516439e-11   52706
  4.646003e+00   2.406437e-08   1.004590e-02   7.353707e-11   54936
  4.666566e+00   2.402182e-08   0.000000e+00   7.438481e-11   53886
  4.686679e+00   2.420092e-08   0.000000e+00   7.469328e-11   54436
  4.706786e+00   2.440027e-08   0.000000e+00   7.431219e-11   55096
  4.727298e+00   2.430393e-08   0.000000e+00   7.373601e-11   56358
  4.747397e+00   2.428773e-08   0.000000e+00   7.390832e-11   55632
  4.767659e+00   2.439494e-08   1.946873e-02   7.292729e-11   56530
  4.787868e+00   2.466454e-08   0.000000e+00   7.347758e-11   57232
  4.808006e+00   2.481602e-08   0.000000e+00   7.480369e-11   56766
  4.828655e+00   2.465033e-08   0.000000e+00   7.150621e-11   60804
  4.848752e+00   2.495875e-08   0.000000e+00   7.668147e-11   55536
  4.868921e+00   2.487543e-08   2.444359e-02   7.247157e-11   61166
  4.889171e+00   2.506177e-08   0.000000e+00   7.493940e-11   57396
  4.909197e+00   2.525917e-08   1.165305e-02   7.345054e-11   60870
  4.929529e+00   2.515430e-08   0.000000e+00   7.376236e-11   60224
  4.949759e+00   2.526665e-08   1.709222e-02   7.321725e-11   61002
  4.970054e+00   2.526798e-08   1.591055e-02   7.308101e-11   62016
  4.990242e+00   2.528709e-08   0.000000e+00   7.411598e-11   60768
  5.010270e+00   2.540758e-08   2.272795e-02   7.329160e-11   62870
  5.030742e+00   2.574471e-08   8.557903e-03   7.311855e-11   63804
  5.051099e+00   2.543901e-08   1.062806e-02   7.303889e-11   63054
  5.070991e+00   2.565769e-08   8.848428e-03   7.418011e-11   63024
  5.091311e+00   2.577830e-08   0.000000e+00   7.257162e-11   65018
  5.111402e+00   2.576453e-08   1.498070e-02   7.319632e-11   64608
  5.131703e+00   2.587400e-08   0.000000e+00   7.269057e-11   65688
  5.151944e+00   2.598150e-08   2.204647e-02   7.325072e-11   65994
  5.172120e+00   2.623789e-08   0.000000e+00   7.275458e-11   66648
  5.192517e+00   2.594999e-08   1.489302e-02   7.230129e-11   67310
  5.212619e+00   2.614447e-08   0.000000e+00   7.281565e-11   67224
  5.232865e+00   2.621307e-08   4.358921e-03   7.269039e-11   68034
  5.253185e+00   2.624790e-08   0.000000e+00   7.106138e-11   69744
  5.273505e+00   2.631426e-08   1.155452e-02   7.193247e-11   68654
  5.294031e+00   2.635797e-08   1.505346e-02   7.069746e-11   72132
  5.314334e+00   2.639670e-08   9.685837e-03   7.279383e-11   68520
  5.334353e+00   2.641042e-08   1.480465e-02   7.180064e-11   71070
  5.354770e+00   2.658356e-08   0.000000e+00   7.187487e-11   71948
  5.374980e+00   2.649241e-08   2.228583e-02   7.094066e-11   71598
  5.395365e+00   2.650210e-08   0.000000e+00   7.062496e-11   73536
  5.415580e+00   2.693161e-08   2.692085e-02   7.253623e-11   71802
  5.435587e+00   2.690427e-08   0.000000e+00   7.191841e-11   73280
  5.455830e+00   2.690443e-08   0.000000e+00   7.143831e-11   73992
  5.476258e+00   2.671444e-08   1.294521e-02   7.003991e-11   75966
  5.496487e+00   2.692270e-08   0.000000e+00   7.106030e-11   74364
  5.516737e+00   2.683961e-08   1.520108e-02   6.984518e-11   76094
  5.536931e+00   2.695324e-08   0.000000e+00   7.045915e-11   76224
  5.557189e+00   2.709844e-08   9.189615e-03   7.107381e-11   76242
  5.577232e+00   2.706510e-08   0.000000e+00   7.077105e-11   76944
  5.597475e+00   2.717795e-08   0.000000e+00   7.021713e-11   78680
  5.618029e+00   2.706162e-08   1.738324e-02   6.924994e-11   79962
  5.638191e+00   2.728135e-08   8.591886e-03   7.130398e-11   77760
  5.658331e+00   2.704103e-08   2.087620e-02   6.939336e-11   79590
  5.678585e+00   2.718533e-08   0.000000e+00   7.019260e-11   80732
  5.698894e+00   2.719695e-08   2.580994e-02   6.878367e-11   81174
  5.719149e+00   2.720617e-08   8.630329e-03   6.936122e-11   80832
  5.738996e+00   2.717693e-08   2.641616e-02   6.953342e-11   79992
  5.759360e+00   2.722787e-08   0.000000e+00   6.804010e-11   84314
  5.779794e+00   2.739031e-08   0.000000e+00   6.902795e-11   83592
  5.800111e+00   2.736672e-08   1.983335e-02   6.898409e-11   83838
  5.820313e+00   2.753089e-08   0.000000e+00   6.954482e-11   83676
  5.840436e+00   2.731933e-08   1.305471e-02   6.797016e-11   84950
  5.860618e+00   2.729162e-08   0.000000e+00   6.864020e-11   84912
  5.880920e+00   2.755751e-08   2.376914e-02   6.825254e-11   87162
  5.901269e+00   2.726200e-08   0.000000e+00   6.733691e-11   86440
  5.921401e+00   2.748374e-08   0.000000e+00   6.747932e-11   86560
  5.941710e+00   2.746227e-08   3.101289e-03   6.689207e-11   88698
  5.961921e+00   2.751621e-08   2.960542e-02   6.678602e-11   88920
  5.982405e+00   2.742043e-08   0.000000e+00   6.716879e-11   88814
  6.002490e+00   2.746633e-08   8.580183e-03   6.701594e-11   90336
  6.022960e+00   2.761523e-08   0.000000e+00   6.706323e-11   90282
  6.043171e+00   2.745629e-08   0.000000e+00   6.618397e-11   90840
  6.063221e+00   2.759908e-08   2.161237e-02   6.659150e-11   91128
  6.083666e+00   2.756396e-08   0.000000e+00   6.654460e-11   92690
  6.103786e+00   2.748076e-08   0.000000e+00   6.623073e-11   92160
  6.124085e+00   2.758607e-08   0.000000e+00   6.604561e-11   93534
  6.144230e+00   2.743755e-08   0.000000e+00   6.572236e-11   93484
  6.164471e+00   2.771510e-08   4.029874e-03   6.608858e-11   95206
  6.184881e+00   2.756362e-08   9.621604e-03   6.492868e-11   96048
  6.204962e+00   2.764480e-08   8.695284e-03   6.599049e-11   93600
  6.225166e+00   2.742596e-08   0.000000e+00   6.431623e-11   97410
  6.245404e+00   2.764275e-08   2.679799e-02   6.483064e-11   97856
  6.265841e+00   2.748177e-08   0.000000e+00   6.482345e-11   97278
  6.286002e+00   2.753310e-08   1.679762e-02   6.413263e-11   98916
  6.306174e+00   2.757171e-08   0.000000e+00   6.502834e-11   96894
  6.326242e+00   2.754168e-08   0.000000e+00   6.394842e-11   100976
  6.346691e+00   2.754935e-08   2.262637e-03   6.357144e-11   100164
  6.366818e+00   2.759360e-08   0.000000e+00   6.433598e-11   100014
  6.386825e+00   2.739522e-08   1.955607e-02   6.333455e-11   101040
  6.407162e+00   2.744898e-08   0.000000e+00   6.254402e-11   102338
  6.427307e+00   2.738482e-08   1.157088e-02   6.255553e-11   102912
  6.447745e+00   2.755237e-08   0.000000e+00   6.247676e-11   104238
  6.467834e+00   2.746042e-08   1.890226e-02   6.311891e-11   103104
  6.488105e+00   2.754594e-08   1.694785e-02   6.204088e-11   105404
  6.508428e+00   2.755466e-08   0.000000e+00   6.220205e-11   105198
  6.528641e+00   2.749919e-08   0.000000e+00   6.211905e-11   106632
  6.548964e+00   2.739321e-08   2.564060e-02   6.169994e-11   106706
  6.569170e+00   2.735808e-08   0.000000e+00   6.180821e-11   106992
  6.589610e+00   2.738959e-08   0.000000e+00   6.061788e-11   110118
  6.609854e+00   2.739994e-08   3.068501e-02   6.160118e-11   108084
  6.629982e+00   2.725106e-08   1.173389e-02   6.085928e-11   108222
  6.650333e+00   2.733709e-08   0.000000e+00   6.064846e-11   112160
  6.670491e+00   2.736274e-08   1.861815e-02   6.118940e-11   108492
  6.690744e+00   2.713307e-08   2.227581e-02   5.963080e-11   113262
  6.711074e+00   2.731732e-08   0.000000e+00   6.052782e-11   111360
  6.731429e+00   2.706620e-08   0.000000e+00   5.937696e-11   114182
  6.751627e+00   2.709471e-08   3.236876e-02   5.946998e-11   112884
  6.771895e+00   2.739255e-08   7.152113e-03   5.995826e-11   113934
  6.792017e+00   2.707619e-08   0.000000e+00   5.935731e-11   114504
  6.812468e+00   2.725172e-08   0.000000e+00   5.851528e-11   117500
  6.832644e+00   2.701317e-08   2.338137e-02   5.907620e-11   114102
  6.852837e+00   2.720112e-08   8.535434e-03   5.850747e-11   118584
  6.873150e+00   2.696094e-08   0.000000e+00   5.904141e-11   115546
  6.893137e+00   2.701581e-08   2.044768e-02   5.799905e-11   118984
  6.913625e+00   2.693094e-08   5.615393e-03   5.789132e-11   119526
  6.933785e+00   2.680339e-08   4.320527e-03   5.793124e-11   119436
  6.953932e+00   2.699474e-08   0.000000e+00   5.792794e-11   118632
  6.974109e+00   2.699221e-08   2.372078e-02   5.794795e-11   122510
  6.994465e+00   2.672504e-08   0.000000e+00   5.671720e-11   121680
  7.014752e+00   2.670471e-08   0.000000e+00   5.721651e-11   121434
  7.034818e+00   2.673350e-08   0.000000e+00   5.630391e-11   123928
  7.055148e+00   2.680918e-08   0.000000e+00   5.711693e-11   123910
  7.075428e+00   2.661383e-08   0.000000e+00   5.584156e-11   124452
  7.095650e+00   2.673479e-08   0.000000e+00   5.627653e-11   125376
  7.115875e+00   2.648702e-08   2.012282e-02   5.541140e-11   126638
  7.136111e+00   2.650240e-08   7.746579e-03   5.614953e-11   125844
  7.156364e+00   2.640041e-08   0.000000e+00   5.495370e-11   128142
  7.176640e+00   2.642585e-08   4.982446e-03   5.543574e-11   128136
  7.196778e+00   2.641516e-08   9.011811e-03   5.520510e-11   127642
  7.217074e+00   2.629311e-08   0.000000e+00   5.421739e-11   131968
  7.237598e+00   2.631473e-08   0.000000e+00   5.452071e-11   130326
  7.257721e+00   2.627187e-08   2.142749e-02   5.454723e-11   131688
  7.277957e+00   2.639058e-08   9.189824e-03   5.434300e-11   130212
  7.298112e+00   2.637289e-08   0.000000e+00   5.440663e-11   132686
  7.318516e+00   2.626435e-08   0.000000e+00   5.390337e-11   135960
  7.338831e+00   2.626553e-08   1.515801e-02   5.426454e-11   131562
  7.358719e+00   2.597064e-08   1.173360e-02   5.351203e-11   134016
  7.379094e+00   2.609447e-08   0.000000e+00   5.302026e-11   136478
  7.399347e+00   2.588910e-08   2.772327e-02   5.300740e-11   136812
  7.419681e+00   2.595849e-08   1.770756e-02   5.248967e-11   137856
  7.439937e+00   2.593896e-08   0.000000e+00   5.324910e-11   135862
  7.460080e+00   2.595382e-08   0.000000e+00   5.216583e-11   140056
  7.480476e+00   2.573932e-08   2.390699e-02   5.157388e-11   139602
  7.500678e+00   2.564339e-08   0.000000e+00   5.168399e-11   139080
  7.520868e+00   2.582149e-08   0.000000e+00   5.171600e-11   140678
  7.541139e+00   2.557488e-08   1.281793e-02   5.114289e-11   142884
  7.561331e+00   2.571454e-08   9.408199e-03   5.173015e-11   139992
  7.581566e+00   2.546523e-08   0.000000e+00   5.054450e-11   144966
  7.601914e+00   2.548129e-08   0.000000e+00   5.079872e-11   143364
  7.622073e+00   2.540492e-08   1.856495e-02   5.047140e-11   144518
  7.642264e+00   2.534730e-08   1.919441e-02   5.048928e-11   145200
  7.662420e+00   2.524597e-08   0.000000e+00   5.084323e-11   143466
  7.682525e+00   2.530904e-08   0.000000e+00   4.961811e-11   148824
  7.702777e+00   2.530970e-08   1.492793e-02   5.040621e-11   145544
  7.722877e+00   2.508762e-08   0.000000e+00   4.958153e-11   148590
  7.743228e+00   2.510128e-08   0.000000e+00   4.902360e-11   150540
  7.763554e+00   2.493399e-08   2.651460e-02   4.906321e-11   150134
  7.783790e+00   2.506185e-08   0.000000e+00   4.916020e-11   151296
  7.804217e+00   2.490582e-08   0.000000e+00   4.851862e-11   152058
  7.824257e+00   2.496740e-08   1.644306e-02   4.877796e-11   150864
  7.844502e+00   2.476543e-08   1.523604e-02   4.797949e-11   154310
  7.864954e+00   2.472266e-08   0.000000e+00   4.788919e-11   155172
  7.885186e+00   2.472457e-08   0.000000e+00   4.784582e-11   154128
  7.905615e+00   2.458736e-08   1.276449e-02   4.704148e-11   158310
  7.925765e+00   2.451310e-08   1.881935e-02   4.746905e-11   153436
  7.945930e+00   2.459898e-08   0.000000e+00   4.718267e-11   157726
  7.966378e+00   2.442760e-08   0.000000e+00   4.694445e-11   160368
  7.986531e+00   2.441559e-08   8.878571e-03   4.713132e-11   155718
  8.006647e+00   2.440873e-08   0.000000e+00   4.687893e-11   160028
  8.026899e+00   2.431250e-08   0.000000e+00   4.589084e-11   160920
  8.047188e+00   2.420954e-08   1.325836e-02   4.619419e-11   161070
  8.067469e+00   2.409990e-08   3.024204e-02   4.555041e-11   163428
  8.087636e+00   2.415637e-08   0.000000e+00   4.654106e-11   159574
  8.107944e+00   2.413726e-08   0.000000e+00   4.517802e-11   167392
  8.128263e+00   2.412141e-08   2.426135e-02   4.586141e-11   162258
  8.148440e+00   2.393990e-08   1.229122e-02   4.501025e-11   167472
  8.168759e+00   2.389588e-08   0.000000e+00   4.520955e-11   163664
  8.188838e+00   2.379620e-08   0.000000e+00   4.499751e-11   166986
  8.209137e+00   2.392388e-08   1.753522e-02   4.444769e-11   169968
  8.229594e+00   2.365912e-08   0.000000e+00   4.416218e-11   167646
  8.249575e+00   2.362052e-08   0.000000e+00   4.445166e-11   168080
  8.269840e+00   2.368231e-08   1.565454e-02   4.410178e-11   170826
  8.290116e+00   2.353812e-08   0.000000e+00   4.376046e-11   170928
  8.310206e+00   2.351583e-08   1.732659e-02   4.373673e-11   170640
  8.330552e+00   2.344645e-08   0.000000e+00   4.343677e-11   173954
  8.350721e+00   2.341289e-08   2.603968e-02   4.340829e-11   173232
  8.371035e+00   2.334248e-08   0.000000e+00   4.329182e-11   174150
  8.391291e+00   2.324621e-08   3.598191e-03   4.278789e-11   176364
  8.411514e+00   2.317054e-08   1.701618e-02   4.259129e-11   175302
  8.431753e+00   2.321681e-08   7.063653e-03   4.260795e-11   177392
  8.451927e+00   2.310805e-08   1.802970e-02   4.249341e-11   176352
  8.472258e+00   2.302786e-08   0.000000e+00   4.192269e-11   180330
  8.492585e+00   2.297930e-08   8.853236e-03   4.184772e-11   180712
  8.512823e+00   2.279184e-08   1.533320e-02   4.174585e-11   179350
  8.533123e+00   2.286242e-08   1.350869e-02   4.148758e-11   183396
  8.553474e+00   2.278590e-08   0.000000e+00   4.155778e-11   180390
  8.573470e+00   2.268425e-08   0.000000e+00   4.136530e-11   181944
  8.593809e+00   2.271242e-08   0.000000e+00   4.104012e-11   185450
  8.614195e+00   2.260626e-08   7.388876e-03   4.081312e-11   186192
  8.634349e+00   2.250543e-08   1.970573e-02   4.100927e-11   183432
  8.654529e+00   2.247812e-08   0.000000e+00   4.072246e-11   185362
  8.674668e+00   2.243682e-08   5.520960e-03   4.032058e-11   188464
  8.695071e+00   2.248429e-08   0.000000e+00   4.050199e-11   188046
  8.715340e+00   2.220888e-08   1.367110e-02   3.944144e-11   191304
  8.735543e+00   2.228516e-08   2.409531e-02   4.016546e-11   186690
  8.755840e+00   2.224027e-08   0.000000e+00   3.939945e-11   194072
  8.776007e+00   2.213992e-08   2.059671e-02   3.971959e-11   188688
  8.796171e+00   2.195904e-08   0.000000e+00   3.915396e-11   192786
  8.816360e+00   2.207089e-08   8.905584e-03   3.946393e-11   193352
  8.836765e+00   2.194482e-08   0.000000e+00   3.876184e-11   195702
  8.856953e+00   2.187639e-08   2.756927e-02   3.864354e-11   195132
  8.877224e+00   2.192324e-08   0.000000e+00   3.882418e-11   195726
  8.897425e+00   2.175706e-08   0.000000e+00   3.836378e-11   197416
  8.917635e+00   2.178513e-08   7.089181e-03   3.826096e-11   196564
  8.937911e+00   2.166264e-08   1.946165e-02   3.813213e-11   201198
  8.958149e+00   2.160827e-08   4.626723e-03   3.814120e-11   197136
  8.978232e+00   2.155766e-08   0.000000e+00   3.787491e-11   199358
  8.998408e+00   2.142537e-08   2.695459e-02   3.721746e-11   203532
  9.018806e+00   2.155322e-08   0.000000e+00   3.760468e-11   201438
  9.039004e+00   2.133808e-08   0.000000e+00   3.713087e-11   203664
  9.059198e+00   2.135767e-08   2.725662e-02   3.693871e-11   203972
  9.079433e+00   2.119036e-08   2.170803e-02   3.686887e-11   205974
  9.099754e+00   2.128598e-08   0.000000e+00   3.669984e-11   205752
  9.120102e+00   2.114233e-08   0.000000e+00   3.665492e-11   207810
  9.140113e+00   2.105038e-08   3.508296e-02   3.654562e-11   206384
  9.160530e+00   2.110824e-08   0.000000e+00   3.616534e-11   210966
  9.180838e+00   2.091332e-08   0.000000e+00   3.594864e-11   210516
  9.201116e+00   2.090087e-08   0.000000e+00   3.577869e-11   209766
  9.221261e+00   2.076545e-08   3.957270e-02   3.580590e-11   212376
  9.241566e+00   2.085999e-08   0.000000e+00   3.563327e-11   212960
  9.261979e+00   2.062752e-08   0.000000e+00   3.529017e-11   214626
  9.282118e+00   2.076907e-08   2.889101e-02   3.564046e-11   213696
  9.302352e+00   2.060617e-08   2.881646e-02   3.501106e-11   215734
  9.322542e+00   2.055512e-08   0.000000e+00   3.541425e-11   213220
  9.342743e+00   2.061407e-08   0.000000e+00   3.477970e-11   219102
  9.363058e+00   2.032932e-08   3.317910e-02   3.441552e-11   220872
  9.383270e+00   2.036620e-08   4.893899e-02   3.468530e-11   216556
  9.403501e+00   2.032766e-08   3.784254e-02   3.426341e-11   221494
  9.423684e+00   2.035889e-08   4.144329e-02   3.454096e-11   219096
  9.443993e+00   2.019297e-08   3.023393e-02   3.365941e-11   224262
  9.464372e+00   2.004650e-08   0.000000e+00   3.371550e-11   222508
  9.484615e+00   2.011174e-08   0.000000e+00   3.392279e-11   222502
  9.504703e+00   1.996522e-08   3.918950e-02   3.327322e-11   227280
  9.525038e+00   2.004044e-08   1.952345e-02   3.351660e-11   223644
  9.545252e+00   1.988593e-08   0.000000e+00   3.335366e-11   226222
  9.565492e+00   1.984821e-08   0.000000e+00   3.277943e-11   229840
  9.585791e+00   1.981703e-08   2.536747e-02   3.310515e-11   228042
  9.605886e+00   1.979586e-08   0.000000e+00   3.316588e-11   227472
  9.626109e+00   1.964935e-08   0.000000e+00   3.247906e-11   230990
  9.646387e+00   1.957677e-08   6.312761e-03   3.256170e-11   233532
  9.666621e+00   1.960219e-08   2.886356e-02   3.258209e-11   231288
  9.686950e+00   1.950292e-08   0.000000e+00   3.233231e-11   233718
  9.707048e+00   1.949190e-08   0.000000e+00   3.212771e-11   232704
  9.727333e+00   1.937246e-08   3.007551e-02   3.161117e-11   239282
  9.747652e+00   1.941232e-08   3.703995e-02   3.207207e-11   234912
  9.767996e+00   1.929495e-08   0.000000e+00   3.151845e-11   238278
  9.788069e+00   1.919011e-08   3.618497e-02   3.150743e-11   237460
  9.808159e+00   1.929552e-08   2.629490e-02   3.170647e-11   236662
  9.828636e+00   1.910088e-08   0.000000e+00   3.080501e-11   246336
  9.849102e+00   1.915547e-08   0.000000e+00   3.110624e-11   241092
  9.869226e+00   1.896569e-08   3.421133e-02   3.097653e-11   242414
  9.889507e+00   1.908027e-08   1.347315e-02   3.096819e-11   243552
  9.909811e+00   1.893997e-08   0.000000e+00   3.082136e-11   243474
  9.929874e+00   1.882873e-08   2.299972e-02   3.046513e-11   245112
  9.950185e+00   1.884851e-08   2.552831e-02   3.027616e-11   246894
  9.970399e+00   1.862268e-08   1.848070e-02   3.006587e-11   247448
  9.990729e+00   1.875873e-08   0.000000e+00   3.037021e-11   247404
  1.001083e+01   1.861749e-08   3.867138e-02   2.994848e-11   249990
  1.003099e+01   1.862665e-08   3.653158e-02   3.009729e-11   249512
  1.005146e+01   1.852016e-08   0.000000e+00   2.953898e-11   253890
  1.007168e+01   1.842894e-08   0.000000e+00   2.977535e-11   250728
  1.009176e+01   1.859120e-08   4.717203e-02   2.962713e-11   253950
  1.011209e+01   1.841683e-08   0.000000e+00   2.951996e-11   254140
  1.013236e+01   1.834885e-08   0.000000e+00   2.916937e-11   255880
  1.015265e+01   1.825416e-08   2.988667e-02   2.901276e-11   258942
  1.017273e+01   1.834860e-08   4.466073e-02   2.915307e-11   253836
  1.019308e+01   1.815734e-08   0.000000e+00   2.875309e-11   260534
  1.021339e+01   1.815312e-08   0.000000e+00   2.882953e-11   259992
  1.023345e+01   1.812028e-08   4.578042e-02   2.870990e-11   258894
  1.025374e+01   1.802134e-08   3.591173e-02   2.831606e-11   263364
  1.027404e+01   1.811647e-08   0.000000e+00   2.851381e-11   259536
  1.029404e+01   1.795594e-08   2.054292e-02   2.838271e-11   263438
  1.031427e+01   1.801120e-08   4.120156e-02   2.820652e-11   265740
  1.033461e+01   1.784855e-08   0.000000e+00   2.806550e-11   264894
  1.035491e+01   1.778169e-08   0.000000e+00   2.762642e-11   269184
  1.037510e+01   1.784796e-08   3.971105e-02   2.803486e-11   266138
  1.039529e+01   1.771928e-08   2.800826e-02   2.747245e-11   270528
  1.041568e+01   1.775470e-08   0.000000e+00   2.770643e-11   268182
  1.043580e+01   1.765224e-08   0.000000e+00   2.754769e-11   270960
  1.045597e+01   1.772278e-08   4.805949e-02   2.732726e-11   274580
  1.047660e+01   1.758513e-08   0.000000e+00   2.704346e-11   276078
  1.049687e+01   1.762341e-08   0.000000e+00   2.730144e-11   273600
  1.051701e+01   1.751783e-08   3.964438e-02   2.702412e-11   274698
  1.053721e+01   1.748926e-08   4.260938e-02   2.694211e-11   276920
  1.055758e+01   1.753915e-08   0.000000e+00   2.685939e-11   276774
  1.057783e+01   1.732627e-08   0.000000e+00   2.659583e-11   279972
  1.059787e+01   1.731698e-08   3.432037e-02   2.668734e-11   276144
  1.061817e+01   1.726234e-08   1.694747e-02   2.644915e-11   282590
  1.063851e+01   1.731564e-08   0.000000e+00   2.654183e-11   282300
  1.065876e+01   1.725302e-08   0.000000e+00   2.625620e-11   283926
  1.067881e+01   1.725078e-08   4.624911e-02   2.652188e-11   279792
  1.069920e+01   1.723170e-08   0.000000e+00   2.609196e-11   287870
  1.071957e+01   1.715505e-08   0.000000e+00   2.605702e-11   286428
  1.073959e+01   1.710709e-08   4.478225e-02   2.593215e-11   284808
  1.075985e+01   1.703512e-08   1.455370e-02   2.573957e-11   289158
  1.078023e+01   1.713975e-08   0.000000e+00   2.571794e-11   290204
  1.080045e+01   1.694741e-08   0.000000e+00   2.545791e-11   290382
  1.082061e+01   1.688471e-08   3.042730e-02   2.551306e-11   291912
  1.084097e+01   1.696621e-08   0.000000e+00   2.552794e-11   290754
  1.086111e+01   1.688977e-08   1.716455e-02   2.539700e-11   296096
  1.088147e+01   1.686299e-08   2.601803e-02   2.519311e-11   294552
  1.090159e+01   1.678244e-08   4.586988e-02   2.523545e-11   293466
  1.092180e+01   1.681681e-08   0.000000e+00   2.497768e-11   296904
  1.094212e+01   1.671592e-08   0.000000e+00   2.489520e-11   298358
  1.096213e+01   1.670032e-08   4.444830e-02   2.502996e-11   297840
  1.098250e+01   1.670305e-08   1.685160e-02   2.463872e-11   301338
  1.100284e+01   1.660226e-08   0.000000e+00   2.476687e-11   300336
  1.102287e+01   1.671778e-08   4.805856e-02   2.476323e-11   303584
  1.104323e+01   1.651888e-08   4.011913e-02   2.450088e-11   304098
  1.106362e+01   1.654463e-08   0.000000e+00   2.442957e-11   304488
  1.108375e+01   1.651094e-08   4.417987e-02   2.434806e-11   306678
  1.110406e+01   1.657893e-08   0.000000e+00   2.438198e-11   305732
  1.112430e+01   1.647303e-08   1.458453e-02   2.417689e-11   309894
  1.114461e+01   1.641390e-08   2.274092e-02   2.393257e-11   310200
  1.116485e+01   1.653173e-08   0.000000e+00   2.418444e-11   307074
  1.118499e+01   1.633047e-08   4.565116e-02   2.384590e-11   315656
  1.120541e+01   1.641501e-08   0.000000e+00   2.392831e-11   310704
  1.122575e+01   1.637564e-08   0.000000e+00   2.391133e-11   314310
  1.124565e+01   1.635416e-08   5.355544e-02   2.380930e-11   312412
  1.126607e+01   1.632904e-08   0.000000e+00   2.359861e-11   318310
  1.128641e+01   1.624942e-08   0.000000e+00   2.359678e-11   315648
  1.130649e+01   1.630914e-08   4.221861e-02   2.343019e-11   320610
  1.132671e+01   1.620185e-08   0.000000e+00   2.373268e-11   313944
  1.134697e+01   1.622091e-08   0.000000e+00   2.315441e-11   325880
  1.136726e+01   1.615361e-08   4.220369e-02   2.336616e-11   319146
  1.138752e+01   1.618566e-08   0.000000e+00   2.321944e-11   322896
  1.140760e+01   1.614691e-08   4.679723e-02   2.322369e-11   322206
  1.142792e+01   1.615306e-08   0.000000e+00   2.290369e-11   327416
  1.144835e+01   1.613489e-08   0.000000e+00   2.305485e-11   325602
  1.146834e+01   1.607042e-08   5.760975e-02   2.303900e-11   328248
  1.148865e+01   1.612366e-08   0.000000e+00   2.301977e-11   326088
  1.150907e+01   1.603178e-08   0.000000e+00   2.290990e-11   331658
  1.152907e+01   1.600612e-08   5.183092e-02   2.256160e-11   331584
  1.154943e+01   1.600130e-08   2.479045e-02   2.288235e-11   330630
  1.156976e+01   1.598656e-08   0.000000e+00   2.265481e-11   333204
  1.158972e+01   1.599358e-08   5.873467e-02   2.270989e-11   333470
  1.161019e+01   1.597483e-08   0.000000e+00   2.273581e-11   335688
  1.163031e+01   1.604710e-08   1.969541e-02   2.256135e-11   336828
  1.165052e+01   1.588301e-08   2.634258e-02   2.250329e-11   337662
  1.167092e+01   1.596238e-08   0.000000e+00   2.231743e-11   338960
  1.169084e+01   1.588637e-08   5.359188e-02   2.246536e-11   338262
  1.171119e+01   1.587066e-08   4.464188e-02   2.218565e-11   344388
  1.173172e+01   1.590524e-08   0.000000e+00   2.221163e-11   342486
  1.175158e+01   1.590229e-08   6.838054e-02   2.230979e-11   343592
  1.177209e+01   1.588741e-08   8.480720e-03   2.198764e-11   347130
  1.179251e+01   1.581123e-08   0.000000e+00   2.206659e-11   346152
  1.181244e+01   1.580688e-08   6.442607e-02   2.201482e-11   345856
  1.183291e+01   1.581160e-08   0.000000e+00   2.201658e-11   349354
  1.185320e+01   1.578925e-08   0.000000e+00   2.175343e-11   352032
  1.187332e+01   1.581718e-08   5.406280e-02   2.207462e-11   348582
  1.189375e+01   1.585527e-08   0.000000e+00   2.197019e-11   352244
  1.191364e+01   1.582472e-08   6.604576e-02   2.182077e-11   351582
  1.193405e+01   1.575475e-08   1.345523e-02   2.187486e-11   357144
  1.195452e+01   1.581072e-08   0.000000e+00   2.171841e-11   355560
  1.197446e+01   1.576220e-08   6.202411e-02   2.182831e-11   354551
  1.199485e+01   1.584863e-08   9.986288e-03   2.161333e-11   358044
  1.201531e+01   1.592298e-08   0.000000e+00   2.183995e-11   355272
  1.203516e+01   1.601663e-08   6.793897e-02   2.186273e-11   352044
  1.205550e+01   1.610324e-08   0.000000e+00   2.199277e-11   352344
  1.207583e+01   1.605808e-08   0.000000e+00   2.169509e-11   356516
  1.209593e+01   1.616026e-08   4.750359e-02   2.184613e-11   352848
  1.211652e+01   1.618236e-08   0.000000e+00   2.176297e-11   352980
  1.213648e+01   1.626263e-08   4.048877e-02   2.203750e-11   348948
  1.215669e+01   1.626802e-08   3.584649e-02   2.186179e-11   351692
  1.217729e+01   1.637116e-08   0.000000e+00   2.204164e-11   353064
  1.219717e+01   1.632222e-08   6.020663e-02   2.209511e-11   345624
  1.221740e+01   1.640171e-08   0.000000e+00   2.226754e-11   347844
  1.223786e+01   1.639155e-08   0.000000e+00   2.210655e-11   351020
  1.225784e+01   1.652261e-08   5.645117e-02   2.247009e-11   345852
  1.227818e+01   1.647493e-08   9.667826e-03   2.232634e-11   347040
  1.229855e+01   1.651990e-08   0.000000e+00   2.238313e-11   345928
  1.231852e+01   1.658724e-08   5.722492e-02   2.245933e-11   347020
  1.233898e+01   1.646475e-08   0.000000e+00   2.249687e-11   343032
  1.235915e+01   1.656299e-08   0.000000e+00   2.266382e-11   343620
  1.237922e+01   1.657871e-08   5.861528e-02   2.264788e-11   343988
  1.239983e+01   1.659686e-08   0.000000e+00   2.258907e-11   344556
  1.241988e+01   1.662811e-08   4.254795e-02   2.265778e-11   343632
  1.244027e+01   1.659003e-08   0.000000e+00   2.276939e-11   340392
  1.246062e+01   1.662172e-08   0.000000e+00   2.290991e-11   339408
  1.248051e+01   1.661131e-08   7.238037e-02   2.276377e-11   341864
  1.250106e+01   1.658983e-08   0.000000e+00   2.291918e-11   341964
  1.252140e+01   1.659148e-08   0.000000e+00   2.311488e-11   334380
  1.254111e+01   1.661190e-08   6.751717e-02   2.313454e-11   336504
  1.256164e+01   1.658972e-08   1.642575e-02   2.305253e-11   339560
  1.258197e+01   1.654403e-08   0.000000e+00   2.312675e-11   336384
  1.260204e+01   1.656528e-08   7.178541e-02   2.312749e-11   337404
  1.262252e+01   1.655720e-08   0.000000e+00   2.328947e-11   330156
  1.264247e+01   1.659692e-08   5.660079e-02   2.313751e-11   337808
  1.266291e+01   1.654501e-08   0.000000e+00   2.340580e-11   332748
  1.268331e+01   1.656743e-08   0.000000e+00   2.334511e-11   333612
  1.270325e+01   1.641036e-08   5.751906e-02   2.331099e-11   331860
  1.272358e+01   1.652181e-08   2.714746e-02   2.351907e-11   328376
  1.274388e+01   1.646109e-08   0.000000e+00   2.331454e-11   331140
  1.276394e+01   1.642684e-08   6.890719e-02   2.345352e-11   332988
  1.278429e+01   1.643585e-08   2.752273e-02   2.362535e-11   325224
  1.280470e+01   1.639286e-08   0.000000e+00   2.338474e-11   331544
  1.282473e+01   1.642547e-08   6.477220e-02   2.369507e-11   327264
  1.284507e+01   1.636730e-08   0.000000e+00   2.381974e-11   322308
  1.286522e+01   1.636227e-08   2.363676e-02   2.353168e-11   328136
  1.288528e+01   1.624284e-08   4.896026e-02   2.357418e-11   323172
  1.290581e+01   1.625668e-08   0.000000e+00   2.352935e-11   325248
  1.292583e+01   1.624717e-08   6.067901e-02   2.359295e-11   324096
  1.294612e+01   1.617127e-08   0.000000e+00   2.351812e-11   321540
  1.296661e+01   1.611491e-08   0.000000e+00   2.362743e-11   323744
  1.298643e+01   1.611951e-08   6.756275e-02   2.375973e-11   317400
  1.300679e+01   1.605347e-08   1.789381e-02   2.362050e-11   322560
  1.302731e+01   1.610010e-08   0.000000e+00   2.370265e-11   320076
  1.304720e+01   1.606619e-08   7.020668e-02   2.374990e-11   317204
  1.306784e+01   1.596581e-08   0.000000e+00   2.354733e-11   323064
  1.308817e+01   1.591958e-08   0.000000e+00   2.373067e-11   315204
  1.310801e+01   1.587946e-08   7.621257e-02   2.374653e-11   315416
  1.312872e+01   1.582802e-08   0.000000e+00   2.358417e-11   316884
  1.314868e+01   1.582629e-08   4.557826e-02   2.364782e-11   312876
  1.316891e+01   1.577939e-08   5.372335e-02   2.363023e-11   315540
  1.318952e+01   1.577054e-08   0.000000e+00   2.379091e-11   312576
  1.320932e+01   1.565904e-08   7.541924e-02   2.343806e-11   312140
  1.322977e+01   1.568746e-08   1.688299e-02   2.387119e-11   310356
  1.325022e+01   1.563975e-08   0.000000e+00   2.366197e-11   311232
  1.327002e+01   1.552500e-08   6.798546e-02   2.362144e-11   307584
  1.329050e+01   1.557544e-08   3.081276e-02   2.364957e-11   310616
  1.331081e+01   1.551579e-08   0.000000e+00   2.370017e-11   304200
  1.333062e+01   1.532099e-08   7.555618e-02   2.351498e-11   306792
  1.335127e+01   1.539597e-08   0.000000e+00   2.350187e-11   306168
  1.337128e+01   1.532069e-08   0.000000e+00   2.370337e-11   304448
  1.339159e+01   1.523725e-08   6.579310e-02   2.326181e-11   308580
  1.341216e+01   1.527704e-08   0.000000e+00   2.368970e-11   299568
  1.343196e+01   1.511671e-08   6.492428e-02   2.336821e-11   304416
  1.345248e+01   1.514513e-08   3.657181e-02   2.351666e-11   302216
  1.347289e+01   1.507225e-08   0.000000e+00   2.349477e-11   300084
  1.349278e+01   1.494789e-08   8.265804e-02   2.335204e-11   299340
  1.351313e+01   1.494879e-08   0.000000e+00   2.331288e-11   296688
  1.353351e+01   1.486662e-08   0.000000e+00   2.327865e-11   298820
  1.355339e+01   1.485575e-08   7.872255e-02   2.331925e-11   296916
  1.357395e+01   1.482952e-08   0.000000e+00   2.327234e-11   295920
  1.359407e+01   1.477334e-08   7.756183e-03   2.357699e-11   292692
  1.361403e+01   1.472338e-08   7.218572e-02   2.314669e-11   295892
  1.363479e+01   1.464553e-08   0.000000e+00   2.307267e-11   293064
  1.365474e+01   1.462561e-08   3.956128e-02   2.323564e-11   293220
  1.367491e+01   1.454158e-08   3.544566e-02   2.323720e-11   286804
  1.369536e+01   1.441204e-08   0.000000e+00   2.283500e-11   293080
  1.371539e+01   1.438343e-08   7.228308e-02   2.292382e-11   291816
  1.373591e+01   1.431369e-08   0.000000e+00   2.299751e-11   287784
  1.375625e+01   1.430373e-08   0.000000e+00   2.290442e-11   286760
  1.377611e+01   1.435155e-08   7.602268e-02   2.303296e-11   287088
  1.379659e+01   1.417154e-08   0.000000e+00   2.282887e-11   286176
  1.381700e+01   1.421066e-08   0.000000e+00   2.289960e-11   284184
  1.383681e+01   1.411571e-08   6.776015e-02   2.286218e-11   282220
  1.385749e+01   1.404521e-08   0.000000e+00   2.271851e-11   284452
  1.387753e+01   1.400697e-08   0.000000e+00   2.279063e-11   279516
  1.389763e+01   1.380375e-08   7.341003e-02   2.245096e-11   282696
  1.391834e+01   1.388379e-08   0.000000e+00   2.267886e-11   278676
  1.393814e+01   1.386964e-08   7.539273e-02   2.268132e-11   279512
  1.395854e+01   1.370227e-08   3.236116e-03   2.241015e-11   276672
  1.397899e+01   1.375199e-08   0.000000e+00   2.240681e-11   276036
  1.399870e+01   1.371518e-08   7.320759e-02   2.273812e-11   274416
  1.401918e+01   1.354602e-08   3.423334e-02   2.225510e-11   275384
  1.403966e+01   1.359272e-08   0.000000e+00   2.243549e-11   274560
  1.405954e+01   1.345050e-08   8.084757e-02   2.231105e-11   272220
  1.408012e+01   1.344195e-08   0.000000e+00   2.236709e-11   270492
  1.410028e+01   1.335599e-08   0.000000e+00   2.216710e-11   271532
  1.412046e+01   1.329282e-08   4.884060e-02   2.207811e-11   272052
  1.414094e+01   1.338348e-08   0.000000e+00   2.250684e-11   264372
  1.416075e+01   1.318950e-08   4.487633e-02   2.216894e-11   268652
  1.418118e+01   1.316471e-08   5.076319e-02   2.200275e-11   266760
  1.420152e+01   1.314059e-08   0.000000e+00   2.228028e-11   262536
  1.422144e+01   1.305469e-08   8.027995e-02   2.184779e-11   266460
  1.424186e+01   1.308973e-08   0.000000e+00   2.216651e-11   261560
  1.426218e+01   1.292710e-08   0.000000e+00   2.180747e-11   262236
  1.428218e+01   1.288122e-08   7.147898e-02   2.184125e-11   261708
  1.430257e+01   1.294932e-08   0.000000e+00   2.208073e-11   258960
  1.432291e+01   1.267594e-08   0.000000e+00   2.163270e-11   258376
  1.434280e+01   1.275202e-08   6.836161e-02   2.168944e-11   258304
  1.436354e+01   1.271787e-08   0.000000e+00   2.171600e-11   259368
  1.438358e+01   1.261846e-08   3.312096e-02   2.163584e-11   253332
  1.440365e+01   1.266280e-08   7.161360e-02   2.169509e-11   254448
  1.442431e+01   1.251262e-08   0.000000e+00   2.147272e-11   255248
  1.444424e+01   1.245414e-08   7.449444e-02   2.151943e-11   252180
  1.446468e+01   1.246649e-08   2.927064e-02   2.156983e-11   252744
  1.448509e+01   1.230117e-08   0.000000e+00   2.159023e-11   247348
  1.450487e+01   1.236236e-08   8.959921e-02   2.135637e-11   250432
  1.452537e+01   1.228654e-08   0.000000e+00   2.146792e-11   247860
  1.454584e+01   1.222493e-08   0.000000e+00   2.135495e-11   247716
  1.456564e+01   1.221082e-08   7.520593e-02   2.147543e-11   242472
  1.458627e+01   1.205464e-08   0.000000e+00   2.102442e-11   248672
  1.460638e+01   1.213334e-08   3.293209e-02   2.148303e-11   239352
  1.462638e+01   1.199844e-08   6.023797e-02   2.110103e-11   245088
  1.464704e+01   1.193186e-08   0.000000e+00   2.126839e-11   239232
  1.466684e+01   1.194824e-08   7.957674e-02   2.104946e-11   240320
  1.468736e+01   1.177174e-08   0.000000e+00   2.088603e-11   239340
  1.470783e+01   1.181379e-08   0.000000e+00   2.106896e-11   237636
  1.472755e+01   1.176188e-08   7.642382e-02   2.091847e-11   235980
  1.474803e+01   1.169811e-08   0.000000e+00   2.105105e-11   235304
  1.476846e+01   1.174118e-08   0.000000e+00   2.091773e-11   234576
  1.478832e+01   1.161882e-08   7.101289e-02   2.101047e-11   232788
  1.480879e+01   1.157759e-08   0.000000e+00   2.094853e-11   230400
  1.482901e+01   1.158632e-08   0.000000e+00   2.087948e-11   231836
  1.484909e+01   1.142655e-08   7.612430e-02   2.071960e-11   231288
  1.486979e+01   1.144634e-08   0.000000e+00   2.086514e-11   226536
  1.488961e+01   1.137927e-08   5.978015e-02   2.094702e-11   226084
  1.490981e+01   1.136435e-08   5.074550e-02   2.066889e-11   227116
  1.493044e+01   1.133871e-08   0.000000e+00   2.077960e-11   223800
  1.495026e+01   1.124267e-08   8.127309e-02   2.081830e-11   223884
  1.497067e+01   1.125419e-08   0.000000e+00   2.080419e-11   222360
  1.499112e+01   1.121494e-08   0.000000e+00   2.082514e-11   221156
  1.501107e+01   1.112104e-08   9.027902e-02   2.059940e-11   221724
  1.503161e+01   1.114369e-08   0.000000e+00   2.065664e-11   217584
  1.505188e+01   1.096297e-08   0.000000e+00   2.045793e-11   217576
  1.507175e+01   1.097851e-08   9.372842e-02   2.055808e-11   215464
  1.509237e+01   1.095280e-08   0.000000e+00   2.048234e-11   215472
  1.511246e+01   1.089429e-08   2.656273e-02   2.047901e-11   213768
  1.513249e+01   1.091520e-08   8.094572e-02   2.057598e-11   210956
  1.515303e+01   1.081137e-08   0.000000e+00   2.050615e-11   211788
  1.517309e+01   1.085621e-08   4.483727e-02   2.056651e-11   211092
  1.519347e+01   1.075549e-08   3.258315e-02   2.038682e-11   209556
  1.521398e+01   1.067463e-08   0.000000e+00   2.051746e-11   206700
  1.523373e+01   1.068293e-08   7.575039e-02   2.044144e-11   206048
  1.525416e+01   1.059123e-08   0.000000e+00   2.046251e-11   204744
  1.527456e+01   1.060324e-08   0.000000e+00   2.048609e-11   202992
  1.529429e+01   1.061348e-08   8.508052e-02   2.032867e-11   201944
  1.531503e+01   1.049675e-08   0.000000e+00   2.035830e-11   203304
  1.533535e+01   1.050477e-08   0.000000e+00   2.025156e-11   200484
  1.535513e+01   1.035945e-08   9.088457e-02   2.033835e-11   195516
  1.537587e+01   1.037708e-08   0.000000e+00   2.021817e-11   198860
  1.539575e+01   1.043310e-08   4.124794e-02   2.026724e-11   195264
  1.541601e+01   1.028347e-08   5.931921e-02   2.029702e-11   195984
  1.543661e+01   1.029574e-08   0.000000e+00   2.041293e-11   191808
  1.545623e+01   1.026350e-08   6.928344e-02   2.020202e-11   190776
  1.547663e+01   1.016593e-08   1.773578e-02   2.010473e-11   192032
  1.549718e+01   1.022434e-08   0.000000e+00   2.021237e-11   188628
  1.551692e+01   1.011198e-08   9.640735e-02   2.017991e-11   189444
  1.553757e+01   1.005246e-08   0.000000e+00   2.010625e-11   186260
  1.555771e+01   1.006782e-08   0.000000e+00   2.017615e-11   184560
  1.557768e+01   9.985588e-09   8.780667e-02   1.998002e-11   185832
  1.559849e+01   1.006925e-08   0.000000e+00   2.011576e-11   182400
  1.561840e+01   9.960750e-09   4.167756e-02   2.034420e-11   181380
  1.563851e+01   9.910930e-09   7.260324e-02   2.018582e-11   180332
  1.565917e+01   9.991355e-09   0.000000e+00   2.017712e-11   178236
  1.567911e+01   9.778105e-09   5.251135e-02   2.002881e-11   179184
  1.569940e+01   9.900398e-09   6.745654e-02   2.032107e-11   175028
  1.571989e+01   9.809539e-09   0.000000e+00   2.014197e-11   175440
  1.573991e+01   9.781744e-09   7.227714e-02   2.025533e-11   174828
  1.576032e+01   9.792640e-09   0.000000e+00   2.026871e-11   169896
  1.578053e+01   9.674469e-09   0.000000e+00   2.018391e-11   171708
  1.580052e+01   9.775482e-09   9.293696e-02   2.040183e-11   169328
  1.582104e+01   9.661950e-09   0.000000e+00   2.024893e-11   167364
  1.584127e+01   9.589549e-09   3.348241e-02   2.012415e-11   168192
  1.586126e+01   9.731060e-09   8.326612e-02   2.049334e-11   163188
  1.588198e+01   9.581885e-09   0.000000e+00   2.028496e-11   166184
  1.590206e+01   9.555257e-09   4.174266e-02   2.020714e-11   161460
  1.592208e+01   9.596516e-09   7.732047e-02   2.035436e-11   159972
  1.594260e+01   9.491814e-09   0.000000e+00   2.049066e-11   159488
  1.596249e+01   9.528286e-09   7.199067e-02   2.032574e-11   158148
  1.598299e+01   9.446469e-09   0.000000e+00   2.017986e-11   158100
  1.600348e+01   9.427489e-09   0.000000e+00   2.020234e-11   155232
  1.602308e+01   9.471692e-09   8.247887e-02   2.034308e-11   151216
  1.604371e+01   9.336006e-09   0.000000e+00   2.023951e-11   155560
  1.606419e+01   9.409678e-09   0.000000e+00   2.040982e-11   151404
  1.608393e+01   9.381280e-09   9.850863e-02   2.064273e-11   148356
  1.610460e+01   9.348311e-09   0.000000e+00   2.066079e-11   147164
  1.612455e+01   9.400227e-09   2.610735e-02   2.042497e-11   147384
  1.614471e+01   9.210811e-09   6.620277e-02   2.033539e-11   145992
  1.616548e+01   9.334210e-09   0.000000e+00   2.049993e-11   143856
  1.618505e+01   9.364499e-09   6.528760e-02   2.066954e-11   140384
  1.620553e+01   9.210049e-09   3.287563e-02   2.051217e-11   143856
  1.622609e+01   9.411889e-09   0.000000e+00   2.099248e-11   136968
  1.624574e+01   9.150094e-09   9.005174e-02   2.042350e-11   139536
  1.626647e+01   9.183936e-09   0.000000e+00   2.059942e-11   136916
  1.628659e+01   9.306677e-09   0.000000e+00   2.083037e-11   133032
  1.630647e+01   9.026272e-09   9.139357e-02   2.034908e-11   135540
  1.632735e+01   9.239887e-09   0.000000e+00   2.074092e-11   132096
  1.634724e+01   9.128494e-09   0.000000e+00   2.081187e-11   129540
  1.636732e+01   9.083455e-09   8.865619e-02   2.064811e-11   130640
  1.638800e+01   9.196860e-09   0.000000e+00   2.076382e-11   126276
  1.640794e+01   8.978520e-09   5.318682e-02   2.077267e-11   128484
  1.642849e+01   9.044938e-09   1.931293e-02   2.084083e-11   124168
  1.644876e+01   9.135848e-09   0.000000e+00   2.107775e-11   122224
  1.646872e+01   8.970702e-09   7.964244e-02   2.086138e-11   123156
  1.648926e+01   9.107834e-09   0.000000e+00   2.099646e-11   119688
  1.650932e+01   9.021695e-09   0.000000e+00   2.139956e-11   116640
  1.652930e+01   8.924616e-09   9.309395e-02   2.083651e-11   119696
  1.654992e+01   9.077644e-09   0.000000e+00   2.142687e-11   114276
  1.657008e+01   8.937071e-09   0.000000e+00   2.137874e-11   114060
  1.659006e+01   9.040761e-09   8.864862e-02   2.145729e-11   112536
  1.661073e+01   8.970693e-09   0.000000e+00   2.120201e-11   112196
  1.663092e+01   8.960737e-09   3.977588e-02   2.159333e-11   109404
  1.665093e+01   9.098625e-09   4.838928e-02   2.178102e-11   105900
  1.667126e+01   8.921869e-09   0.000000e+00   2.170830e-11   107176
  1.669132e+01   8.924799e-09   6.571797e-02   2.176908e-11   105088
  1.671173e+01   8.995407e-09   2.417984e-02   2.173925e-11   103800
  1.673221e+01   8.955480e-09   0.000000e+00   2.224051e-11   101340
  1.675206e+01   9.048914e-09   7.348338e-02   2.221784e-11   100036
  1.677238e+01   8.857224e-09   0.000000e+00   2.207757e-11   97672
  1.679278e+01   8.936582e-09   0.000000e+00   2.215893e-11   97908
  1.681276e+01   9.044487e-09   7.739818e-02   2.230468e-11   95328
  1.683323e+01   8.956359e-09   0.000000e+00   2.246030e-11   93600
  1.685339e+01   8.929466e-09   0.000000e+00   2.248095e-11   92312
  1.687354e+01   8.946961e-09   6.495831e-02   2.253304e-11   91044
  1.689405e+01   8.953523e-09   0.000000e+00   2.276369e-11   88500
  1.691379e+01   8.911364e-09   4.921718e-02   2.289664e-11   86216
  1.693416e+01   8.946389e-09   0.000000e+00   2.295724e-11   87159
  1.695490e+01   8.913140e-09   0.000000e+00   2.290168e-11   86064
  1.697482e+01   8.916169e-09   7.709181e-02   2.333782e-11   81648
  1.699503e+01   8.891809e-09   1.194578e-02   2.339639e-11   81654
  1.701553e+01   8.894125e-09   0.000000e+00   2.345992e-11   81284
  1.703562e+01   8.850478e-09   5.562418e-02   2.384945e-11   78888
  1.705585e+01   8.781707e-09   1.868930e-02   2.395285e-11   77250
  1.707596e+01   8.783349e-09   0.000000e+00   2.395482e-11   75942
  1.709606e+01   8.655725e-09   5.996862e-02   2.334930e-11   77042
  1.711673e+01   8.657473e-09   0.000000e+00   2.399756e-11   74094
  1.713691e+01   8.661976e-09   3.191654e-02   2.407490e-11   73818
  1.715710e+01   8.557441e-09   0.000000e+00   2.430508e-11   70998
  1.717739e+01   8.471702e-09   0.000000e+00   2.389649e-11   72044
  1.719760e+01   8.471417e-09   6.261904e-02   2.454835e-11   69426
  1.721798e+01   8.435180e-09   0.000000e+00   2.436996e-11   69288
  1.723818e+01   8.339851e-09   0.000000e+00   2.441748e-11   67068
  1.725814e+01   8.251925e-09   6.549294e-02   2.445228e-11   66926
  1.727858e+01   8.204718e-09   5.420147e-02   2.419414e-11   66348
  1.729910e+01   8.204311e-09   0.000000e+00   2.428331e-11   64728
  1.731906e+01   8.127886e-09   0.000000e+00   2.474272e-11   62820
  1.733927e+01   8.070646e-09   0.000000e+00   2.459189e-11   63716
  1.735974e+01   8.010519e-09   1.275107e-02   2.474081e-11   62160
  1.737993e+01   7.942727e-09   0.000000e+00   2.499396e-11   59940
  1.739997e+01   7.954934e-09   1.383772e-02   2.489666e-11   60112
  1.742018e+01   7.743465e-09   6.276518e-02   2.452376e-11   59668
  1.744070e+01   7.748509e-09   0.000000e+00   2.480941e-11   57618
  1.746071e+01   7.759154e-09   1.635296e-02   2.541323e-11   56868
  1.748074e+01   7.736587e-09   5.892287e-02   2.527997e-11   56684
  1.750108e+01   7.548056e-09   2.723710e-02   2.520036e-11   55536
  1.752146e+01   7.493643e-09   0.000000e+00   2.494302e-11   54342
  1.754173e+01   7.474866e-09   2.030234e-02   2.501505e-11   54768
  1.756179e+01   7.402653e-09   5.872712e-02   2.508832e-11   52094
  1.758204e+01   7.279590e-09   0.000000e+00   2.473794e-11   52224
  1.760258e+01   7.246287e-09   0.000000e+00   2.485254e-11   52188
  1.762269e+01   7.152090e-09   5.306109e-02   2.500073e-11   50190
  1.764269e+01   7.083227e-09   4.301519e-02   2.475053e-11   49224
  1.766309e+01   7.007070e-09   0.000000e+00   2.511800e-11   49094
  1.768355e+01   6.952413e-09   1.329554e-02   2.473553e-11   49488
  1.770381e+01   6.939957e-09   5.571177e-02   2.536900e-11   46830
  1.772379e+01   6.744964e-09   1.391467e-02   2.484504e-11   45860
  1.774411e+01   6.757602e-09   0.000000e+00   2.496779e-11   46770
  1.776451e+01   6.615203e-09   2.329830e-02   2.442305e-11   45468
  1.778472e+01   6.539804e-09   3.829785e-02   2.453115e-11   44130
  1.780486e+01   6.583055e-09   0.000000e+00   2.501745e-11   43230
  1.782512e+01   6.485078e-09   0.000000e+00   2.470314e-11   44108
  1.784554e+01   6.358605e-09   3.669865e-02   2.477293e-11   42162
  1.786573e+01   6.320764e-09   3.706702e-02   2.453531e-11   41358
  1.788575e+01   6.332496e-09   0.000000e+00   2.525581e-11   40456
  1.790602e+01   6.171170e-09   3.357667e-02   2.419957e-11   41230
  1.792660e+01   6.026414e-09   4.644915e-02   2.412691e-11   39906
  1.794689e+01   6.095712e-09   0.000000e+00   2.521864e-11   38508
  1.796682e+01   6.032256e-09   0.000000e+00   2.480739e-11   37854
  1.798693e+01   5.828629e-09   5.581984e-02   2.361948e-11   38162
  1.800752e+01   5.794127e-09   2.393409e-02   2.414563e-11   37212
  1.802785e+01   5.757287e-09   0.000000e+00   2.414332e-11   36450
  1.804767e+01   5.767941e-09   2.814713e-02   2.471995e-11   34718
  1.806777e+01   5.504452e-09   2.202429e-02   2.306332e-11   35814
  1.808838e+01   5.532022e-09   2.041579e-02   2.431720e-11   34896
  1.810872e+01   5.460131e-09   0.000000e+00   2.376509e-11   33822
  1.812849e+01   5.420644e-09   4.255103e-02   2.418853e-11   32522
  1.814880e+01   5.292822e-09   0.000000e+00   2.344453e-11   33630
  1.816940e+01   5.237154e-09   0.000000e+00   2.353310e-11   32166
  1.818943e+01   5.151278e-09   2.166352e-02   2.343421e-11   31200
  1.820928e+01   5.193367e-09   1.681783e-02   2.378977e-11   30598
  1.822958e+01   4.975562e-09   2.161765e-02   2.245726e-11   31138
  1.825033e+01   4.950137e-09   0.000000e+00   2.267932e-11   30510
  1.827054e+01   4.902539e-09   3.133647e-02   2.320191e-11   28998
  1.829038e+01   4.798295e-09   0.000000e+00   2.285886e-11   28290
  1.831064e+01   4.734052e-09   4.221400e-02   2.196667e-11   29126
  1.833140e+01   4.672916e-09   0.000000e+00   2.252592e-11   28008
  1.835164e+01   4.635033e-09   1.133166e-02   2.268450e-11   27222
  1.837164e+01   4.639594e-09   1.984665e-02   2.275274e-11   26426
  1.839188e+01   4.502354e-09   1.524619e-02   2.235275e-11   26694
  1.841238e+01   4.413625e-09   2.524522e-02   2.193548e-11   25734
  1.843269e+01   4.396436e-09   0.000000e+00   2.216131e-11   25458
  1.845263e+01   4.344193e-09   0.000000e+00   2.243077e-11   24198
  1.847298e+01   4.187537e-09   0.000000e+00   2.162125e-11   25034
  1.849355e+01   4.136872e-09   1.944396e-02   2.160031e-11   23718
  1.851364e+01   4.100028e-09   0.000000e+00   2.146262e-11   23094
  1.853340e+01   4.088142e-09   2.856268e-02   2.211941e-11   22416
  1.855375e+01   3.924660e-09   1.013616e-02   2.092961e-11   23078
  1.857463e+01   3.892586e-09   0.000000e+00   2.092362e-11   22386
  1.859485e+01   3.837390e-09   0.000000e+00   2.098423e-11   21126
  1.861444e+01   3.835285e-09   0.000000e+00   2.163179e-11   20366
  1.863462e+01   3.686528e-09   3.718601e-02   2.008234e-11   21354
  1.865556e+01   3.643468e-09   0.000000e+00   2.038082e-11   20478
  1.867575e+01   3.588921e-09   0.000000e+00   2.063953e-11   19458
  1.869534e+01   3.599333e-09   1.168701e-02   2.094922e-11   18758
  1.871554e+01   3.438716e-09   4.054256e-02   1.982457e-11   19566
  1.873644e+01   3.401242e-09   2.618717e-02   1.992067e-11   18858
  1.875673e+01   3.386844e-09   4.374376e-03   1.997506e-11   17790
  1.877626e+01   3.310922e-09   0.000000e+00   2.042034e-11   17114
  1.879650e+01   3.214353e-09   0.000000e+00   1.939277e-11   17982
  1.881738e+01   3.155637e-09   0.000000e+00   1.940469e-11   17190
  1.883772e+01   3.085222e-09   0.000000e+00   1.898328e-11   16458
  1.885724e+01   3.083185e-09   2.961538e-02   2.000615e-11   15494
  1.887742e+01   2.969448e-09   1.172241e-02   1.891911e-11   16374
  1.889844e+01   2.952357e-09   0.000000e+00   1.857031e-11   15858
  1.891880e+01   2.907782e-09   0.000000e+00   1.913945e-11   14862
  1.893824e+01   2.913643e-09   0.000000e+00   1.963490e-11   14082
  1.895852e+01   2.700105e-09   0.000000e+00   1.763589e-11   14990
  1.897959e+01   2.722691e-09   1.363285e-02   1.856533e-11   14358
  1.899989e+01   2.651237e-09   0.000000e+00   1.863879e-11   13386
  1.901912e+01   2.678867e-09   0.000000e+00   1.912216e-11   12678
  1.903943e+01   2.491936e-09   2.115848e-02   1.734507e-11   13700
  1.906063e+01   2.493401e-09   1.359806e-02   1.738030e-11   12942
  1.908098e+01   2.451930e-09   3.697867e-02   1.789966e-11   12198
  1.909999e+01   2.457233e-09   0.000000e+00   1.847661e-11   11106
  1.912016e+01   2.288703e-09   2.217265e-03   1.661257e-11   12494
  1.914143e+01   2.235881e-09   2.670302e-02   1.667658e-11   11610
  1.916194e+01   2.263678e-09   0.000000e+00   1.739171e-11   11094
  1.918096e+01   2.215508e-09   1.842228e-02   1.768794e-11   9902
  1.920105e+01   2.086977e-09   1.339020e-02   1.590134e-11   11226
  1.922232e+01   2.036082e-09   0.000000e+00   1.590118e-11   10326
  1.924284e+01   2.002724e-09   1.870685e-02   1.598862e-11   10074
  1.926202e+01   2.007562e-09   8.052621e-03   1.607411e-11   8766
  1.928194e+01   1.876890e-09   0.000000e+00   1.490400e-11   9950
  1.930316e+01   1.851511e-09   1.294469e-02   1.503533e-11   9252
  1.932368e+01   1.841275e-09   0.000000e+00   1.546077e-11   8886
  1.934284e+01   1.784985e-09   0.000000e+00   1.532351e-11   7850
  1.936294e+01   1.685346e-09   1.258093e-02   1.407244e-11   8886
  1.938421e+01   1.676493e-09   0.000000e+00   1.514859e-11   8142
  1.940449e+01   1.641333e-09   1.545801e-02   1.458755e-11   7746
  1.942343e+01   1.647464e-09   2.180932e-02   1.532556e-11   6926
  1.944391e+01   1.485132e-09   0.000000e+00   1.336822e-11   7974
  1.946526e+01   1.448086e-09   2.042469e-02   1.364434e-11   7074
  1.948530e+01   1.463071e-09   6.802372e-03   1.397411e-11   6744
  1.950414e+01   1.449313e-09   2.017171e-02   1.484446e-11   6114
  1.952497e+01   1.292343e-09   0.000000e+00   1.259182e-11   7094
  1.954669e+01   1.276867e-09   0.000000e+00   1.290905e-11   6174
  1.956649e+01   1.274764e-09   0.000000e+00   1.298220e-11   5754
  1.958482e+01   1.310979e-09   0.000000e+00   1.379664e-11   5214
  1.960592e+01   1.172661e-09   0.000000e+00   1.171144e-11   6338
  1.962823e+01   1.120946e-09   6.533754e-03   1.160656e-11   5352
  1.964780e+01   1.123092e-09   0.000000e+00   1.248377e-11   4830
  1.966529e+01   1.160281e-09   7.591353e-03   1.406889e-11   4338
  1.968652e+01   9.935349e-10   0.000000e+00   1.056371e-11   5558
  1.970977e+01   9.865354e-10   1.542034e-02   1.119889e-11   4866
  1.972974e+01   9.566743e-10   2.352177e-02   1.246079e-11   3846
  1.974563e+01   1.017647e-09   0.000000e+00   1.317485e-11   3518
  1.976695e+01   8.453234e-10   2.069371e-02   9.579654e-12   4812
  1.979088e+01   8.117674e-10   6.905271e-03   9.835324e-12   4278
  1.981163e+01   8.001643e-10   1.979402e-02   1.117555e-11   3174
  1.982600e+01   8.982737e-10   0.000000e+00   1.223590e-11   2738
  1.984723e+01   7.092348e-10   1.108863e-02   8.753395e-12   4086
  1.987166e+01   7.169261e-10   0.000000e+00   9.496381e-12   3666
  1.989339e+01   6.659593e-10   1.411773e-02   1.015596e-11   2712
  1.990636e+01   7.628581e-10   8.061605e-03   1.318917e-11   1998
  1.992748e+01   5.911834e-10   1.131555e-02   7.513268e-12   3434
  1.995242e+01   5.845930e-10   0.000000e+00   8.135796e-12   3078
  1.997519e+01   5.517349e-10   9.897240e-03   9.826311e-12   2334
  1.998677e+01   6.686989e-10   0.000000e+00   1.346143e-11   1340
  2.000771e+01   5.116358e-10   0.000000e+00   7.295814e-12   2838
  2.003323e+01   4.763054e-10   0.000000e+00   7.240136e-12   2538
  2.005707e+01   4.190115e-10   1.261640e-02   7.144088e-12   1974
  2.006661e+01   5.919072e-10   1.262420e-02   1.499227e-11   774
  2.008764e+01   4.043632e-10   5.986586e-03   6.334750e-12   2300
  2.011380e+01   3.761498e-10   1.432718e-02   6.241762e-12   2046
  2.013872e+01   3.195969e-10   4.344049e-03   6.052210e-12   1626
  2.014646e+01   4.830806e-10   7.551880e-03   1.770326e-11   390
  2.016742e+01   3.381997e-10   7.665120e-03   6.472077e-12   1766
  2.019400e+01   2.945467e-10   0.000000e+00   5.665409e-12   1596
  2.021996e+01   2.530377e-10   0.000000e+00   5.831024e-12   1302
  2.022633e+01   3.732251e-10   0.000000e+00   1.921051e-11   150
  2.024734e+01   2.396817e-10   2.581261e-03   4.937703e-12   1298
  2.027401e+01   2.131031e-10   0.000000e+00   4.807478e-12   1158
  2.030054e+01   1.799432e-10   0.000000e+00   4.213971e-12   996
  2.031028e+01   3.269321e-10   1.050840e-02   4.480710e-11   38
  2.032743e+01   1.656792e-10   0.000000e+00   4.132430e-12   894
  2.035414e+01   1.486864e-10   7.333313e-03   4.188540e-12   786
  2.038089e+01   1.243132e-10   0.000000e+00   3.767971e-12   678
  2.040633e+01   1.122692e-10   0.000000e+00   3.521009e-11   8
  2.040767e+01   1.103847e-10   1.278018e-02   3.745506e-12   570
  2.043444e+01   9.258595e-11   9.231066e-03   3.055760e-12   486
  2.046125e+01   7.014304e-11   0.000000e+00   2.576191e-12   402
  2.048731e+01   3.608120e-11   0.000000e+00   9.153405e-12   8
  2.048809e+01   5.458045e-11   1.066829e-02   2.326354e-12   318
  2.051491e+01   4.838118e-11   0.000000e+00   2.351567e-12   258
  2.054177e+01   3.715292e-11   0.000000e+00   1.980845e-12   198
  2.056829e+01   1.810907e-11   0.000000e+00   3.683822e-12   8
  2.056867e+01   2.792156e-11   0.000000e+00   1.963527e-12   138
  2.059554e+01   2.106017e-11   3.501588e-03   1.062852e-12   102
  2.062245e+01   1.011497e-11   6.377567e-03   9.080999e-13   66
  2.064939e+01   9.400506e-12   0.000000e+00   1.408336e-12   38
  2.067633e+01   4.166802e-12   0.000000e+00   7.051946e-13   18
  2.070329e+01   6.516208e-13   0.000000e+00   1.190796e-13   6
