# power spectrum of delta
# redshift z=1.390000
# k              Pk             sigma(k)       sigma(Pk)      count
  4.675239e-02   1.040633e-02   1.531908e-05   3.931888e-03   6
  6.611787e-02   5.613295e-02   0.000000e+00   1.224718e-02   12
  8.634636e-02   6.132339e-02   6.199343e-03   1.119346e-02   14
  1.095305e-01   1.006536e-01   4.988736e-03   1.138472e-02   48
  1.379653e-01   1.294421e-01   3.623812e-03   1.419965e-02   42
  1.514521e-01   1.205918e-01   3.607714e-03   1.642495e-02   48
  1.717248e-01   1.736540e-01   4.325071e-03   1.842863e-02   80
  1.946168e-01   2.396406e-01   3.358060e-03   2.013951e-02   90
  2.121306e-01   2.149855e-01   5.273081e-03   2.190286e-02   120
  2.370115e-01   2.995819e-01   4.431434e-03   2.185727e-02   158
  2.534910e-01   3.244402e-01   2.102998e-03   3.379365e-02   120
  2.733454e-01   3.531650e-01   4.700457e-03   2.434521e-02   186
  2.952819e-01   4.060771e-01   6.427987e-03   2.400780e-02   264
  3.131072e-01   4.861051e-01   3.470272e-03   3.450237e-02   168
  3.358507e-01   5.126640e-01   6.202191e-03   2.837950e-02   386
  3.548829e-01   4.080407e-01   3.752994e-03   2.861942e-02   192
  3.736086e-01   6.059296e-01   6.153256e-03   2.947795e-02   390
  3.946460e-01   5.452570e-01   6.442452e-03   2.865984e-02   396
  4.144099e-01   6.481516e-01   6.391635e-03   3.373085e-02   398
  4.361367e-01   6.639745e-01   6.264880e-03   2.604747e-02   576
  4.575177e-01   6.729338e-01   6.355778e-03   3.302997e-02   444
  4.762195e-01   8.685943e-01   5.734461e-03   3.478139e-02   590
  4.975149e-01   8.531480e-01   6.279670e-03   3.265595e-02   648
  5.182859e-01   9.128244e-01   5.557653e-03   3.844480e-02   654
  5.367402e-01   9.750963e-01   4.609866e-03   3.669631e-02   636
  5.573692e-01   1.017394e+00   6.911363e-03   3.379522e-02   830
  5.767253e-01   1.105591e+00   4.974939e-03   3.848013e-02   792
  5.965172e-01   1.149438e+00   5.116634e-03   4.425163e-02   804
  6.167868e-01   1.232241e+00   6.315099e-03   4.082430e-02   1038
  6.364107e-01   1.270367e+00   4.946499e-03   4.036646e-02   936
  6.576805e-01   1.225287e+00   5.779873e-03   3.588862e-02   1130
  6.769590e-01   1.379479e+00   5.367484e-03   4.131552e-02   1104
  6.981214e-01   1.435664e+00   5.967700e-03   4.203602e-02   1230
  7.174733e-01   1.556501e+00   6.064625e-03   4.214576e-02   1260
  7.371340e-01   1.570338e+00   5.239623e-03   4.333225e-02   1286
  7.593700e-01   1.531007e+00   6.358524e-03   3.713743e-02   1728
  7.804400e-01   1.695001e+00   5.621468e-03   4.777369e-02   1392
  8.004658e-01   1.862768e+00   5.330215e-03   4.514240e-02   1626
  8.209915e-01   1.758077e+00   6.316599e-03   4.301629e-02   1760
  8.416011e-01   1.881957e+00   5.219535e-03   4.694196e-02   1686
  8.610301e-01   1.925106e+00   5.309235e-03   4.581279e-02   1812
  8.808963e-01   2.042209e+00   6.093890e-03   4.512716e-02   1862
  9.011989e-01   2.131716e+00   5.436457e-03   4.470894e-02   2160
  9.216262e-01   2.213529e+00   5.566353e-03   5.253848e-02   1956
  9.421785e-01   2.192943e+00   6.253437e-03   4.328673e-02   2454
  9.622347e-01   2.398928e+00   4.888607e-03   5.126716e-02   2048
  9.823638e-01   2.508486e+00   6.360152e-03   5.034716e-02   2538
  1.002233e+00   2.649261e+00   5.321020e-03   5.304000e-02   2400
  1.022315e+00   2.809844e+00   6.328431e-03   5.727054e-02   2526
  1.042353e+00   2.691557e+00   6.275929e-03   5.057106e-02   2856
  1.063253e+00   2.817886e+00   5.895426e-03   5.309621e-02   2804
  1.083895e+00   2.972706e+00   6.115255e-03   5.664234e-02   2958
  1.103540e+00   3.171014e+00   5.937431e-03   5.672557e-02   2976
  1.124272e+00   3.120990e+00   5.941212e-03   5.520816e-02   3194
  1.143681e+00   3.357579e+00   5.923951e-03   6.082790e-02   3120
  1.164704e+00   3.362870e+00   6.004856e-03   5.759219e-02   3606
  1.184769e+00   3.433907e+00   5.509464e-03   5.990382e-02   3276
  1.204316e+00   3.440606e+00   6.204806e-03   5.680277e-02   3600
  1.224425e+00   3.664898e+00   5.440385e-03   6.207593e-02   3638
  1.243784e+00   3.865016e+00   5.849042e-03   6.110225e-02   3744
  1.264728e+00   3.923954e+00   6.014342e-03   6.213968e-02   4170
  1.284748e+00   3.921594e+00   5.682335e-03   6.369022e-02   3984
  1.305140e+00   4.087687e+00   5.739412e-03   6.369647e-02   4334
  1.325261e+00   4.130349e+00   5.324107e-03   6.292399e-02   4284
  1.345130e+00   4.289618e+00   6.429547e-03   6.468061e-02   4374
  1.365905e+00   4.504200e+00   5.713348e-03   6.523069e-02   5016
  1.386367e+00   4.501405e+00   5.485294e-03   7.101924e-02   4580
  1.406763e+00   4.612082e+00   6.472145e-03   6.581261e-02   5142
  1.427570e+00   4.762881e+00   6.220601e-03   6.816840e-02   5184
  1.447942e+00   4.860983e+00   4.866158e-03   6.955680e-02   5058
  1.467517e+00   4.966589e+00   5.757296e-03   6.644715e-02   5384
  1.488450e+00   4.998006e+00   6.524550e-03   6.754638e-02   5622
  1.508642e+00   5.104646e+00   5.506862e-03   6.706182e-02   5736
  1.528750e+00   5.409438e+00   4.955999e-03   7.283566e-02   5596
  1.548951e+00   5.466375e+00   6.254864e-03   7.380249e-02   6070
  1.568988e+00   5.540393e+00   4.742579e-03   7.144337e-02   6096
  1.589893e+00   5.808095e+00   5.965016e-03   0.000000e+00   6474
  1.609233e+00   5.914410e+00   5.690074e-03   7.478688e-02   6024
  1.629918e+00   6.035409e+00   5.784263e-03   0.000000e+00   7070
  1.650412e+00   6.135864e+00   4.694818e-03   0.000000e+00   6516
  1.670069e+00   6.241107e+00   5.724404e-03   0.000000e+00   6936
  1.690589e+00   6.427464e+00   5.764820e-03   0.000000e+00   7110
  1.710438e+00   6.611924e+00   4.177684e-03   0.000000e+00   7244
  1.731436e+00   6.743508e+00   6.235119e-03   0.000000e+00   7878
  1.751774e+00   6.707094e+00   6.043311e-03   0.000000e+00   7344
  1.771468e+00   6.923247e+00   6.245698e-03   0.000000e+00   7694
  1.791987e+00   7.139927e+00   5.996370e-03   0.000000e+00   8412
  1.812592e+00   7.190462e+00   6.261971e-03   0.000000e+00   7920
  1.832175e+00   7.542167e+00   5.329821e-03   0.000000e+00   8118
  1.852109e+00   7.328598e+00   6.155177e-03   0.000000e+00   8548
  1.872388e+00   7.661345e+00   6.231258e-03   0.000000e+00   8710
  1.892498e+00   8.076808e+00   5.381223e-03   0.000000e+00   8928
  1.913141e+00   8.071095e+00   5.873101e-03   0.000000e+00   9186
  1.932944e+00   8.146666e+00   6.493010e-03   0.000000e+00   9200
  1.953359e+00   8.110401e+00   5.515699e-03   0.000000e+00   9438
  1.973260e+00   8.404628e+00   7.911975e-03   0.000000e+00   9564
  1.993716e+00   8.542843e+00   5.957111e-03   0.000000e+00   10296
  2.014657e+00   8.847790e+00   5.296276e-03   0.000000e+00   10126
  2.034275e+00   8.813136e+00   6.504549e-03   0.000000e+00   10024
  2.055142e+00   9.105865e+00   4.600353e-03   0.000000e+00   11082
  2.075629e+00   9.272323e+00   7.152853e-03   0.000000e+00   10632
  2.095653e+00   9.350128e+00   5.118781e-03   0.000000e+00   10734
  2.115883e+00   9.592466e+00   6.292407e-03   0.000000e+00   11276
  2.136105e+00   9.871536e+00   5.651386e-03   0.000000e+00   11352
  2.156515e+00   9.885272e+00   5.936719e-03   0.000000e+00   11550
  2.176549e+00   9.962024e+00   5.363550e-03   0.000000e+00   11772
  2.196879e+00   1.051431e+01   6.872796e-03   0.000000e+00   12038
  2.216960e+00   1.022958e+01   8.490724e-03   0.000000e+00   12096
  2.237319e+00   1.059311e+01   6.746615e-03   0.000000e+00   12582
  2.257454e+00   1.054784e+01   1.962493e-03   0.000000e+00   12620
  2.278050e+00   1.088930e+01   7.093406e-03   0.000000e+00   13320
  2.298208e+00   1.073927e+01   6.449277e-03   0.000000e+00   12654
  2.317980e+00   1.112584e+01   9.867981e-04   0.000000e+00   13236
  2.338046e+00   1.119782e+01   9.356755e-03   0.000000e+00   13438
  2.358325e+00   1.122381e+01   9.131280e-03   0.000000e+00   14344
  2.379338e+00   1.167237e+01   5.720224e-03   0.000000e+00   14226
  2.399191e+00   1.193446e+01   4.741579e-03   0.000000e+00   14088
  2.419304e+00   1.190903e+01   0.000000e+00   0.000000e+00   14328
  2.439465e+00   1.204081e+01   6.375901e-03   0.000000e+00   14954
  2.459901e+00   1.248135e+01   4.919797e-03   0.000000e+00   15480
  2.480418e+00   1.220756e+01   6.458764e-03   0.000000e+00   14862
  2.499857e+00   1.245324e+01   7.881109e-03   0.000000e+00   15296
  2.520270e+00   1.262568e+01   7.390641e-03   0.000000e+00   15954
  2.540271e+00   1.301833e+01   6.401748e-03   0.000000e+00   15720
  2.560277e+00   1.291639e+01   2.717138e-03   0.000000e+00   16296
  2.580887e+00   1.335691e+01   3.931521e-03   0.000000e+00   17010
  2.600899e+00   1.353691e+01   3.299389e-03   0.000000e+00   16328
  2.621031e+00   1.341167e+01   3.154363e-03   0.000000e+00   17094
  2.641223e+00   1.367988e+01   8.411522e-03   0.000000e+00   17436
  2.661647e+00   1.379743e+01   8.507681e-03   0.000000e+00   17862
  2.682156e+00   1.396982e+01   7.123924e-03   0.000000e+00   18200
  2.702815e+00   1.388266e+01   9.867075e-04   0.000000e+00   18450
  2.723025e+00   1.435642e+01   3.729162e-03   0.000000e+00   18384
  2.743187e+00   1.436996e+01   5.513899e-03   0.000000e+00   18504
  2.763326e+00   1.453845e+01   4.185490e-03   0.000000e+00   19142
  2.783870e+00   1.487536e+01   5.785769e-03   0.000000e+00   19692
  2.804196e+00   1.476472e+01   5.964145e-03   0.000000e+00   19062
  2.824083e+00   1.505712e+01   0.000000e+00   0.000000e+00   20184
  2.844639e+00   1.537348e+01   7.261378e-03   0.000000e+00   19970
  2.864688e+00   1.535664e+01   0.000000e+00   0.000000e+00   20496
  2.885325e+00   1.525202e+01   8.385864e-03   0.000000e+00   21456
  2.905409e+00   1.553661e+01   5.726911e-03   0.000000e+00   19650
  2.925124e+00   1.617287e+01   9.468136e-03   0.000000e+00   22040
  2.945909e+00   1.612910e+01   1.260996e-02   0.000000e+00   21558
  2.965978e+00   1.604877e+01   0.000000e+00   0.000000e+00   21804
  2.986100e+00   1.629212e+01   7.996558e-03   0.000000e+00   21926
  3.006157e+00   1.656906e+01   9.339643e-03   0.000000e+00   22416
  3.026295e+00   1.668456e+01   8.302547e-03   0.000000e+00   22776
  3.047001e+00   1.700920e+01   6.386566e-03   0.000000e+00   23874
  3.067344e+00   1.699488e+01   0.000000e+00   0.000000e+00   23104
  3.087569e+00   1.737053e+01   0.000000e+00   0.000000e+00   23974
  3.107841e+00   1.733004e+01   1.353688e-02   0.000000e+00   23892
  3.127762e+00   1.738153e+01   0.000000e+00   0.000000e+00   23550
  3.147819e+00   1.775366e+01   6.309538e-03   0.000000e+00   25320
  3.168193e+00   1.759019e+01   1.164866e-02   0.000000e+00   24428
  3.188131e+00   1.777186e+01   7.838299e-03   0.000000e+00   25254
  3.208542e+00   1.784051e+01   0.000000e+00   0.000000e+00   26016
  3.228664e+00   1.794065e+01   1.835606e-03   0.000000e+00   25182
  3.248972e+00   1.826095e+01   4.039716e-03   0.000000e+00   27428
  3.269573e+00   1.844081e+01   5.570712e-03   0.000000e+00   25974
  3.289395e+00   1.868126e+01   8.474708e-03   0.000000e+00   26904
  3.309526e+00   1.878145e+01   3.195923e-03   0.000000e+00   26730
  3.329678e+00   1.891653e+01   0.000000e+00   0.000000e+00   27896
  3.350333e+00   1.911569e+01   1.016212e-02   0.000000e+00   28992
  3.371235e+00   1.902555e+01   2.191043e-03   0.000000e+00   28698
  3.391179e+00   1.974952e+01   0.000000e+00   0.000000e+00   27816
  3.411555e+00   1.943537e+01   0.000000e+00   0.000000e+00   29774
  3.431937e+00   1.944284e+01   6.465171e-03   0.000000e+00   29148
  3.451864e+00   1.971120e+01   0.000000e+00   0.000000e+00   28806
  3.471936e+00   2.007067e+01   1.132101e-02   0.000000e+00   30408
  3.492238e+00   1.989816e+01   0.000000e+00   0.000000e+00   30320
  3.512714e+00   2.030451e+01   0.000000e+00   0.000000e+00   30930
  3.533153e+00   2.027596e+01   0.000000e+00   0.000000e+00   31656
  3.553120e+00   2.034945e+01   5.190924e-04   0.000000e+00   30086
  3.573179e+00   2.053209e+01   1.300772e-02   0.000000e+00   32724
  3.593395e+00   2.067231e+01   7.724794e-03   0.000000e+00   30846
  3.613474e+00   2.100373e+01   1.363047e-03   0.000000e+00   33480
  3.633996e+00   2.098082e+01   1.052576e-02   0.000000e+00   32724
  3.654061e+00   2.102263e+01   6.755727e-03   0.000000e+00   32894
  3.674416e+00   2.117196e+01   0.000000e+00   0.000000e+00   34200
  3.694774e+00   2.129159e+01   8.331156e-03   0.000000e+00   33594
  3.714768e+00   2.148824e+01   0.000000e+00   0.000000e+00   34336
  3.735166e+00   2.152809e+01   0.000000e+00   0.000000e+00   34822
  3.755407e+00   2.171981e+01   0.000000e+00   0.000000e+00   35472
  3.775537e+00   2.207576e+01   0.000000e+00   0.000000e+00   34404
  3.795608e+00   2.220785e+01   0.000000e+00   0.000000e+00   36222
  3.815726e+00   2.192167e+01   5.892075e-03   0.000000e+00   35984
  3.836048e+00   2.225128e+01   8.282206e-03   0.000000e+00   36570
  3.856195e+00   2.266464e+01   0.000000e+00   0.000000e+00   37176
  3.876564e+00   2.247435e+01   0.000000e+00   0.000000e+00   37406
  3.896848e+00   2.235658e+01   0.000000e+00   0.000000e+00   38052
  3.916969e+00   2.276853e+01   0.000000e+00   0.000000e+00   37590
  3.937362e+00   2.300617e+01   1.039811e-02   0.000000e+00   39480
  3.957552e+00   2.265213e+01   0.000000e+00   0.000000e+00   38260
  3.977735e+00   2.289503e+01   9.925784e-03   0.000000e+00   39646
  3.998328e+00   2.332289e+01   5.665340e-03   0.000000e+00   40944
  4.018750e+00   2.333860e+01   0.000000e+00   0.000000e+00   39678
  4.038869e+00   2.339006e+01   0.000000e+00   0.000000e+00   40804
  4.059107e+00   2.342027e+01   0.000000e+00   0.000000e+00   40606
  4.079379e+00   2.325112e+01   1.366126e-02   0.000000e+00   42216
  4.099776e+00   2.361786e+01   0.000000e+00   0.000000e+00   41532
  4.119924e+00   2.364883e+01   0.000000e+00   0.000000e+00   41990
  4.139925e+00   2.389670e+01   1.429349e-02   0.000000e+00   42360
  4.160335e+00   2.424429e+01   5.091356e-03   0.000000e+00   43530
  4.180619e+00   2.411560e+01   7.714090e-03   0.000000e+00   43848
  4.200840e+00   2.404103e+01   0.000000e+00   0.000000e+00   42870
  4.221126e+00   2.455145e+01   1.369970e-02   0.000000e+00   46160
  4.241488e+00   2.442014e+01   5.852874e-03   0.000000e+00   43380
  4.261540e+00   2.468890e+01   0.000000e+00   0.000000e+00   45294
  4.281661e+00   2.445590e+01   1.288091e-02   0.000000e+00   45744
  4.302235e+00   2.492337e+01   0.000000e+00   0.000000e+00   46682
  4.322362e+00   2.456936e+01   7.258987e-03   0.000000e+00   45840
  4.342555e+00   2.465335e+01   0.000000e+00   0.000000e+00   47118
  4.362704e+00   2.508043e+01   1.875851e-02   0.000000e+00   47124
  4.382934e+00   2.512385e+01   4.881066e-03   0.000000e+00   47984
  4.403574e+00   2.504183e+01   8.464014e-03   0.000000e+00   49566
  4.423478e+00   2.541263e+01   5.209983e-03   0.000000e+00   46284
  4.443444e+00   2.530103e+01   1.351707e-02   0.000000e+00   49966
  4.463763e+00   2.540368e+01   1.009539e-02   0.000000e+00   49360
  4.483959e+00   2.536500e+01   2.881749e-03   0.000000e+00   49806
  4.504320e+00   2.559033e+01   1.108968e-02   0.000000e+00   51492
  4.524457e+00   2.576447e+01   1.489088e-02   0.000000e+00   49496
  4.544766e+00   2.587937e+01   1.493079e-02   0.000000e+00   53190
  4.565246e+00   2.585707e+01   0.000000e+00   0.000000e+00   51060
  4.585323e+00   2.589634e+01   0.000000e+00   0.000000e+00   52134
  4.605464e+00   2.604169e+01   9.574917e-03   0.000000e+00   53088
  4.625765e+00   2.600980e+01   6.273856e-03   0.000000e+00   52706
  4.646004e+00   2.595427e+01   9.543103e-03   0.000000e+00   54936
  4.666567e+00   2.621930e+01   0.000000e+00   0.000000e+00   53886
  4.686678e+00   2.613250e+01   0.000000e+00   0.000000e+00   54436
  4.706787e+00   2.608330e+01   0.000000e+00   0.000000e+00   55096
  4.727298e+00   2.637761e+01   0.000000e+00   0.000000e+00   56358
  4.747396e+00   2.630465e+01   0.000000e+00   0.000000e+00   55632
  4.767659e+00   2.664776e+01   1.952018e-02   0.000000e+00   56530
  4.787868e+00   2.675813e+01   0.000000e+00   0.000000e+00   57232
  4.808006e+00   2.652375e+01   0.000000e+00   0.000000e+00   56766
  4.828655e+00   2.665158e+01   0.000000e+00   0.000000e+00   60804
  4.848751e+00   2.688416e+01   1.392201e-03   0.000000e+00   55536
  4.868920e+00   2.680189e+01   2.472636e-02   0.000000e+00   61166
  4.889170e+00   2.673390e+01   0.000000e+00   0.000000e+00   57396
  4.909197e+00   2.680928e+01   1.141074e-02   0.000000e+00   60870
  4.929530e+00   2.679610e+01   0.000000e+00   0.000000e+00   60224
  4.949759e+00   2.706999e+01   1.691606e-02   0.000000e+00   61002
  4.970056e+00   2.688729e+01   1.535772e-02   0.000000e+00   62016
  4.990242e+00   2.721138e+01   0.000000e+00   0.000000e+00   60768
  5.010270e+00   2.692452e+01   2.276760e-02   0.000000e+00   62870
  5.030741e+00   2.738005e+01   8.669465e-03   0.000000e+00   63804
  5.051099e+00   2.728519e+01   1.045748e-02   0.000000e+00   63054
  5.070991e+00   2.733917e+01   8.311661e-03   0.000000e+00   63024
  5.091312e+00   2.736392e+01   0.000000e+00   0.000000e+00   65018
  5.111401e+00   2.737630e+01   1.515791e-02   0.000000e+00   64608
  5.131702e+00   2.729698e+01   0.000000e+00   0.000000e+00   65688
  5.151945e+00   2.744986e+01   2.200828e-02   0.000000e+00   65994
  5.172121e+00   2.760968e+01   0.000000e+00   0.000000e+00   66648
  5.192517e+00   2.758084e+01   1.478398e-02   0.000000e+00   67310
  5.212619e+00   2.753816e+01   0.000000e+00   0.000000e+00   67224
  5.232862e+00   2.771761e+01   6.920903e-03   0.000000e+00   68034
  5.253184e+00   2.733214e+01   0.000000e+00   0.000000e+00   69744
  5.273505e+00   2.741347e+01   1.141725e-02   0.000000e+00   68654
  5.294030e+00   2.781212e+01   1.523260e-02   0.000000e+00   72132
  5.314335e+00   2.769670e+01   9.528589e-03   0.000000e+00   68520
  5.334353e+00   2.791662e+01   1.437575e-02   0.000000e+00   71070
  5.354769e+00   2.785564e+01   0.000000e+00   0.000000e+00   71948
  5.374980e+00   2.777394e+01   2.228583e-02   0.000000e+00   71598
  5.395365e+00   2.780287e+01   0.000000e+00   0.000000e+00   73536
  5.415580e+00   2.793172e+01   2.692597e-02   0.000000e+00   71802
  5.435587e+00   2.802690e+01   0.000000e+00   0.000000e+00   73280
  5.455831e+00   2.790860e+01   0.000000e+00   0.000000e+00   73992
  5.476258e+00   2.836873e+01   1.291351e-02   0.000000e+00   75966
  5.496487e+00   2.791847e+01   0.000000e+00   0.000000e+00   74364
  5.516737e+00   2.810189e+01   1.547902e-02   0.000000e+00   76094
  5.536930e+00   2.819809e+01   0.000000e+00   0.000000e+00   76224
  5.557189e+00   2.790213e+01   9.463754e-03   0.000000e+00   76242
  5.577233e+00   2.807687e+01   0.000000e+00   0.000000e+00   76944
  5.597474e+00   2.820072e+01   0.000000e+00   0.000000e+00   78680
  5.618030e+00   2.825533e+01   1.744201e-02   0.000000e+00   79962
  5.638191e+00   2.855488e+01   8.565164e-03   0.000000e+00   77760
  5.658332e+00   2.825339e+01   2.061774e-02   0.000000e+00   79590
  5.678586e+00   2.833635e+01   0.000000e+00   0.000000e+00   80732
  5.698893e+00   2.824428e+01   2.598413e-02   0.000000e+00   81174
  5.719149e+00   2.843046e+01   9.257698e-03   0.000000e+00   80832
  5.738997e+00   2.836117e+01   2.613145e-02   0.000000e+00   79992
  5.759359e+00   2.842010e+01   0.000000e+00   0.000000e+00   84314
  5.779794e+00   2.852189e+01   0.000000e+00   0.000000e+00   83592
  5.800111e+00   2.837243e+01   1.971148e-02   0.000000e+00   83838
  5.820313e+00   2.848449e+01   0.000000e+00   0.000000e+00   83676
  5.840436e+00   2.835491e+01   1.230890e-02   0.000000e+00   84950
  5.860618e+00   2.844411e+01   0.000000e+00   0.000000e+00   84912
  5.880919e+00   2.849327e+01   2.393319e-02   0.000000e+00   87162
  5.901269e+00   2.838446e+01   0.000000e+00   0.000000e+00   86440
  5.921402e+00   2.850264e+01   0.000000e+00   0.000000e+00   86560
  5.941709e+00   2.876804e+01   3.456451e-03   0.000000e+00   88698
  5.961921e+00   2.854099e+01   2.969145e-02   0.000000e+00   88920
  5.982404e+00   2.845273e+01   0.000000e+00   0.000000e+00   88814
  6.002491e+00   2.829072e+01   7.846022e-03   0.000000e+00   90336
  6.022961e+00   2.844883e+01   0.000000e+00   0.000000e+00   90282
  6.043172e+00   2.854900e+01   0.000000e+00   0.000000e+00   90840
  6.063221e+00   2.862736e+01   2.155472e-02   0.000000e+00   91128
  6.083666e+00   2.883696e+01   0.000000e+00   0.000000e+00   92690
  6.103786e+00   2.878670e+01   0.000000e+00   0.000000e+00   92160
  6.124088e+00   2.871447e+01   0.000000e+00   0.000000e+00   93534
  6.144231e+00   2.871032e+01   0.000000e+00   0.000000e+00   93484
  6.164469e+00   2.851183e+01   6.448055e-03   0.000000e+00   95206
  6.184881e+00   2.842141e+01   9.498112e-03   0.000000e+00   96048
  6.204962e+00   2.869442e+01   9.209592e-03   0.000000e+00   93600
  6.225165e+00   2.866910e+01   0.000000e+00   0.000000e+00   97410
  6.245405e+00   2.864454e+01   2.633137e-02   0.000000e+00   97856
  6.265843e+00   2.854350e+01   0.000000e+00   0.000000e+00   97278
  6.286003e+00   2.855424e+01   1.619829e-02   0.000000e+00   98916
  6.306174e+00   2.835749e+01   0.000000e+00   0.000000e+00   96894
  6.326240e+00   2.877346e+01   0.000000e+00   0.000000e+00   100976
  6.346693e+00   2.868435e+01   0.000000e+00   0.000000e+00   100164
  6.366819e+00   2.873055e+01   0.000000e+00   0.000000e+00   100014
  6.386826e+00   2.853461e+01   1.906287e-02   0.000000e+00   101040
  6.407163e+00   2.859902e+01   0.000000e+00   0.000000e+00   102338
  6.427307e+00   2.861361e+01   1.211249e-02   0.000000e+00   102912
  6.447745e+00   2.832906e+01   0.000000e+00   0.000000e+00   104238
  6.467834e+00   2.858382e+01   1.939291e-02   0.000000e+00   103104
  6.488105e+00   2.852917e+01   1.710499e-02   0.000000e+00   105404
  6.508427e+00   2.852348e+01   0.000000e+00   0.000000e+00   105198
  6.528642e+00   2.860329e+01   0.000000e+00   0.000000e+00   106632
  6.548966e+00   2.847005e+01   2.493718e-02   0.000000e+00   106706
  6.569170e+00   2.833159e+01   0.000000e+00   0.000000e+00   106992
  6.589611e+00   2.865505e+01   0.000000e+00   0.000000e+00   110118
  6.609853e+00   2.864670e+01   3.101492e-02   0.000000e+00   108084
  6.629981e+00   2.865212e+01   1.177154e-02   0.000000e+00   108222
  6.650333e+00   2.834581e+01   0.000000e+00   0.000000e+00   112160
  6.670495e+00   2.848095e+01   1.720838e-02   0.000000e+00   108492
  6.690746e+00   2.839072e+01   2.185577e-02   0.000000e+00   113262
  6.711073e+00   2.854527e+01   0.000000e+00   0.000000e+00   111360
  6.731428e+00   2.823943e+01   0.000000e+00   0.000000e+00   114182
  6.751627e+00   2.818219e+01   3.256436e-02   0.000000e+00   112884
  6.771895e+00   2.837438e+01   7.152113e-03   0.000000e+00   113934
  6.792017e+00   2.835484e+01   0.000000e+00   0.000000e+00   114504
  6.812470e+00   2.845007e+01   0.000000e+00   0.000000e+00   117500
  6.832644e+00   2.839317e+01   2.335607e-02   0.000000e+00   114102
  6.852837e+00   2.828727e+01   8.535434e-03   0.000000e+00   118584
  6.873150e+00   2.822984e+01   0.000000e+00   0.000000e+00   115546
  6.893137e+00   2.830920e+01   2.104556e-02   0.000000e+00   118984
  6.913625e+00   2.815066e+01   5.266684e-03   0.000000e+00   119526
  6.933788e+00   2.833885e+01   0.000000e+00   0.000000e+00   119436
  6.953933e+00   2.818188e+01   0.000000e+00   0.000000e+00   118632
  6.974110e+00   2.825605e+01   2.306000e-02   0.000000e+00   122510
  6.994465e+00   2.834039e+01   0.000000e+00   0.000000e+00   121680
  7.014752e+00   2.827980e+01   0.000000e+00   0.000000e+00   121434
  7.034817e+00   2.825435e+01   0.000000e+00   0.000000e+00   123928
  7.055148e+00   2.807603e+01   0.000000e+00   0.000000e+00   123910
  7.075428e+00   2.805149e+01   0.000000e+00   0.000000e+00   124452
  7.095651e+00   2.799232e+01   0.000000e+00   0.000000e+00   125376
  7.115875e+00   2.785483e+01   2.030620e-02   0.000000e+00   126638
  7.136112e+00   2.789428e+01   6.707748e-03   0.000000e+00   125844
  7.156363e+00   2.786311e+01   0.000000e+00   0.000000e+00   128142
  7.176641e+00   2.805868e+01   0.000000e+00   0.000000e+00   128136
  7.196778e+00   2.801093e+01   9.594994e-03   0.000000e+00   127642
  7.217076e+00   2.809764e+01   0.000000e+00   0.000000e+00   131968
  7.237597e+00   2.784721e+01   0.000000e+00   0.000000e+00   130326
  7.257721e+00   2.765431e+01   2.142749e-02   0.000000e+00   131688
  7.277956e+00   2.779553e+01   1.076969e-02   0.000000e+00   130212
  7.298112e+00   2.773667e+01   0.000000e+00   0.000000e+00   132686
  7.318516e+00   2.781349e+01   0.000000e+00   0.000000e+00   135960
  7.338830e+00   2.765001e+01   1.604039e-02   0.000000e+00   131562
  7.358718e+00   2.763148e+01   1.281821e-02   0.000000e+00   134016
  7.379095e+00   2.747733e+01   0.000000e+00   0.000000e+00   136478
  7.399347e+00   2.754828e+01   2.778300e-02   0.000000e+00   136812
  7.419680e+00   2.754713e+01   1.787429e-02   0.000000e+00   137856
  7.439939e+00   2.740863e+01   0.000000e+00   0.000000e+00   135862
  7.460080e+00   2.740196e+01   0.000000e+00   0.000000e+00   140056
  7.480478e+00   2.741812e+01   2.339951e-02   0.000000e+00   139602
  7.500678e+00   2.740903e+01   0.000000e+00   0.000000e+00   139080
  7.520868e+00   2.724740e+01   0.000000e+00   0.000000e+00   140678
  7.541139e+00   2.709920e+01   1.281793e-02   0.000000e+00   142884
  7.561330e+00   2.733248e+01   9.704034e-03   0.000000e+00   139992
  7.581565e+00   2.719651e+01   0.000000e+00   0.000000e+00   144966
  7.601915e+00   2.715183e+01   0.000000e+00   0.000000e+00   143364
  7.622073e+00   2.688926e+01   1.873324e-02   0.000000e+00   144518
  7.642264e+00   2.711749e+01   1.951718e-02   0.000000e+00   145200
  7.662421e+00   2.692609e+01   0.000000e+00   0.000000e+00   143466
  7.682526e+00   2.690854e+01   0.000000e+00   0.000000e+00   148824
  7.702777e+00   2.706695e+01   1.471769e-02   0.000000e+00   145544
  7.722878e+00   2.686270e+01   0.000000e+00   0.000000e+00   148590
  7.743229e+00   2.680331e+01   0.000000e+00   0.000000e+00   150540
  7.763552e+00   2.692023e+01   2.720200e-02   0.000000e+00   150134
  7.783790e+00   2.661862e+01   0.000000e+00   0.000000e+00   151296
  7.804220e+00   2.671030e+01   0.000000e+00   0.000000e+00   152058
  7.824258e+00   2.666607e+01   1.612222e-02   0.000000e+00   150864
  7.844502e+00   2.684854e+01   1.542776e-02   0.000000e+00   154310
  7.864954e+00   2.659135e+01   0.000000e+00   0.000000e+00   155172
  7.885187e+00   2.658708e+01   0.000000e+00   0.000000e+00   154128
  7.905615e+00   2.655946e+01   1.268702e-02   0.000000e+00   158310
  7.925765e+00   2.631188e+01   1.850253e-02   0.000000e+00   153436
  7.945929e+00   2.661242e+01   0.000000e+00   0.000000e+00   157726
  7.966376e+00   2.642252e+01   0.000000e+00   0.000000e+00   160368
  7.986532e+00   2.637162e+01   8.651451e-03   0.000000e+00   155718
  8.006646e+00   2.640898e+01   0.000000e+00   0.000000e+00   160028
  8.026900e+00   2.636931e+01   0.000000e+00   0.000000e+00   160920
  8.047189e+00   2.614894e+01   1.223612e-02   0.000000e+00   161070
  8.067471e+00   2.640417e+01   2.996453e-02   0.000000e+00   163428
  8.087637e+00   2.618657e+01   0.000000e+00   0.000000e+00   159574
  8.107944e+00   2.623803e+01   0.000000e+00   0.000000e+00   167392
  8.128263e+00   2.607973e+01   2.433218e-02   0.000000e+00   162258
  8.148439e+00   2.624559e+01   1.258472e-02   0.000000e+00   167472
  8.168757e+00   2.600421e+01   0.000000e+00   0.000000e+00   163664
  8.188839e+00   2.606812e+01   0.000000e+00   0.000000e+00   166986
  8.209138e+00   2.579641e+01   1.678001e-02   0.000000e+00   169968
  8.229596e+00   2.583072e+01   0.000000e+00   0.000000e+00   167646
  8.249575e+00   2.578912e+01   0.000000e+00   0.000000e+00   168080
  8.269840e+00   2.557795e+01   1.564281e-02   0.000000e+00   170826
  8.290118e+00   2.587274e+01   0.000000e+00   0.000000e+00   170928
  8.310205e+00   2.568549e+01   1.756068e-02   0.000000e+00   170640
  8.330552e+00   2.550791e+01   0.000000e+00   0.000000e+00   173954
  8.350721e+00   2.566368e+01   2.563163e-02   0.000000e+00   173232
  8.371035e+00   2.563628e+01   0.000000e+00   0.000000e+00   174150
  8.391291e+00   2.547037e+01   3.598191e-03   0.000000e+00   176364
  8.411515e+00   2.543801e+01   1.655519e-02   0.000000e+00   175302
  8.431752e+00   2.535785e+01   8.062808e-03   0.000000e+00   177392
  8.451927e+00   2.521629e+01   1.788648e-02   0.000000e+00   176352
  8.472258e+00   2.524915e+01   0.000000e+00   0.000000e+00   180330
  8.492585e+00   2.514139e+01   8.853236e-03   0.000000e+00   180712
  8.512823e+00   2.521213e+01   1.533320e-02   0.000000e+00   179350
  8.533123e+00   2.512925e+01   1.297476e-02   0.000000e+00   183396
  8.553474e+00   2.500032e+01   0.000000e+00   0.000000e+00   180390
  8.573472e+00   2.506609e+01   0.000000e+00   0.000000e+00   181944
  8.593810e+00   2.514935e+01   0.000000e+00   0.000000e+00   185450
  8.614195e+00   2.488191e+01   7.711516e-03   0.000000e+00   186192
  8.634351e+00   2.499005e+01   1.916021e-02   0.000000e+00   183432
  8.654529e+00   2.465706e+01   0.000000e+00   0.000000e+00   185362
  8.674667e+00   2.469101e+01   6.249620e-03   0.000000e+00   188464
  8.695071e+00   2.466959e+01   0.000000e+00   0.000000e+00   188046
  8.715341e+00   2.468391e+01   1.293854e-02   0.000000e+00   191304
  8.735544e+00   2.446886e+01   2.415532e-02   0.000000e+00   186690
  8.755841e+00   2.449020e+01   0.000000e+00   0.000000e+00   194072
  8.776006e+00   2.445585e+01   2.080325e-02   0.000000e+00   188688
  8.796171e+00   2.438730e+01   0.000000e+00   0.000000e+00   192786
  8.816359e+00   2.440735e+01   9.593279e-03   0.000000e+00   193352
  8.836765e+00   2.432487e+01   0.000000e+00   0.000000e+00   195702
  8.856953e+00   2.436464e+01   2.756927e-02   0.000000e+00   195132
  8.877224e+00   2.417204e+01   0.000000e+00   0.000000e+00   195726
  8.897426e+00   2.416706e+01   0.000000e+00   0.000000e+00   197416
  8.917635e+00   2.414794e+01   6.405206e-03   0.000000e+00   196564
  8.937911e+00   2.404962e+01   1.946165e-02   0.000000e+00   201198
  8.958149e+00   2.397884e+01   0.000000e+00   0.000000e+00   197136
  8.978232e+00   2.405497e+01   0.000000e+00   0.000000e+00   199358
  8.998408e+00   2.404490e+01   2.678873e-02   0.000000e+00   203532
  9.018805e+00   2.393017e+01   0.000000e+00   0.000000e+00   201438
  9.039004e+00   2.379595e+01   0.000000e+00   0.000000e+00   203664
  9.059198e+00   2.377693e+01   2.688118e-02   0.000000e+00   203972
  9.079435e+00   2.376112e+01   2.091909e-02   0.000000e+00   205974
  9.099754e+00   2.376074e+01   0.000000e+00   0.000000e+00   205752
  9.120101e+00   2.373770e+01   0.000000e+00   0.000000e+00   207810
  9.140113e+00   2.355644e+01   3.536623e-02   0.000000e+00   206384
  9.160528e+00   2.348567e+01   0.000000e+00   0.000000e+00   210966
  9.180839e+00   2.339346e+01   0.000000e+00   0.000000e+00   210516
  9.201116e+00   2.337529e+01   0.000000e+00   0.000000e+00   209766
  9.221260e+00   2.336582e+01   3.948997e-02   0.000000e+00   212376
  9.241567e+00   2.331470e+01   0.000000e+00   0.000000e+00   212960
  9.261979e+00   2.319270e+01   0.000000e+00   0.000000e+00   214626
  9.282118e+00   2.320576e+01   2.889101e-02   0.000000e+00   213696
  9.302352e+00   2.303000e+01   2.881646e-02   0.000000e+00   215734
  9.322541e+00   2.316371e+01   0.000000e+00   0.000000e+00   213220
  9.342743e+00   2.299387e+01   0.000000e+00   0.000000e+00   219102
  9.363057e+00   2.296699e+01   3.347164e-02   0.000000e+00   220872
  9.383271e+00   2.282902e+01   4.879914e-02   0.000000e+00   216556
  9.403502e+00   2.280752e+01   3.769429e-02   0.000000e+00   221494
  9.423682e+00   2.296564e+01   4.203670e-02   0.000000e+00   219096
  9.443993e+00   2.284308e+01   3.009984e-02   0.000000e+00   224262
  9.464371e+00   2.269777e+01   0.000000e+00   0.000000e+00   222508
  9.484615e+00   2.268221e+01   0.000000e+00   0.000000e+00   222502
  9.504704e+00   2.271321e+01   3.895386e-02   0.000000e+00   227280
  9.525039e+00   2.249335e+01   1.856143e-02   0.000000e+00   223644
  9.545252e+00   2.253033e+01   0.000000e+00   0.000000e+00   226222
  9.565492e+00   2.243317e+01   0.000000e+00   0.000000e+00   229840
  9.585792e+00   2.238248e+01   2.516294e-02   0.000000e+00   228042
  9.605888e+00   2.244538e+01   0.000000e+00   0.000000e+00   227472
  9.626109e+00   2.233082e+01   0.000000e+00   0.000000e+00   230990
  9.646387e+00   2.229060e+01   5.664115e-03   0.000000e+00   233532
  9.666620e+00   2.228056e+01   2.916995e-02   0.000000e+00   231288
  9.686950e+00   2.216296e+01   0.000000e+00   0.000000e+00   233718
  9.707048e+00   2.199188e+01   0.000000e+00   0.000000e+00   232704
  9.727332e+00   2.205394e+01   3.036237e-02   0.000000e+00   239282
  9.747652e+00   2.207918e+01   3.693555e-02   0.000000e+00   234912
  9.767996e+00   2.184552e+01   0.000000e+00   0.000000e+00   238278
  9.788070e+00   2.176939e+01   3.594007e-02   0.000000e+00   237460
  9.808159e+00   2.179145e+01   2.658484e-02   0.000000e+00   236662
  9.828636e+00   2.188694e+01   0.000000e+00   0.000000e+00   246336
  9.849101e+00   2.170975e+01   0.000000e+00   0.000000e+00   241092
  9.869226e+00   2.179573e+01   3.421133e-02   0.000000e+00   242414
  9.889507e+00   2.170222e+01   1.347315e-02   0.000000e+00   243552
  9.909811e+00   2.161759e+01   0.000000e+00   0.000000e+00   243474
  9.929872e+00   2.153542e+01   2.399936e-02   0.000000e+00   245112
  9.950185e+00   2.148851e+01   2.581455e-02   0.000000e+00   246894
  9.970398e+00   2.152612e+01   1.910074e-02   0.000000e+00   247448
  9.990729e+00   2.141864e+01   0.000000e+00   0.000000e+00   247404
  1.001083e+01   2.131020e+01   3.877874e-02   0.000000e+00   249990
  1.003099e+01   2.146994e+01   3.674511e-02   0.000000e+00   249512
  1.005146e+01   2.127788e+01   0.000000e+00   0.000000e+00   253890
  1.007168e+01   2.128134e+01   0.000000e+00   0.000000e+00   250728
  1.009176e+01   2.113911e+01   4.678449e-02   0.000000e+00   253950
  1.011209e+01   2.121305e+01   0.000000e+00   0.000000e+00   254140
  1.013236e+01   2.111008e+01   0.000000e+00   0.000000e+00   255880
  1.015264e+01   2.098855e+01   3.012739e-02   0.000000e+00   258942
  1.017273e+01   2.110536e+01   4.450041e-02   0.000000e+00   253836
  1.019308e+01   2.105664e+01   0.000000e+00   0.000000e+00   260534
  1.021339e+01   2.094055e+01   0.000000e+00   0.000000e+00   259992
  1.023345e+01   2.087630e+01   4.578042e-02   0.000000e+00   258894
  1.025374e+01   2.091236e+01   3.666969e-02   0.000000e+00   263364
  1.027404e+01   2.066100e+01   0.000000e+00   0.000000e+00   259536
  1.029404e+01   2.072842e+01   2.003628e-02   0.000000e+00   263438
  1.031427e+01   2.069319e+01   4.111863e-02   0.000000e+00   265740
  1.033461e+01   2.054894e+01   0.000000e+00   0.000000e+00   264894
  1.035491e+01   2.067998e+01   0.000000e+00   0.000000e+00   269184
  1.037510e+01   2.057963e+01   3.954289e-02   0.000000e+00   266138
  1.039529e+01   2.062482e+01   2.800826e-02   0.000000e+00   270528
  1.041568e+01   2.062372e+01   0.000000e+00   0.000000e+00   268182
  1.043580e+01   2.058949e+01   0.000000e+00   0.000000e+00   270960
  1.045597e+01   2.034648e+01   4.799069e-02   0.000000e+00   274580
  1.047660e+01   2.030371e+01   0.000000e+00   0.000000e+00   276078
  1.049687e+01   2.040713e+01   0.000000e+00   0.000000e+00   273600
  1.051701e+01   2.023878e+01   3.964438e-02   0.000000e+00   274698
  1.053721e+01   2.018266e+01   4.277921e-02   0.000000e+00   276920
  1.055758e+01   2.029785e+01   0.000000e+00   0.000000e+00   276774
  1.057783e+01   2.020631e+01   0.000000e+00   0.000000e+00   279972
  1.059787e+01   2.014799e+01   3.469152e-02   0.000000e+00   276144
  1.061817e+01   2.001573e+01   1.541798e-02   0.000000e+00   282590
  1.063851e+01   2.006798e+01   0.000000e+00   0.000000e+00   282300
  1.065876e+01   1.989870e+01   0.000000e+00   0.000000e+00   283926
  1.067881e+01   1.999878e+01   4.624911e-02   0.000000e+00   279792
  1.069920e+01   1.995126e+01   0.000000e+00   0.000000e+00   287870
  1.071957e+01   1.990218e+01   0.000000e+00   0.000000e+00   286428
  1.073959e+01   1.986466e+01   4.449685e-02   0.000000e+00   284808
  1.075985e+01   1.989561e+01   1.607754e-02   0.000000e+00   289158
  1.078023e+01   1.978298e+01   0.000000e+00   0.000000e+00   290204
  1.080046e+01   1.984637e+01   0.000000e+00   0.000000e+00   290382
  1.082061e+01   1.971599e+01   3.026426e-02   0.000000e+00   291912
  1.084097e+01   1.969391e+01   0.000000e+00   0.000000e+00   290754
  1.086111e+01   1.973021e+01   1.688720e-02   0.000000e+00   296096
  1.088147e+01   1.965063e+01   2.578020e-02   0.000000e+00   294552
  1.090159e+01   1.968795e+01   4.562846e-02   0.000000e+00   293466
  1.092180e+01   1.966554e+01   0.000000e+00   0.000000e+00   296904
  1.094212e+01   1.961750e+01   0.000000e+00   0.000000e+00   298358
  1.096213e+01   1.949482e+01   4.518238e-02   0.000000e+00   297840
  1.098250e+01   1.948341e+01   1.813862e-02   0.000000e+00   301338
  1.100284e+01   1.941900e+01   0.000000e+00   0.000000e+00   300336
  1.102287e+01   1.937917e+01   4.827284e-02   0.000000e+00   303584
  1.104323e+01   1.948117e+01   3.988257e-02   0.000000e+00   304098
  1.106362e+01   1.944176e+01   0.000000e+00   0.000000e+00   304488
  1.108375e+01   1.937223e+01   4.385474e-02   0.000000e+00   306678
  1.110405e+01   1.933535e+01   0.000000e+00   0.000000e+00   305732
  1.112430e+01   1.934628e+01   1.556993e-02   0.000000e+00   309894
  1.114461e+01   1.931608e+01   2.274092e-02   0.000000e+00   310200
  1.116485e+01   1.915615e+01   0.000000e+00   0.000000e+00   307074
  1.118499e+01   1.930603e+01   4.539866e-02   0.000000e+00   315656
  1.120542e+01   1.926314e+01   0.000000e+00   0.000000e+00   310704
  1.122575e+01   1.918667e+01   0.000000e+00   0.000000e+00   314310
  1.124565e+01   1.917287e+01   5.373710e-02   0.000000e+00   312412
  1.126607e+01   1.905947e+01   0.000000e+00   0.000000e+00   318310
  1.128641e+01   1.912256e+01   0.000000e+00   0.000000e+00   315648
  1.130649e+01   1.909202e+01   4.243723e-02   0.000000e+00   320610
  1.132671e+01   1.912258e+01   0.000000e+00   0.000000e+00   313944
  1.134697e+01   1.897612e+01   0.000000e+00   0.000000e+00   325880
  1.136725e+01   1.903858e+01   4.255818e-02   0.000000e+00   319146
  1.138752e+01   1.897927e+01   0.000000e+00   0.000000e+00   322896
  1.140760e+01   1.900189e+01   4.691739e-02   0.000000e+00   322206
  1.142792e+01   1.902164e+01   0.000000e+00   0.000000e+00   327416
  1.144835e+01   1.900558e+01   0.000000e+00   0.000000e+00   325602
  1.146834e+01   1.892261e+01   5.751373e-02   0.000000e+00   328248
  1.148865e+01   1.884402e+01   0.000000e+00   0.000000e+00   326088
  1.150908e+01   1.891705e+01   0.000000e+00   0.000000e+00   331658
  1.152907e+01   1.894438e+01   5.172525e-02   0.000000e+00   331584
  1.154943e+01   1.880183e+01   2.434373e-02   0.000000e+00   330630
  1.156976e+01   1.881126e+01   0.000000e+00   0.000000e+00   333204
  1.158972e+01   1.887081e+01   5.882723e-02   0.000000e+00   333470
  1.161019e+01   1.884675e+01   0.000000e+00   0.000000e+00   335688
  1.163031e+01   1.872347e+01   1.969541e-02   0.000000e+00   336828
  1.165052e+01   1.880323e+01   2.643366e-02   0.000000e+00   337662
  1.167092e+01   1.880947e+01   0.000000e+00   0.000000e+00   338960
  1.169084e+01   1.884086e+01   5.394599e-02   0.000000e+00   338262
  1.171119e+01   1.881605e+01   4.475973e-02   0.000000e+00   344388
  1.173172e+01   1.875690e+01   0.000000e+00   0.000000e+00   342486
  1.175158e+01   1.886752e+01   6.869271e-02   0.000000e+00   343592
  1.177209e+01   1.879155e+01   9.076095e-03   0.000000e+00   347130
  1.179251e+01   1.882731e+01   0.000000e+00   0.000000e+00   346152
  1.181244e+01   1.881361e+01   6.442607e-02   0.000000e+00   345856
  1.183291e+01   1.889638e+01   0.000000e+00   0.000000e+00   349354
  1.185320e+01   1.888739e+01   0.000000e+00   0.000000e+00   352032
  1.187332e+01   1.889562e+01   5.391702e-02   0.000000e+00   348582
  1.189375e+01   1.884134e+01   0.000000e+00   0.000000e+00   352244
  1.191364e+01   1.878075e+01   6.620047e-02   0.000000e+00   351582
  1.193405e+01   1.891022e+01   1.345523e-02   0.000000e+00   357144
  1.195452e+01   1.887135e+01   0.000000e+00   0.000000e+00   355560
  1.197446e+01   1.880137e+01   6.202411e-02   0.000000e+00   354551
  1.199485e+01   1.880956e+01   9.986288e-03   0.000000e+00   358044
  1.201531e+01   1.873219e+01   0.000000e+00   0.000000e+00   355272
  1.203516e+01   1.864416e+01   6.786307e-02   0.000000e+00   352044
  1.205550e+01   1.859244e+01   0.000000e+00   0.000000e+00   352344
  1.207583e+01   1.854186e+01   0.000000e+00   0.000000e+00   356516
  1.209593e+01   1.848659e+01   4.771958e-02   0.000000e+00   352848
  1.211652e+01   1.844456e+01   0.000000e+00   0.000000e+00   352980
  1.213648e+01   1.839406e+01   4.036015e-02   0.000000e+00   348948
  1.215669e+01   1.833187e+01   3.541483e-02   0.000000e+00   351692
  1.217729e+01   1.825495e+01   0.000000e+00   0.000000e+00   353064
  1.219717e+01   1.821432e+01   6.046763e-02   0.000000e+00   345624
  1.221740e+01   1.815292e+01   0.000000e+00   0.000000e+00   347844
  1.223787e+01   1.807712e+01   0.000000e+00   0.000000e+00   351020
  1.225784e+01   1.808174e+01   5.645117e-02   0.000000e+00   345852
  1.227818e+01   1.798726e+01   1.020525e-02   0.000000e+00   347040
  1.229855e+01   1.798288e+01   0.000000e+00   0.000000e+00   345928
  1.231852e+01   1.795251e+01   5.676229e-02   0.000000e+00   347020
  1.233898e+01   1.779536e+01   0.000000e+00   0.000000e+00   343032
  1.235915e+01   1.785822e+01   0.000000e+00   0.000000e+00   343620
  1.237922e+01   1.779762e+01   5.852523e-02   0.000000e+00   343988
  1.239984e+01   1.771750e+01   0.000000e+00   0.000000e+00   344556
  1.241988e+01   1.767016e+01   4.335641e-02   0.000000e+00   343632
  1.244027e+01   1.757448e+01   0.000000e+00   0.000000e+00   340392
  1.246062e+01   1.756282e+01   0.000000e+00   0.000000e+00   339408
  1.248051e+01   1.741596e+01   7.230702e-02   0.000000e+00   341864
  1.250106e+01   1.744889e+01   0.000000e+00   0.000000e+00   341964
  1.252140e+01   1.743662e+01   0.000000e+00   0.000000e+00   334380
  1.254111e+01   1.729584e+01   6.809223e-02   0.000000e+00   336504
  1.256164e+01   1.729403e+01   1.642575e-02   0.000000e+00   339560
  1.258197e+01   1.721896e+01   0.000000e+00   0.000000e+00   336384
  1.260204e+01   1.722385e+01   7.151061e-02   0.000000e+00   337404
  1.262252e+01   1.709788e+01   0.000000e+00   0.000000e+00   330156
  1.264248e+01   1.709313e+01   5.600863e-02   0.000000e+00   337808
  1.266291e+01   1.704075e+01   0.000000e+00   0.000000e+00   332748
  1.268331e+01   1.701237e+01   0.000000e+00   0.000000e+00   333612
  1.270325e+01   1.691829e+01   5.731343e-02   0.000000e+00   331860
  1.272358e+01   1.691935e+01   2.731116e-02   0.000000e+00   328376
  1.274388e+01   1.685044e+01   0.000000e+00   0.000000e+00   331140
  1.276394e+01   1.682302e+01   6.845315e-02   0.000000e+00   332988
  1.278429e+01   1.676647e+01   2.731929e-02   0.000000e+00   325224
  1.280470e+01   1.663006e+01   0.000000e+00   0.000000e+00   331544
  1.282473e+01   1.668868e+01   6.485772e-02   0.000000e+00   327264
  1.284507e+01   1.659480e+01   0.000000e+00   0.000000e+00   322308
  1.286522e+01   1.653537e+01   2.386952e-02   0.000000e+00   328136
  1.288528e+01   1.644589e+01   4.870221e-02   0.000000e+00   323172
  1.290581e+01   1.641953e+01   0.000000e+00   0.000000e+00   325248
  1.292583e+01   1.637197e+01   6.099837e-02   0.000000e+00   324096
  1.294612e+01   1.640077e+01   0.000000e+00   0.000000e+00   321540
  1.296661e+01   1.628652e+01   0.000000e+00   0.000000e+00   323744
  1.298644e+01   1.628650e+01   6.719766e-02   0.000000e+00   317400
  1.300679e+01   1.620896e+01   1.585135e-02   0.000000e+00   322560
  1.302731e+01   1.607491e+01   0.000000e+00   0.000000e+00   320076
  1.304720e+01   1.616788e+01   7.020668e-02   0.000000e+00   317204
  1.306785e+01   1.600585e+01   0.000000e+00   0.000000e+00   323064
  1.308817e+01   1.598095e+01   0.000000e+00   0.000000e+00   315204
  1.310801e+01   1.600109e+01   7.628801e-02   0.000000e+00   315416
  1.312872e+01   1.588488e+01   0.000000e+00   0.000000e+00   316884
  1.314868e+01   1.581650e+01   4.679641e-02   0.000000e+00   312876
  1.316891e+01   1.585733e+01   5.350888e-02   0.000000e+00   315540
  1.318952e+01   1.583701e+01   0.000000e+00   0.000000e+00   312576
  1.320931e+01   1.573435e+01   7.567769e-02   0.000000e+00   312140
  1.322977e+01   1.560737e+01   1.938372e-02   0.000000e+00   310356
  1.325022e+01   1.561677e+01   0.000000e+00   0.000000e+00   311232
  1.327002e+01   1.565892e+01   6.798546e-02   0.000000e+00   307584
  1.329050e+01   1.550967e+01   3.224868e-02   0.000000e+00   310616
  1.331081e+01   1.551436e+01   0.000000e+00   0.000000e+00   304200
  1.333062e+01   1.545597e+01   7.582322e-02   0.000000e+00   306792
  1.335127e+01   1.552234e+01   0.000000e+00   0.000000e+00   306168
  1.337128e+01   1.538315e+01   0.000000e+00   0.000000e+00   304448
  1.339159e+01   1.540163e+01   6.539891e-02   0.000000e+00   308580
  1.341216e+01   1.529894e+01   0.000000e+00   0.000000e+00   299568
  1.343196e+01   1.524821e+01   6.542217e-02   0.000000e+00   304416
  1.345248e+01   1.522639e+01   3.632977e-02   0.000000e+00   302216
  1.347289e+01   1.522195e+01   0.000000e+00   0.000000e+00   300084
  1.349278e+01   1.518605e+01   8.247430e-02   0.000000e+00   299340
  1.351313e+01   1.515508e+01   0.000000e+00   0.000000e+00   296688
  1.353351e+01   1.508461e+01   0.000000e+00   0.000000e+00   298820
  1.355339e+01   1.495029e+01   7.899619e-02   0.000000e+00   296916
  1.357395e+01   1.500561e+01   0.000000e+00   0.000000e+00   295920
  1.359407e+01   1.494948e+01   6.721133e-03   0.000000e+00   292692
  1.361403e+01   1.483228e+01   7.248610e-02   0.000000e+00   295892
  1.363479e+01   1.475589e+01   0.000000e+00   0.000000e+00   293064
  1.365474e+01   1.475689e+01   3.940457e-02   0.000000e+00   293220
  1.367491e+01   1.474652e+01   3.526675e-02   0.000000e+00   286804
  1.369536e+01   1.473069e+01   0.000000e+00   0.000000e+00   293080
  1.371539e+01   1.466154e+01   7.228308e-02   0.000000e+00   291816
  1.373591e+01   1.472602e+01   0.000000e+00   0.000000e+00   287784
  1.375625e+01   1.462634e+01   0.000000e+00   0.000000e+00   286760
  1.377611e+01   1.459043e+01   7.607689e-02   0.000000e+00   287088
  1.379659e+01   1.457497e+01   0.000000e+00   0.000000e+00   286176
  1.381700e+01   1.446732e+01   0.000000e+00   0.000000e+00   284184
  1.383681e+01   1.435248e+01   6.766523e-02   0.000000e+00   282220
  1.385749e+01   1.437955e+01   0.000000e+00   0.000000e+00   284452
  1.387753e+01   1.438474e+01   0.000000e+00   0.000000e+00   279516
  1.389763e+01   1.435374e+01   7.390115e-02   0.000000e+00   282696
  1.391834e+01   1.422784e+01   0.000000e+00   0.000000e+00   278676
  1.393814e+01   1.426891e+01   7.532800e-02   0.000000e+00   279512
  1.395854e+01   1.417964e+01   6.959858e-03   0.000000e+00   276672
  1.397899e+01   1.410783e+01   0.000000e+00   0.000000e+00   276036
  1.399870e+01   1.419107e+01   7.355187e-02   0.000000e+00   274416
  1.401919e+01   1.410136e+01   3.370748e-02   0.000000e+00   275384
  1.403966e+01   1.405768e+01   0.000000e+00   0.000000e+00   274560
  1.405954e+01   1.410057e+01   8.124655e-02   0.000000e+00   272220
  1.408013e+01   1.405673e+01   0.000000e+00   0.000000e+00   270492
  1.410028e+01   1.389557e+01   0.000000e+00   0.000000e+00   271532
  1.412045e+01   1.395962e+01   4.910303e-02   0.000000e+00   272052
  1.414094e+01   1.392444e+01   0.000000e+00   0.000000e+00   264372
  1.416075e+01   1.382917e+01   4.397904e-02   0.000000e+00   268652
  1.418118e+01   1.379318e+01   5.023380e-02   0.000000e+00   266760
  1.420152e+01   1.378362e+01   0.000000e+00   0.000000e+00   262536
  1.422144e+01   1.381546e+01   8.011290e-02   0.000000e+00   266460
  1.424186e+01   1.369680e+01   0.000000e+00   0.000000e+00   261560
  1.426218e+01   1.363474e+01   0.000000e+00   0.000000e+00   262236
  1.428218e+01   1.377094e+01   7.157590e-02   0.000000e+00   261708
  1.430257e+01   1.361236e+01   0.000000e+00   0.000000e+00   258960
  1.432291e+01   1.358726e+01   0.000000e+00   0.000000e+00   258376
  1.434280e+01   1.353577e+01   6.867220e-02   0.000000e+00   258304
  1.436353e+01   1.355955e+01   0.000000e+00   0.000000e+00   259368
  1.438358e+01   1.347931e+01   3.268566e-02   0.000000e+00   253332
  1.440365e+01   1.348083e+01   7.161360e-02   0.000000e+00   254448
  1.442431e+01   1.343114e+01   0.000000e+00   0.000000e+00   255248
  1.444424e+01   1.340567e+01   7.409947e-02   0.000000e+00   252180
  1.446469e+01   1.337740e+01   2.771213e-02   0.000000e+00   252744
  1.448508e+01   1.337296e+01   0.000000e+00   0.000000e+00   247348
  1.450487e+01   1.337140e+01   8.926002e-02   0.000000e+00   250432
  1.452536e+01   1.326689e+01   0.000000e+00   0.000000e+00   247860
  1.454584e+01   1.333438e+01   0.000000e+00   0.000000e+00   247716
  1.456564e+01   1.327657e+01   7.479068e-02   0.000000e+00   242472
  1.458627e+01   1.314975e+01   0.000000e+00   0.000000e+00   248672
  1.460638e+01   1.323443e+01   3.410583e-02   0.000000e+00   239352
  1.462638e+01   1.310643e+01   6.036073e-02   0.000000e+00   245088
  1.464704e+01   1.305095e+01   0.000000e+00   0.000000e+00   239232
  1.466684e+01   1.307915e+01   7.958535e-02   0.000000e+00   240320
  1.468736e+01   1.306729e+01   0.000000e+00   0.000000e+00   239340
  1.470784e+01   1.296697e+01   0.000000e+00   0.000000e+00   237636
  1.472755e+01   1.296375e+01   7.622236e-02   0.000000e+00   235980
  1.474803e+01   1.295705e+01   0.000000e+00   0.000000e+00   235304
  1.476846e+01   1.297787e+01   0.000000e+00   0.000000e+00   234576
  1.478832e+01   1.295897e+01   7.051682e-02   0.000000e+00   232788
  1.480880e+01   1.287936e+01   0.000000e+00   0.000000e+00   230400
  1.482901e+01   1.289759e+01   0.000000e+00   0.000000e+00   231836
  1.484909e+01   1.275965e+01   7.578693e-02   0.000000e+00   231288
  1.486979e+01   1.281598e+01   0.000000e+00   0.000000e+00   226536
  1.488961e+01   1.287608e+01   5.946804e-02   0.000000e+00   226084
  1.490981e+01   1.276926e+01   5.108349e-02   0.000000e+00   227116
  1.493044e+01   1.269698e+01   0.000000e+00   0.000000e+00   223800
  1.495026e+01   1.269348e+01   8.127309e-02   0.000000e+00   223884
  1.497067e+01   1.268005e+01   0.000000e+00   0.000000e+00   222360
  1.499112e+01   1.266026e+01   0.000000e+00   0.000000e+00   221156
  1.501107e+01   1.266501e+01   9.069018e-02   0.000000e+00   221724
  1.503161e+01   1.267996e+01   0.000000e+00   0.000000e+00   217584
  1.505188e+01   1.260027e+01   0.000000e+00   0.000000e+00   217576
  1.507175e+01   1.263248e+01   9.354858e-02   0.000000e+00   215464
  1.509237e+01   1.254513e+01   0.000000e+00   0.000000e+00   215472
  1.511247e+01   1.254341e+01   2.452554e-02   0.000000e+00   213768
  1.513249e+01   1.256708e+01   8.094572e-02   0.000000e+00   210956
  1.515303e+01   1.249539e+01   0.000000e+00   0.000000e+00   211788
  1.517310e+01   1.251812e+01   4.435863e-02   0.000000e+00   211092
  1.519347e+01   1.249648e+01   3.122531e-02   0.000000e+00   209556
  1.521398e+01   1.247682e+01   0.000000e+00   0.000000e+00   206700
  1.523373e+01   1.240791e+01   7.668486e-02   0.000000e+00   206048
  1.525416e+01   1.248476e+01   0.000000e+00   0.000000e+00   204744
  1.527456e+01   1.238938e+01   0.000000e+00   0.000000e+00   202992
  1.529429e+01   1.243421e+01   8.529145e-02   0.000000e+00   201944
  1.531503e+01   1.239697e+01   0.000000e+00   0.000000e+00   203304
  1.533535e+01   1.231272e+01   0.000000e+00   0.000000e+00   200484
  1.535513e+01   1.230622e+01   9.095185e-02   0.000000e+00   195516
  1.537587e+01   1.235571e+01   0.000000e+00   0.000000e+00   198860
  1.539575e+01   1.226533e+01   4.033051e-02   0.000000e+00   195264
  1.541601e+01   1.231099e+01   5.931921e-02   0.000000e+00   195984
  1.543661e+01   1.228227e+01   0.000000e+00   0.000000e+00   191808
  1.545623e+01   1.226674e+01   6.969400e-02   0.000000e+00   190776
  1.547663e+01   1.222709e+01   1.773578e-02   0.000000e+00   192032
  1.549717e+01   1.213143e+01   0.000000e+00   0.000000e+00   188628
  1.551692e+01   1.224524e+01   9.630796e-02   0.000000e+00   189444
  1.553757e+01   1.215759e+01   0.000000e+00   0.000000e+00   186260
  1.555771e+01   1.217493e+01   0.000000e+00   0.000000e+00   184560
  1.557768e+01   1.214879e+01   8.740667e-02   0.000000e+00   185832
  1.559849e+01   1.212500e+01   0.000000e+00   0.000000e+00   182400
  1.561840e+01   1.211360e+01   4.167756e-02   0.000000e+00   181380
  1.563850e+01   1.204065e+01   7.290476e-02   0.000000e+00   180332
  1.565917e+01   1.198250e+01   0.000000e+00   0.000000e+00   178236
  1.567910e+01   1.210717e+01   5.321191e-02   0.000000e+00   179184
  1.569940e+01   1.212358e+01   6.745654e-02   0.000000e+00   175028
  1.571990e+01   1.207809e+01   0.000000e+00   0.000000e+00   175440
  1.573991e+01   1.204125e+01   7.195348e-02   0.000000e+00   174828
  1.576032e+01   1.198108e+01   0.000000e+00   0.000000e+00   169896
  1.578053e+01   1.205783e+01   0.000000e+00   0.000000e+00   171708
  1.580052e+01   1.202360e+01   9.264272e-02   0.000000e+00   169328
  1.582104e+01   1.193886e+01   0.000000e+00   0.000000e+00   167364
  1.584127e+01   1.208980e+01   3.348241e-02   0.000000e+00   168192
  1.586126e+01   1.193924e+01   8.326612e-02   0.000000e+00   163188
  1.588198e+01   1.199044e+01   0.000000e+00   0.000000e+00   166184
  1.590206e+01   1.195263e+01   4.201098e-02   0.000000e+00   161460
  1.592208e+01   1.197332e+01   7.656925e-02   0.000000e+00   159972
  1.594260e+01   1.200433e+01   0.000000e+00   0.000000e+00   159488
  1.596249e+01   1.201732e+01   7.167126e-02   0.000000e+00   158148
  1.598299e+01   1.199455e+01   0.000000e+00   0.000000e+00   158100
  1.600348e+01   1.192591e+01   0.000000e+00   0.000000e+00   155232
  1.602308e+01   1.190166e+01   8.233327e-02   0.000000e+00   151216
  1.604371e+01   1.195893e+01   0.000000e+00   0.000000e+00   155560
  1.606419e+01   1.187281e+01   0.000000e+00   0.000000e+00   151404
  1.608394e+01   1.185498e+01   9.761266e-02   0.000000e+00   148356
  1.610460e+01   1.185246e+01   0.000000e+00   0.000000e+00   147164
  1.612455e+01   1.188169e+01   2.748549e-02   0.000000e+00   147384
  1.614470e+01   1.195471e+01   6.704012e-02   0.000000e+00   145992
  1.616548e+01   1.183228e+01   0.000000e+00   0.000000e+00   143856
  1.618506e+01   1.180921e+01   6.511568e-02   0.000000e+00   140384
  1.620553e+01   1.191506e+01   3.363411e-02   0.000000e+00   143856
  1.622609e+01   1.177773e+01   0.000000e+00   0.000000e+00   136968
  1.624574e+01   1.196816e+01   9.017851e-02   0.000000e+00   139536
  1.626647e+01   1.185214e+01   0.000000e+00   0.000000e+00   136916
  1.628660e+01   1.176857e+01   0.000000e+00   0.000000e+00   133032
  1.630647e+01   1.185558e+01   9.096284e-02   0.000000e+00   135540
  1.632735e+01   1.180928e+01   0.000000e+00   0.000000e+00   132096
  1.634724e+01   1.175333e+01   0.000000e+00   0.000000e+00   129540
  1.636732e+01   1.178914e+01   8.865619e-02   0.000000e+00   130640
  1.638800e+01   1.160998e+01   0.000000e+00   0.000000e+00   126276
  1.640794e+01   1.190160e+01   5.292067e-02   0.000000e+00   128484
  1.642849e+01   1.174428e+01   1.394289e-02   0.000000e+00   124168
  1.644876e+01   1.165117e+01   0.000000e+00   0.000000e+00   122224
  1.646872e+01   1.175667e+01   7.980347e-02   0.000000e+00   123156
  1.648926e+01   1.158488e+01   0.000000e+00   0.000000e+00   119688
  1.650932e+01   1.178750e+01   0.000000e+00   0.000000e+00   116640
  1.652929e+01   1.160859e+01   9.396584e-02   0.000000e+00   119696
  1.654992e+01   1.147414e+01   0.000000e+00   0.000000e+00   114276
  1.657009e+01   1.174310e+01   0.000000e+00   0.000000e+00   114060
  1.659007e+01   1.153750e+01   8.772057e-02   0.000000e+00   112536
  1.661073e+01   1.143716e+01   0.000000e+00   0.000000e+00   112196
  1.663092e+01   1.154150e+01   3.935676e-02   0.000000e+00   109404
  1.665092e+01   1.141268e+01   4.998094e-02   0.000000e+00   105900
  1.667126e+01   1.170495e+01   0.000000e+00   0.000000e+00   107176
  1.669132e+01   1.148320e+01   6.578289e-02   0.000000e+00   105088
  1.671174e+01   1.136343e+01   2.148083e-02   0.000000e+00   103800
  1.673221e+01   1.150726e+01   0.000000e+00   0.000000e+00   101340
  1.675206e+01   1.132759e+01   7.392030e-02   0.000000e+00   100036
  1.677238e+01   1.133700e+01   0.000000e+00   0.000000e+00   97672
  1.679278e+01   1.129216e+01   0.000000e+00   0.000000e+00   97908
  1.681276e+01   1.127344e+01   7.790367e-02   0.000000e+00   95328
  1.683323e+01   1.133193e+01   0.000000e+00   0.000000e+00   93600
  1.685339e+01   1.118453e+01   0.000000e+00   0.000000e+00   92312
  1.687354e+01   1.119519e+01   6.509304e-02   0.000000e+00   91044
  1.689404e+01   1.101915e+01   0.000000e+00   0.000000e+00   88500
  1.691379e+01   1.094560e+01   4.943912e-02   0.000000e+00   86216
  1.693415e+01   1.101281e+01   0.000000e+00   0.000000e+00   87159
  1.695490e+01   1.085798e+01   0.000000e+00   0.000000e+00   86064
  1.697482e+01   1.090110e+01   7.752296e-02   0.000000e+00   81648
  1.699503e+01   1.089704e+01   5.596259e-03   0.000000e+00   81654
  1.701553e+01   1.070207e+01   0.000000e+00   0.000000e+00   81284
  1.703562e+01   1.076272e+01   5.718296e-02   0.000000e+00   78888
  1.705585e+01   1.062185e+01   2.062585e-02   0.000000e+00   77250
  1.707595e+01   1.070395e+01   0.000000e+00   0.000000e+00   75942
  1.709606e+01   1.055034e+01   6.109780e-02   0.000000e+00   77042
  1.711672e+01   1.061347e+01   0.000000e+00   0.000000e+00   74094
  1.713691e+01   1.066254e+01   3.161651e-02   0.000000e+00   73818
  1.715711e+01   1.050490e+01   0.000000e+00   0.000000e+00   70998
  1.717738e+01   1.048042e+01   0.000000e+00   0.000000e+00   72044
  1.719760e+01   1.043608e+01   6.383580e-02   0.000000e+00   69426
  1.721798e+01   1.050142e+01   0.000000e+00   0.000000e+00   69288
  1.723818e+01   1.051546e+01   0.000000e+00   0.000000e+00   67068
  1.725814e+01   1.038352e+01   6.550155e-02   0.000000e+00   66926
  1.727858e+01   1.047862e+01   5.420147e-02   0.000000e+00   66348
  1.729910e+01   1.030005e+01   0.000000e+00   0.000000e+00   64728
  1.731906e+01   1.033107e+01   0.000000e+00   0.000000e+00   62820
  1.733927e+01   1.038454e+01   0.000000e+00   0.000000e+00   63716
  1.735974e+01   1.037294e+01   1.384834e-02   0.000000e+00   62160
  1.737993e+01   1.025004e+01   0.000000e+00   0.000000e+00   59940
  1.739997e+01   1.028976e+01   1.586962e-02   0.000000e+00   60112
  1.742018e+01   1.022104e+01   6.099711e-02   0.000000e+00   59668
  1.744070e+01   1.013135e+01   0.000000e+00   0.000000e+00   57618
  1.746070e+01   1.021606e+01   1.930941e-02   0.000000e+00   56868
  1.748074e+01   1.033288e+01   5.923605e-02   0.000000e+00   56684
  1.750108e+01   1.012857e+01   2.793582e-02   0.000000e+00   55536
  1.752146e+01   1.012050e+01   0.000000e+00   0.000000e+00   54342
  1.754173e+01   1.013883e+01   1.963598e-02   0.000000e+00   54768
  1.756179e+01   1.009275e+01   5.976058e-02   0.000000e+00   52094
  1.758204e+01   1.002203e+01   0.000000e+00   0.000000e+00   52224
  1.760258e+01   9.999265e+00   0.000000e+00   0.000000e+00   52188
  1.762269e+01   9.911555e+00   5.283823e-02   0.000000e+00   50190
  1.764269e+01   9.987554e+00   4.400266e-02   0.000000e+00   49224
  1.766309e+01   1.000815e+01   0.000000e+00   0.000000e+00   49094
  1.768355e+01   9.952041e+00   1.581431e-02   0.000000e+00   49488
  1.770381e+01   9.869948e+00   5.504738e-02   0.000000e+00   46830
  1.772378e+01   9.936004e+00   1.668589e-02   0.000000e+00   45860
  1.774411e+01   9.946754e+00   0.000000e+00   0.000000e+00   46770
  1.776451e+01   9.921227e+00   2.041174e-02   0.000000e+00   45468
  1.778472e+01   9.980347e+00   3.869434e-02   0.000000e+00   44130
  1.780486e+01   9.943840e+00   0.000000e+00   0.000000e+00   43230
  1.782513e+01   9.912150e+00   0.000000e+00   0.000000e+00   44108
  1.784554e+01   9.906119e+00   3.715149e-02   0.000000e+00   42162
  1.786573e+01   9.811652e+00   3.501184e-02   0.000000e+00   41358
  1.788575e+01   9.892128e+00   0.000000e+00   0.000000e+00   40456
  1.790602e+01   9.894851e+00   3.415120e-02   0.000000e+00   41230
  1.792660e+01   9.746681e+00   4.430278e-02   0.000000e+00   39906
  1.794689e+01   9.790034e+00   0.000000e+00   0.000000e+00   38508
  1.796681e+01   9.868654e+00   0.000000e+00   0.000000e+00   37854
  1.798693e+01   9.745912e+00   5.287963e-02   0.000000e+00   38162
  1.800752e+01   9.659760e+00   2.739327e-02   0.000000e+00   37212
  1.802785e+01   9.740632e+00   0.000000e+00   0.000000e+00   36450
  1.804767e+01   9.851631e+00   2.720301e-02   0.000000e+00   34718
  1.806776e+01   9.635756e+00   2.399195e-02   0.000000e+00   35814
  1.808838e+01   9.620327e+00   2.041579e-02   0.000000e+00   34896
  1.810872e+01   9.807160e+00   0.000000e+00   0.000000e+00   33822
  1.812849e+01   9.834298e+00   4.288245e-02   0.000000e+00   32522
  1.814879e+01   9.662932e+00   0.000000e+00   0.000000e+00   33630
  1.816940e+01   9.735450e+00   0.000000e+00   0.000000e+00   32166
  1.818943e+01   9.722330e+00   2.296644e-02   0.000000e+00   31200
  1.820928e+01   9.837445e+00   1.361945e-02   0.000000e+00   30598
  1.822958e+01   9.699642e+00   2.086001e-02   0.000000e+00   31138
  1.825033e+01   9.700435e+00   0.000000e+00   0.000000e+00   30510
  1.827054e+01   9.787287e+00   3.032177e-02   0.000000e+00   28998
  1.829037e+01   9.676883e+00   1.016356e-02   0.000000e+00   28290
  1.831064e+01   9.516543e+00   4.221400e-02   0.000000e+00   29126
  1.833140e+01   9.644781e+00   0.000000e+00   0.000000e+00   28008
  1.835164e+01   9.790183e+00   1.444407e-02   0.000000e+00   27222
  1.837164e+01   9.674141e+00   1.874365e-02   0.000000e+00   26426
  1.839188e+01   9.669570e+00   6.271905e-03   0.000000e+00   26694
  1.841238e+01   9.722894e+00   2.453714e-02   0.000000e+00   25734
  1.843269e+01   9.697650e+00   0.000000e+00   0.000000e+00   25458
  1.845263e+01   9.759547e+00   0.000000e+00   0.000000e+00   24198
  1.847298e+01   9.650291e+00   0.000000e+00   0.000000e+00   25034
  1.849356e+01   9.856998e+00   1.875227e-02   0.000000e+00   23718
  1.851364e+01   9.730015e+00   0.000000e+00   0.000000e+00   23094
  1.853340e+01   9.596159e+00   2.750764e-02   0.000000e+00   22416
  1.855375e+01   9.758499e+00   7.964599e-03   0.000000e+00   23078
  1.857463e+01   9.795271e+00   0.000000e+00   0.000000e+00   22386
  1.859485e+01   9.867666e+00   0.000000e+00   0.000000e+00   21126
  1.861444e+01   9.751295e+00   0.000000e+00   0.000000e+00   20366
  1.863462e+01   9.666077e+00   3.775288e-02   0.000000e+00   21354
  1.865555e+01   9.869303e+00   0.000000e+00   0.000000e+00   20478
  1.867575e+01   9.712212e+00   0.000000e+00   0.000000e+00   19458
  1.869534e+01   9.763398e+00   3.998649e-03   0.000000e+00   18758
  1.871554e+01   9.805304e+00   4.025566e-02   0.000000e+00   19566
  1.873644e+01   9.669476e+00   2.773720e-02   0.000000e+00   18858
  1.875673e+01   9.760715e+00   1.272921e-02   0.000000e+00   17790
  1.877626e+01   9.965066e+00   0.000000e+00   0.000000e+00   17114
  1.879650e+01   9.775218e+00   0.000000e+00   0.000000e+00   17982
  1.881738e+01   9.875564e+00   0.000000e+00   0.000000e+00   17190
  1.883772e+01   9.709555e+00   0.000000e+00   0.000000e+00   16458
  1.885723e+01   9.962173e+00   3.064279e-02   0.000000e+00   15494
  1.887743e+01   9.719557e+00   9.054320e-03   0.000000e+00   16374
  1.889844e+01   9.823233e+00   0.000000e+00   0.000000e+00   15858
  1.891881e+01   9.863723e+00   0.000000e+00   0.000000e+00   14862
  1.893824e+01   9.901120e+00   0.000000e+00   0.000000e+00   14082
  1.895852e+01   9.745984e+00   0.000000e+00   0.000000e+00   14990
  1.897959e+01   1.008261e+01   1.363285e-02   0.000000e+00   14358
  1.899989e+01   9.885263e+00   0.000000e+00   0.000000e+00   13386
  1.901912e+01   9.961115e+00   0.000000e+00   0.000000e+00   12678
  1.903943e+01   9.829494e+00   2.115848e-02   0.000000e+00   13700
  1.906063e+01   1.007014e+01   1.359806e-02   0.000000e+00   12942
  1.908098e+01   9.994699e+00   3.715080e-02   0.000000e+00   12198
  1.909999e+01   9.832948e+00   0.000000e+00   0.000000e+00   11106
  1.912016e+01   9.875761e+00   5.359001e-03   0.000000e+00   12494
  1.914143e+01   1.007340e+01   2.771610e-02   0.000000e+00   11610
  1.916194e+01   1.004214e+01   0.000000e+00   0.000000e+00   11094
  1.918096e+01   1.006108e+01   1.713404e-02   0.000000e+00   9902
  1.920105e+01   1.017475e+01   1.339020e-02   0.000000e+00   11226
  1.922232e+01   9.925250e+00   0.000000e+00   0.000000e+00   10326
  1.924284e+01   1.022945e+01   1.870685e-02   0.000000e+00   10074
  1.926202e+01   1.025934e+01   4.264453e-03   0.000000e+00   8766
  1.928194e+01   1.006768e+01   0.000000e+00   0.000000e+00   9950
  1.930317e+01   1.037091e+01   8.986195e-03   0.000000e+00   9252
  1.932368e+01   1.019472e+01   0.000000e+00   0.000000e+00   8886
  1.934284e+01   1.049886e+01   0.000000e+00   0.000000e+00   7850
  1.936294e+01   1.049536e+01   6.054203e-03   0.000000e+00   8886
  1.938421e+01   1.035506e+01   0.000000e+00   0.000000e+00   8142
  1.940449e+01   1.078113e+01   1.534857e-02   0.000000e+00   7746
  1.942343e+01   1.050364e+01   2.104525e-02   0.000000e+00   6926
  1.944391e+01   1.072637e+01   0.000000e+00   0.000000e+00   7974
  1.946526e+01   1.054433e+01   1.851804e-02   0.000000e+00   7074
  1.948530e+01   1.067336e+01   0.000000e+00   0.000000e+00   6744
  1.950414e+01   1.049202e+01   2.166111e-02   0.000000e+00   6114
  1.952497e+01   1.028231e+01   0.000000e+00   0.000000e+00   7094
  1.954669e+01   1.055386e+01   0.000000e+00   0.000000e+00   6174
  1.956649e+01   1.045186e+01   0.000000e+00   0.000000e+00   5754
  1.958482e+01   1.080071e+01   0.000000e+00   0.000000e+00   5214
  1.960593e+01   1.077980e+01   0.000000e+00   0.000000e+00   6338
  1.962823e+01   1.055403e+01   1.037055e-02   0.000000e+00   5352
  1.964780e+01   1.075548e+01   0.000000e+00   0.000000e+00   4830
  1.966529e+01   1.106476e+01   7.591353e-03   0.000000e+00   4338
  1.968652e+01   1.077311e+01   0.000000e+00   0.000000e+00   5558
  1.970977e+01   1.121750e+01   1.464528e-02   0.000000e+00   4866
  1.972974e+01   1.095248e+01   2.352177e-02   0.000000e+00   3846
  1.974563e+01   1.167096e+01   0.000000e+00   0.000000e+00   3518
  1.976695e+01   1.135227e+01   2.069371e-02   0.000000e+00   4812
  1.979088e+01   1.113756e+01   6.905271e-03   0.000000e+00   4278
  1.981163e+01   1.111927e+01   1.887004e-02   0.000000e+00   3174
  1.982600e+01   1.150528e+01   0.000000e+00   0.000000e+00   2738
  1.984723e+01   1.097105e+01   9.757389e-03   0.000000e+00   4086
  1.987166e+01   1.153106e+01   0.000000e+00   0.000000e+00   3666
  1.989339e+01   1.138542e+01   1.411773e-02   0.000000e+00   2712
  1.990636e+01   1.267083e+01   8.061605e-03   0.000000e+00   1998
  1.992748e+01   1.155101e+01   1.131555e-02   0.000000e+00   3434
  1.995242e+01   1.183659e+01   0.000000e+00   0.000000e+00   3078
  1.997519e+01   1.164856e+01   9.897240e-03   0.000000e+00   2334
  1.998677e+01   1.102392e+01   0.000000e+00   3.105613e-01   1340
  2.000771e+01   1.179936e+01   0.000000e+00   0.000000e+00   2838
  2.003323e+01   1.195150e+01   0.000000e+00   0.000000e+00   2538
  2.005707e+01   1.222905e+01   8.353460e-03   0.000000e+00   1974
  2.006661e+01   1.141097e+01   1.262420e-02   4.071481e-01   774
  2.008764e+01   1.184383e+01   0.000000e+00   0.000000e+00   2300
  2.011380e+01   1.222102e+01   1.432718e-02   0.000000e+00   2046
  2.013872e+01   1.260551e+01   4.344049e-03   0.000000e+00   1626
  2.014646e+01   1.202129e+01   7.551880e-03   5.351554e-01   390
  2.016742e+01   1.243412e+01   7.665120e-03   0.000000e+00   1766
  2.019400e+01   1.230902e+01   0.000000e+00   0.000000e+00   1596
  2.021996e+01   1.283214e+01   0.000000e+00   3.463849e-01   1302
  2.022633e+01   1.306270e+01   0.000000e+00   1.060899e+00   150
  2.024734e+01   1.300300e+01   2.581261e-03   0.000000e+00   1298
  2.027401e+01   1.299363e+01   0.000000e+00   3.698661e-01   1158
  2.030054e+01   1.282734e+01   4.289854e-03   3.751349e-01   996
  2.031028e+01   1.165896e+01   1.050840e-02   1.717515e+00   38
  2.032743e+01   1.226036e+01   0.000000e+00   4.246596e-01   894
  2.035414e+01   1.396356e+01   9.478568e-03   4.755196e-01   786
  2.038089e+01   1.310799e+01   0.000000e+00   4.790360e-01   678
  2.040633e+01   2.365781e+01   0.000000e+00   5.834105e+00   8
  2.040768e+01   1.510897e+01   8.601655e-03   6.261033e-01   570
  2.043444e+01   1.353987e+01   1.211039e-02   6.375497e-01   486
  2.046125e+01   1.438456e+01   0.000000e+00   7.084991e-01   402
  2.048731e+01   1.192378e+01   0.000000e+00   4.261891e+00   8
  2.048809e+01   1.516165e+01   1.066829e-02   8.645193e-01   318
  2.051491e+01   1.379502e+01   0.000000e+00   8.885247e-01   258
  2.054177e+01   1.333419e+01   0.000000e+00   9.248501e-01   198
  2.056829e+01   1.156766e+01   0.000000e+00   2.405763e+00   8
  2.056867e+01   1.739178e+01   0.000000e+00   1.218101e+00   138
  2.059554e+01   1.266740e+01   3.501588e-03   1.167283e+00   102
  2.062245e+01   1.644742e+01   6.377567e-03   1.829206e+00   66
  2.064939e+01   1.641667e+01   0.000000e+00   1.825508e+00   38
  2.067633e+01   1.041623e+01   0.000000e+00   1.718349e+00   18
  2.070329e+01   2.673627e+01   0.000000e+00   7.685844e+00   6
