# power spectrum of delta
# redshift z=0.476200
# k              Pk             sigma(k)       sigma(Pk)      count
  4.675239e-02   2.273045e-02   1.531908e-05   8.677215e-03   6
  6.611787e-02   1.225895e-01   0.000000e+00   2.647107e-02   12
  8.634636e-02   1.286740e-01   6.199343e-03   2.239404e-02   14
  1.095305e-01   2.278616e-01   4.988736e-03   2.440957e-02   48
  1.379653e-01   2.979141e-01   3.623812e-03   3.487709e-02   42
  1.514521e-01   2.758560e-01   3.607714e-03   3.588811e-02   48
  1.717248e-01   4.040547e-01   4.325071e-03   3.989942e-02   80
  1.946168e-01   5.406667e-01   3.358060e-03   4.739228e-02   90
  2.121306e-01   5.014862e-01   5.273081e-03   4.807495e-02   120
  2.370115e-01   6.716905e-01   4.431434e-03   4.840740e-02   158
  2.534910e-01   7.980524e-01   2.102998e-03   8.296676e-02   120
  2.733454e-01   8.495316e-01   4.700457e-03   5.956009e-02   186
  2.952819e-01   9.908261e-01   6.427987e-03   5.869539e-02   264
  3.131072e-01   1.179710e+00   3.470272e-03   8.043433e-02   168
  3.358507e-01   1.277813e+00   6.202191e-03   6.819799e-02   386
  3.548829e-01   1.149250e+00   3.752994e-03   8.858784e-02   192
  3.736086e-01   1.665217e+00   6.153256e-03   8.393438e-02   390
  3.946460e-01   1.571180e+00   6.442452e-03   7.629423e-02   396
  4.144099e-01   1.753472e+00   6.391635e-03   8.615252e-02   398
  4.361367e-01   1.899809e+00   6.264880e-03   7.652816e-02   576
  4.575177e-01   1.802711e+00   6.355778e-03   8.506662e-02   444
  4.762195e-01   2.468667e+00   5.734461e-03   9.223956e-02   590
  4.975149e-01   2.421569e+00   6.279670e-03   9.266783e-02   648
  5.182859e-01   2.698258e+00   5.557653e-03   1.081702e-01   654
  5.367402e-01   2.689918e+00   4.609866e-03   1.012933e-01   636
  5.573692e-01   3.051130e+00   6.911363e-03   1.043148e-01   830
  5.767253e-01   3.242296e+00   4.974939e-03   1.086294e-01   792
  5.965172e-01   3.446904e+00   5.116634e-03   1.161419e-01   804
  6.167868e-01   4.086323e+00   6.315099e-03   1.384525e-01   1038
  6.364107e-01   3.865461e+00   4.946499e-03   1.215823e-01   936
  6.576805e-01   4.050289e+00   5.779873e-03   1.134758e-01   1130
  6.769590e-01   4.326506e+00   5.367484e-03   1.283661e-01   1104
  6.981213e-01   4.473340e+00   5.970839e-03   1.325650e-01   1230
  7.174733e-01   5.058088e+00   6.064625e-03   1.344681e-01   1260
  7.371340e-01   5.245238e+00   5.239623e-03   1.502149e-01   1286
  7.593700e-01   5.274837e+00   6.358524e-03   1.259782e-01   1728
  7.804400e-01   5.927271e+00   5.625004e-03   1.513219e-01   1392
  8.004659e-01   5.918148e+00   5.322162e-03   1.481425e-01   1626
  8.209915e-01   6.333293e+00   6.316599e-03   1.457425e-01   1760
  8.416011e-01   6.431594e+00   5.219535e-03   1.471935e-01   1686
  8.610301e-01   6.738669e+00   5.309235e-03   1.563561e-01   1812
  8.808962e-01   7.269155e+00   6.125037e-03   1.707663e-01   1862
  9.011988e-01   7.283579e+00   5.445390e-03   1.486207e-01   2160
  9.216262e-01   7.643615e+00   5.566353e-03   1.739282e-01   1956
  9.421785e-01   8.101657e+00   6.253437e-03   1.688717e-01   2454
  9.622347e-01   8.472735e+00   4.877534e-03   1.862633e-01   2048
  9.823638e-01   8.391921e+00   6.360152e-03   1.656915e-01   2538
  1.002233e+00   9.009876e+00   5.321020e-03   1.848120e-01   2400
  1.022315e+00   9.366841e+00   6.332735e-03   0.000000e+00   2526
  1.042353e+00   9.074625e+00   6.275929e-03   0.000000e+00   2856
  1.063253e+00   9.635543e+00   5.882541e-03   0.000000e+00   2804
  1.083895e+00   1.026147e+01   6.115255e-03   0.000000e+00   2958
  1.103540e+00   1.113062e+01   5.946049e-03   0.000000e+00   2976
  1.124272e+00   1.129448e+01   5.941212e-03   0.000000e+00   3194
  1.143681e+00   1.118368e+01   5.923951e-03   0.000000e+00   3120
  1.164704e+00   1.186634e+01   6.015075e-03   0.000000e+00   3606
  1.184769e+00   1.265942e+01   5.491020e-03   0.000000e+00   3276
  1.204316e+00   1.277098e+01   6.204806e-03   0.000000e+00   3600
  1.224425e+00   1.311696e+01   5.440385e-03   0.000000e+00   3638
  1.243784e+00   1.339248e+01   5.815757e-03   0.000000e+00   3744
  1.264728e+00   1.351961e+01   5.988264e-03   0.000000e+00   4170
  1.284748e+00   1.477396e+01   5.652081e-03   0.000000e+00   3984
  1.305140e+00   1.466105e+01   5.756216e-03   0.000000e+00   4334
  1.325261e+00   1.565885e+01   5.304652e-03   0.000000e+00   4284
  1.345130e+00   1.638080e+01   6.384138e-03   0.000000e+00   4374
  1.365905e+00   1.690157e+01   5.713348e-03   0.000000e+00   5016
  1.386367e+00   1.645735e+01   5.467635e-03   0.000000e+00   4580
  1.406763e+00   1.765433e+01   6.458822e-03   0.000000e+00   5142
  1.427570e+00   1.870624e+01   6.220601e-03   0.000000e+00   5184
  1.447942e+00   1.897374e+01   4.877296e-03   0.000000e+00   5058
  1.467517e+00   1.878996e+01   5.713646e-03   0.000000e+00   5384
  1.488450e+00   1.940763e+01   6.524550e-03   0.000000e+00   5622
  1.508642e+00   1.938476e+01   5.492822e-03   0.000000e+00   5736
  1.528750e+00   1.979594e+01   4.986692e-03   0.000000e+00   5596
  1.548951e+00   2.037649e+01   6.254864e-03   0.000000e+00   6070
  1.568987e+00   2.070122e+01   4.834103e-03   0.000000e+00   6096
  1.589893e+00   2.103020e+01   5.987912e-03   0.000000e+00   6474
  1.609233e+00   2.215228e+01   5.699368e-03   0.000000e+00   6024
  1.629918e+00   2.212008e+01   5.737311e-03   0.000000e+00   7070
  1.650412e+00   2.305375e+01   4.694818e-03   0.000000e+00   6516
  1.670069e+00   2.313573e+01   5.724404e-03   0.000000e+00   6936
  1.690589e+00   2.395144e+01   5.645657e-03   0.000000e+00   7110
  1.710438e+00   2.448094e+01   4.275839e-03   0.000000e+00   7244
  1.731436e+00   2.414684e+01   6.253128e-03   0.000000e+00   7878
  1.751774e+00   2.522821e+01   6.043311e-03   0.000000e+00   7344
  1.771468e+00   2.487518e+01   6.264105e-03   0.000000e+00   7694
  1.791987e+00   2.650862e+01   5.996370e-03   0.000000e+00   8412
  1.812592e+00   2.722327e+01   6.298814e-03   0.000000e+00   7920
  1.832175e+00   2.705053e+01   5.370613e-03   0.000000e+00   8118
  1.852109e+00   2.767427e+01   6.090293e-03   0.000000e+00   8548
  1.872389e+00   2.823014e+01   6.202430e-03   0.000000e+00   8710
  1.892497e+00   2.872181e+01   5.484779e-03   0.000000e+00   8928
  1.913141e+00   2.903993e+01   5.931385e-03   0.000000e+00   9186
  1.932944e+00   2.988203e+01   6.433417e-03   0.000000e+00   9200
  1.953359e+00   3.035239e+01   5.481559e-03   0.000000e+00   9438
  1.973261e+00   3.130816e+01   7.787303e-03   0.000000e+00   9564
  1.993716e+00   3.200968e+01   6.002902e-03   0.000000e+00   10296
  2.014657e+00   3.183376e+01   5.296276e-03   0.000000e+00   10126
  2.034275e+00   3.329958e+01   6.570832e-03   0.000000e+00   10024
  2.055142e+00   3.364012e+01   4.600353e-03   0.000000e+00   11082
  2.075629e+00   3.336029e+01   7.152853e-03   0.000000e+00   10632
  2.095653e+00   3.381572e+01   5.150926e-03   0.000000e+00   10734
  2.115883e+00   3.372803e+01   6.292407e-03   0.000000e+00   11276
  2.136105e+00   3.411630e+01   5.639131e-03   0.000000e+00   11352
  2.156515e+00   3.491378e+01   5.862955e-03   0.000000e+00   11550
  2.176549e+00   3.554609e+01   5.402463e-03   0.000000e+00   11772
  2.196879e+00   3.622741e+01   6.909575e-03   0.000000e+00   12038
  2.216960e+00   3.656630e+01   8.490724e-03   0.000000e+00   12096
  2.237319e+00   3.658367e+01   6.800756e-03   0.000000e+00   12582
  2.257454e+00   3.712489e+01   1.962493e-03   0.000000e+00   12620
  2.278050e+00   3.688033e+01   7.130811e-03   0.000000e+00   13320
  2.298208e+00   3.831274e+01   6.462062e-03   0.000000e+00   12654
  2.317980e+00   3.856020e+01   1.473761e-03   0.000000e+00   13236
  2.338047e+00   3.891353e+01   9.287780e-03   0.000000e+00   13438
  2.358325e+00   4.016784e+01   9.131280e-03   0.000000e+00   14344
  2.379338e+00   4.011498e+01   5.763604e-03   0.000000e+00   14226
  2.399191e+00   4.061382e+01   4.616547e-03   0.000000e+00   14088
  2.419304e+00   4.054998e+01   0.000000e+00   0.000000e+00   14328
  2.439465e+00   4.118950e+01   6.375901e-03   0.000000e+00   14954
  2.459901e+00   4.164687e+01   4.966107e-03   0.000000e+00   15480
  2.480418e+00   4.241893e+01   6.579717e-03   0.000000e+00   14862
  2.499856e+00   4.259835e+01   7.943830e-03   0.000000e+00   15296
  2.520270e+00   4.400895e+01   7.481855e-03   0.000000e+00   15954
  2.540271e+00   4.389067e+01   6.366441e-03   0.000000e+00   15720
  2.560278e+00   4.485479e+01   2.635006e-03   0.000000e+00   16296
  2.580888e+00   4.460096e+01   3.830090e-03   0.000000e+00   17010
  2.600899e+00   4.450449e+01   3.491782e-03   0.000000e+00   16328
  2.621031e+00   4.541131e+01   3.219408e-03   0.000000e+00   17094
  2.641224e+00   4.653308e+01   8.365993e-03   0.000000e+00   17436
  2.661647e+00   4.637738e+01   8.554189e-03   0.000000e+00   17862
  2.682156e+00   4.670392e+01   7.280725e-03   0.000000e+00   18200
  2.702815e+00   4.682747e+01   1.556929e-03   0.000000e+00   18450
  2.723026e+00   4.707221e+01   3.441701e-03   0.000000e+00   18384
  2.743187e+00   4.879755e+01   5.769881e-03   0.000000e+00   18504
  2.763325e+00   4.831186e+01   4.334267e-03   0.000000e+00   19142
  2.783870e+00   4.790831e+01   5.785769e-03   0.000000e+00   19692
  2.804196e+00   4.941999e+01   5.856007e-03   0.000000e+00   19062
  2.824083e+00   4.859037e+01   0.000000e+00   0.000000e+00   20184
  2.844639e+00   4.929974e+01   7.180738e-03   0.000000e+00   19970
  2.864688e+00   4.965569e+01   0.000000e+00   0.000000e+00   20496
  2.885325e+00   5.047788e+01   8.445803e-03   0.000000e+00   21456
  2.905409e+00   5.072470e+01   5.726911e-03   0.000000e+00   19650
  2.925124e+00   5.097910e+01   9.434113e-03   0.000000e+00   22040
  2.945908e+00   5.176968e+01   1.263704e-02   0.000000e+00   21558
  2.965978e+00   5.281537e+01   0.000000e+00   0.000000e+00   21804
  2.986100e+00   5.261623e+01   7.996558e-03   0.000000e+00   21926
  3.006157e+00   5.351447e+01   9.240146e-03   0.000000e+00   22416
  3.026295e+00   5.298770e+01   8.446612e-03   0.000000e+00   22776
  3.047001e+00   5.353594e+01   6.339916e-03   0.000000e+00   23874
  3.067343e+00   5.324097e+01   0.000000e+00   0.000000e+00   23104
  3.087569e+00   5.464209e+01   0.000000e+00   0.000000e+00   23974
  3.107841e+00   5.426321e+01   1.355877e-02   0.000000e+00   23892
  3.127762e+00   5.427674e+01   0.000000e+00   0.000000e+00   23550
  3.147819e+00   5.447992e+01   6.595327e-03   0.000000e+00   25320
  3.168193e+00   5.627348e+01   1.169837e-02   0.000000e+00   24428
  3.188131e+00   5.492387e+01   7.838299e-03   0.000000e+00   25254
  3.208542e+00   5.593920e+01   0.000000e+00   0.000000e+00   26016
  3.228665e+00   5.618172e+01   0.000000e+00   0.000000e+00   25182
  3.248973e+00   5.625706e+01   3.216640e-03   0.000000e+00   27428
  3.269574e+00   5.648201e+01   5.091988e-03   0.000000e+00   25974
  3.289395e+00   5.663548e+01   8.474708e-03   0.000000e+00   26904
  3.309525e+00   5.664752e+01   3.064794e-03   0.000000e+00   26730
  3.329677e+00   5.753835e+01   0.000000e+00   0.000000e+00   27896
  3.350333e+00   5.699555e+01   1.021012e-02   0.000000e+00   28992
  3.371235e+00   5.788971e+01   2.603124e-03   0.000000e+00   28698
  3.391180e+00   5.855758e+01   0.000000e+00   0.000000e+00   27816
  3.411555e+00   5.896594e+01   0.000000e+00   0.000000e+00   29774
  3.431937e+00   5.986873e+01   6.874959e-03   0.000000e+00   29148
  3.451864e+00   5.916925e+01   0.000000e+00   0.000000e+00   28806
  3.471936e+00   6.025434e+01   1.123836e-02   0.000000e+00   30408
  3.492238e+00   5.862914e+01   0.000000e+00   0.000000e+00   30320
  3.512714e+00   6.069315e+01   0.000000e+00   0.000000e+00   30930
  3.533153e+00   6.044440e+01   0.000000e+00   0.000000e+00   31656
  3.553119e+00   6.156527e+01   1.523775e-03   0.000000e+00   30086
  3.573179e+00   6.076562e+01   1.304098e-02   0.000000e+00   32724
  3.593395e+00   6.004229e+01   7.657605e-03   0.000000e+00   30846
  3.613473e+00   6.152964e+01   3.055192e-03   0.000000e+00   33480
  3.633996e+00   6.130634e+01   1.052576e-02   0.000000e+00   32724
  3.654061e+00   6.172149e+01   6.819211e-03   0.000000e+00   32894
  3.674416e+00   6.115341e+01   0.000000e+00   0.000000e+00   34200
  3.694773e+00   6.327715e+01   8.526459e-03   0.000000e+00   33594
  3.714768e+00   6.289651e+01   0.000000e+00   0.000000e+00   34336
  3.735166e+00   6.198365e+01   0.000000e+00   0.000000e+00   34822
  3.755407e+00   6.319265e+01   0.000000e+00   0.000000e+00   35472
  3.775537e+00   6.288345e+01   0.000000e+00   0.000000e+00   34404
  3.795609e+00   6.395179e+01   0.000000e+00   0.000000e+00   36222
  3.815726e+00   6.332427e+01   6.024294e-03   0.000000e+00   35984
  3.836048e+00   6.374707e+01   8.539529e-03   0.000000e+00   36570
  3.856196e+00   6.494688e+01   0.000000e+00   0.000000e+00   37176
  3.876564e+00   6.394780e+01   0.000000e+00   0.000000e+00   37406
  3.896848e+00   6.461364e+01   0.000000e+00   0.000000e+00   38052
  3.916969e+00   6.507072e+01   0.000000e+00   0.000000e+00   37590
  3.937362e+00   6.554086e+01   1.039811e-02   0.000000e+00   39480
  3.957552e+00   6.470910e+01   0.000000e+00   0.000000e+00   38260
  3.977734e+00   6.492948e+01   1.014894e-02   0.000000e+00   39646
  3.998329e+00   6.447775e+01   5.491464e-03   0.000000e+00   40944
  4.018750e+00   6.531730e+01   0.000000e+00   0.000000e+00   39678
  4.038869e+00   6.535552e+01   0.000000e+00   0.000000e+00   40804
  4.059106e+00   6.559499e+01   0.000000e+00   0.000000e+00   40606
  4.079380e+00   6.607340e+01   1.339678e-02   0.000000e+00   42216
  4.099776e+00   6.560874e+01   0.000000e+00   0.000000e+00   41532
  4.119924e+00   6.603961e+01   0.000000e+00   0.000000e+00   41990
  4.139925e+00   6.643565e+01   1.422087e-02   0.000000e+00   42360
  4.160334e+00   6.599672e+01   5.280415e-03   0.000000e+00   43530
  4.180619e+00   6.566251e+01   7.714090e-03   0.000000e+00   43848
  4.200839e+00   6.642338e+01   0.000000e+00   0.000000e+00   42870
  4.221125e+00   6.767138e+01   1.382640e-02   0.000000e+00   46160
  4.241489e+00   6.779308e+01   5.259776e-03   0.000000e+00   43380
  4.261540e+00   6.727544e+01   0.000000e+00   0.000000e+00   45294
  4.281661e+00   6.816294e+01   1.303861e-02   0.000000e+00   45744
  4.302235e+00   6.826479e+01   0.000000e+00   0.000000e+00   46682
  4.322362e+00   6.849633e+01   7.136152e-03   0.000000e+00   45840
  4.342555e+00   6.805712e+01   0.000000e+00   0.000000e+00   47118
  4.362704e+00   6.950905e+01   1.879055e-02   0.000000e+00   47124
  4.382935e+00   6.866673e+01   4.023465e-03   0.000000e+00   47984
  4.403575e+00   6.808648e+01   8.420359e-03   0.000000e+00   49566
  4.423477e+00   6.807320e+01   5.421062e-03   0.000000e+00   46284
  4.443444e+00   6.866444e+01   1.349089e-02   0.000000e+00   49966
  4.463763e+00   6.795080e+01   1.013261e-02   0.000000e+00   49360
  4.483960e+00   6.895840e+01   1.952169e-03   0.000000e+00   49806
  4.504320e+00   6.864095e+01   1.098994e-02   0.000000e+00   51492
  4.524457e+00   6.980327e+01   1.496760e-02   0.000000e+00   49496
  4.544765e+00   6.873576e+01   1.501850e-02   0.000000e+00   53190
  4.565246e+00   6.915987e+01   0.000000e+00   0.000000e+00   51060
  4.585323e+00   6.970989e+01   0.000000e+00   0.000000e+00   52134
  4.605464e+00   6.966408e+01   9.489150e-03   0.000000e+00   53088
  4.625764e+00   7.026265e+01   6.845642e-03   0.000000e+00   52706
  4.646004e+00   7.031380e+01   9.650640e-03   0.000000e+00   54936
  4.666566e+00   6.974565e+01   0.000000e+00   0.000000e+00   53886
  4.686678e+00   6.927773e+01   0.000000e+00   0.000000e+00   54436
  4.706786e+00   7.046359e+01   0.000000e+00   0.000000e+00   55096
  4.727297e+00   7.080093e+01   0.000000e+00   0.000000e+00   56358
  4.747396e+00   7.152933e+01   0.000000e+00   0.000000e+00   55632
  4.767659e+00   7.094531e+01   1.946873e-02   0.000000e+00   56530
  4.787868e+00   7.045768e+01   0.000000e+00   0.000000e+00   57232
  4.808006e+00   7.057718e+01   0.000000e+00   0.000000e+00   56766
  4.828655e+00   7.081136e+01   0.000000e+00   0.000000e+00   60804
  4.848751e+00   7.150195e+01   1.994988e-03   0.000000e+00   55536
  4.868920e+00   7.142274e+01   2.452742e-02   0.000000e+00   61166
  4.889171e+00   7.170403e+01   0.000000e+00   0.000000e+00   57396
  4.909197e+00   7.088022e+01   1.157284e-02   0.000000e+00   60870
  4.929530e+00   7.117500e+01   0.000000e+00   0.000000e+00   60224
  4.949759e+00   7.164985e+01   1.709222e-02   0.000000e+00   61002
  4.970055e+00   7.202249e+01   1.548637e-02   0.000000e+00   62016
  4.990243e+00   7.137515e+01   0.000000e+00   0.000000e+00   60768
  5.010270e+00   7.168263e+01   2.285170e-02   0.000000e+00   62870
  5.030742e+00   7.199429e+01   8.453434e-03   0.000000e+00   63804
  5.051098e+00   7.151532e+01   1.089516e-02   0.000000e+00   63054
  5.070991e+00   7.203217e+01   8.642705e-03   0.000000e+00   63024
  5.091311e+00   7.211812e+01   0.000000e+00   0.000000e+00   65018
  5.111402e+00   7.173772e+01   1.509740e-02   0.000000e+00   64608
  5.131703e+00   7.216218e+01   0.000000e+00   0.000000e+00   65688
  5.151944e+00   7.132543e+01   2.212426e-02   0.000000e+00   65994
  5.172120e+00   7.197034e+01   0.000000e+00   0.000000e+00   66648
  5.192516e+00   7.128931e+01   1.511315e-02   0.000000e+00   67310
  5.212619e+00   7.173331e+01   0.000000e+00   0.000000e+00   67224
  5.232863e+00   7.285542e+01   6.319230e-03   0.000000e+00   68034
  5.253184e+00   7.193099e+01   0.000000e+00   0.000000e+00   69744
  5.273505e+00   7.203223e+01   1.183695e-02   0.000000e+00   68654
  5.294030e+00   7.216005e+01   1.523260e-02   0.000000e+00   72132
  5.314335e+00   7.289624e+01   9.353303e-03   0.000000e+00   68520
  5.334352e+00   7.217796e+01   1.500208e-02   0.000000e+00   71070
  5.354770e+00   7.161778e+01   0.000000e+00   0.000000e+00   71948
  5.374980e+00   7.225596e+01   2.248013e-02   0.000000e+00   71598
  5.395365e+00   7.243289e+01   0.000000e+00   0.000000e+00   73536
  5.415580e+00   7.281299e+01   2.692597e-02   0.000000e+00   71802
  5.435587e+00   7.167130e+01   0.000000e+00   0.000000e+00   73280
  5.455831e+00   7.197610e+01   0.000000e+00   0.000000e+00   73992
  5.476258e+00   7.183590e+01   1.314265e-02   0.000000e+00   75966
  5.496486e+00   7.295547e+01   0.000000e+00   0.000000e+00   74364
  5.516737e+00   7.256506e+01   1.547902e-02   0.000000e+00   76094
  5.536931e+00   7.175704e+01   0.000000e+00   0.000000e+00   76224
  5.557189e+00   7.244617e+01   9.463754e-03   0.000000e+00   76242
  5.577233e+00   7.226641e+01   0.000000e+00   0.000000e+00   76944
  5.597474e+00   7.240633e+01   0.000000e+00   0.000000e+00   78680
  5.618029e+00   7.248374e+01   1.754564e-02   0.000000e+00   79962
  5.638191e+00   7.246113e+01   8.420455e-03   0.000000e+00   77760
  5.658331e+00   7.263378e+01   2.056887e-02   0.000000e+00   79590
  5.678586e+00   7.161249e+01   0.000000e+00   0.000000e+00   80732
  5.698893e+00   7.237819e+01   2.596341e-02   0.000000e+00   81174
  5.719148e+00   7.165251e+01   9.046410e-03   0.000000e+00   80832
  5.738995e+00   7.126397e+01   2.644072e-02   0.000000e+00   79992
  5.759359e+00   7.121085e+01   0.000000e+00   0.000000e+00   84314
  5.779794e+00   7.229226e+01   0.000000e+00   0.000000e+00   83592
  5.800111e+00   7.229572e+01   1.935012e-02   0.000000e+00   83838
  5.820312e+00   7.167576e+01   0.000000e+00   0.000000e+00   83676
  5.840436e+00   7.198953e+01   1.225923e-02   0.000000e+00   84950
  5.860618e+00   7.157593e+01   0.000000e+00   0.000000e+00   84912
  5.880919e+00   7.216661e+01   2.409570e-02   0.000000e+00   87162
  5.901268e+00   7.249296e+01   0.000000e+00   0.000000e+00   86440
  5.921402e+00   7.235159e+01   0.000000e+00   0.000000e+00   86560
  5.941709e+00   7.238163e+01   3.808390e-03   0.000000e+00   88698
  5.961920e+00   7.189230e+01   2.973214e-02   0.000000e+00   88920
  5.982405e+00   7.173523e+01   0.000000e+00   0.000000e+00   88814
  6.002492e+00   7.210452e+01   6.390406e-03   0.000000e+00   90336
  6.022960e+00   7.168903e+01   0.000000e+00   0.000000e+00   90282
  6.043170e+00   7.145415e+01   0.000000e+00   0.000000e+00   90840
  6.063222e+00   7.165736e+01   2.116127e-02   0.000000e+00   91128
  6.083667e+00   7.240524e+01   0.000000e+00   0.000000e+00   92690
  6.103786e+00   7.205225e+01   0.000000e+00   0.000000e+00   92160
  6.124086e+00   7.169059e+01   0.000000e+00   0.000000e+00   93534
  6.144230e+00   7.191441e+01   0.000000e+00   0.000000e+00   93484
  6.164472e+00   7.206730e+01   3.473208e-03   0.000000e+00   95206
  6.184882e+00   7.144462e+01   9.531699e-03   0.000000e+00   96048
  6.204964e+00   7.086585e+01   8.118639e-03   0.000000e+00   93600
  6.225164e+00   7.107721e+01   0.000000e+00   0.000000e+00   97410
  6.245404e+00   7.108054e+01   2.650762e-02   0.000000e+00   97856
  6.265843e+00   7.102754e+01   0.000000e+00   0.000000e+00   97278
  6.286002e+00   7.083295e+01   1.666057e-02   0.000000e+00   98916
  6.306176e+00   7.121854e+01   0.000000e+00   0.000000e+00   96894
  6.326241e+00   7.123142e+01   0.000000e+00   0.000000e+00   100976
  6.346693e+00   7.148833e+01   0.000000e+00   0.000000e+00   100164
  6.366819e+00   7.149419e+01   0.000000e+00   0.000000e+00   100014
  6.386824e+00   7.090475e+01   1.992480e-02   0.000000e+00   101040
  6.407162e+00   7.083086e+01   0.000000e+00   0.000000e+00   102338
  6.427308e+00   7.041995e+01   1.094770e-02   0.000000e+00   102912
  6.447745e+00   7.035378e+01   0.000000e+00   0.000000e+00   104238
  6.467835e+00   7.094539e+01   1.879643e-02   0.000000e+00   103104
  6.488105e+00   7.115377e+01   1.685154e-02   0.000000e+00   105404
  6.508426e+00   6.984483e+01   0.000000e+00   0.000000e+00   105198
  6.528643e+00   7.021898e+01   0.000000e+00   0.000000e+00   106632
  6.548965e+00   7.023459e+01   2.509371e-02   0.000000e+00   106706
  6.569170e+00   7.067557e+01   0.000000e+00   0.000000e+00   106992
  6.589611e+00   7.042184e+01   0.000000e+00   0.000000e+00   110118
  6.609853e+00   7.003859e+01   3.100053e-02   0.000000e+00   108084
  6.629981e+00   6.978587e+01   1.194823e-02   0.000000e+00   108222
  6.650334e+00   6.937061e+01   0.000000e+00   0.000000e+00   112160
  6.670493e+00   6.984074e+01   1.829737e-02   0.000000e+00   108492
  6.690746e+00   6.960944e+01   2.176397e-02   0.000000e+00   113262
  6.711075e+00   6.962857e+01   0.000000e+00   0.000000e+00   111360
  6.731427e+00   6.935030e+01   0.000000e+00   0.000000e+00   114182
  6.751628e+00   6.963227e+01   3.228659e-02   0.000000e+00   112884
  6.771896e+00   6.934579e+01   6.387144e-03   0.000000e+00   113934
  6.792017e+00   6.907006e+01   0.000000e+00   0.000000e+00   114504
  6.812469e+00   6.943542e+01   0.000000e+00   0.000000e+00   117500
  6.832645e+00   6.935880e+01   2.271358e-02   0.000000e+00   114102
  6.852837e+00   6.886479e+01   8.535434e-03   0.000000e+00   118584
  6.873149e+00   6.908232e+01   0.000000e+00   0.000000e+00   115546
  6.893137e+00   6.883978e+01   2.054068e-02   0.000000e+00   118984
  6.913625e+00   6.837411e+01   5.266684e-03   0.000000e+00   119526
  6.933786e+00   6.808875e+01   3.214331e-03   0.000000e+00   119436
  6.953932e+00   6.788541e+01   0.000000e+00   0.000000e+00   118632
  6.974109e+00   6.838021e+01   2.340655e-02   0.000000e+00   122510
  6.994465e+00   6.776780e+01   0.000000e+00   0.000000e+00   121680
  7.014753e+00   6.746365e+01   0.000000e+00   0.000000e+00   121434
  7.034816e+00   6.762133e+01   0.000000e+00   0.000000e+00   123928
  7.055148e+00   6.793777e+01   0.000000e+00   0.000000e+00   123910
  7.075428e+00   6.812311e+01   0.000000e+00   0.000000e+00   124452
  7.095652e+00   6.697610e+01   0.000000e+00   0.000000e+00   125376
  7.115875e+00   6.709723e+01   1.985404e-02   0.000000e+00   126638
  7.136112e+00   6.726570e+01   6.730033e-03   0.000000e+00   125844
  7.156363e+00   6.713271e+01   0.000000e+00   0.000000e+00   128142
  7.176640e+00   6.662386e+01   4.578279e-03   0.000000e+00   128136
  7.196780e+00   6.666408e+01   7.212601e-03   0.000000e+00   127642
  7.217074e+00   6.657764e+01   0.000000e+00   0.000000e+00   131968
  7.237597e+00   6.624382e+01   0.000000e+00   0.000000e+00   130326
  7.257722e+00   6.639993e+01   2.118578e-02   0.000000e+00   131688
  7.277957e+00   6.621494e+01   9.192325e-03   0.000000e+00   130212
  7.298113e+00   6.678944e+01   0.000000e+00   0.000000e+00   132686
  7.318516e+00   6.589557e+01   0.000000e+00   0.000000e+00   135960
  7.338830e+00   6.633574e+01   1.603959e-02   0.000000e+00   131562
  7.358719e+00   6.606056e+01   1.187068e-02   0.000000e+00   134016
  7.379094e+00   6.576875e+01   0.000000e+00   0.000000e+00   136478
  7.399348e+00   6.573383e+01   2.767347e-02   0.000000e+00   136812
  7.419681e+00   6.568501e+01   1.752077e-02   0.000000e+00   137856
  7.439938e+00   6.496150e+01   0.000000e+00   0.000000e+00   135862
  7.460080e+00   6.529549e+01   0.000000e+00   0.000000e+00   140056
  7.480478e+00   6.514632e+01   2.353795e-02   0.000000e+00   139602
  7.500678e+00   6.476254e+01   0.000000e+00   0.000000e+00   139080
  7.520869e+00   6.519871e+01   0.000000e+00   0.000000e+00   140678
  7.541140e+00   6.470433e+01   1.235522e-02   0.000000e+00   142884
  7.561330e+00   6.475204e+01   1.035026e-02   0.000000e+00   139992
  7.581564e+00   6.489503e+01   0.000000e+00   0.000000e+00   144966
  7.601915e+00   6.442862e+01   0.000000e+00   0.000000e+00   143364
  7.622073e+00   6.455643e+01   1.856495e-02   0.000000e+00   144518
  7.642264e+00   6.423418e+01   1.951718e-02   0.000000e+00   145200
  7.662421e+00   6.412666e+01   0.000000e+00   0.000000e+00   143466
  7.682527e+00   6.354867e+01   0.000000e+00   0.000000e+00   148824
  7.702777e+00   6.375496e+01   1.568166e-02   0.000000e+00   145544
  7.722877e+00   6.317411e+01   0.000000e+00   0.000000e+00   148590
  7.743230e+00   6.352288e+01   0.000000e+00   0.000000e+00   150540
  7.763552e+00   6.312670e+01   2.731283e-02   0.000000e+00   150134
  7.783789e+00   6.306874e+01   0.000000e+00   0.000000e+00   151296
  7.804220e+00   6.312092e+01   0.000000e+00   0.000000e+00   152058
  7.824257e+00   6.303920e+01   1.644306e-02   0.000000e+00   150864
  7.844503e+00   6.257983e+01   1.510063e-02   0.000000e+00   154310
  7.864955e+00   6.312056e+01   0.000000e+00   0.000000e+00   155172
  7.885185e+00   6.244083e+01   0.000000e+00   0.000000e+00   154128
  7.905615e+00   6.292122e+01   1.291086e-02   0.000000e+00   158310
  7.925765e+00   6.214186e+01   1.838899e-02   0.000000e+00   153436
  7.945930e+00   6.200887e+01   0.000000e+00   0.000000e+00   157726
  7.966376e+00   6.234309e+01   0.000000e+00   0.000000e+00   160368
  7.986531e+00   6.173429e+01   8.878571e-03   0.000000e+00   155718
  8.006646e+00   6.184809e+01   0.000000e+00   0.000000e+00   160028
  8.026901e+00   6.125561e+01   0.000000e+00   0.000000e+00   160920
  8.047187e+00   6.150314e+01   1.369070e-02   0.000000e+00   161070
  8.067471e+00   6.126008e+01   2.987177e-02   0.000000e+00   163428
  8.087638e+00   6.096040e+01   0.000000e+00   0.000000e+00   159574
  8.107944e+00   6.092668e+01   0.000000e+00   0.000000e+00   167392
  8.128264e+00   6.106136e+01   2.386366e-02   0.000000e+00   162258
  8.148440e+00   6.091806e+01   1.184233e-02   0.000000e+00   167472
  8.168758e+00   6.042236e+01   0.000000e+00   0.000000e+00   163664
  8.188839e+00   6.039898e+01   0.000000e+00   0.000000e+00   166986
  8.209138e+00   6.034628e+01   1.709511e-02   0.000000e+00   169968
  8.229596e+00   6.017958e+01   0.000000e+00   0.000000e+00   167646
  8.249575e+00   5.993863e+01   0.000000e+00   0.000000e+00   168080
  8.269840e+00   5.955887e+01   1.581164e-02   0.000000e+00   170826
  8.290117e+00   5.979604e+01   0.000000e+00   0.000000e+00   170928
  8.310206e+00   5.959628e+01   1.732659e-02   0.000000e+00   170640
  8.330553e+00   5.889817e+01   0.000000e+00   0.000000e+00   173954
  8.350721e+00   5.932694e+01   2.573357e-02   0.000000e+00   173232
  8.371035e+00   5.922040e+01   0.000000e+00   0.000000e+00   174150
  8.391292e+00   5.898211e+01   0.000000e+00   0.000000e+00   176364
  8.411516e+00   5.847461e+01   1.631981e-02   0.000000e+00   175302
  8.431752e+00   5.846986e+01   7.401452e-03   0.000000e+00   177392
  8.451927e+00   5.830090e+01   1.788648e-02   0.000000e+00   176352
  8.472258e+00   5.788746e+01   0.000000e+00   0.000000e+00   180330
  8.492586e+00   5.795790e+01   8.431967e-03   0.000000e+00   180712
  8.512823e+00   5.808523e+01   1.516737e-02   0.000000e+00   179350
  8.533123e+00   5.813159e+01   1.350869e-02   0.000000e+00   183396
  8.553475e+00   5.765022e+01   0.000000e+00   0.000000e+00   180390
  8.573470e+00   5.752796e+01   0.000000e+00   0.000000e+00   181944
  8.593811e+00   5.740383e+01   0.000000e+00   0.000000e+00   185450
  8.614196e+00   5.698976e+01   7.114822e-03   0.000000e+00   186192
  8.634349e+00   5.723989e+01   1.957985e-02   0.000000e+00   183432
  8.654529e+00   5.689241e+01   0.000000e+00   0.000000e+00   185362
  8.674669e+00   5.688643e+01   3.503958e-03   0.000000e+00   188464
  8.695072e+00   5.661407e+01   0.000000e+00   0.000000e+00   188046
  8.715341e+00   5.635062e+01   1.275398e-02   0.000000e+00   191304
  8.735543e+00   5.669950e+01   2.477228e-02   0.000000e+00   186690
  8.755840e+00   5.610835e+01   0.000000e+00   0.000000e+00   194072
  8.776006e+00   5.588475e+01   2.068738e-02   0.000000e+00   188688
  8.796170e+00   5.579613e+01   0.000000e+00   0.000000e+00   192786
  8.816360e+00   5.580264e+01   9.165207e-03   0.000000e+00   193352
  8.836765e+00   5.541479e+01   0.000000e+00   0.000000e+00   195702
  8.856953e+00   5.505685e+01   2.790448e-02   0.000000e+00   195132
  8.877225e+00   5.495184e+01   0.000000e+00   0.000000e+00   195726
  8.897425e+00   5.495236e+01   0.000000e+00   0.000000e+00   197416
  8.917634e+00   5.502811e+01   8.102164e-03   0.000000e+00   196564
  8.937912e+00   5.480254e+01   1.954223e-02   0.000000e+00   201198
  8.958149e+00   5.485794e+01   3.027985e-03   0.000000e+00   197136
  8.978233e+00   5.426482e+01   0.000000e+00   0.000000e+00   199358
  8.998408e+00   5.451064e+01   2.683660e-02   0.000000e+00   203532
  9.018805e+00   5.397113e+01   0.000000e+00   0.000000e+00   201438
  9.039004e+00   5.388903e+01   0.000000e+00   0.000000e+00   203664
  9.059199e+00   5.395631e+01   2.694024e-02   0.000000e+00   203972
  9.079435e+00   5.379966e+01   2.091909e-02   0.000000e+00   205974
  9.099752e+00   5.324159e+01   0.000000e+00   0.000000e+00   205752
  9.120101e+00   5.332968e+01   0.000000e+00   0.000000e+00   207810
  9.140113e+00   5.303801e+01   3.536623e-02   0.000000e+00   206384
  9.160530e+00   5.296053e+01   0.000000e+00   0.000000e+00   210966
  9.180840e+00   5.286076e+01   0.000000e+00   0.000000e+00   210516
  9.201117e+00   5.271212e+01   0.000000e+00   0.000000e+00   209766
  9.221260e+00   5.241299e+01   3.981314e-02   0.000000e+00   212376
  9.241566e+00   5.250735e+01   0.000000e+00   0.000000e+00   212960
  9.261979e+00   5.250426e+01   0.000000e+00   0.000000e+00   214626
  9.282117e+00   5.198753e+01   2.910378e-02   0.000000e+00   213696
  9.302353e+00   5.197242e+01   2.845963e-02   0.000000e+00   215734
  9.322542e+00   5.193099e+01   0.000000e+00   0.000000e+00   213220
  9.342742e+00   5.170503e+01   0.000000e+00   0.000000e+00   219102
  9.363058e+00   5.153746e+01   3.317910e-02   0.000000e+00   220872
  9.383270e+00   5.134658e+01   4.902451e-02   0.000000e+00   216556
  9.403501e+00   5.131969e+01   3.795061e-02   0.000000e+00   221494
  9.423683e+00   5.114193e+01   4.160177e-02   0.000000e+00   219096
  9.443993e+00   5.098783e+01   3.009984e-02   0.000000e+00   224262
  9.464372e+00   5.107012e+01   0.000000e+00   0.000000e+00   222508
  9.484616e+00   5.074380e+01   0.000000e+00   0.000000e+00   222502
  9.504703e+00   5.031815e+01   3.918950e-02   0.000000e+00   227280
  9.525039e+00   5.013874e+01   1.877868e-02   0.000000e+00   223644
  9.545252e+00   5.024321e+01   0.000000e+00   0.000000e+00   226222
  9.565491e+00   5.004550e+01   0.000000e+00   0.000000e+00   229840
  9.585790e+00   4.971466e+01   2.587964e-02   0.000000e+00   228042
  9.605886e+00   4.990832e+01   0.000000e+00   0.000000e+00   227472
  9.626109e+00   4.977404e+01   0.000000e+00   0.000000e+00   230990
  9.646387e+00   4.955130e+01   5.664115e-03   0.000000e+00   233532
  9.666621e+00   4.954930e+01   2.886356e-02   0.000000e+00   231288
  9.686950e+00   4.934234e+01   0.000000e+00   0.000000e+00   233718
  9.707048e+00   4.892767e+01   0.000000e+00   0.000000e+00   232704
  9.727332e+00   4.888958e+01   3.061107e-02   0.000000e+00   239282
  9.747653e+00   4.882051e+01   3.658387e-02   0.000000e+00   234912
  9.767997e+00   4.866603e+01   0.000000e+00   0.000000e+00   238278
  9.788068e+00   4.851621e+01   3.662651e-02   0.000000e+00   237460
  9.808159e+00   4.836451e+01   2.629490e-02   0.000000e+00   236662
  9.828637e+00   4.824942e+01   0.000000e+00   0.000000e+00   246336
  9.849102e+00   4.795462e+01   0.000000e+00   0.000000e+00   241092
  9.869226e+00   4.800158e+01   3.410177e-02   0.000000e+00   242414
  9.889507e+00   4.804612e+01   1.347315e-02   0.000000e+00   243552
  9.909811e+00   4.751127e+01   0.000000e+00   0.000000e+00   243474
  9.929871e+00   4.758643e+01   2.433753e-02   0.000000e+00   245112
  9.950185e+00   4.742071e+01   2.581455e-02   0.000000e+00   246894
  9.970399e+00   4.735745e+01   1.887326e-02   0.000000e+00   247448
  9.990728e+00   4.712217e+01   0.000000e+00   0.000000e+00   247404
  1.001083e+01   4.702408e+01   3.828499e-02   0.000000e+00   249990
  1.003099e+01   4.688381e+01   3.663096e-02   0.000000e+00   249512
  1.005146e+01   4.666589e+01   0.000000e+00   0.000000e+00   253890
  1.007168e+01   4.688411e+01   0.000000e+00   0.000000e+00   250728
  1.009176e+01   4.630032e+01   4.686077e-02   0.000000e+00   253950
  1.011209e+01   4.629932e+01   0.000000e+00   0.000000e+00   254140
  1.013236e+01   4.602267e+01   0.000000e+00   0.000000e+00   255880
  1.015265e+01   4.591508e+01   2.953293e-02   0.000000e+00   258942
  1.017273e+01   4.574884e+01   4.450041e-02   0.000000e+00   253836
  1.019308e+01   4.591320e+01   0.000000e+00   0.000000e+00   260534
  1.021340e+01   4.566553e+01   0.000000e+00   0.000000e+00   259992
  1.023345e+01   4.569888e+01   4.578042e-02   0.000000e+00   258894
  1.025374e+01   4.538406e+01   3.610304e-02   0.000000e+00   263364
  1.027404e+01   4.499918e+01   0.000000e+00   0.000000e+00   259536
  1.029404e+01   4.534394e+01   2.020741e-02   0.000000e+00   263438
  1.031427e+01   4.505785e+01   4.095225e-02   0.000000e+00   265740
  1.033461e+01   4.500113e+01   0.000000e+00   0.000000e+00   264894
  1.035491e+01   4.462712e+01   0.000000e+00   0.000000e+00   269184
  1.037510e+01   4.473970e+01   3.954289e-02   0.000000e+00   266138
  1.039529e+01   4.459699e+01   2.765804e-02   0.000000e+00   270528
  1.041568e+01   4.408739e+01   0.000000e+00   0.000000e+00   268182
  1.043580e+01   4.437923e+01   0.000000e+00   0.000000e+00   270960
  1.045597e+01   4.417714e+01   4.812818e-02   0.000000e+00   274580
  1.047659e+01   4.421315e+01   0.000000e+00   0.000000e+00   276078
  1.049687e+01   4.373156e+01   0.000000e+00   0.000000e+00   273600
  1.051701e+01   4.379570e+01   3.947743e-02   0.000000e+00   274698
  1.053721e+01   4.355146e+01   4.263398e-02   0.000000e+00   276920
  1.055759e+01   4.341188e+01   0.000000e+00   0.000000e+00   276774
  1.057784e+01   4.328852e+01   0.000000e+00   0.000000e+00   279972
  1.059787e+01   4.342670e+01   3.451127e-02   0.000000e+00   276144
  1.061817e+01   4.324244e+01   1.582891e-02   0.000000e+00   282590
  1.063851e+01   4.313795e+01   0.000000e+00   0.000000e+00   282300
  1.065876e+01   4.301678e+01   0.000000e+00   0.000000e+00   283926
  1.067881e+01   4.293412e+01   4.624911e-02   0.000000e+00   279792
  1.069920e+01   4.285447e+01   0.000000e+00   0.000000e+00   287870
  1.071957e+01   4.267840e+01   0.000000e+00   0.000000e+00   286428
  1.073959e+01   4.247946e+01   4.503208e-02   0.000000e+00   284808
  1.075985e+01   4.251003e+01   1.539179e-02   0.000000e+00   289158
  1.078023e+01   4.215741e+01   0.000000e+00   0.000000e+00   290204
  1.080046e+01   4.228673e+01   0.000000e+00   0.000000e+00   290382
  1.082061e+01   4.184357e+01   3.081255e-02   0.000000e+00   291912
  1.084097e+01   4.222305e+01   0.000000e+00   0.000000e+00   290754
  1.086111e+01   4.206855e+01   1.550403e-02   0.000000e+00   296096
  1.088147e+01   4.156046e+01   2.620202e-02   0.000000e+00   294552
  1.090159e+01   4.174236e+01   4.550727e-02   0.000000e+00   293466
  1.092180e+01   4.148531e+01   0.000000e+00   0.000000e+00   296904
  1.094212e+01   4.130281e+01   0.000000e+00   0.000000e+00   298358
  1.096213e+01   4.150008e+01   4.480869e-02   0.000000e+00   297840
  1.098251e+01   4.127682e+01   1.725062e-02   0.000000e+00   301338
  1.100284e+01   4.128025e+01   0.000000e+00   0.000000e+00   300336
  1.102287e+01   4.097765e+01   4.782628e-02   0.000000e+00   303584
  1.104324e+01   4.120898e+01   3.934246e-02   0.000000e+00   304098
  1.106362e+01   4.083898e+01   0.000000e+00   0.000000e+00   304488
  1.108375e+01   4.085441e+01   4.421874e-02   0.000000e+00   306678
  1.110405e+01   4.061056e+01   0.000000e+00   0.000000e+00   305732
  1.112430e+01   4.068013e+01   1.556993e-02   0.000000e+00   309894
  1.114461e+01   4.046312e+01   2.299667e-02   0.000000e+00   310200
  1.116485e+01   4.038254e+01   0.000000e+00   0.000000e+00   307074
  1.118499e+01   4.040831e+01   4.527188e-02   0.000000e+00   315656
  1.120542e+01   4.025059e+01   0.000000e+00   0.000000e+00   310704
  1.122575e+01   4.025248e+01   0.000000e+00   0.000000e+00   314310
  1.124565e+01   4.016162e+01   5.335564e-02   0.000000e+00   312412
  1.126607e+01   4.000745e+01   0.000000e+00   0.000000e+00   318310
  1.128641e+01   4.005290e+01   0.000000e+00   0.000000e+00   315648
  1.130649e+01   3.984192e+01   4.208436e-02   0.000000e+00   320610
  1.132671e+01   3.991116e+01   0.000000e+00   0.000000e+00   313944
  1.134697e+01   3.969381e+01   0.000000e+00   0.000000e+00   325880
  1.136726e+01   4.000584e+01   4.247224e-02   0.000000e+00   319146
  1.138752e+01   3.975404e+01   0.000000e+00   0.000000e+00   322896
  1.140760e+01   3.977866e+01   4.691739e-02   0.000000e+00   322206
  1.142792e+01   3.968980e+01   0.000000e+00   0.000000e+00   327416
  1.144835e+01   3.947139e+01   0.000000e+00   0.000000e+00   325602
  1.146834e+01   3.960212e+01   5.745630e-02   0.000000e+00   328248
  1.148865e+01   3.945218e+01   0.000000e+00   0.000000e+00   326088
  1.150907e+01   3.920610e+01   0.000000e+00   0.000000e+00   331658
  1.152907e+01   3.915583e+01   5.189223e-02   0.000000e+00   331584
  1.154944e+01   3.904148e+01   2.425825e-02   0.000000e+00   330630
  1.156976e+01   3.908383e+01   0.000000e+00   0.000000e+00   333204
  1.158972e+01   3.921781e+01   5.897245e-02   0.000000e+00   333470
  1.161019e+01   3.903722e+01   0.000000e+00   0.000000e+00   335688
  1.163031e+01   3.896103e+01   1.942001e-02   0.000000e+00   336828
  1.165052e+01   3.897831e+01   2.685820e-02   0.000000e+00   337662
  1.167092e+01   3.893132e+01   0.000000e+00   0.000000e+00   338960
  1.169084e+01   3.905244e+01   5.394599e-02   0.000000e+00   338262
  1.171119e+01   3.902561e+01   4.534959e-02   0.000000e+00   344388
  1.173172e+01   3.888550e+01   0.000000e+00   0.000000e+00   342486
  1.175158e+01   3.905974e+01   6.806695e-02   0.000000e+00   343592
  1.177209e+01   3.871231e+01   9.634749e-03   0.000000e+00   347130
  1.179251e+01   3.880088e+01   0.000000e+00   0.000000e+00   346152
  1.181244e+01   3.874019e+01   6.499867e-02   0.000000e+00   345856
  1.183291e+01   3.884141e+01   0.000000e+00   0.000000e+00   349354
  1.185320e+01   3.876012e+01   0.000000e+00   0.000000e+00   352032
  1.187332e+01   3.876320e+01   5.425500e-02   0.000000e+00   348582
  1.189375e+01   3.868563e+01   0.000000e+00   0.000000e+00   352244
  1.191364e+01   3.860106e+01   6.635483e-02   0.000000e+00   351582
  1.193405e+01   3.864418e+01   1.167474e-02   0.000000e+00   357144
  1.195452e+01   3.856500e+01   0.000000e+00   0.000000e+00   355560
  1.197446e+01   3.857423e+01   6.194155e-02   0.000000e+00   354551
  1.199485e+01   3.843402e+01   8.369382e-03   0.000000e+00   358044
  1.201531e+01   3.819781e+01   0.000000e+00   0.000000e+00   355272
  1.203516e+01   3.819303e+01   6.786307e-02   0.000000e+00   352044
  1.205550e+01   3.792701e+01   0.000000e+00   0.000000e+00   352344
  1.207583e+01   3.751690e+01   0.000000e+00   0.000000e+00   356516
  1.209593e+01   3.768983e+01   4.728969e-02   0.000000e+00   352848
  1.211652e+01   3.752083e+01   0.000000e+00   0.000000e+00   352980
  1.213648e+01   3.738446e+01   4.106349e-02   0.000000e+00   348948
  1.215669e+01   3.711389e+01   3.526886e-02   0.000000e+00   351692
  1.217729e+01   3.706649e+01   0.000000e+00   0.000000e+00   353064
  1.219717e+01   3.701895e+01   6.064393e-02   0.000000e+00   345624
  1.221740e+01   3.644485e+01   0.000000e+00   0.000000e+00   347844
  1.223787e+01   3.633094e+01   0.000000e+00   0.000000e+00   351020
  1.225784e+01   3.639478e+01   5.644821e-02   0.000000e+00   345852
  1.227818e+01   3.628841e+01   9.679436e-03   0.000000e+00   347040
  1.229855e+01   3.610247e+01   0.000000e+00   0.000000e+00   345928
  1.231852e+01   3.598405e+01   5.722492e-02   0.000000e+00   347020
  1.233898e+01   3.549172e+01   0.000000e+00   0.000000e+00   343032
  1.235915e+01   3.548515e+01   0.000000e+00   0.000000e+00   343620
  1.237922e+01   3.534528e+01   5.852523e-02   0.000000e+00   343988
  1.239984e+01   3.534265e+01   0.000000e+00   0.000000e+00   344556
  1.241988e+01   3.514337e+01   4.335641e-02   0.000000e+00   343632
  1.244027e+01   3.489645e+01   0.000000e+00   0.000000e+00   340392
  1.246062e+01   3.478822e+01   0.000000e+00   0.000000e+00   339408
  1.248051e+01   3.463659e+01   7.275096e-02   0.000000e+00   341864
  1.250106e+01   3.466936e+01   0.000000e+00   0.000000e+00   341964
  1.252140e+01   3.458325e+01   0.000000e+00   0.000000e+00   334380
  1.254111e+01   3.438941e+01   6.785429e-02   0.000000e+00   336504
  1.256164e+01   3.421801e+01   1.674787e-02   0.000000e+00   339560
  1.258197e+01   3.400380e+01   0.000000e+00   0.000000e+00   336384
  1.260204e+01   3.403558e+01   7.128466e-02   0.000000e+00   337404
  1.262252e+01   3.374288e+01   0.000000e+00   0.000000e+00   330156
  1.264247e+01   3.364854e+01   5.611440e-02   0.000000e+00   337808
  1.266291e+01   3.359253e+01   0.000000e+00   0.000000e+00   332748
  1.268332e+01   3.348942e+01   0.000000e+00   0.000000e+00   333612
  1.270325e+01   3.319385e+01   5.731343e-02   0.000000e+00   331860
  1.272358e+01   3.316802e+01   2.623957e-02   0.000000e+00   328376
  1.274388e+01   3.296994e+01   0.000000e+00   0.000000e+00   331140
  1.276394e+01   3.271909e+01   6.890719e-02   0.000000e+00   332988
  1.278429e+01   3.282969e+01   2.711433e-02   0.000000e+00   325224
  1.280470e+01   3.255191e+01   0.000000e+00   0.000000e+00   331544
  1.282473e+01   3.245639e+01   6.485772e-02   0.000000e+00   327264
  1.284507e+01   3.232902e+01   0.000000e+00   0.000000e+00   322308
  1.286522e+01   3.222786e+01   2.410004e-02   0.000000e+00   328136
  1.288528e+01   3.213545e+01   4.870221e-02   0.000000e+00   323172
  1.290581e+01   3.195869e+01   0.000000e+00   0.000000e+00   325248
  1.292582e+01   3.173539e+01   6.138582e-02   0.000000e+00   324096
  1.294612e+01   3.176371e+01   0.000000e+00   0.000000e+00   321540
  1.296661e+01   3.156871e+01   0.000000e+00   0.000000e+00   323744
  1.298643e+01   3.159151e+01   6.756275e-02   0.000000e+00   317400
  1.300679e+01   3.128946e+01   1.729401e-02   0.000000e+00   322560
  1.302731e+01   3.119708e+01   0.000000e+00   0.000000e+00   320076
  1.304720e+01   3.117518e+01   7.020668e-02   0.000000e+00   317204
  1.306785e+01   3.105608e+01   0.000000e+00   0.000000e+00   323064
  1.308817e+01   3.095275e+01   0.000000e+00   0.000000e+00   315204
  1.310801e+01   3.083536e+01   7.588550e-02   0.000000e+00   315416
  1.312872e+01   3.065110e+01   0.000000e+00   0.000000e+00   316884
  1.314868e+01   3.048161e+01   4.583200e-02   0.000000e+00   312876
  1.316891e+01   3.049786e+01   5.350888e-02   0.000000e+00   315540
  1.318952e+01   3.033494e+01   0.000000e+00   0.000000e+00   312576
  1.320931e+01   3.011674e+01   7.608819e-02   0.000000e+00   312140
  1.322977e+01   3.008401e+01   2.076891e-02   0.000000e+00   310356
  1.325023e+01   2.993993e+01   0.000000e+00   0.000000e+00   311232
  1.327001e+01   2.995918e+01   6.828059e-02   0.000000e+00   307584
  1.329050e+01   2.988944e+01   3.163136e-02   0.000000e+00   310616
  1.331081e+01   2.969982e+01   0.000000e+00   0.000000e+00   304200
  1.333062e+01   2.963566e+01   7.555618e-02   0.000000e+00   306792
  1.335127e+01   2.956019e+01   0.000000e+00   0.000000e+00   306168
  1.337128e+01   2.927840e+01   0.000000e+00   0.000000e+00   304448
  1.339159e+01   2.920843e+01   6.666276e-02   0.000000e+00   308580
  1.341216e+01   2.903669e+01   0.000000e+00   0.000000e+00   299568
  1.343196e+01   2.908359e+01   6.492428e-02   0.000000e+00   304416
  1.345248e+01   2.892770e+01   3.682216e-02   0.000000e+00   302216
  1.347289e+01   2.889349e+01   0.000000e+00   0.000000e+00   300084
  1.349278e+01   2.871931e+01   8.273133e-02   0.000000e+00   299340
  1.351313e+01   2.857166e+01   0.000000e+00   0.000000e+00   296688
  1.353351e+01   2.860793e+01   0.000000e+00   0.000000e+00   298820
  1.355339e+01   2.838776e+01   7.922789e-02   0.000000e+00   296916
  1.357395e+01   2.839486e+01   0.000000e+00   0.000000e+00   295920
  1.359407e+01   2.821869e+01   8.364667e-03   0.000000e+00   292692
  1.361403e+01   2.798336e+01   7.257064e-02   0.000000e+00   295892
  1.363479e+01   2.778976e+01   0.000000e+00   0.000000e+00   293064
  1.365474e+01   2.781686e+01   3.915631e-02   0.000000e+00   293220
  1.367491e+01   2.764161e+01   3.508692e-02   0.000000e+00   286804
  1.369536e+01   2.755102e+01   0.000000e+00   0.000000e+00   293080
  1.371539e+01   2.757521e+01   7.202458e-02   0.000000e+00   291816
  1.373592e+01   2.738987e+01   0.000000e+00   0.000000e+00   287784
  1.375625e+01   2.721654e+01   0.000000e+00   0.000000e+00   286760
  1.377611e+01   2.718769e+01   7.585625e-02   0.000000e+00   287088
  1.379659e+01   2.697416e+01   0.000000e+00   0.000000e+00   286176
  1.381700e+01   2.704943e+01   0.000000e+00   0.000000e+00   284184
  1.383681e+01   2.702936e+01   6.703783e-02   0.000000e+00   282220
  1.385749e+01   2.686680e+01   0.000000e+00   0.000000e+00   284452
  1.387753e+01   2.672048e+01   0.000000e+00   0.000000e+00   279516
  1.389763e+01   2.675735e+01   7.365917e-02   0.000000e+00   282696
  1.391834e+01   2.647904e+01   0.000000e+00   0.000000e+00   278676
  1.393814e+01   2.646380e+01   7.556471e-02   0.000000e+00   279512
  1.395854e+01   2.642881e+01   1.166668e-02   0.000000e+00   276672
  1.397899e+01   2.623894e+01   0.000000e+00   0.000000e+00   276036
  1.399870e+01   2.620036e+01   7.320759e-02   0.000000e+00   274416
  1.401918e+01   2.614672e+01   3.405895e-02   0.000000e+00   275384
  1.403966e+01   2.611226e+01   0.000000e+00   0.000000e+00   274560
  1.405954e+01   2.590615e+01   8.124048e-02   0.000000e+00   272220
  1.408013e+01   2.580787e+01   0.000000e+00   0.000000e+00   270492
  1.410028e+01   2.562320e+01   0.000000e+00   0.000000e+00   271532
  1.412046e+01   2.559645e+01   4.885055e-02   0.000000e+00   272052
  1.414094e+01   2.555037e+01   0.000000e+00   0.000000e+00   264372
  1.416075e+01   2.533175e+01   4.428508e-02   0.000000e+00   268652
  1.418118e+01   2.545090e+01   5.022911e-02   0.000000e+00   266760
  1.420152e+01   2.534428e+01   0.000000e+00   0.000000e+00   262536
  1.422144e+01   2.512452e+01   8.010740e-02   0.000000e+00   266460
  1.424186e+01   2.501498e+01   0.000000e+00   0.000000e+00   261560
  1.426218e+01   2.486185e+01   0.000000e+00   0.000000e+00   262236
  1.428219e+01   2.488031e+01   7.138161e-02   0.000000e+00   261708
  1.430257e+01   2.487947e+01   0.000000e+00   0.000000e+00   258960
  1.432291e+01   2.472174e+01   0.000000e+00   0.000000e+00   258376
  1.434280e+01   2.466483e+01   6.846427e-02   0.000000e+00   258304
  1.436353e+01   2.449263e+01   0.000000e+00   0.000000e+00   259368
  1.438358e+01   2.446460e+01   3.312096e-02   0.000000e+00   253332
  1.440365e+01   2.456666e+01   7.171310e-02   0.000000e+00   254448
  1.442431e+01   2.427358e+01   0.000000e+00   0.000000e+00   255248
  1.444424e+01   2.418347e+01   7.429339e-02   0.000000e+00   252180
  1.446469e+01   2.409708e+01   2.874814e-02   0.000000e+00   252744
  1.448508e+01   2.398100e+01   0.000000e+00   0.000000e+00   247348
  1.450487e+01   2.408214e+01   8.934115e-02   0.000000e+00   250432
  1.452537e+01   2.392687e+01   0.000000e+00   0.000000e+00   247860
  1.454584e+01   2.379187e+01   0.000000e+00   0.000000e+00   247716
  1.456564e+01   2.369551e+01   7.479068e-02   0.000000e+00   242472
  1.458627e+01   2.362396e+01   0.000000e+00   0.000000e+00   248672
  1.460638e+01   2.354552e+01   3.246849e-02   0.000000e+00   239352
  1.462638e+01   2.351518e+01   5.984235e-02   0.000000e+00   245088
  1.464704e+01   2.356340e+01   0.000000e+00   0.000000e+00   239232
  1.466684e+01   2.332648e+01   7.988659e-02   0.000000e+00   240320
  1.468736e+01   2.317521e+01   0.000000e+00   0.000000e+00   239340
  1.470783e+01   2.330821e+01   0.000000e+00   0.000000e+00   237636
  1.472755e+01   2.314504e+01   7.664701e-02   0.000000e+00   235980
  1.474803e+01   2.300340e+01   8.095332e-04   0.000000e+00   235304
  1.476846e+01   2.292088e+01   0.000000e+00   0.000000e+00   234576
  1.478832e+01   2.297516e+01   7.051682e-02   0.000000e+00   232788
  1.480879e+01   2.283663e+01   0.000000e+00   0.000000e+00   230400
  1.482901e+01   2.284679e+01   0.000000e+00   0.000000e+00   231836
  1.484909e+01   2.286532e+01   7.589036e-02   0.000000e+00   231288
  1.486979e+01   2.260192e+01   0.000000e+00   0.000000e+00   226536
  1.488961e+01   2.258410e+01   5.931137e-02   0.000000e+00   226084
  1.490981e+01   2.259550e+01   5.022199e-02   0.000000e+00   227116
  1.493044e+01   2.250759e+01   0.000000e+00   0.000000e+00   223800
  1.495026e+01   2.236086e+01   8.150626e-02   0.000000e+00   223884
  1.497067e+01   2.235693e+01   0.000000e+00   0.000000e+00   222360
  1.499111e+01   2.230297e+01   0.000000e+00   0.000000e+00   221156
  1.501107e+01   2.220889e+01   9.040262e-02   0.000000e+00   221724
  1.503161e+01   2.219880e+01   0.000000e+00   0.000000e+00   217584
  1.505188e+01   2.205392e+01   0.000000e+00   0.000000e+00   217576
  1.507175e+01   2.208381e+01   9.341948e-02   0.000000e+00   215464
  1.509237e+01   2.204848e+01   0.000000e+00   0.000000e+00   215472
  1.511247e+01   2.201994e+01   2.528421e-02   0.000000e+00   213768
  1.513249e+01   2.193914e+01   8.115794e-02   0.000000e+00   210956
  1.515303e+01   2.186466e+01   0.000000e+00   0.000000e+00   211788
  1.517310e+01   2.181757e+01   4.392212e-02   0.000000e+00   211092
  1.519347e+01   2.176107e+01   3.122531e-02   0.000000e+00   209556
  1.521398e+01   2.170369e+01   0.000000e+00   0.000000e+00   206700
  1.523373e+01   2.170253e+01   7.604558e-02   0.000000e+00   206048
  1.525416e+01   2.151727e+01   0.000000e+00   0.000000e+00   204744
  1.527456e+01   2.163556e+01   0.000000e+00   0.000000e+00   202992
  1.529429e+01   2.148169e+01   8.521748e-02   0.000000e+00   201944
  1.531503e+01   2.132775e+01   0.000000e+00   0.000000e+00   203304
  1.533535e+01   2.128590e+01   0.000000e+00   0.000000e+00   200484
  1.535513e+01   2.129385e+01   9.098662e-02   0.000000e+00   195516
  1.537587e+01   2.140114e+01   0.000000e+00   0.000000e+00   198860
  1.539575e+01   2.116250e+01   4.063862e-02   0.000000e+00   195264
  1.541602e+01   2.117787e+01   5.890026e-02   0.000000e+00   195984
  1.543661e+01   2.114827e+01   0.000000e+00   0.000000e+00   191808
  1.545623e+01   2.103143e+01   6.942057e-02   0.000000e+00   190776
  1.547663e+01   2.114317e+01   1.719484e-02   0.000000e+00   192032
  1.549718e+01   2.095913e+01   0.000000e+00   0.000000e+00   188628
  1.551692e+01   2.111672e+01   9.634612e-02   0.000000e+00   189444
  1.553757e+01   2.098365e+01   0.000000e+00   0.000000e+00   186260
  1.555771e+01   2.090902e+01   0.000000e+00   0.000000e+00   184560
  1.557768e+01   2.082311e+01   8.774112e-02   0.000000e+00   185832
  1.559849e+01   2.101033e+01   0.000000e+00   0.000000e+00   182400
  1.561840e+01   2.074661e+01   4.191687e-02   0.000000e+00   181380
  1.563851e+01   2.079916e+01   7.260324e-02   0.000000e+00   180332
  1.565917e+01   2.078225e+01   0.000000e+00   0.000000e+00   178236
  1.567911e+01   2.062864e+01   5.189175e-02   0.000000e+00   179184
  1.569941e+01   2.063454e+01   6.680080e-02   0.000000e+00   175028
  1.571990e+01   2.052948e+01   0.000000e+00   0.000000e+00   175440
  1.573991e+01   2.044988e+01   7.242057e-02   0.000000e+00   174828
  1.576032e+01   2.060887e+01   0.000000e+00   0.000000e+00   169896
  1.578053e+01   2.053387e+01   0.000000e+00   0.000000e+00   171708
  1.580052e+01   2.032889e+01   9.237377e-02   0.000000e+00   169328
  1.582104e+01   2.033877e+01   0.000000e+00   0.000000e+00   167364
  1.584127e+01   2.037180e+01   3.348241e-02   0.000000e+00   168192
  1.586126e+01   2.019413e+01   8.305136e-02   0.000000e+00   163188
  1.588198e+01   2.025820e+01   0.000000e+00   0.000000e+00   166184
  1.590206e+01   2.020499e+01   4.227760e-02   0.000000e+00   161460
  1.592208e+01   2.025788e+01   7.702655e-02   0.000000e+00   159972
  1.594260e+01   2.020484e+01   0.000000e+00   0.000000e+00   159488
  1.596249e+01   2.005817e+01   7.248994e-02   0.000000e+00   158148
  1.598299e+01   2.014080e+01   0.000000e+00   0.000000e+00   158100
  1.600348e+01   2.008112e+01   0.000000e+00   0.000000e+00   155232
  1.602309e+01   2.016896e+01   8.224574e-02   0.000000e+00   151216
  1.604371e+01   2.012055e+01   0.000000e+00   0.000000e+00   155560
  1.606419e+01   2.002295e+01   0.000000e+00   0.000000e+00   151404
  1.608393e+01   2.002306e+01   9.816452e-02   0.000000e+00   148356
  1.610460e+01   1.986178e+01   0.000000e+00   0.000000e+00   147164
  1.612455e+01   1.983568e+01   2.621152e-02   0.000000e+00   147384
  1.614471e+01   1.995785e+01   6.582627e-02   0.000000e+00   145992
  1.616548e+01   1.981038e+01   0.000000e+00   0.000000e+00   143856
  1.618506e+01   1.978947e+01   6.455737e-02   0.000000e+00   140384
  1.620553e+01   1.964976e+01   3.287563e-02   0.000000e+00   143856
  1.622609e+01   1.961409e+01   0.000000e+00   0.000000e+00   136968
  1.624574e+01   1.975794e+01   9.044898e-02   0.000000e+00   139536
  1.626646e+01   1.979480e+01   0.000000e+00   0.000000e+00   136916
  1.628660e+01   1.961783e+01   0.000000e+00   0.000000e+00   133032
  1.630647e+01   1.963157e+01   9.167159e-02   0.000000e+00   135540
  1.632735e+01   1.954091e+01   0.000000e+00   0.000000e+00   132096
  1.634724e+01   1.960606e+01   0.000000e+00   0.000000e+00   129540
  1.636732e+01   1.960169e+01   8.865619e-02   0.000000e+00   130640
  1.638800e+01   1.946261e+01   0.000000e+00   0.000000e+00   126276
  1.640794e+01   1.970260e+01   5.292067e-02   0.000000e+00   128484
  1.642849e+01   1.947382e+01   1.679499e-02   0.000000e+00   124168
  1.644876e+01   1.920532e+01   0.000000e+00   0.000000e+00   122224
  1.646872e+01   1.956387e+01   7.982720e-02   0.000000e+00   123156
  1.648926e+01   1.921753e+01   0.000000e+00   0.000000e+00   119688
  1.650932e+01   1.930418e+01   0.000000e+00   0.000000e+00   116640
  1.652930e+01   1.935586e+01   9.346526e-02   0.000000e+00   119696
  1.654992e+01   1.921124e+01   0.000000e+00   0.000000e+00   114276
  1.657008e+01   1.921554e+01   0.000000e+00   0.000000e+00   114060
  1.659006e+01   1.911736e+01   8.811750e-02   0.000000e+00   112536
  1.661073e+01   1.901230e+01   0.000000e+00   0.000000e+00   112196
  1.663092e+01   1.914763e+01   3.922933e-02   0.000000e+00   109404
  1.665092e+01   1.878626e+01   4.904217e-02   0.000000e+00   105900
  1.667126e+01   1.910262e+01   0.000000e+00   0.000000e+00   107176
  1.669132e+01   1.884246e+01   6.545474e-02   0.000000e+00   105088
  1.671174e+01   1.879367e+01   2.065113e-02   0.000000e+00   103800
  1.673221e+01   1.880704e+01   0.000000e+00   0.000000e+00   101340
  1.675206e+01   1.867390e+01   7.348338e-02   0.000000e+00   100036
  1.677238e+01   1.856923e+01   0.000000e+00   0.000000e+00   97672
  1.679277e+01   1.865871e+01   0.000000e+00   0.000000e+00   97908
  1.681276e+01   1.834523e+01   7.773554e-02   0.000000e+00   95328
  1.683323e+01   1.840755e+01   0.000000e+00   0.000000e+00   93600
  1.685339e+01   1.807093e+01   0.000000e+00   0.000000e+00   92312
  1.687354e+01   1.811641e+01   6.447787e-02   0.000000e+00   91044
  1.689405e+01   1.782986e+01   0.000000e+00   0.000000e+00   88500
  1.691379e+01   1.784439e+01   4.976162e-02   0.000000e+00   86216
  1.693416e+01   1.763276e+01   0.000000e+00   0.000000e+00   87159
  1.695490e+01   1.760283e+01   0.000000e+00   0.000000e+00   86064
  1.697482e+01   1.758015e+01   7.694755e-02   0.000000e+00   81648
  1.699503e+01   1.753234e+01   8.703775e-03   0.000000e+00   81654
  1.701553e+01   1.733906e+01   0.000000e+00   0.000000e+00   81284
  1.703562e+01   1.739961e+01   5.688209e-02   0.000000e+00   78888
  1.705586e+01   1.715466e+01   1.423721e-02   0.000000e+00   77250
  1.707595e+01   1.720228e+01   0.000000e+00   0.000000e+00   75942
  1.709606e+01   1.707546e+01   5.996862e-02   0.000000e+00   77042
  1.711673e+01   1.696382e+01   0.000000e+00   0.000000e+00   74094
  1.713691e+01   1.711932e+01   3.329719e-02   0.000000e+00   73818
  1.715710e+01   1.701047e+01   0.000000e+00   0.000000e+00   70998
  1.717739e+01   1.685305e+01   0.000000e+00   0.000000e+00   72044
  1.719760e+01   1.669923e+01   6.244521e-02   0.000000e+00   69426
  1.721797e+01   1.670099e+01   0.000000e+00   0.000000e+00   69288
  1.723818e+01   1.663794e+01   0.000000e+00   0.000000e+00   67068
  1.725814e+01   1.652844e+01   6.447170e-02   0.000000e+00   66926
  1.727858e+01   1.650737e+01   5.445313e-02   0.000000e+00   66348
  1.729910e+01   1.643702e+01   0.000000e+00   0.000000e+00   64728
  1.731906e+01   1.620201e+01   0.000000e+00   0.000000e+00   62820
  1.733927e+01   1.637120e+01   0.000000e+00   0.000000e+00   63716
  1.735974e+01   1.624363e+01   1.685505e-02   0.000000e+00   62160
  1.737993e+01   1.613469e+01   0.000000e+00   0.000000e+00   59940
  1.739997e+01   1.602005e+01   1.383772e-02   0.000000e+00   60112
  1.742018e+01   1.630490e+01   6.257030e-02   0.000000e+00   59668
  1.744070e+01   1.584260e+01   0.000000e+00   0.000000e+00   57618
  1.746070e+01   1.589692e+01   1.872634e-02   0.000000e+00   56868
  1.748074e+01   1.601320e+01   5.888044e-02   0.000000e+00   56684
  1.750108e+01   1.567593e+01   2.525813e-02   0.000000e+00   55536
  1.752147e+01   1.552840e+01   0.000000e+00   0.000000e+00   54342
  1.754173e+01   1.575509e+01   1.930145e-02   0.000000e+00   54768
  1.756179e+01   1.558189e+01   5.872712e-02   0.000000e+00   52094
  1.758204e+01   1.533117e+01   0.000000e+00   0.000000e+00   52224
  1.760258e+01   1.558542e+01   0.000000e+00   0.000000e+00   52188
  1.762269e+01   1.555284e+01   5.306109e-02   0.000000e+00   50190
  1.764269e+01   1.539585e+01   4.344149e-02   0.000000e+00   49224
  1.766309e+01   1.545786e+01   0.000000e+00   0.000000e+00   49094
  1.768355e+01   1.569419e+01   1.798370e-02   0.000000e+00   49488
  1.770381e+01   1.527784e+01   5.448174e-02   0.000000e+00   46830
  1.772379e+01   1.542180e+01   1.241198e-02   0.000000e+00   45860
  1.774411e+01   1.526192e+01   0.000000e+00   0.000000e+00   46770
  1.776450e+01   1.536955e+01   2.409093e-02   0.000000e+00   45468
  1.778472e+01   1.529154e+01   3.749229e-02   0.000000e+00   44130
  1.780486e+01   1.528302e+01   0.000000e+00   0.000000e+00   43230
  1.782512e+01   1.510877e+01   0.000000e+00   0.000000e+00   44108
  1.784554e+01   1.494649e+01   3.686080e-02   0.000000e+00   42162
  1.786573e+01   1.513286e+01   3.616854e-02   0.000000e+00   41358
  1.788575e+01   1.541833e+01   0.000000e+00   0.000000e+00   40456
  1.790602e+01   1.492144e+01   3.357667e-02   0.000000e+00   41230
  1.792660e+01   1.487582e+01   4.538865e-02   0.000000e+00   39906
  1.794690e+01   1.478461e+01   0.000000e+00   0.000000e+00   38508
  1.796682e+01   1.503458e+01   0.000000e+00   0.000000e+00   37854
  1.798693e+01   1.471832e+01   5.424472e-02   0.000000e+00   38162
  1.800752e+01   1.474499e+01   2.739327e-02   0.000000e+00   37212
  1.802785e+01   1.503423e+01   0.000000e+00   0.000000e+00   36450
  1.804767e+01   1.450023e+01   2.720301e-02   0.000000e+00   34718
  1.806777e+01   1.455103e+01   2.314578e-02   0.000000e+00   35814
  1.808838e+01   1.464480e+01   2.041579e-02   0.000000e+00   34896
  1.810872e+01   1.459533e+01   0.000000e+00   0.000000e+00   33822
  1.812849e+01   1.456973e+01   4.352804e-02   0.000000e+00   32522
  1.814880e+01   1.443490e+01   0.000000e+00   0.000000e+00   33630
  1.816940e+01   1.457092e+01   0.000000e+00   0.000000e+00   32166
  1.818943e+01   1.436619e+01   1.775298e-02   0.000000e+00   31200
  1.820928e+01   1.474627e+01   1.361945e-02   0.000000e+00   30598
  1.822958e+01   1.448962e+01   2.491204e-02   0.000000e+00   31138
  1.825033e+01   1.440276e+01   0.000000e+00   0.000000e+00   30510
  1.827054e+01   1.450114e+01   3.083329e-02   0.000000e+00   28998
  1.829037e+01   1.471460e+01   5.386678e-03   0.000000e+00   28290
  1.831064e+01   1.410649e+01   4.339638e-02   0.000000e+00   29126
  1.833140e+01   1.456784e+01   0.000000e+00   0.000000e+00   28008
  1.835164e+01   1.450023e+01   1.133166e-02   0.000000e+00   27222
  1.837164e+01   1.454403e+01   2.169751e-02   0.000000e+00   26426
  1.839188e+01   1.424043e+01   1.108000e-02   0.000000e+00   26694
  1.841238e+01   1.432570e+01   2.305582e-02   0.000000e+00   25734
  1.843269e+01   1.436646e+01   0.000000e+00   0.000000e+00   25458
  1.845263e+01   1.458813e+01   8.058126e-03   0.000000e+00   24198
  1.847298e+01   1.413181e+01   0.000000e+00   0.000000e+00   25034
  1.849356e+01   1.450312e+01   1.770314e-02   0.000000e+00   23718
  1.851364e+01   1.438886e+01   0.000000e+00   0.000000e+00   23094
  1.853340e+01   1.452297e+01   2.750764e-02   0.000000e+00   22416
  1.855375e+01   1.432822e+01   2.761092e-03   0.000000e+00   23078
  1.857463e+01   1.427402e+01   0.000000e+00   0.000000e+00   22386
  1.859486e+01   1.438888e+01   0.000000e+00   0.000000e+00   21126
  1.861444e+01   1.444111e+01   0.000000e+00   0.000000e+00   20366
  1.863462e+01   1.429100e+01   3.805241e-02   0.000000e+00   21354
  1.865556e+01   1.441355e+01   0.000000e+00   0.000000e+00   20478
  1.867575e+01   1.423512e+01   0.000000e+00   0.000000e+00   19458
  1.869534e+01   1.412404e+01   1.168701e-02   0.000000e+00   18758
  1.871554e+01   1.421214e+01   4.082745e-02   0.000000e+00   19566
  1.873644e+01   1.424435e+01   2.618717e-02   0.000000e+00   18858
  1.875673e+01   1.418219e+01   6.680612e-03   0.000000e+00   17790
  1.877626e+01   1.423082e+01   0.000000e+00   0.000000e+00   17114
  1.879650e+01   1.401904e+01   0.000000e+00   0.000000e+00   17982
  1.881738e+01   1.416269e+01   0.000000e+00   0.000000e+00   17190
  1.883772e+01   1.446890e+01   0.000000e+00   0.000000e+00   16458
  1.885724e+01   1.439304e+01   2.961538e-02   0.000000e+00   15494
  1.887742e+01   1.412747e+01   1.485148e-02   0.000000e+00   16374
  1.889844e+01   1.468667e+01   0.000000e+00   0.000000e+00   15858
  1.891880e+01   1.400486e+01   0.000000e+00   0.000000e+00   14862
  1.893824e+01   1.459198e+01   0.000000e+00   0.000000e+00   14082
  1.895852e+01   1.376637e+01   0.000000e+00   0.000000e+00   14990
  1.897959e+01   1.401205e+01   1.242034e-02   0.000000e+00   14358
  1.899989e+01   1.427317e+01   0.000000e+00   0.000000e+00   13386
  1.901912e+01   1.435258e+01   0.000000e+00   0.000000e+00   12678
  1.903942e+01   1.423045e+01   2.461814e-02   0.000000e+00   13700
  1.906063e+01   1.413977e+01   1.514179e-02   0.000000e+00   12942
  1.908098e+01   1.414116e+01   3.647243e-02   0.000000e+00   12198
  1.909999e+01   1.451632e+01   0.000000e+00   0.000000e+00   11106
  1.912016e+01   1.449004e+01   5.359001e-03   0.000000e+00   12494
  1.914143e+01   1.427750e+01   2.742477e-02   0.000000e+00   11610
  1.916194e+01   1.453469e+01   0.000000e+00   0.000000e+00   11094
  1.918096e+01   1.466257e+01   1.842228e-02   0.000000e+00   9902
  1.920105e+01   1.441263e+01   1.178535e-02   0.000000e+00   11226
  1.922232e+01   1.436388e+01   0.000000e+00   0.000000e+00   10326
  1.924284e+01   1.444166e+01   2.022547e-02   0.000000e+00   10074
  1.926202e+01   1.449248e+01   1.172069e-02   0.000000e+00   8766
  1.928194e+01   1.466329e+01   0.000000e+00   0.000000e+00   9950
  1.930316e+01   1.486178e+01   1.294469e-02   0.000000e+00   9252
  1.932368e+01   1.467751e+01   0.000000e+00   0.000000e+00   8886
  1.934284e+01   1.500973e+01   0.000000e+00   0.000000e+00   7850
  1.936294e+01   1.441835e+01   0.000000e+00   0.000000e+00   8886
  1.938421e+01   1.424919e+01   0.000000e+00   0.000000e+00   8142
  1.940449e+01   1.507460e+01   1.724833e-02   0.000000e+00   7746
  1.942343e+01   1.422692e+01   2.180932e-02   0.000000e+00   6926
  1.944391e+01   1.463863e+01   0.000000e+00   0.000000e+00   7974
  1.946526e+01   1.458942e+01   1.962421e-02   0.000000e+00   7074
  1.948530e+01   1.504070e+01   0.000000e+00   0.000000e+00   6744
  1.950414e+01   1.451041e+01   1.923033e-02   0.000000e+00   6114
  1.952498e+01   1.521746e+01   0.000000e+00   0.000000e+00   7094
  1.954669e+01   1.513712e+01   0.000000e+00   0.000000e+00   6174
  1.956649e+01   1.481295e+01   4.409002e-03   0.000000e+00   5754
  1.958482e+01   1.490158e+01   0.000000e+00   0.000000e+00   5214
  1.960593e+01   1.517783e+01   0.000000e+00   0.000000e+00   6338
  1.962823e+01   1.546722e+01   1.037055e-02   0.000000e+00   5352
  1.964780e+01   1.506447e+01   0.000000e+00   0.000000e+00   4830
  1.966529e+01   1.553106e+01   7.591353e-03   0.000000e+00   4338
  1.968652e+01   1.499731e+01   0.000000e+00   0.000000e+00   5558
  1.970977e+01   1.546711e+01   1.464528e-02   0.000000e+00   4866
  1.972974e+01   1.565730e+01   2.352177e-02   0.000000e+00   3846
  1.974564e+01   1.553080e+01   0.000000e+00   0.000000e+00   3518
  1.976695e+01   1.554231e+01   2.069371e-02   0.000000e+00   4812
  1.979088e+01   1.509563e+01   8.613265e-03   0.000000e+00   4278
  1.981163e+01   1.526696e+01   1.887004e-02   0.000000e+00   3174
  1.982600e+01   1.668248e+01   0.000000e+00   0.000000e+00   2738
  1.984723e+01   1.510709e+01   8.204862e-03   0.000000e+00   4086
  1.987166e+01   1.482982e+01   0.000000e+00   0.000000e+00   3666
  1.989339e+01   1.650590e+01   1.411773e-02   0.000000e+00   2712
  1.990636e+01   1.519075e+01   8.061605e-03   0.000000e+00   1998
  1.992748e+01   1.532859e+01   1.131555e-02   0.000000e+00   3434
  1.995242e+01   1.553597e+01   0.000000e+00   0.000000e+00   3078
  1.997519e+01   1.619018e+01   9.897240e-03   0.000000e+00   2334
  1.998677e+01   1.535036e+01   0.000000e+00   0.000000e+00   1340
  2.000771e+01   1.519044e+01   0.000000e+00   0.000000e+00   2838
  2.003323e+01   1.608484e+01   0.000000e+00   0.000000e+00   2538
  2.005707e+01   1.566279e+01   8.353460e-03   0.000000e+00   1974
  2.006661e+01   1.684957e+01   1.262420e-02   0.000000e+00   774
  2.008764e+01   1.655122e+01   5.986586e-03   0.000000e+00   2300
  2.011380e+01   1.575862e+01   1.332507e-02   0.000000e+00   2046
  2.013872e+01   1.646123e+01   7.330674e-03   0.000000e+00   1626
  2.014646e+01   1.810213e+01   7.551880e-03   9.973992e-01   390
  2.016742e+01   1.650093e+01   7.665120e-03   0.000000e+00   1766
  2.019400e+01   1.600161e+01   0.000000e+00   0.000000e+00   1596
  2.021996e+01   1.762539e+01   0.000000e+00   0.000000e+00   1302
  2.022633e+01   1.700022e+01   0.000000e+00   1.249996e+00   150
  2.024734e+01   1.639517e+01   2.581261e-03   0.000000e+00   1298
  2.027401e+01   1.716700e+01   0.000000e+00   0.000000e+00   1158
  2.030054e+01   1.597795e+01   4.289854e-03   0.000000e+00   996
  2.031028e+01   1.441103e+01   1.050840e-02   2.117108e+00   38
  2.032743e+01   1.814319e+01   0.000000e+00   0.000000e+00   894
  2.035414e+01   1.796617e+01   9.478568e-03   0.000000e+00   786
  2.038089e+01   1.787363e+01   0.000000e+00   0.000000e+00   678
  2.040633e+01   6.413718e+00   0.000000e+00   1.782711e+00   8
  2.040768e+01   2.005958e+01   8.601655e-03   0.000000e+00   570
  2.043444e+01   1.759513e+01   1.211039e-02   7.116024e-01   486
  2.046125e+01   1.768033e+01   0.000000e+00   8.104675e-01   402
  2.048731e+01   1.001400e+01   0.000000e+00   1.814701e+00   8
  2.048809e+01   1.536172e+01   1.066829e-02   8.217324e-01   318
  2.051491e+01   1.871486e+01   0.000000e+00   1.063240e+00   258
  2.054177e+01   1.667432e+01   0.000000e+00   1.259648e+00   198
  2.056829e+01   6.869471e+00   0.000000e+00   6.906761e-01   8
  2.056867e+01   2.218492e+01   0.000000e+00   1.660358e+00   138
  2.059554e+01   1.772452e+01   3.501588e-03   1.629126e+00   102
  2.062245e+01   1.463359e+01   6.377567e-03   1.195618e+00   66
  2.064939e+01   1.229691e+01   0.000000e+00   1.549962e+00   38
  2.067633e+01   2.217138e+01   0.000000e+00   4.301803e+00   18
  2.070329e+01   1.461276e+01   0.000000e+00   1.944377e+00   6
