# power spectrum of delta
# redshift z=1.310300
# k              Pk             sigma(k)       sigma(Pk)      count
  5.167109e-02   1.123477e-02   1.693076e-05   4.251699e-03   6
  7.307396e-02   6.060733e-02   0.000000e+00   1.322091e-02   12
  9.543063e-02   6.600004e-02   6.851560e-03   1.200241e-02   14
  1.210540e-01   1.089609e-01   5.513588e-03   1.227614e-02   48
  1.524803e-01   1.403008e-01   4.005064e-03   1.544285e-02   42
  1.673860e-01   1.305917e-01   3.987272e-03   1.774286e-02   48
  1.897915e-01   1.884366e-01   4.780100e-03   1.990287e-02   80
  2.150919e-01   2.592500e-01   3.711353e-03   2.185740e-02   90
  2.344483e-01   2.330166e-01   5.827848e-03   2.368218e-02   120
  2.619469e-01   3.239106e-01   4.897654e-03   2.365834e-02   158
  2.801601e-01   3.538797e-01   2.324249e-03   3.682405e-02   120
  3.021033e-01   3.839071e-01   5.194979e-03   2.643838e-02   186
  3.263478e-01   4.420490e-01   7.104259e-03   2.607555e-02   264
  3.460484e-01   5.291026e-01   3.835370e-03   3.738079e-02   168
  3.711847e-01   5.597969e-01   6.854707e-03   3.102800e-02   386
  3.922192e-01   4.475182e-01   4.147837e-03   3.172785e-02   192
  4.129151e-01   6.670089e-01   6.800624e-03   3.259616e-02   390
  4.361657e-01   6.029837e-01   7.120246e-03   3.159475e-02   396
  4.580089e-01   7.107638e-01   7.064082e-03   3.681910e-02   398
  4.820215e-01   7.289203e-01   6.923992e-03   2.860808e-02   576
  5.056520e-01   7.334957e-01   7.024453e-03   3.595693e-02   444
  5.263213e-01   9.566889e-01   6.337769e-03   3.811563e-02   590
  5.498572e-01   9.400769e-01   6.940338e-03   3.563603e-02   648
  5.728135e-01   1.006154e+00   6.142360e-03   4.255450e-02   654
  5.932093e-01   1.070449e+00   5.094857e-03   4.024364e-02   636
  6.160086e-01   1.125003e+00   7.638490e-03   3.727473e-02   830
  6.374011e-01   1.227071e+00   5.498339e-03   4.253994e-02   792
  6.592753e-01   1.271701e+00   5.654942e-03   4.877260e-02   804
  6.816774e-01   1.379513e+00   6.979494e-03   4.563105e-02   1038
  7.033658e-01   1.404950e+00   5.466907e-03   4.467252e-02   936
  7.268732e-01   1.364562e+00   6.396444e-03   4.004416e-02   1130
  7.481801e-01   1.541824e+00   5.932183e-03   4.615634e-02   1104
  7.715688e-01   1.588287e+00   6.599015e-03   4.622975e-02   1230
  7.929568e-01   1.728387e+00   6.702668e-03   4.651271e-02   1260
  8.146859e-01   1.763519e+00   5.790870e-03   4.871735e-02   1286
  8.392614e-01   1.718408e+00   7.027488e-03   4.178909e-02   1728
  8.625481e-01   1.893886e+00   6.212888e-03   5.296326e-02   1392
  8.846807e-01   2.079150e+00   5.890993e-03   5.014552e-02   1626
  9.073659e-01   1.972070e+00   6.975646e-03   4.824697e-02   1760
  9.301438e-01   2.110786e+00   5.768668e-03   5.305918e-02   1686
  9.516169e-01   2.155097e+00   5.867806e-03   5.082496e-02   1812
  9.735730e-01   2.295949e+00   6.752246e-03   5.099683e-02   1862
  9.960116e-01   2.399740e+00   6.018286e-03   5.021296e-02   2160
  1.018588e+00   2.495369e+00   6.151975e-03   5.930327e-02   1956
  1.041303e+00   2.469766e+00   6.903365e-03   4.873928e-02   2454
  1.063469e+00   2.694162e+00   5.390687e-03   5.749745e-02   2048
  1.085716e+00   2.809874e+00   7.029288e-03   5.605879e-02   2538
  1.107675e+00   2.986284e+00   5.880830e-03   5.965035e-02   2400
  1.129871e+00   3.152540e+00   6.998986e-03   6.421354e-02   2526
  1.152016e+00   3.014790e+00   6.936203e-03   5.640651e-02   2856
  1.175115e+00   3.174555e+00   6.472266e-03   5.904282e-02   2804
  1.197929e+00   3.381740e+00   6.765387e-03   6.431096e-02   2958
  1.219641e+00   3.591547e+00   6.562093e-03   6.448828e-02   2976
  1.242553e+00   3.548243e+00   6.566272e-03   6.233427e-02   3194
  1.264005e+00   3.813631e+00   6.547194e-03   6.939490e-02   3120
  1.287240e+00   3.819952e+00   6.636612e-03   6.536030e-02   3606
  1.309415e+00   3.920855e+00   6.055094e-03   6.770955e-02   3276
  1.331019e+00   3.898170e+00   6.832617e-03   6.358192e-02   3600
  1.353243e+00   4.191822e+00   6.054381e-03   7.150944e-02   3638
  1.374639e+00   4.426169e+00   6.416366e-03   7.028756e-02   3744
  1.397786e+00   4.456378e+00   6.675792e-03   7.010976e-02   4170
  1.419913e+00   4.476738e+00   6.280159e-03   7.319001e-02   3984
  1.442450e+00   4.670870e+00   6.371616e-03   0.000000e+00   4334
  1.464688e+00   4.730542e+00   5.884242e-03   0.000000e+00   4284
  1.486648e+00   4.914580e+00   7.105982e-03   0.000000e+00   4374
  1.509609e+00   5.186120e+00   6.300470e-03   0.000000e+00   5016
  1.532223e+00   5.120656e+00   6.097142e-03   0.000000e+00   4580
  1.554765e+00   5.287056e+00   7.126587e-03   0.000000e+00   5142
  1.577761e+00   5.462610e+00   6.899001e-03   0.000000e+00   5184
  1.600276e+00   5.571773e+00   5.338187e-03   0.000000e+00   5058
  1.621911e+00   5.652395e+00   6.363006e-03   0.000000e+00   5384
  1.645046e+00   5.700255e+00   7.224314e-03   0.000000e+00   5622
  1.667363e+00   5.797167e+00   6.070707e-03   0.000000e+00   5736
  1.689585e+00   6.200285e+00   5.459726e-03   0.000000e+00   5596
  1.711912e+00   6.263031e+00   6.912922e-03   0.000000e+00   6070
  1.734057e+00   6.347609e+00   5.342686e-03   0.000000e+00   6096
  1.757161e+00   6.578897e+00   6.649766e-03   0.000000e+00   6474
  1.778536e+00   6.744460e+00   6.298983e-03   0.000000e+00   6024
  1.801398e+00   6.872734e+00   6.392811e-03   0.000000e+00   7070
  1.824047e+00   7.002879e+00   5.188747e-03   0.000000e+00   6516
  1.845773e+00   7.132468e+00   6.268134e-03   0.000000e+00   6936
  1.868451e+00   7.350384e+00   6.291896e-03   0.000000e+00   7110
  1.890389e+00   7.569425e+00   4.721551e-03   0.000000e+00   7244
  1.913597e+00   7.686606e+00   6.849521e-03   0.000000e+00   7878
  1.936074e+00   7.637710e+00   6.657016e-03   0.000000e+00   7344
  1.957840e+00   7.885640e+00   6.879742e-03   0.000000e+00   7694
  1.980517e+00   8.118778e+00   6.684202e-03   0.000000e+00   8412
  2.003290e+00   8.182009e+00   6.961496e-03   0.000000e+00   7920
  2.024934e+00   8.506655e+00   5.890145e-03   0.000000e+00   8118
  2.046965e+00   8.385433e+00   6.802747e-03   0.000000e+00   8548
  2.069377e+00   8.735614e+00   6.886832e-03   0.000000e+00   8710
  2.091602e+00   9.191630e+00   5.987986e-03   0.000000e+00   8928
  2.114418e+00   9.176324e+00   6.591252e-03   0.000000e+00   9186
  2.136304e+00   9.337189e+00   7.176122e-03   0.000000e+00   9200
  2.158866e+00   9.202611e+00   6.156028e-03   0.000000e+00   9438
  2.180862e+00   9.515216e+00   8.718457e-03   0.000000e+00   9564
  2.203470e+00   9.644891e+00   6.634452e-03   0.000000e+00   10296
  2.226614e+00   9.982381e+00   5.703880e-03   0.000000e+00   10126
  2.248296e+00   1.004333e+01   7.262133e-03   0.000000e+00   10024
  2.271358e+00   1.038768e+01   5.084344e-03   0.000000e+00   11082
  2.294001e+00   1.044966e+01   7.845643e-03   0.000000e+00   10632
  2.316131e+00   1.057884e+01   5.621564e-03   0.000000e+00   10734
  2.338489e+00   1.084098e+01   7.034156e-03   0.000000e+00   11276
  2.360839e+00   1.118449e+01   6.245953e-03   0.000000e+00   11352
  2.383396e+00   1.126688e+01   6.561306e-03   0.000000e+00   11550
  2.405537e+00   1.138776e+01   6.139857e-03   0.000000e+00   11772
  2.428008e+00   1.183110e+01   7.587317e-03   0.000000e+00   12038
  2.450201e+00   1.168016e+01   9.384011e-03   0.000000e+00   12096
  2.472703e+00   1.199386e+01   7.396089e-03   0.000000e+00   12582
  2.494955e+00   1.203626e+01   2.321710e-03   0.000000e+00   12620
  2.517718e+00   1.233405e+01   7.922150e-03   0.000000e+00   13320
  2.539997e+00   1.223901e+01   7.079638e-03   0.000000e+00   12654
  2.561848e+00   1.265474e+01   6.163433e-04   0.000000e+00   13236
  2.584026e+00   1.266718e+01   1.037225e-02   0.000000e+00   13438
  2.606438e+00   1.271061e+01   1.009196e-02   0.000000e+00   14344
  2.629661e+00   1.320007e+01   6.431931e-03   0.000000e+00   14226
  2.651603e+00   1.362344e+01   5.102242e-03   0.000000e+00   14088
  2.673833e+00   1.360881e+01   0.000000e+00   0.000000e+00   14328
  2.696115e+00   1.373761e+01   6.997592e-03   0.000000e+00   14954
  2.718701e+00   1.422743e+01   5.274687e-03   0.000000e+00   15480
  2.741376e+00   1.392063e+01   7.271952e-03   0.000000e+00   14862
  2.762860e+00   1.419918e+01   8.779580e-03   0.000000e+00   15296
  2.785420e+00   1.434144e+01   8.336992e-03   0.000000e+00   15954
  2.807527e+00   1.463320e+01   6.952518e-03   0.000000e+00   15720
  2.829638e+00   1.474324e+01   2.913213e-03   0.000000e+00   16296
  2.852416e+00   1.521241e+01   4.351608e-03   0.000000e+00   17010
  2.874533e+00   1.533815e+01   4.060658e-03   0.000000e+00   16328
  2.896783e+00   1.532800e+01   3.628579e-03   0.000000e+00   17094
  2.919100e+00   1.559536e+01   9.144691e-03   0.000000e+00   17436
  2.941673e+00   1.564692e+01   9.454153e-03   0.000000e+00   17862
  2.964339e+00   1.590766e+01   8.052606e-03   0.000000e+00   18200
  2.987171e+00   1.579827e+01   1.422156e-03   0.000000e+00   18450
  3.009508e+00   1.632907e+01   3.899448e-03   0.000000e+00   18384
  3.031791e+00   1.623215e+01   6.228464e-03   0.000000e+00   18504
  3.054048e+00   1.655898e+01   4.722584e-03   0.000000e+00   19142
  3.076754e+00   1.676853e+01   6.267265e-03   0.000000e+00   19692
  3.099218e+00   1.656949e+01   6.591617e-03   0.000000e+00   19062
  3.121198e+00   1.706746e+01   0.000000e+00   0.000000e+00   20184
  3.143916e+00   1.749057e+01   8.025329e-03   0.000000e+00   19970
  3.166075e+00   1.734100e+01   0.000000e+00   0.000000e+00   20496
  3.188882e+00   1.734818e+01   9.268120e-03   0.000000e+00   21456
  3.211079e+00   1.755052e+01   6.444446e-03   0.000000e+00   19650
  3.232869e+00   1.818764e+01   1.023861e-02   0.000000e+00   22040
  3.255840e+00   1.818727e+01   1.390778e-02   0.000000e+00   21558
  3.278021e+00   1.817177e+01   0.000000e+00   0.000000e+00   21804
  3.300260e+00   1.832455e+01   8.612104e-03   0.000000e+00   21926
  3.322427e+00   1.863747e+01   1.021228e-02   0.000000e+00   22416
  3.344684e+00   1.881522e+01   9.176037e-03   0.000000e+00   22776
  3.367568e+00   1.921431e+01   7.109665e-03   0.000000e+00   23874
  3.390051e+00   1.919648e+01   0.000000e+00   0.000000e+00   23104
  3.412404e+00   1.965638e+01   5.029021e-04   0.000000e+00   23974
  3.434810e+00   1.958823e+01   1.479405e-02   0.000000e+00   23892
  3.456827e+00   1.965849e+01   0.000000e+00   0.000000e+00   23550
  3.478993e+00   2.005103e+01   7.166776e-03   0.000000e+00   25320
  3.501511e+00   2.005380e+01   1.287419e-02   0.000000e+00   24428
  3.523546e+00   2.010389e+01   8.507526e-03   0.000000e+00   25254
  3.546105e+00   2.023964e+01   0.000000e+00   0.000000e+00   26016
  3.568344e+00   2.026398e+01   0.000000e+00   0.000000e+00   25182
  3.590789e+00   2.076094e+01   3.987562e-03   0.000000e+00   27428
  3.613557e+00   2.073656e+01   5.948391e-03   0.000000e+00   25974
  3.635463e+00   2.086130e+01   9.680776e-03   0.000000e+00   26904
  3.657712e+00   2.096292e+01   3.993095e-03   0.000000e+00   26730
  3.679984e+00   2.112391e+01   0.000000e+00   0.000000e+00   27896
  3.702813e+00   2.145166e+01   1.117100e-02   0.000000e+00   28992
  3.725914e+00   2.163991e+01   2.421557e-03   0.000000e+00   28698
  3.747957e+00   2.200971e+01   0.000000e+00   0.000000e+00   27816
  3.770475e+00   2.184862e+01   0.000000e+00   0.000000e+00   29774
  3.793003e+00   2.194498e+01   7.145355e-03   0.000000e+00   29148
  3.815026e+00   2.213837e+01   0.000000e+00   0.000000e+00   28806
  3.837210e+00   2.242858e+01   1.227163e-02   0.000000e+00   30408
  3.859647e+00   2.244071e+01   0.000000e+00   0.000000e+00   30320
  3.882277e+00   2.280198e+01   0.000000e+00   0.000000e+00   30930
  3.904867e+00   2.284540e+01   0.000000e+00   0.000000e+00   31656
  3.926934e+00   2.276924e+01   5.737048e-04   0.000000e+00   30086
  3.949103e+00   2.313304e+01   1.444975e-02   0.000000e+00   32724
  3.971447e+00   2.296136e+01   8.594857e-03   0.000000e+00   30846
  3.993637e+00   2.355585e+01   3.376621e-03   0.000000e+00   33480
  4.016319e+00   2.349220e+01   1.158758e-02   0.000000e+00   32724
  4.038496e+00   2.362613e+01   7.605628e-03   0.000000e+00   32894
  4.060991e+00   2.381981e+01   0.000000e+00   0.000000e+00   34200
  4.083491e+00   2.376281e+01   9.368656e-03   0.000000e+00   33594
  4.105589e+00   2.406066e+01   0.000000e+00   0.000000e+00   34336
  4.128132e+00   2.396924e+01   2.697887e-03   0.000000e+00   34822
  4.150503e+00   2.432011e+01   0.000000e+00   0.000000e+00   35472
  4.172752e+00   2.455754e+01   0.000000e+00   0.000000e+00   34404
  4.194935e+00   2.490445e+01   0.000000e+00   0.000000e+00   36222
  4.217168e+00   2.454381e+01   6.801085e-03   0.000000e+00   35984
  4.239629e+00   2.484235e+01   8.786193e-03   0.000000e+00   36570
  4.261898e+00   2.513585e+01   0.000000e+00   0.000000e+00   37176
  4.284407e+00   2.508738e+01   0.000000e+00   0.000000e+00   37406
  4.306826e+00   2.509650e+01   0.000000e+00   0.000000e+00   38052
  4.329063e+00   2.525135e+01   0.000000e+00   0.000000e+00   37590
  4.351602e+00   2.580276e+01   1.141550e-02   0.000000e+00   39480
  4.373916e+00   2.541710e+01   0.000000e+00   0.000000e+00   38260
  4.396221e+00   2.554084e+01   1.129428e-02   0.000000e+00   39646
  4.418983e+00   2.583109e+01   5.544835e-03   0.000000e+00   40944
  4.441552e+00   2.603189e+01   0.000000e+00   0.000000e+00   39678
  4.463787e+00   2.603622e+01   0.000000e+00   0.000000e+00   40804
  4.486153e+00   2.605597e+01   0.000000e+00   0.000000e+00   40606
  4.508560e+00   2.594580e+01   1.498948e-02   0.000000e+00   42216
  4.531103e+00   2.620235e+01   0.000000e+00   0.000000e+00   41532
  4.553370e+00   2.624154e+01   0.000000e+00   0.000000e+00   41990
  4.575476e+00   2.661604e+01   1.574544e-02   0.000000e+00   42360
  4.598032e+00   2.691791e+01   6.359216e-03   0.000000e+00   43530
  4.620450e+00   2.681423e+01   8.753684e-03   0.000000e+00   43848
  4.642798e+00   2.678358e+01   0.000000e+00   0.000000e+00   42870
  4.665219e+00   2.707196e+01   1.533005e-02   0.000000e+00   46160
  4.687724e+00   2.702269e+01   6.344045e-03   0.000000e+00   43380
  4.709886e+00   2.728298e+01   0.000000e+00   0.000000e+00   45294
  4.732123e+00   2.731635e+01   1.441037e-02   0.000000e+00   45744
  4.754862e+00   2.764964e+01   0.000000e+00   0.000000e+00   46682
  4.777105e+00   2.724060e+01   8.544176e-03   0.000000e+00   45840
  4.799425e+00   2.726436e+01   0.000000e+00   0.000000e+00   47118
  4.821693e+00   2.773263e+01   2.076746e-02   0.000000e+00   47124
  4.844051e+00   2.778204e+01   4.869911e-03   0.000000e+00   47984
  4.866864e+00   2.770362e+01   9.306244e-03   0.000000e+00   49566
  4.888861e+00   2.803465e+01   5.176870e-03   0.000000e+00   46284
  4.910927e+00   2.790017e+01   1.472315e-02   0.000000e+00   49966
  4.933384e+00   2.826879e+01   1.111622e-02   0.000000e+00   49360
  4.955705e+00   2.811523e+01   3.184930e-03   0.000000e+00   49806
  4.978207e+00   2.832223e+01   1.228628e-02   0.000000e+00   51492
  5.000465e+00   2.870912e+01   1.631679e-02   0.000000e+00   49496
  5.022910e+00   2.853683e+01   1.640412e-02   0.000000e+00   53190
  5.045544e+00   2.849802e+01   0.000000e+00   0.000000e+00   51060
  5.067734e+00   2.849859e+01   0.000000e+00   0.000000e+00   52134
  5.089994e+00   2.888687e+01   1.037016e-02   0.000000e+00   53088
  5.112430e+00   2.875702e+01   7.480827e-03   0.000000e+00   52706
  5.134798e+00   2.859575e+01   1.089978e-02   0.000000e+00   54936
  5.157523e+00   2.894704e+01   0.000000e+00   0.000000e+00   53886
  5.179752e+00   2.895544e+01   0.000000e+00   0.000000e+00   54436
  5.201976e+00   2.883178e+01   0.000000e+00   0.000000e+00   55096
  5.224645e+00   2.885497e+01   0.000000e+00   0.000000e+00   56358
  5.246859e+00   2.901515e+01   0.000000e+00   0.000000e+00   55632
  5.269250e+00   2.943142e+01   2.183558e-02   0.000000e+00   56530
  5.291587e+00   2.940981e+01   0.000000e+00   0.000000e+00   57232
  5.313844e+00   2.923826e+01   0.000000e+00   0.000000e+00   56766
  5.336666e+00   2.979304e+01   0.000000e+00   0.000000e+00   60804
  5.358875e+00   2.962875e+01   2.399921e-03   0.000000e+00   55536
  5.381167e+00   2.943091e+01   2.719129e-02   0.000000e+00   61166
  5.403550e+00   2.963935e+01   0.000000e+00   0.000000e+00   57396
  5.425681e+00   2.952629e+01   1.268051e-02   0.000000e+00   60870
  5.448152e+00   2.940128e+01   0.000000e+00   0.000000e+00   60224
  5.470510e+00   2.982966e+01   1.862587e-02   0.000000e+00   61002
  5.492940e+00   2.958043e+01   1.759166e-02   0.000000e+00   62016
  5.515253e+00   3.009986e+01   0.000000e+00   0.000000e+00   60768
  5.537387e+00   2.965373e+01   2.503125e-02   0.000000e+00   62870
  5.560013e+00   2.997250e+01   9.225891e-03   0.000000e+00   63804
  5.582511e+00   2.992334e+01   1.165975e-02   0.000000e+00   63054
  5.604496e+00   3.002156e+01   9.788301e-03   0.000000e+00   63024
  5.626956e+00   3.007864e+01   0.000000e+00   0.000000e+00   65018
  5.649160e+00   3.023787e+01   1.615891e-02   0.000000e+00   64608
  5.671595e+00   2.987610e+01   0.000000e+00   0.000000e+00   65688
  5.693967e+00   3.018263e+01   2.440895e-02   0.000000e+00   65994
  5.716266e+00   3.023667e+01   0.000000e+00   0.000000e+00   66648
  5.738806e+00   3.030749e+01   1.711624e-02   0.000000e+00   67310
  5.761025e+00   3.011337e+01   0.000000e+00   0.000000e+00   67224
  5.783399e+00   3.058068e+01   7.117824e-03   0.000000e+00   68034
  5.805860e+00   3.000401e+01   0.000000e+00   0.000000e+00   69744
  5.828318e+00   2.992759e+01   1.198478e-02   0.000000e+00   68654
  5.851000e+00   3.063324e+01   1.736582e-02   0.000000e+00   72132
  5.873443e+00   3.026451e+01   1.014859e-02   0.000000e+00   68520
  5.895567e+00   3.064331e+01   1.613164e-02   0.000000e+00   71070
  5.918130e+00   3.059913e+01   0.000000e+00   0.000000e+00   71948
  5.940468e+00   3.028217e+01   2.463047e-02   0.000000e+00   71598
  5.962997e+00   3.042811e+01   0.000000e+00   0.000000e+00   73536
  5.985341e+00   3.047647e+01   2.964590e-02   0.000000e+00   71802
  6.007451e+00   3.072651e+01   0.000000e+00   0.000000e+00   73280
  6.029825e+00   3.037159e+01   0.000000e+00   0.000000e+00   73992
  6.052402e+00   3.105303e+01   1.397343e-02   0.000000e+00   75966
  6.074757e+00   3.053262e+01   0.000000e+00   0.000000e+00   74364
  6.097138e+00   3.073178e+01   1.721360e-02   0.000000e+00   76094
  6.119456e+00   3.062896e+01   0.000000e+00   0.000000e+00   76224
  6.141846e+00   3.050500e+01   1.055945e-02   0.000000e+00   76242
  6.163998e+00   3.044058e+01   0.000000e+00   0.000000e+00   76944
  6.186370e+00   3.087128e+01   0.000000e+00   0.000000e+00   78680
  6.209088e+00   3.071279e+01   1.891421e-02   0.000000e+00   79962
  6.231371e+00   3.113884e+01   9.863837e-03   0.000000e+00   77760
  6.253630e+00   3.068576e+01   2.296138e-02   0.000000e+00   79590
  6.276016e+00   3.076801e+01   0.000000e+00   0.000000e+00   80732
  6.298460e+00   3.071582e+01   2.840545e-02   0.000000e+00   81174
  6.320845e+00   3.083826e+01   9.649313e-03   0.000000e+00   80832
  6.342780e+00   3.089384e+01   2.923318e-02   0.000000e+00   79992
  6.365287e+00   3.066772e+01   0.000000e+00   0.000000e+00   84314
  6.387871e+00   3.082868e+01   0.000000e+00   0.000000e+00   83592
  6.410326e+00   3.105008e+01   2.139296e-02   0.000000e+00   83838
  6.432653e+00   3.086171e+01   0.000000e+00   0.000000e+00   83676
  6.454894e+00   3.066613e+01   1.351111e-02   0.000000e+00   84950
  6.477199e+00   3.095845e+01   0.000000e+00   0.000000e+00   84912
  6.499638e+00   3.104057e+01   2.596424e-02   0.000000e+00   87162
  6.522125e+00   3.098465e+01   0.000000e+00   0.000000e+00   86440
  6.544379e+00   3.098349e+01   0.000000e+00   0.000000e+00   86560
  6.566820e+00   3.115252e+01   4.209061e-03   0.000000e+00   88698
  6.589159e+00   3.114763e+01   3.291000e-02   0.000000e+00   88920
  6.611798e+00   3.088607e+01   0.000000e+00   0.000000e+00   88814
  6.633999e+00   3.072451e+01   6.614318e-03   0.000000e+00   90336
  6.656618e+00   3.087452e+01   0.000000e+00   0.000000e+00   90282
  6.678959e+00   3.091248e+01   0.000000e+00   0.000000e+00   90840
  6.701118e+00   3.083225e+01   2.338760e-02   0.000000e+00   91128
  6.723713e+00   3.094052e+01   0.000000e+00   0.000000e+00   92690
  6.745951e+00   3.094716e+01   0.000000e+00   0.000000e+00   92160
  6.768386e+00   3.098989e+01   0.000000e+00   0.000000e+00   93534
  6.790649e+00   3.102560e+01   0.000000e+00   0.000000e+00   93484
  6.813021e+00   3.068580e+01   3.930948e-03   0.000000e+00   95206
  6.835578e+00   3.074868e+01   1.015403e-02   0.000000e+00   96048
  6.857770e+00   3.092581e+01   9.762857e-03   0.000000e+00   93600
  6.880099e+00   3.092083e+01   0.000000e+00   0.000000e+00   97410
  6.902468e+00   3.121321e+01   2.910163e-02   0.000000e+00   97856
  6.925056e+00   3.088777e+01   0.000000e+00   0.000000e+00   97278
  6.947337e+00   3.072275e+01   1.790247e-02   0.000000e+00   98916
  6.969630e+00   3.065410e+01   0.000000e+00   0.000000e+00   96894
  6.991808e+00   3.096198e+01   0.000000e+00   0.000000e+00   100976
  7.014410e+00   3.104942e+01   3.402811e-03   0.000000e+00   100164
  7.036655e+00   3.116219e+01   0.000000e+00   0.000000e+00   100014
  7.058765e+00   3.083037e+01   2.189619e-02   0.000000e+00   101040
  7.081244e+00   3.070479e+01   0.000000e+00   0.000000e+00   102338
  7.103507e+00   3.067352e+01   1.278822e-02   0.000000e+00   102912
  7.126095e+00   3.048861e+01   0.000000e+00   0.000000e+00   104238
  7.148297e+00   3.074644e+01   2.154657e-02   0.000000e+00   103104
  7.170701e+00   3.083027e+01   1.928042e-02   0.000000e+00   105404
  7.193160e+00   3.068173e+01   0.000000e+00   0.000000e+00   105198
  7.215504e+00   3.077895e+01   0.000000e+00   0.000000e+00   106632
  7.237964e+00   3.066941e+01   2.790570e-02   0.000000e+00   106706
  7.260296e+00   3.058040e+01   0.000000e+00   0.000000e+00   106992
  7.282886e+00   3.093789e+01   0.000000e+00   0.000000e+00   110118
  7.305257e+00   3.064434e+01   3.454887e-02   0.000000e+00   108084
  7.327507e+00   3.084083e+01   1.197406e-02   0.000000e+00   108222
  7.349997e+00   3.061445e+01   0.000000e+00   0.000000e+00   112160
  7.372280e+00   3.085795e+01   1.918034e-02   0.000000e+00   108492
  7.394661e+00   3.048009e+01   2.427205e-02   0.000000e+00   113262
  7.417128e+00   3.052706e+01   0.000000e+00   0.000000e+00   111360
  7.439625e+00   3.042734e+01   0.000000e+00   0.000000e+00   114182
  7.461948e+00   3.056163e+01   3.592213e-02   0.000000e+00   112884
  7.484350e+00   3.047658e+01   6.332920e-03   0.000000e+00   113934
  7.506587e+00   3.053943e+01   0.000000e+00   0.000000e+00   114504
  7.529191e+00   3.054920e+01   0.000000e+00   0.000000e+00   117500
  7.551487e+00   3.033498e+01   2.607006e-02   0.000000e+00   114102
  7.573805e+00   3.043016e+01   1.022161e-02   0.000000e+00   118584
  7.596258e+00   3.038656e+01   0.000000e+00   0.000000e+00   115546
  7.618346e+00   3.021228e+01   2.281440e-02   0.000000e+00   118984
  7.640992e+00   3.034004e+01   2.751639e-03   0.000000e+00   119526
  7.663274e+00   3.029829e+01   0.000000e+00   0.000000e+00   119436
  7.685539e+00   3.016362e+01   0.000000e+00   0.000000e+00   118632
  7.707838e+00   3.009523e+01   2.566291e-02   0.000000e+00   122510
  7.730336e+00   3.038957e+01   0.000000e+00   0.000000e+00   121680
  7.752757e+00   3.029750e+01   0.000000e+00   0.000000e+00   121434
  7.774932e+00   3.019135e+01   0.000000e+00   0.000000e+00   123928
  7.797402e+00   3.014272e+01   0.000000e+00   0.000000e+00   123910
  7.819816e+00   3.002150e+01   0.000000e+00   0.000000e+00   124452
  7.842166e+00   3.007451e+01   0.000000e+00   0.000000e+00   125376
  7.864518e+00   2.989257e+01   2.263666e-02   0.000000e+00   126638
  7.886884e+00   2.978889e+01   7.413452e-03   0.000000e+00   125844
  7.909266e+00   2.977491e+01   0.000000e+00   0.000000e+00   128142
  7.931676e+00   2.991591e+01   2.847839e-03   0.000000e+00   128136
  7.953932e+00   3.004421e+01   1.120160e-02   0.000000e+00   127642
  7.976366e+00   2.991769e+01   0.000000e+00   0.000000e+00   131968
  7.999045e+00   2.991514e+01   0.000000e+00   0.000000e+00   130326
  8.021288e+00   2.954611e+01   2.359283e-02   0.000000e+00   131688
  8.043652e+00   2.965814e+01   1.036942e-02   0.000000e+00   130212
  8.065928e+00   2.976229e+01   0.000000e+00   0.000000e+00   132686
  8.088480e+00   2.981160e+01   0.000000e+00   0.000000e+00   135960
  8.110930e+00   2.973451e+01   1.724724e-02   0.000000e+00   131562
  8.132910e+00   2.965509e+01   1.372870e-02   0.000000e+00   134016
  8.155429e+00   2.949838e+01   0.000000e+00   0.000000e+00   136478
  8.177814e+00   2.955902e+01   3.103392e-02   0.000000e+00   136812
  8.200286e+00   2.947163e+01   1.926004e-02   0.000000e+00   137856
  8.222674e+00   2.939190e+01   0.000000e+00   0.000000e+00   135862
  8.244935e+00   2.941317e+01   0.000000e+00   0.000000e+00   140056
  8.267480e+00   2.929096e+01   2.616643e-02   0.000000e+00   139602
  8.289805e+00   2.933179e+01   0.000000e+00   0.000000e+00   139080
  8.312120e+00   2.919078e+01   0.000000e+00   0.000000e+00   140678
  8.334523e+00   2.914022e+01   1.443758e-02   0.000000e+00   142884
  8.356838e+00   2.928646e+01   1.108783e-02   0.000000e+00   139992
  8.379202e+00   2.911028e+01   0.000000e+00   0.000000e+00   144966
  8.401691e+00   2.917868e+01   0.000000e+00   0.000000e+00   143364
  8.423971e+00   2.888861e+01   2.103730e-02   0.000000e+00   144518
  8.446287e+00   2.903411e+01   2.157053e-02   0.000000e+00   145200
  8.468563e+00   2.879127e+01   0.000000e+00   0.000000e+00   143466
  8.490786e+00   2.878149e+01   0.000000e+00   0.000000e+00   148824
  8.513165e+00   2.903104e+01   1.750656e-02   0.000000e+00   145544
  8.535380e+00   2.870381e+01   0.000000e+00   0.000000e+00   148590
  8.557876e+00   2.881924e+01   0.000000e+00   0.000000e+00   150540
  8.580335e+00   2.880095e+01   3.018635e-02   0.000000e+00   150134
  8.602703e+00   2.876811e+01   0.000000e+00   0.000000e+00   151296
  8.625282e+00   2.847524e+01   0.000000e+00   0.000000e+00   152058
  8.647428e+00   2.861704e+01   1.817299e-02   0.000000e+00   150864
  8.669802e+00   2.851884e+01   1.716592e-02   0.000000e+00   154310
  8.692405e+00   2.839072e+01   0.000000e+00   0.000000e+00   155172
  8.714767e+00   2.836135e+01   0.000000e+00   0.000000e+00   154128
  8.737344e+00   2.830977e+01   1.410741e-02   0.000000e+00   158310
  8.759614e+00   2.811796e+01   2.044913e-02   0.000000e+00   153436
  8.781901e+00   2.833287e+01   0.000000e+00   0.000000e+00   157726
  8.804500e+00   2.832175e+01   0.000000e+00   0.000000e+00   160368
  8.826773e+00   2.806315e+01   1.016878e-02   0.000000e+00   155718
  8.849005e+00   2.804778e+01   0.000000e+00   0.000000e+00   160028
  8.871389e+00   2.797606e+01   0.000000e+00   0.000000e+00   160920
  8.893811e+00   2.796162e+01   1.498774e-02   0.000000e+00   161070
  8.916228e+00   2.799048e+01   3.301450e-02   0.000000e+00   163428
  8.938517e+00   2.779684e+01   0.000000e+00   0.000000e+00   159574
  8.960958e+00   2.788619e+01   0.000000e+00   0.000000e+00   167392
  8.983418e+00   2.778265e+01   2.624451e-02   0.000000e+00   162258
  9.005716e+00   2.796222e+01   1.422572e-02   0.000000e+00   167472
  9.028172e+00   2.774447e+01   0.000000e+00   0.000000e+00   163664
  9.050366e+00   2.768008e+01   0.000000e+00   0.000000e+00   166986
  9.072800e+00   2.759579e+01   1.911890e-02   0.000000e+00   169968
  9.095409e+00   2.766304e+01   0.000000e+00   0.000000e+00   167646
  9.117491e+00   2.764424e+01   0.000000e+00   0.000000e+00   168080
  9.139891e+00   2.736517e+01   1.650758e-02   0.000000e+00   170826
  9.162300e+00   2.747448e+01   0.000000e+00   0.000000e+00   170928
  9.184502e+00   2.748632e+01   1.897917e-02   0.000000e+00   170640
  9.206988e+00   2.723489e+01   0.000000e+00   0.000000e+00   173954
  9.229276e+00   2.731029e+01   2.922617e-02   0.000000e+00   173232
  9.251730e+00   2.726834e+01   0.000000e+00   0.000000e+00   174150
  9.274117e+00   2.723397e+01   3.976747e-03   0.000000e+00   176364
  9.296468e+00   2.715020e+01   1.880641e-02   0.000000e+00   175302
  9.318834e+00   2.702137e+01   9.076977e-03   0.000000e+00   177392
  9.341132e+00   2.700400e+01   1.992656e-02   0.000000e+00   176352
  9.363602e+00   2.710379e+01   0.000000e+00   0.000000e+00   180330
  9.386068e+00   2.684321e+01   9.784662e-03   0.000000e+00   180712
  9.408435e+00   2.674122e+01   1.657779e-02   0.000000e+00   179350
  9.430871e+00   2.677267e+01   1.532924e-02   0.000000e+00   183396
  9.453363e+00   2.676022e+01   0.000000e+00   0.000000e+00   180390
  9.475463e+00   2.669070e+01   0.000000e+00   0.000000e+00   181944
  9.497943e+00   2.665616e+01   0.000000e+00   0.000000e+00   185450
  9.520473e+00   2.663302e+01   7.311204e-03   0.000000e+00   186192
  9.542747e+00   2.653161e+01   2.191716e-02   0.000000e+00   183432
  9.565048e+00   2.623172e+01   0.000000e+00   0.000000e+00   185362
  9.587308e+00   2.656386e+01   6.101806e-03   0.000000e+00   188464
  9.609858e+00   2.625697e+01   0.000000e+00   0.000000e+00   188046
  9.632258e+00   2.629884e+01   1.429977e-02   0.000000e+00   191304
  9.654588e+00   2.617276e+01   2.669663e-02   0.000000e+00   186690
  9.677021e+00   2.617712e+01   0.000000e+00   0.000000e+00   194072
  9.699308e+00   2.618667e+01   2.232219e-02   0.000000e+00   188688
  9.721593e+00   2.600204e+01   0.000000e+00   0.000000e+00   192786
  9.743906e+00   2.600866e+01   1.012945e-02   0.000000e+00   193352
  9.766459e+00   2.607200e+01   0.000000e+00   0.000000e+00   195702
  9.788767e+00   2.604950e+01   3.127148e-02   0.000000e+00   195132
  9.811174e+00   2.571489e+01   0.000000e+00   0.000000e+00   195726
  9.833501e+00   2.583541e+01   0.000000e+00   0.000000e+00   197416
  9.855836e+00   2.572403e+01   8.742022e-03   0.000000e+00   196564
  9.878245e+00   2.572113e+01   2.150916e-02   0.000000e+00   201198
  9.900612e+00   2.568512e+01   6.410626e-03   0.000000e+00   197136
  9.922808e+00   2.565204e+01   0.000000e+00   0.000000e+00   199358
  9.945107e+00   2.558901e+01   2.989548e-02   0.000000e+00   203532
  9.967650e+00   2.561452e+01   0.000000e+00   0.000000e+00   201438
  9.989975e+00   2.550925e+01   0.000000e+00   0.000000e+00   203664
  1.001229e+01   2.546574e+01   2.959155e-02   0.000000e+00   203972
  1.003466e+01   2.541622e+01   2.311993e-02   0.000000e+00   205974
  1.005712e+01   2.536181e+01   0.000000e+00   0.000000e+00   205752
  1.007961e+01   2.531472e+01   0.000000e+00   0.000000e+00   207810
  1.010172e+01   2.518234e+01   3.939761e-02   0.000000e+00   206384
  1.012428e+01   2.507865e+01   0.000000e+00   0.000000e+00   210966
  1.014673e+01   2.503816e+01   0.000000e+00   0.000000e+00   210516
  1.016914e+01   2.500321e+01   0.000000e+00   0.000000e+00   209766
  1.019141e+01   2.508455e+01   4.358855e-02   0.000000e+00   212376
  1.021385e+01   2.481261e+01   0.000000e+00   0.000000e+00   212960
  1.023641e+01   2.491509e+01   0.000000e+00   0.000000e+00   214626
  1.025866e+01   2.478670e+01   3.232652e-02   0.000000e+00   213696
  1.028103e+01   2.468066e+01   3.145380e-02   0.000000e+00   215734
  1.030334e+01   2.476240e+01   0.000000e+00   0.000000e+00   213220
  1.032567e+01   2.450640e+01   0.000000e+00   0.000000e+00   219102
  1.034812e+01   2.456083e+01   3.653272e-02   0.000000e+00   220872
  1.037046e+01   2.446040e+01   5.383823e-02   0.000000e+00   216556
  1.039282e+01   2.443091e+01   4.153976e-02   0.000000e+00   221494
  1.041513e+01   2.442267e+01   4.558207e-02   0.000000e+00   219096
  1.043757e+01   2.429041e+01   3.306727e-02   0.000000e+00   224262
  1.046009e+01   2.432164e+01   0.000000e+00   0.000000e+00   222508
  1.048247e+01   2.431175e+01   0.000000e+00   0.000000e+00   222502
  1.050467e+01   2.428435e+01   4.327798e-02   0.000000e+00   227280
  1.052714e+01   2.410293e+01   2.157746e-02   0.000000e+00   223644
  1.054948e+01   2.413352e+01   0.000000e+00   0.000000e+00   226222
  1.057185e+01   2.398675e+01   0.000000e+00   0.000000e+00   229840
  1.059429e+01   2.391694e+01   2.860237e-02   0.000000e+00   228042
  1.061650e+01   2.397268e+01   0.000000e+00   0.000000e+00   227472
  1.063885e+01   2.375267e+01   0.000000e+00   0.000000e+00   230990
  1.066126e+01   2.388430e+01   7.777657e-03   0.000000e+00   233532
  1.068362e+01   2.383601e+01   3.190022e-02   0.000000e+00   231288
  1.070609e+01   2.378484e+01   0.000000e+00   0.000000e+00   233718
  1.072830e+01   2.368483e+01   0.000000e+00   0.000000e+00   232704
  1.075072e+01   2.357993e+01   3.355672e-02   0.000000e+00   239282
  1.077318e+01   2.361474e+01   4.054925e-02   0.000000e+00   234912
  1.079566e+01   2.336276e+01   0.000000e+00   0.000000e+00   238278
  1.081785e+01   2.350681e+01   4.024868e-02   0.000000e+00   237460
  1.084005e+01   2.343941e+01   2.889977e-02   0.000000e+00   236662
  1.086268e+01   2.336174e+01   0.000000e+00   0.000000e+00   246336
  1.088530e+01   2.328644e+01   0.000000e+00   0.000000e+00   241092
  1.090754e+01   2.325281e+01   3.741638e-02   0.000000e+00   242414
  1.092996e+01   2.319196e+01   1.314392e-02   0.000000e+00   243552
  1.095240e+01   2.295327e+01   0.000000e+00   0.000000e+00   243474
  1.097457e+01   2.292379e+01   2.689802e-02   0.000000e+00   245112
  1.099702e+01   2.298200e+01   2.821407e-02   0.000000e+00   246894
  1.101936e+01   2.295769e+01   2.153033e-02   0.000000e+00   247448
  1.104183e+01   2.287817e+01   0.000000e+00   0.000000e+00   247404
  1.106404e+01   2.275777e+01   4.273989e-02   0.000000e+00   249990
  1.108633e+01   2.283360e+01   4.037498e-02   0.000000e+00   249512
  1.110895e+01   2.262072e+01   0.000000e+00   0.000000e+00   253890
  1.113129e+01   2.265558e+01   0.000000e+00   0.000000e+00   250728
  1.115348e+01   2.253242e+01   5.179903e-02   0.000000e+00   253950
  1.117595e+01   2.267757e+01   0.000000e+00   0.000000e+00   254140
  1.119836e+01   2.251486e+01   0.000000e+00   0.000000e+00   255880
  1.122078e+01   2.245038e+01   3.277085e-02   0.000000e+00   258942
  1.124298e+01   2.256573e+01   4.926216e-02   0.000000e+00   253836
  1.126546e+01   2.240550e+01   0.000000e+00   0.000000e+00   260534
  1.128792e+01   2.240457e+01   0.000000e+00   0.000000e+00   259992
  1.131009e+01   2.224266e+01   5.076788e-02   0.000000e+00   258894
  1.133251e+01   2.231013e+01   3.990135e-02   0.000000e+00   263364
  1.135494e+01   2.227505e+01   0.000000e+00   0.000000e+00   259536
  1.137705e+01   2.230323e+01   2.270419e-02   0.000000e+00   263438
  1.139940e+01   2.200960e+01   4.571534e-02   0.000000e+00   265740
  1.142189e+01   2.207387e+01   0.000000e+00   0.000000e+00   264894
  1.144432e+01   2.197270e+01   0.000000e+00   0.000000e+00   269184
  1.146664e+01   2.191281e+01   4.360773e-02   0.000000e+00   266138
  1.148895e+01   2.211323e+01   3.056787e-02   0.000000e+00   270528
  1.151148e+01   2.195707e+01   0.000000e+00   0.000000e+00   268182
  1.153372e+01   2.194655e+01   0.000000e+00   0.000000e+00   270960
  1.155602e+01   2.171835e+01   5.319162e-02   0.000000e+00   274580
  1.157881e+01   2.173151e+01   0.000000e+00   0.000000e+00   276078
  1.160121e+01   2.175830e+01   0.000000e+00   0.000000e+00   273600
  1.162347e+01   2.158854e+01   4.434757e-02   0.000000e+00   274698
  1.164581e+01   2.159239e+01   4.711940e-02   0.000000e+00   276920
  1.166832e+01   2.150606e+01   0.000000e+00   0.000000e+00   276774
  1.169070e+01   2.158188e+01   0.000000e+00   0.000000e+00   279972
  1.171284e+01   2.147652e+01   3.813145e-02   0.000000e+00   276144
  1.173529e+01   2.136866e+01   1.660766e-02   0.000000e+00   282590
  1.175777e+01   2.149127e+01   0.000000e+00   0.000000e+00   282300
  1.178014e+01   2.124029e+01   0.000000e+00   0.000000e+00   283926
  1.180230e+01   2.128268e+01   5.081384e-02   0.000000e+00   279792
  1.182484e+01   2.125901e+01   0.000000e+00   0.000000e+00   287870
  1.184734e+01   2.128870e+01   0.000000e+00   0.000000e+00   286428
  1.186948e+01   2.121443e+01   4.962569e-02   0.000000e+00   284808
  1.189187e+01   2.120052e+01   1.776902e-02   0.000000e+00   289158
  1.191439e+01   2.112101e+01   0.000000e+00   0.000000e+00   290204
  1.193674e+01   2.107901e+01   0.000000e+00   0.000000e+00   290382
  1.195902e+01   2.102267e+01   3.405426e-02   0.000000e+00   291912
  1.198152e+01   2.107118e+01   0.000000e+00   0.000000e+00   290754
  1.200378e+01   2.113383e+01   1.866386e-02   0.000000e+00   296096
  1.202628e+01   2.091882e+01   2.801852e-02   0.000000e+00   294552
  1.204852e+01   2.102209e+01   5.069573e-02   0.000000e+00   293466
  1.207086e+01   2.091341e+01   0.000000e+00   0.000000e+00   296904
  1.209331e+01   2.076341e+01   0.000000e+00   0.000000e+00   298358
  1.211543e+01   2.075149e+01   4.952290e-02   0.000000e+00   297840
  1.213795e+01   2.077324e+01   1.901528e-02   0.000000e+00   301338
  1.216041e+01   2.086968e+01   0.000000e+00   0.000000e+00   300336
  1.218256e+01   2.061522e+01   5.261891e-02   0.000000e+00   303584
  1.220506e+01   2.072251e+01   4.395863e-02   0.000000e+00   304098
  1.222759e+01   2.058337e+01   0.000000e+00   0.000000e+00   304488
  1.224984e+01   2.059791e+01   4.823479e-02   0.000000e+00   306678
  1.227228e+01   2.061498e+01   0.000000e+00   0.000000e+00   305732
  1.229466e+01   2.069025e+01   1.727191e-02   0.000000e+00   309894
  1.231711e+01   2.059911e+01   2.639109e-02   0.000000e+00   310200
  1.233948e+01   2.052907e+01   0.000000e+00   0.000000e+00   307074
  1.236174e+01   2.050146e+01   5.045400e-02   0.000000e+00   315656
  1.238431e+01   2.053299e+01   0.000000e+00   0.000000e+00   310704
  1.240678e+01   2.057039e+01   0.000000e+00   0.000000e+00   314310
  1.242877e+01   2.044885e+01   5.939064e-02   0.000000e+00   312412
  1.245134e+01   2.037483e+01   0.000000e+00   0.000000e+00   318310
  1.247382e+01   2.044685e+01   0.000000e+00   0.000000e+00   315648
  1.249602e+01   2.028056e+01   4.666032e-02   0.000000e+00   320610
  1.251836e+01   2.046193e+01   0.000000e+00   0.000000e+00   313944
  1.254076e+01   2.031165e+01   0.000000e+00   0.000000e+00   325880
  1.256317e+01   2.035676e+01   4.713042e-02   0.000000e+00   319146
  1.258557e+01   2.023593e+01   0.000000e+00   0.000000e+00   322896
  1.260777e+01   2.037906e+01   5.241472e-02   0.000000e+00   322206
  1.263022e+01   2.021657e+01   0.000000e+00   0.000000e+00   327416
  1.265281e+01   2.027800e+01   0.000000e+00   0.000000e+00   325602
  1.267490e+01   2.013189e+01   6.294645e-02   0.000000e+00   328248
  1.269734e+01   2.022621e+01   0.000000e+00   0.000000e+00   326088
  1.271991e+01   2.012199e+01   0.000000e+00   0.000000e+00   331658
  1.274201e+01   2.008128e+01   5.741936e-02   0.000000e+00   331584
  1.276452e+01   2.013680e+01   2.641099e-02   0.000000e+00   330630
  1.278698e+01   2.011540e+01   0.000000e+00   0.000000e+00   333204
  1.280904e+01   2.007050e+01   6.523511e-02   0.000000e+00   333470
  1.283167e+01   2.007883e+01   0.000000e+00   0.000000e+00   335688
  1.285390e+01   2.002348e+01   2.268895e-02   0.000000e+00   336828
  1.287624e+01   2.012806e+01   2.898915e-02   0.000000e+00   337662
  1.289879e+01   1.997027e+01   0.000000e+00   0.000000e+00   338960
  1.292080e+01   2.004885e+01   5.957204e-02   0.000000e+00   338262
  1.294330e+01   2.005894e+01   4.959869e-02   0.000000e+00   344388
  1.296599e+01   1.997155e+01   0.000000e+00   0.000000e+00   342486
  1.298794e+01   2.009678e+01   7.574518e-02   0.000000e+00   343592
  1.301061e+01   1.988897e+01   8.649854e-03   0.000000e+00   347130
  1.303317e+01   2.006927e+01   0.000000e+00   0.000000e+00   346152
  1.305519e+01   1.999018e+01   7.138392e-02   0.000000e+00   345856
  1.307782e+01   2.008857e+01   0.000000e+00   0.000000e+00   349354
  1.310025e+01   2.013393e+01   0.000000e+00   0.000000e+00   352032
  1.312248e+01   1.997135e+01   6.028111e-02   0.000000e+00   348582
  1.314506e+01   2.002404e+01   0.000000e+00   0.000000e+00   352244
  1.316704e+01   2.003693e+01   7.299426e-02   0.000000e+00   351582
  1.318960e+01   2.009863e+01   1.487082e-02   0.000000e+00   357144
  1.321223e+01   2.004134e+01   0.000000e+00   0.000000e+00   355560
  1.323426e+01   2.004108e+01   6.854951e-02   0.000000e+00   354551
  1.325680e+01   1.999475e+01   8.554642e-03   0.000000e+00   358044
  1.327941e+01   1.993649e+01   0.000000e+00   0.000000e+00   355272
  1.330135e+01   1.983179e+01   7.491879e-02   0.000000e+00   352044
  1.332382e+01   1.978185e+01   0.000000e+00   0.000000e+00   352344
  1.334630e+01   1.978761e+01   0.000000e+00   0.000000e+00   356516
  1.336852e+01   1.968478e+01   5.262081e-02   0.000000e+00   352848
  1.339127e+01   1.967550e+01   0.000000e+00   0.000000e+00   352980
  1.341333e+01   1.951515e+01   4.503143e-02   0.000000e+00   348948
  1.343567e+01   1.949616e+01   3.914073e-02   0.000000e+00   351692
  1.345843e+01   1.938400e+01   0.000000e+00   0.000000e+00   353064
  1.348041e+01   1.946613e+01   6.702412e-02   0.000000e+00   345624
  1.350276e+01   1.934124e+01   0.000000e+00   0.000000e+00   347844
  1.352538e+01   1.930890e+01   0.000000e+00   0.000000e+00   351020
  1.354745e+01   1.915128e+01   6.280296e-02   0.000000e+00   345852
  1.356994e+01   1.904164e+01   1.183154e-02   0.000000e+00   347040
  1.359245e+01   1.906690e+01   0.000000e+00   0.000000e+00   345928
  1.361452e+01   1.893839e+01   6.283582e-02   0.000000e+00   347020
  1.363713e+01   1.888806e+01   0.000000e+00   0.000000e+00   343032
  1.365942e+01   1.884937e+01   0.000000e+00   0.000000e+00   343620
  1.368160e+01   1.871178e+01   6.468251e-02   0.000000e+00   343988
  1.370439e+01   1.872349e+01   0.000000e+00   0.000000e+00   344556
  1.372655e+01   1.870974e+01   4.660395e-02   0.000000e+00   343632
  1.374908e+01   1.855320e+01   0.000000e+00   0.000000e+00   340392
  1.377157e+01   1.858507e+01   0.000000e+00   0.000000e+00   339408
  1.379355e+01   1.847577e+01   8.007632e-02   0.000000e+00   341864
  1.381627e+01   1.842247e+01   0.000000e+00   0.000000e+00   341964
  1.383874e+01   1.844817e+01   0.000000e+00   0.000000e+00   334380
  1.386053e+01   1.837522e+01   7.534350e-02   0.000000e+00   336504
  1.388322e+01   1.826235e+01   1.815386e-02   0.000000e+00   339560
  1.390569e+01   1.823760e+01   0.000000e+00   0.000000e+00   336384
  1.392787e+01   1.814186e+01   7.903405e-02   0.000000e+00   337404
  1.395050e+01   1.813810e+01   0.000000e+00   0.000000e+00   330156
  1.397256e+01   1.803422e+01   6.222924e-02   0.000000e+00   337808
  1.399514e+01   1.792612e+01   0.000000e+00   0.000000e+00   332748
  1.401769e+01   1.792609e+01   0.000000e+00   0.000000e+00   333612
  1.403973e+01   1.785426e+01   6.313203e-02   0.000000e+00   331860
  1.406219e+01   1.784803e+01   3.089018e-02   0.000000e+00   328376
  1.408463e+01   1.780803e+01   0.000000e+00   0.000000e+00   331140
  1.410680e+01   1.768756e+01   7.598177e-02   0.000000e+00   332988
  1.412929e+01   1.764718e+01   3.019349e-02   0.000000e+00   325224
  1.415185e+01   1.767549e+01   0.000000e+00   0.000000e+00   331544
  1.417399e+01   1.760539e+01   7.198328e-02   0.000000e+00   327264
  1.419646e+01   1.750610e+01   0.000000e+00   0.000000e+00   322308
  1.421874e+01   1.744370e+01   2.539111e-02   0.000000e+00   328136
  1.424091e+01   1.732810e+01   5.423782e-02   0.000000e+00   323172
  1.426360e+01   1.733367e+01   0.000000e+00   0.000000e+00   325248
  1.428572e+01   1.725880e+01   6.729043e-02   0.000000e+00   324096
  1.430815e+01   1.727431e+01   0.000000e+00   0.000000e+00   321540
  1.433080e+01   1.708909e+01   0.000000e+00   0.000000e+00   323744
  1.435270e+01   1.714733e+01   7.429589e-02   0.000000e+00   317400
  1.437520e+01   1.712852e+01   1.911347e-02   0.000000e+00   322560
  1.439788e+01   1.698741e+01   0.000000e+00   0.000000e+00   320076
  1.441987e+01   1.702752e+01   7.729473e-02   0.000000e+00   317204
  1.444268e+01   1.689395e+01   0.000000e+00   0.000000e+00   323064
  1.446515e+01   1.689775e+01   0.000000e+00   0.000000e+00   315204
  1.448707e+01   1.675384e+01   8.431407e-02   0.000000e+00   315416
  1.450996e+01   1.672253e+01   0.000000e+00   0.000000e+00   316884
  1.453202e+01   1.672543e+01   5.098161e-02   0.000000e+00   312876
  1.455438e+01   1.662113e+01   5.925705e-02   0.000000e+00   315540
  1.457715e+01   1.665386e+01   0.000000e+00   0.000000e+00   312576
  1.459903e+01   1.646283e+01   8.443026e-02   0.000000e+00   312140
  1.462164e+01   1.645998e+01   2.039862e-02   0.000000e+00   310356
  1.464424e+01   1.635855e+01   0.000000e+00   0.000000e+00   311232
  1.466612e+01   1.640833e+01   7.532956e-02   0.000000e+00   307584
  1.468876e+01   1.638357e+01   3.405449e-02   0.000000e+00   310616
  1.471120e+01   1.634920e+01   0.000000e+00   0.000000e+00   304200
  1.473310e+01   1.631445e+01   8.324534e-02   0.000000e+00   306792
  1.475592e+01   1.621689e+01   0.000000e+00   0.000000e+00   306168
  1.477804e+01   1.613852e+01   0.000000e+00   0.000000e+00   304448
  1.480048e+01   1.618237e+01   7.324622e-02   0.000000e+00   308580
  1.482322e+01   1.603366e+01   0.000000e+00   0.000000e+00   299568
  1.484510e+01   1.598693e+01   7.140449e-02   0.000000e+00   304416
  1.486778e+01   1.598419e+01   4.033414e-02   0.000000e+00   302216
  1.489034e+01   1.592000e+01   0.000000e+00   0.000000e+00   300084
  1.491232e+01   1.591181e+01   9.090723e-02   0.000000e+00   299340
  1.493481e+01   1.592112e+01   0.000000e+00   0.000000e+00   296688
  1.495733e+01   1.580196e+01   0.000000e+00   0.000000e+00   298820
  1.497931e+01   1.576446e+01   8.717615e-02   0.000000e+00   296916
  1.500203e+01   1.575559e+01   0.000000e+00   0.000000e+00   295920
  1.502427e+01   1.570918e+01   9.244693e-03   0.000000e+00   292692
  1.504633e+01   1.560943e+01   7.968626e-02   0.000000e+00   295892
  1.506927e+01   1.557004e+01   0.000000e+00   0.000000e+00   293064
  1.509132e+01   1.544711e+01   4.274872e-02   0.000000e+00   293220
  1.511361e+01   1.560905e+01   3.877832e-02   0.000000e+00   286804
  1.513621e+01   1.547899e+01   0.000000e+00   0.000000e+00   293080
  1.515835e+01   1.541868e+01   7.984912e-02   0.000000e+00   291816
  1.518104e+01   1.539899e+01   0.000000e+00   0.000000e+00   287784
  1.520351e+01   1.535213e+01   0.000000e+00   0.000000e+00   286760
  1.522546e+01   1.531713e+01   8.408075e-02   0.000000e+00   287088
  1.524810e+01   1.521101e+01   0.000000e+00   0.000000e+00   286176
  1.527065e+01   1.523964e+01   0.000000e+00   0.000000e+00   284184
  1.529255e+01   1.515428e+01   7.448344e-02   0.000000e+00   282220
  1.531540e+01   1.517064e+01   0.000000e+00   0.000000e+00   284452
  1.533755e+01   1.513698e+01   0.000000e+00   0.000000e+00   279516
  1.535976e+01   1.501561e+01   8.149790e-02   0.000000e+00   282696
  1.538265e+01   1.500264e+01   0.000000e+00   0.000000e+00   278676
  1.540453e+01   1.497354e+01   8.343150e-02   0.000000e+00   279512
  1.542708e+01   1.494908e+01   7.692087e-03   0.000000e+00   276672
  1.544968e+01   1.493385e+01   0.000000e+00   0.000000e+00   276036
  1.547147e+01   1.489680e+01   8.129895e-02   0.000000e+00   274416
  1.549410e+01   1.482356e+01   3.865635e-02   0.000000e+00   275384
  1.551673e+01   1.478190e+01   0.000000e+00   0.000000e+00   274560
  1.553871e+01   1.476085e+01   8.996202e-02   0.000000e+00   272220
  1.556146e+01   1.472969e+01   0.000000e+00   0.000000e+00   270492
  1.558373e+01   1.458150e+01   0.000000e+00   0.000000e+00   271532
  1.560603e+01   1.456780e+01   5.441893e-02   0.000000e+00   272052
  1.562867e+01   1.465266e+01   0.000000e+00   0.000000e+00   264372
  1.565057e+01   1.451534e+01   4.877537e-02   0.000000e+00   268652
  1.567314e+01   1.446946e+01   5.682421e-02   0.000000e+00   266760
  1.569563e+01   1.447046e+01   0.000000e+00   0.000000e+00   262536
  1.571764e+01   1.447975e+01   8.900071e-02   0.000000e+00   266460
  1.574021e+01   1.441024e+01   0.000000e+00   0.000000e+00   261560
  1.576267e+01   1.431246e+01   0.000000e+00   0.000000e+00   262236
  1.578477e+01   1.431589e+01   7.942705e-02   0.000000e+00   261708
  1.580731e+01   1.424617e+01   0.000000e+00   0.000000e+00   258960
  1.582979e+01   1.419465e+01   0.000000e+00   0.000000e+00   258376
  1.585177e+01   1.419825e+01   7.567060e-02   0.000000e+00   258304
  1.587469e+01   1.419972e+01   0.000000e+00   0.000000e+00   259368
  1.589684e+01   1.416850e+01   3.709681e-02   0.000000e+00   253332
  1.591902e+01   1.419230e+01   7.914789e-02   0.000000e+00   254448
  1.594185e+01   1.400754e+01   0.000000e+00   0.000000e+00   255248
  1.596389e+01   1.399206e+01   8.210961e-02   0.000000e+00   252180
  1.598648e+01   1.396569e+01   3.178293e-02   0.000000e+00   252744
  1.600902e+01   1.396759e+01   0.000000e+00   0.000000e+00   247348
  1.603089e+01   1.390075e+01   9.883007e-02   0.000000e+00   250432
  1.605354e+01   1.396279e+01   0.000000e+00   0.000000e+00   247860
  1.607617e+01   1.387079e+01   0.000000e+00   0.000000e+00   247716
  1.609805e+01   1.392545e+01   8.265921e-02   0.000000e+00   242472
  1.612085e+01   1.381379e+01   0.000000e+00   0.000000e+00   248672
  1.614309e+01   1.387054e+01   3.639679e-02   0.000000e+00   239352
  1.616518e+01   1.377256e+01   6.655654e-02   0.000000e+00   245088
  1.618802e+01   1.377400e+01   0.000000e+00   0.000000e+00   239232
  1.620990e+01   1.376881e+01   8.816774e-02   0.000000e+00   240320
  1.623258e+01   1.366542e+01   0.000000e+00   0.000000e+00   239340
  1.625521e+01   1.368023e+01   0.000000e+00   0.000000e+00   237636
  1.627700e+01   1.368542e+01   8.434057e-02   0.000000e+00   235980
  1.629964e+01   1.364490e+01   0.000000e+00   0.000000e+00   235304
  1.632221e+01   1.362573e+01   0.000000e+00   0.000000e+00   234576
  1.634416e+01   1.353021e+01   7.874145e-02   0.000000e+00   232788
  1.636679e+01   1.354457e+01   0.000000e+00   0.000000e+00   230400
  1.638913e+01   1.346685e+01   0.000000e+00   0.000000e+00   231836
  1.641133e+01   1.347945e+01   8.364581e-02   0.000000e+00   231288
  1.643420e+01   1.349220e+01   0.000000e+00   0.000000e+00   226536
  1.645610e+01   1.340495e+01   6.557522e-02   0.000000e+00   226084
  1.647843e+01   1.342888e+01   5.697398e-02   0.000000e+00   227116
  1.650123e+01   1.333854e+01   0.000000e+00   0.000000e+00   223800
  1.652313e+01   1.331421e+01   9.011887e-02   0.000000e+00   223884
  1.654569e+01   1.331361e+01   0.000000e+00   0.000000e+00   222360
  1.656829e+01   1.333252e+01   0.000000e+00   0.000000e+00   221156
  1.659035e+01   1.327577e+01   9.977704e-02   0.000000e+00   221724
  1.661305e+01   1.321934e+01   0.000000e+00   0.000000e+00   217584
  1.663545e+01   1.321157e+01   0.000000e+00   0.000000e+00   217576
  1.665741e+01   1.318800e+01   1.030485e-01   0.000000e+00   215464
  1.668020e+01   1.320223e+01   0.000000e+00   0.000000e+00   215472
  1.670241e+01   1.328991e+01   2.534574e-02   0.000000e+00   213768
  1.672453e+01   1.314533e+01   8.969636e-02   0.000000e+00   210956
  1.674724e+01   1.311106e+01   0.000000e+00   0.000000e+00   211788
  1.676942e+01   1.306691e+01   4.902549e-02   0.000000e+00   211092
  1.679193e+01   1.311427e+01   3.586345e-02   0.000000e+00   209556
  1.681461e+01   1.308896e+01   0.000000e+00   0.000000e+00   206700
  1.683643e+01   1.304944e+01   8.404614e-02   0.000000e+00   206048
  1.685902e+01   1.305758e+01   0.000000e+00   0.000000e+00   204744
  1.688156e+01   1.290126e+01   0.000000e+00   0.000000e+00   202992
  1.690336e+01   1.300074e+01   9.391484e-02   0.000000e+00   201944
  1.692628e+01   1.296011e+01   0.000000e+00   0.000000e+00   203304
  1.694874e+01   1.290870e+01   0.000000e+00   0.000000e+00   200484
  1.697060e+01   1.286451e+01   1.002949e-01   0.000000e+00   195516
  1.699352e+01   1.290845e+01   0.000000e+00   0.000000e+00   198860
  1.701549e+01   1.285088e+01   4.558752e-02   0.000000e+00   195264
  1.703789e+01   1.286531e+01   6.573228e-02   0.000000e+00   195984
  1.706066e+01   1.272047e+01   0.000000e+00   0.000000e+00   191808
  1.708233e+01   1.283661e+01   7.687538e-02   0.000000e+00   190776
  1.710489e+01   1.272726e+01   1.726652e-02   0.000000e+00   192032
  1.712759e+01   1.271599e+01   0.000000e+00   0.000000e+00   188628
  1.714942e+01   1.277577e+01   1.067019e-01   0.000000e+00   189444
  1.717223e+01   1.275508e+01   0.000000e+00   0.000000e+00   186260
  1.719450e+01   1.278395e+01   0.000000e+00   0.000000e+00   184560
  1.721657e+01   1.272407e+01   9.692162e-02   0.000000e+00   185832
  1.723957e+01   1.271831e+01   0.000000e+00   0.000000e+00   182400
  1.726157e+01   1.269858e+01   4.632684e-02   0.000000e+00   181380
  1.728379e+01   1.264136e+01   8.123729e-02   0.000000e+00   180332
  1.730663e+01   1.263464e+01   0.000000e+00   0.000000e+00   178236
  1.732866e+01   1.260701e+01   5.782244e-02   0.000000e+00   179184
  1.735110e+01   1.261713e+01   7.455346e-02   0.000000e+00   175028
  1.737374e+01   1.268673e+01   0.000000e+00   0.000000e+00   175440
  1.739586e+01   1.259220e+01   8.003975e-02   0.000000e+00   174828
  1.741842e+01   1.261261e+01   0.000000e+00   0.000000e+00   169896
  1.744076e+01   1.266617e+01   0.000000e+00   0.000000e+00   171708
  1.746285e+01   1.261651e+01   1.025871e-01   0.000000e+00   169328
  1.748553e+01   1.250793e+01   0.000000e+00   0.000000e+00   167364
  1.750789e+01   1.262182e+01   3.700501e-02   0.000000e+00   168192
  1.752998e+01   1.248220e+01   9.173074e-02   0.000000e+00   163188
  1.755288e+01   1.257965e+01   0.000000e+00   0.000000e+00   166184
  1.757508e+01   1.253282e+01   4.672552e-02   0.000000e+00   161460
  1.759720e+01   1.249942e+01   8.472940e-02   0.000000e+00   159972
  1.761988e+01   1.248993e+01   0.000000e+00   0.000000e+00   159488
  1.764186e+01   1.249359e+01   7.921161e-02   0.000000e+00   158148
  1.766453e+01   1.246478e+01   0.000000e+00   0.000000e+00   158100
  1.768716e+01   1.250016e+01   0.000000e+00   0.000000e+00   155232
  1.770883e+01   1.243501e+01   9.131688e-02   0.000000e+00   151216
  1.773162e+01   1.245057e+01   0.000000e+00   0.000000e+00   155560
  1.775426e+01   1.243397e+01   0.000000e+00   0.000000e+00   151404
  1.777608e+01   1.245939e+01   1.087352e-01   0.000000e+00   148356
  1.779892e+01   1.252113e+01   0.000000e+00   0.000000e+00   147164
  1.782097e+01   1.235225e+01   2.937053e-02   0.000000e+00   147384
  1.784325e+01   1.245205e+01   7.258550e-02   0.000000e+00   145992
  1.786621e+01   1.240079e+01   0.000000e+00   0.000000e+00   143856
  1.788784e+01   1.242088e+01   7.237478e-02   0.000000e+00   140384
  1.791047e+01   1.237839e+01   3.717266e-02   0.000000e+00   143856
  1.793320e+01   1.229585e+01   0.000000e+00   0.000000e+00   136968
  1.795491e+01   1.243889e+01   9.950649e-02   0.000000e+00   139536
  1.797782e+01   1.236178e+01   0.000000e+00   0.000000e+00   136916
  1.800006e+01   1.225022e+01   0.000000e+00   0.000000e+00   133032
  1.802203e+01   1.225602e+01   9.989094e-02   0.000000e+00   135540
  1.804510e+01   1.227204e+01   0.000000e+00   0.000000e+00   132096
  1.806709e+01   1.237014e+01   0.000000e+00   0.000000e+00   129540
  1.808928e+01   1.235231e+01   9.763663e-02   0.000000e+00   130640
  1.811214e+01   1.209120e+01   0.000000e+00   0.000000e+00   126276
  1.813418e+01   1.225685e+01   5.966788e-02   0.000000e+00   128484
  1.815689e+01   1.222285e+01   1.856195e-02   0.000000e+00   124168
  1.817929e+01   1.208925e+01   0.000000e+00   0.000000e+00   122224
  1.820135e+01   1.233895e+01   8.822562e-02   0.000000e+00   123156
  1.822405e+01   1.210354e+01   0.000000e+00   0.000000e+00   119688
  1.824622e+01   1.215901e+01   0.000000e+00   0.000000e+00   116640
  1.826830e+01   1.210130e+01   1.038517e-01   0.000000e+00   119696
  1.829109e+01   1.204129e+01   0.000000e+00   0.000000e+00   114276
  1.831338e+01   1.219919e+01   0.000000e+00   0.000000e+00   114060
  1.833546e+01   1.216649e+01   9.762334e-02   0.000000e+00   112536
  1.835830e+01   1.206173e+01   0.000000e+00   0.000000e+00   112196
  1.838062e+01   1.196186e+01   4.349738e-02   0.000000e+00   109404
  1.840272e+01   1.191398e+01   5.400839e-02   0.000000e+00   105900
  1.842520e+01   1.208784e+01   0.000000e+00   0.000000e+00   107176
  1.844737e+01   1.200092e+01   7.248666e-02   0.000000e+00   105088
  1.846993e+01   1.185719e+01   2.591253e-02   0.000000e+00   103800
  1.849256e+01   1.192408e+01   0.000000e+00   0.000000e+00   101340
  1.851450e+01   1.180677e+01   8.094114e-02   0.000000e+00   100036
  1.853695e+01   1.181309e+01   0.000000e+00   0.000000e+00   97672
  1.855950e+01   1.172832e+01   0.000000e+00   0.000000e+00   97908
  1.858158e+01   1.161850e+01   8.554105e-02   0.000000e+00   95328
  1.860421e+01   1.180041e+01   0.000000e+00   0.000000e+00   93600
  1.862649e+01   1.156882e+01   0.000000e+00   0.000000e+00   92312
  1.864876e+01   1.155351e+01   7.154794e-02   0.000000e+00   91044
  1.867143e+01   1.150200e+01   0.000000e+00   0.000000e+00   88500
  1.869325e+01   1.148231e+01   5.415840e-02   0.000000e+00   86216
  1.871575e+01   1.142516e+01   0.000000e+00   0.000000e+00   87159
  1.873869e+01   1.149216e+01   0.000000e+00   0.000000e+00   86064
  1.876070e+01   1.124809e+01   8.536156e-02   0.000000e+00   81648
  1.878304e+01   1.133654e+01   1.143426e-02   0.000000e+00   81654
  1.880569e+01   1.113511e+01   0.000000e+00   0.000000e+00   81284
  1.882789e+01   1.121750e+01   6.286651e-02   0.000000e+00   78888
  1.885026e+01   1.111751e+01   1.880534e-02   0.000000e+00   77250
  1.887247e+01   1.116076e+01   0.000000e+00   0.000000e+00   75942
  1.889470e+01   1.097802e+01   6.512783e-02   0.000000e+00   77042
  1.891754e+01   1.093351e+01   0.000000e+00   0.000000e+00   74094
  1.893984e+01   1.094693e+01   3.569740e-02   0.000000e+00   73818
  1.896216e+01   1.102922e+01   0.000000e+00   0.000000e+00   70998
  1.898457e+01   1.080506e+01   0.000000e+00   0.000000e+00   72044
  1.900692e+01   1.093439e+01   6.924578e-02   0.000000e+00   69426
  1.902943e+01   1.084110e+01   0.000000e+00   0.000000e+00   69288
  1.905177e+01   1.083233e+01   0.000000e+00   0.000000e+00   67068
  1.907382e+01   1.079957e+01   7.283931e-02   0.000000e+00   66926
  1.909641e+01   1.070386e+01   6.018201e-02   0.000000e+00   66348
  1.911910e+01   1.064703e+01   0.000000e+00   0.000000e+00   64728
  1.914115e+01   1.065059e+01   0.000000e+00   0.000000e+00   62820
  1.916349e+01   1.076725e+01   0.000000e+00   0.000000e+00   63716
  1.918611e+01   1.081322e+01   1.764549e-02   0.000000e+00   62160
  1.920843e+01   1.065473e+01   0.000000e+00   0.000000e+00   59940
  1.923057e+01   1.066198e+01   1.645474e-02   0.000000e+00   60112
  1.925291e+01   1.058979e+01   6.796315e-02   0.000000e+00   59668
  1.927559e+01   1.047370e+01   0.000000e+00   0.000000e+00   57618
  1.929770e+01   1.051500e+01   2.223517e-02   0.000000e+00   56868
  1.931984e+01   1.057325e+01   6.576603e-02   0.000000e+00   56684
  1.934233e+01   1.048535e+01   2.719136e-02   0.000000e+00   55536
  1.936485e+01   1.035411e+01   0.000000e+00   0.000000e+00   54342
  1.938725e+01   1.053697e+01   2.243830e-02   0.000000e+00   54768
  1.940942e+01   1.036557e+01   6.572501e-02   0.000000e+00   52094
  1.943180e+01   1.037845e+01   0.000000e+00   0.000000e+00   52224
  1.945450e+01   1.040743e+01   0.000000e+00   0.000000e+00   52188
  1.947673e+01   1.037369e+01   5.913303e-02   0.000000e+00   50190
  1.949883e+01   1.034463e+01   4.969947e-02   0.000000e+00   49224
  1.952138e+01   1.025681e+01   0.000000e+00   0.000000e+00   49094
  1.954399e+01   1.043013e+01   1.909935e-02   0.000000e+00   49488
  1.956638e+01   1.015820e+01   6.029206e-02   0.000000e+00   46830
  1.958846e+01   1.023205e+01   1.091435e-02   0.000000e+00   45860
  1.961092e+01   1.031797e+01   0.000000e+00   0.000000e+00   46770
  1.963346e+01   1.024086e+01   2.478497e-02   0.000000e+00   45468
  1.965580e+01   1.021782e+01   4.420024e-02   0.000000e+00   44130
  1.967806e+01   1.025424e+01   0.000000e+00   0.000000e+00   43230
  1.970046e+01   1.017042e+01   0.000000e+00   0.000000e+00   44108
  1.972303e+01   1.020130e+01   4.023434e-02   0.000000e+00   42162
  1.974534e+01   1.010179e+01   4.096675e-02   0.000000e+00   41358
  1.976746e+01   1.018706e+01   0.000000e+00   0.000000e+00   40456
  1.978986e+01   1.002614e+01   3.809850e-02   0.000000e+00   41230
  1.981261e+01   1.011845e+01   4.988636e-02   0.000000e+00   39906
  1.983504e+01   1.019815e+01   0.000000e+00   0.000000e+00   38508
  1.985706e+01   1.007720e+01   0.000000e+00   0.000000e+00   37854
  1.987929e+01   1.002142e+01   5.995167e-02   0.000000e+00   38162
  1.990205e+01   1.000293e+01   2.977943e-02   0.000000e+00   37212
  1.992451e+01   1.011000e+01   0.000000e+00   0.000000e+00   36450
  1.994642e+01   9.989950e+00   3.153206e-02   0.000000e+00   34718
  1.996863e+01   1.001545e+01   2.369738e-02   0.000000e+00   35814
  1.999141e+01   1.012354e+01   2.458409e-02   0.000000e+00   34896
  2.001390e+01   1.006130e+01   0.000000e+00   0.000000e+00   33822
  2.003574e+01   1.001921e+01   4.703319e-02   0.000000e+00   32522
  2.005819e+01   1.002467e+01   0.000000e+00   0.000000e+00   33630
  2.008096e+01   1.021843e+01   0.000000e+00   0.000000e+00   32166
  2.010309e+01   9.969870e+00   2.467319e-02   0.000000e+00   31200
  2.012503e+01   1.004645e+01   1.953705e-02   0.000000e+00   30598
  2.014747e+01   9.960124e+00   2.462543e-02   0.000000e+00   31138
  2.017040e+01   9.978244e+00   0.000000e+00   0.000000e+00   30510
  2.019273e+01   1.021292e+01   3.638727e-02   0.000000e+00   28998
  2.021465e+01   9.869437e+00   1.123284e-02   0.000000e+00   28290
  2.023706e+01   1.002057e+01   4.614275e-02   0.000000e+00   29126
  2.026000e+01   1.013253e+01   0.000000e+00   0.000000e+00   28008
  2.028237e+01   1.021738e+01   8.685541e-03   0.000000e+00   27222
  2.030447e+01   9.960513e+00   2.193466e-02   0.000000e+00   26426
  2.032684e+01   1.002846e+01   1.383713e-02   0.000000e+00   26694
  2.034949e+01   1.011649e+01   2.608818e-02   0.000000e+00   25734
  2.037195e+01   9.913919e+00   0.000000e+00   0.000000e+00   25458
  2.039398e+01   1.011450e+01   0.000000e+00   0.000000e+00   24198
  2.041647e+01   9.934932e+00   0.000000e+00   0.000000e+00   25034
  2.043921e+01   1.001056e+01   1.956565e-02   0.000000e+00   23718
  2.046141e+01   9.820893e+00   0.000000e+00   0.000000e+00   23094
  2.048326e+01   9.921939e+00   2.980152e-02   0.000000e+00   22416
  2.050574e+01   9.996279e+00   8.802534e-03   0.000000e+00   23078
  2.052882e+01   1.009061e+01   0.000000e+00   0.000000e+00   22386
  2.055117e+01   9.878586e+00   0.000000e+00   0.000000e+00   21126
  2.057282e+01   9.918818e+00   0.000000e+00   0.000000e+00   20366
  2.059512e+01   9.909083e+00   4.329272e-02   0.000000e+00   21354
  2.061826e+01   1.008856e+01   0.000000e+00   0.000000e+00   20478
  2.064058e+01   9.984924e+00   0.000000e+00   0.000000e+00   19458
  2.066222e+01   1.006250e+01   1.291657e-02   0.000000e+00   18758
  2.068455e+01   1.006876e+01   4.449085e-02   0.000000e+00   19566
  2.070765e+01   1.009233e+01   2.804648e-02   0.000000e+00   18858
  2.073008e+01   9.998562e+00   9.255146e-03   0.000000e+00   17790
  2.075166e+01   1.004070e+01   0.000000e+00   0.000000e+00   17114
  2.077403e+01   1.002170e+01   0.000000e+00   0.000000e+00   17982
  2.079711e+01   9.867884e+00   0.000000e+00   0.000000e+00   17190
  2.081959e+01   1.001715e+01   0.000000e+00   0.000000e+00   16458
  2.084115e+01   1.005734e+01   3.496529e-02   0.000000e+00   15494
  2.086347e+01   1.012759e+01   1.000690e-02   0.000000e+00   16374
  2.088670e+01   9.997642e+00   0.000000e+00   0.000000e+00   15858
  2.090920e+01   1.008662e+01   0.000000e+00   0.000000e+00   14862
  2.093069e+01   1.014161e+01   0.000000e+00   0.000000e+00   14082
  2.095310e+01   1.002237e+01   0.000000e+00   0.000000e+00   14990
  2.097639e+01   1.006946e+01   1.506712e-02   0.000000e+00   14358
  2.099882e+01   1.005370e+01   0.000000e+00   0.000000e+00   13386
  2.102007e+01   1.021925e+01   0.000000e+00   0.000000e+00   12678
  2.104251e+01   1.007289e+01   2.615337e-02   0.000000e+00   13700
  2.106595e+01   1.021559e+01   1.540280e-02   0.000000e+00   12942
  2.108844e+01   1.031852e+01   4.105934e-02   0.000000e+00   12198
  2.110945e+01   1.000968e+01   0.000000e+00   0.000000e+00   11106
  2.113175e+01   1.007028e+01   5.922807e-03   0.000000e+00   12494
  2.115525e+01   1.023016e+01   2.869253e-02   0.000000e+00   11610
  2.117792e+01   1.027463e+01   0.000000e+00   0.000000e+00   11094
  2.119894e+01   1.040007e+01   2.057179e-02   0.000000e+00   9902
  2.122114e+01   1.025424e+01   1.479895e-02   0.000000e+00   11226
  2.124465e+01   1.010680e+01   0.000000e+00   0.000000e+00   10326
  2.126734e+01   1.045581e+01   1.911829e-02   0.000000e+00   10074
  2.128853e+01   1.026216e+01   1.193347e-02   0.000000e+00   8766
  2.131054e+01   1.068724e+01   0.000000e+00   0.000000e+00   9950
  2.133400e+01   1.052671e+01   1.531726e-02   0.000000e+00   9252
  2.135668e+01   1.051413e+01   0.000000e+00   0.000000e+00   8886
  2.137785e+01   1.073696e+01   0.000000e+00   0.000000e+00   7850
  2.140006e+01   1.059766e+01   0.000000e+00   0.000000e+00   8886
  2.142357e+01   1.054451e+01   0.000000e+00   0.000000e+00   8142
  2.144598e+01   1.096927e+01   2.183711e-02   0.000000e+00   7746
  2.146692e+01   1.073001e+01   2.325937e-02   0.000000e+00   6926
  2.148956e+01   1.069752e+01   0.000000e+00   0.000000e+00   7974
  2.151315e+01   1.031959e+01   2.257352e-02   0.000000e+00   7074
  2.153530e+01   1.100683e+01   0.000000e+00   0.000000e+00   6744
  2.155613e+01   1.099030e+01   2.263665e-02   0.000000e+00   6114
  2.157915e+01   1.082771e+01   1.084319e-02   0.000000e+00   7094
  2.160315e+01   1.107435e+01   0.000000e+00   0.000000e+00   6174
  2.162502e+01   1.094657e+01   1.185020e-02   0.000000e+00   5754
  2.164529e+01   1.116654e+01   0.000000e+00   0.000000e+00   5214
  2.166862e+01   1.075741e+01   0.000000e+00   0.000000e+00   6338
  2.169326e+01   1.114674e+01   1.146161e-02   0.000000e+00   5352
  2.171490e+01   1.152892e+01   0.000000e+00   0.000000e+00   4830
  2.173422e+01   1.121718e+01   8.390020e-03   0.000000e+00   4338
  2.175768e+01   1.143693e+01   0.000000e+00   0.000000e+00   5558
  2.178338e+01   1.105509e+01   1.557348e-02   0.000000e+00   4866
  2.180546e+01   1.079645e+01   2.599644e-02   0.000000e+00   3846
  2.182302e+01   1.111174e+01   0.000000e+00   0.000000e+00   3518
  2.184658e+01   1.135181e+01   2.130391e-02   0.000000e+00   4812
  2.187303e+01   1.091858e+01   1.229796e-02   0.000000e+00   4278
  2.189596e+01   1.086380e+01   2.187650e-02   0.000000e+00   3174
  2.191184e+01   1.167988e+01   0.000000e+00   0.000000e+00   2738
  2.193531e+01   1.159064e+01   6.952158e-03   0.000000e+00   4086
  2.196231e+01   1.138492e+01   0.000000e+00   0.000000e+00   3666
  2.198633e+01   1.159506e+01   1.289652e-02   0.000000e+00   2712
  2.200065e+01   1.124750e+01   1.067916e-02   0.000000e+00   1998
  2.202400e+01   1.198938e+01   1.539700e-02   0.000000e+00   3434
  2.205156e+01   1.187025e+01   0.000000e+00   0.000000e+00   3078
  2.207673e+01   1.210731e+01   1.093850e-02   0.000000e+00   2334
  2.208953e+01   1.220749e+01   0.000000e+00   0.000000e+00   1340
  2.211267e+01   1.219839e+01   0.000000e+00   0.000000e+00   2838
  2.214087e+01   1.228987e+01   0.000000e+00   0.000000e+00   2538
  2.216722e+01   1.210940e+01   9.232306e-03   0.000000e+00   1974
  2.217777e+01   1.259855e+01   1.593283e-02   0.000000e+00   774
  2.220101e+01   1.159714e+01   0.000000e+00   0.000000e+00   2300
  2.222993e+01   1.181100e+01   1.352908e-02   0.000000e+00   2046
  2.225746e+01   1.208234e+01   8.101916e-03   0.000000e+00   1626
  2.226602e+01   1.397685e+01   8.346394e-03   6.805160e-01   390
  2.228919e+01   1.202917e+01   8.471547e-03   0.000000e+00   1766
  2.231856e+01   1.311462e+01   0.000000e+00   0.000000e+00   1596
  2.234725e+01   1.241572e+01   0.000000e+00   0.000000e+00   1302
  2.235429e+01   1.631383e+01   0.000000e+00   1.472854e+00   150
  2.237750e+01   1.259780e+01   2.852828e-03   0.000000e+00   1298
  2.240698e+01   1.390259e+01   0.000000e+00   0.000000e+00   1158
  2.243630e+01   1.189899e+01   4.741179e-03   0.000000e+00   996
  2.244707e+01   1.948730e+01   1.161396e-02   3.709295e+00   38
  2.246603e+01   1.293677e+01   0.000000e+00   0.000000e+00   894
  2.249555e+01   1.296377e+01   1.047578e-02   0.000000e+00   786
  2.252511e+01   1.437340e+01   0.000000e+00   0.000000e+00   678
  2.255323e+01   6.495738e+00   0.000000e+00   1.363312e+00   8
  2.255472e+01   1.283291e+01   9.506613e-03   5.185761e-01   570
  2.258430e+01   1.369590e+01   1.020224e-02   6.478895e-01   486
  2.261392e+01   1.420752e+01   0.000000e+00   6.908385e-01   402
  2.264273e+01   1.887544e+01   0.000000e+00   6.143399e+00   8
  2.264359e+01   1.369289e+01   1.179067e-02   8.035984e-01   318
  2.267323e+01   1.417644e+01   0.000000e+00   9.240204e-01   258
  2.270292e+01   1.350383e+01   0.000000e+00   9.239335e-01   198
  2.273223e+01   1.681439e+01   0.000000e+00   2.555506e+00   8
  2.273265e+01   1.690587e+01   0.000000e+00   1.196141e+00   138
  2.276235e+01   1.380005e+01   3.869981e-03   1.284067e+00   102
  2.279209e+01   1.061966e+01   7.048534e-03   1.156839e+00   66
  2.282185e+01   1.222512e+01   0.000000e+00   1.705238e+00   38
  2.285163e+01   1.022772e+01   0.000000e+00   1.539240e+00   18
  2.288143e+01   3.331275e+00   0.000000e+00   1.457363e+00   6
