# power spectrum of delta
# redshift z=0.425100
# k              Pk             sigma(k)       sigma(Pk)      count
  5.167109e-02   2.509103e-02   1.693076e-05   9.596918e-03   6
  7.307396e-02   1.352802e-01   0.000000e+00   2.918479e-02   12
  9.543063e-02   1.410914e-01   6.851560e-03   2.441666e-02   14
  1.210540e-01   2.529944e-01   5.513588e-03   2.689646e-02   48
  1.524803e-01   3.317609e-01   4.005064e-03   3.941029e-02   42
  1.673860e-01   3.071908e-01   3.987272e-03   3.966965e-02   48
  1.897915e-01   4.502721e-01   4.780100e-03   4.397244e-02   80
  2.150919e-01   6.005931e-01   3.711353e-03   5.306944e-02   90
  2.344483e-01   5.605683e-01   5.827848e-03   5.312846e-02   120
  2.619469e-01   7.448742e-01   4.897654e-03   5.337920e-02   158
  2.801601e-01   8.944927e-01   2.324249e-03   9.322945e-02   120
  3.021033e-01   9.528870e-01   5.194979e-03   6.742182e-02   186
  3.263478e-01   1.112500e+00   7.104259e-03   6.620915e-02   264
  3.460484e-01   1.318203e+00   3.835370e-03   8.987916e-02   168
  3.711847e-01   1.436429e+00   6.854707e-03   7.585605e-02   386
  3.922192e-01   1.326627e+00   4.147837e-03   1.029627e-01   192
  4.129151e-01   1.895467e+00   6.800624e-03   9.566939e-02   390
  4.361657e-01   1.795932e+00   7.120246e-03   8.626515e-02   396
  4.580089e-01   2.001641e+00   7.064082e-03   9.761392e-02   398
  4.820215e-01   2.193750e+00   6.923992e-03   8.891318e-02   576
  5.056520e-01   2.094436e+00   7.024453e-03   9.906442e-02   444
  5.263212e-01   2.829016e+00   6.343652e-03   1.061100e-01   590
  5.498572e-01   2.769166e+00   6.940338e-03   1.065822e-01   648
  5.728135e-01   3.132404e+00   6.142360e-03   1.232309e-01   654
  5.932093e-01   3.106196e+00   5.094857e-03   1.163448e-01   636
  6.160086e-01   3.549131e+00   7.638490e-03   1.229481e-01   830
  6.374011e-01   3.729431e+00   5.498339e-03   1.259899e-01   792
  6.592753e-01   4.017381e+00   5.654942e-03   1.331529e-01   804
  6.816774e-01   4.756143e+00   6.979494e-03   1.615439e-01   1038
  7.033658e-01   4.532920e+00   5.466907e-03   1.416946e-01   936
  7.268733e-01   4.799181e+00   6.387959e-03   1.333642e-01   1130
  7.481801e-01   5.036760e+00   5.932183e-03   1.493334e-01   1104
  7.715689e-01   5.297511e+00   6.595546e-03   1.571212e-01   1230
  7.929568e-01   6.003924e+00   6.702668e-03   1.611063e-01   1260
  8.146859e-01   6.082318e+00   5.790870e-03   1.736334e-01   1286
  8.392614e-01   6.268919e+00   7.027488e-03   1.477256e-01   1728
  8.625481e-01   7.054293e+00   6.216797e-03   1.801310e-01   1392
  8.846806e-01   6.987000e+00   5.911357e-03   1.731780e-01   1626
  9.073659e-01   7.605934e+00   6.975646e-03   0.000000e+00   1760
  9.301438e-01   7.666562e+00   5.768668e-03   1.762712e-01   1686
  9.516169e-01   8.105437e+00   5.867806e-03   0.000000e+00   1812
  9.735730e-01   8.769667e+00   6.746865e-03   0.000000e+00   1862
  9.960116e-01   8.763780e+00   6.018286e-03   0.000000e+00   2160
  1.018588e+00   9.160202e+00   6.151975e-03   0.000000e+00   1956
  1.041303e+00   9.695411e+00   6.903365e-03   0.000000e+00   2454
  1.063469e+00   1.012858e+01   5.390687e-03   0.000000e+00   2048
  1.085716e+00   1.008822e+01   7.029288e-03   0.000000e+00   2538
  1.107675e+00   1.074670e+01   5.880830e-03   0.000000e+00   2400
  1.129871e+00   1.123005e+01   7.006632e-03   0.000000e+00   2526
  1.152016e+00   1.090245e+01   6.936203e-03   0.000000e+00   2856
  1.175115e+00   1.158073e+01   6.515669e-03   0.000000e+00   2804
  1.197929e+00   1.222928e+01   6.758625e-03   0.000000e+00   2958
  1.219641e+00   1.310165e+01   6.571618e-03   0.000000e+00   2976
  1.242553e+00   1.336962e+01   6.566272e-03   0.000000e+00   3194
  1.264005e+00   1.306940e+01   6.547194e-03   0.000000e+00   3120
  1.287240e+00   1.399956e+01   6.636612e-03   0.000000e+00   3606
  1.309415e+00   1.482888e+01   6.024327e-03   0.000000e+00   3276
  1.331018e+00   1.532755e+01   6.882487e-03   0.000000e+00   3600
  1.353243e+00   1.548717e+01   6.054381e-03   0.000000e+00   3638
  1.374639e+00   1.582008e+01   6.416366e-03   0.000000e+00   3744
  1.397786e+00   1.587443e+01   6.647095e-03   0.000000e+00   4170
  1.419913e+00   1.749139e+01   6.246722e-03   0.000000e+00   3984
  1.442450e+00   1.727540e+01   6.371616e-03   0.000000e+00   4334
  1.464688e+00   1.840139e+01   5.884242e-03   0.000000e+00   4284
  1.486648e+00   1.925155e+01   7.105982e-03   0.000000e+00   4374
  1.509609e+00   2.000032e+01   6.283327e-03   0.000000e+00   5016
  1.532223e+00   1.935317e+01   6.077736e-03   0.000000e+00   4580
  1.554765e+00   2.077552e+01   7.141335e-03   0.000000e+00   5142
  1.577761e+00   2.178311e+01   6.890218e-03   0.000000e+00   5184
  1.600276e+00   2.245076e+01   5.338187e-03   0.000000e+00   5058
  1.621911e+00   2.225482e+01   6.363006e-03   0.000000e+00   5384
  1.645046e+00   2.313867e+01   7.224314e-03   0.000000e+00   5622
  1.667363e+00   2.314233e+01   6.070707e-03   0.000000e+00   5736
  1.689585e+00   2.322948e+01   5.459726e-03   0.000000e+00   5596
  1.711913e+00   2.393209e+01   6.878032e-03   0.000000e+00   6070
  1.734056e+00   2.421950e+01   5.354098e-03   0.000000e+00   6096
  1.757161e+00   2.495449e+01   6.617885e-03   0.000000e+00   6474
  1.778536e+00   2.612866e+01   6.298983e-03   0.000000e+00   6024
  1.801398e+00   2.623229e+01   6.368825e-03   0.000000e+00   7070
  1.824047e+00   2.674859e+01   5.188747e-03   0.000000e+00   6516
  1.845773e+00   2.721894e+01   6.413430e-03   0.000000e+00   6936
  1.868451e+00   2.834333e+01   6.291896e-03   0.000000e+00   7110
  1.890389e+00   2.886487e+01   4.689808e-03   0.000000e+00   7244
  1.913596e+00   2.820794e+01   6.911796e-03   0.000000e+00   7878
  1.936074e+00   2.932749e+01   6.610028e-03   0.000000e+00   7344
  1.957840e+00   2.922256e+01   6.923136e-03   0.000000e+00   7694
  1.980517e+00   3.106359e+01   6.684202e-03   0.000000e+00   8412
  2.003290e+00   3.167532e+01   6.940491e-03   0.000000e+00   7920
  2.024933e+00   3.143156e+01   5.935641e-03   0.000000e+00   8118
  2.046965e+00   3.216362e+01   6.802747e-03   0.000000e+00   8548
  2.069377e+00   3.277819e+01   6.922817e-03   0.000000e+00   8710
  2.091602e+00   3.304702e+01   5.947368e-03   0.000000e+00   8928
  2.114417e+00   3.330046e+01   6.619200e-03   0.000000e+00   9186
  2.136304e+00   3.435566e+01   7.320610e-03   0.000000e+00   9200
  2.158866e+00   3.465330e+01   6.156028e-03   0.000000e+00   9438
  2.180862e+00   3.598465e+01   8.651508e-03   0.000000e+00   9564
  2.203470e+00   3.647544e+01   6.634452e-03   0.000000e+00   10296
  2.226614e+00   3.675145e+01   5.853483e-03   0.000000e+00   10126
  2.248296e+00   3.933536e+01   7.128559e-03   0.000000e+00   10024
  2.271358e+00   3.889946e+01   5.084344e-03   0.000000e+00   11082
  2.294001e+00   3.892498e+01   7.845643e-03   0.000000e+00   10632
  2.316131e+00   3.921971e+01   5.746644e-03   0.000000e+00   10734
  2.338489e+00   3.893210e+01   7.034156e-03   0.000000e+00   11276
  2.360839e+00   4.023867e+01   6.215356e-03   0.000000e+00   11352
  2.383396e+00   4.103548e+01   6.532686e-03   0.000000e+00   11550
  2.405538e+00   4.116293e+01   5.970842e-03   0.000000e+00   11772
  2.428007e+00   4.140939e+01   7.612936e-03   0.000000e+00   12038
  2.450201e+00   4.171729e+01   9.332218e-03   0.000000e+00   12096
  2.472702e+00   4.258163e+01   7.456409e-03   0.000000e+00   12582
  2.494955e+00   4.342737e+01   2.321710e-03   0.000000e+00   12620
  2.517718e+00   4.297601e+01   7.931579e-03   0.000000e+00   13320
  2.539997e+00   4.388558e+01   7.141919e-03   0.000000e+00   12654
  2.561848e+00   4.518252e+01   1.413863e-03   0.000000e+00   13236
  2.584027e+00   4.496714e+01   1.029625e-02   0.000000e+00   13438
  2.606438e+00   4.521654e+01   1.009196e-02   0.000000e+00   14344
  2.629661e+00   4.689661e+01   6.322034e-03   0.000000e+00   14226
  2.651603e+00   4.674740e+01   5.102242e-03   0.000000e+00   14088
  2.673832e+00   4.625721e+01   7.137082e-04   0.000000e+00   14328
  2.696115e+00   4.690298e+01   7.046693e-03   0.000000e+00   14954
  2.718701e+00   4.769102e+01   5.437396e-03   0.000000e+00   15480
  2.741377e+00   4.792914e+01   7.097358e-03   0.000000e+00   14862
  2.762860e+00   4.905782e+01   8.677712e-03   0.000000e+00   15296
  2.785421e+00   5.042659e+01   8.201337e-03   0.000000e+00   15954
  2.807527e+00   5.042125e+01   6.909437e-03   0.000000e+00   15720
  2.829638e+00   5.063846e+01   3.003001e-03   0.000000e+00   16296
  2.852416e+00   5.018517e+01   4.351608e-03   0.000000e+00   17010
  2.874533e+00   5.126214e+01   3.927232e-03   0.000000e+00   16328
  2.896783e+00   5.100788e+01   3.697701e-03   0.000000e+00   17094
  2.919100e+00   5.251915e+01   9.296477e-03   0.000000e+00   17436
  2.941673e+00   5.242995e+01   9.402752e-03   0.000000e+00   17862
  2.964338e+00   5.319394e+01   8.105604e-03   0.000000e+00   18200
  2.987171e+00   5.332718e+01   1.090516e-03   0.000000e+00   18450
  3.009508e+00   5.389256e+01   3.677921e-03   0.000000e+00   18384
  3.031791e+00   5.546541e+01   6.228464e-03   0.000000e+00   18504
  3.054048e+00   5.574400e+01   4.722584e-03   0.000000e+00   19142
  3.076754e+00   5.533797e+01   6.220514e-03   0.000000e+00   19692
  3.099219e+00   5.631388e+01   6.350338e-03   0.000000e+00   19062
  3.121198e+00   5.598331e+01   0.000000e+00   0.000000e+00   20184
  3.143916e+00   5.590885e+01   7.936205e-03   0.000000e+00   19970
  3.166075e+00   5.702105e+01   0.000000e+00   0.000000e+00   20496
  3.188882e+00   5.725013e+01   9.311549e-03   0.000000e+00   21456
  3.211079e+00   5.740390e+01   6.512446e-03   0.000000e+00   19650
  3.232869e+00   5.757928e+01   1.031403e-02   0.000000e+00   22040
  3.255839e+00   5.833770e+01   1.402393e-02   0.000000e+00   21558
  3.278021e+00   5.927935e+01   0.000000e+00   0.000000e+00   21804
  3.300260e+00   5.922500e+01   8.703308e-03   0.000000e+00   21926
  3.322426e+00   6.060833e+01   1.043105e-02   0.000000e+00   22416
  3.344684e+00   6.032911e+01   9.176037e-03   0.000000e+00   22776
  3.367568e+00   6.118521e+01   7.058481e-03   0.000000e+00   23874
  3.390051e+00   6.115411e+01   0.000000e+00   0.000000e+00   23104
  3.412404e+00   6.174774e+01   0.000000e+00   0.000000e+00   23974
  3.434809e+00   6.200525e+01   1.488544e-02   0.000000e+00   23892
  3.456825e+00   6.227595e+01   0.000000e+00   0.000000e+00   23550
  3.478993e+00   6.184459e+01   7.289204e-03   0.000000e+00   25320
  3.501511e+00   6.367057e+01   1.270728e-02   0.000000e+00   24428
  3.523545e+00   6.220451e+01   8.815625e-03   0.000000e+00   25254
  3.546106e+00   6.326195e+01   0.000000e+00   0.000000e+00   26016
  3.568344e+00   6.463443e+01   1.008762e-03   0.000000e+00   25182
  3.590789e+00   6.417049e+01   4.142837e-03   0.000000e+00   27428
  3.613557e+00   6.478849e+01   5.614938e-03   0.000000e+00   25974
  3.635463e+00   6.430293e+01   9.680776e-03   0.000000e+00   26904
  3.657712e+00   6.522249e+01   3.750222e-03   0.000000e+00   26730
  3.679985e+00   6.589688e+01   0.000000e+00   0.000000e+00   27896
  3.702813e+00   6.472392e+01   1.123126e-02   0.000000e+00   28992
  3.725914e+00   6.591523e+01   2.876992e-03   0.000000e+00   28698
  3.747957e+00   6.583479e+01   0.000000e+00   0.000000e+00   27816
  3.770475e+00   6.601109e+01   0.000000e+00   0.000000e+00   29774
  3.793002e+00   6.718287e+01   7.329873e-03   0.000000e+00   29148
  3.815027e+00   6.705828e+01   0.000000e+00   0.000000e+00   28806
  3.837209e+00   6.816757e+01   1.236765e-02   0.000000e+00   30408
  3.859647e+00   6.621752e+01   0.000000e+00   0.000000e+00   30320
  3.882277e+00   6.864980e+01   0.000000e+00   0.000000e+00   30930
  3.904867e+00   6.788947e+01   0.000000e+00   0.000000e+00   31656
  3.926934e+00   6.891994e+01   0.000000e+00   0.000000e+00   30086
  3.949104e+00   6.875429e+01   1.437623e-02   0.000000e+00   32724
  3.971447e+00   6.837156e+01   8.529303e-03   0.000000e+00   30846
  3.993638e+00   6.961352e+01   2.513635e-03   0.000000e+00   33480
  4.016319e+00   6.794073e+01   1.163315e-02   0.000000e+00   32724
  4.038496e+00   6.964081e+01   7.180097e-03   0.000000e+00   32894
  4.060992e+00   6.950767e+01   0.000000e+00   0.000000e+00   34200
  4.083491e+00   7.104411e+01   9.368656e-03   0.000000e+00   33594
  4.105589e+00   7.084414e+01   0.000000e+00   0.000000e+00   34336
  4.128131e+00   7.097727e+01   3.842446e-03   0.000000e+00   34822
  4.150504e+00   7.075728e+01   0.000000e+00   0.000000e+00   35472
  4.172752e+00   7.051459e+01   0.000000e+00   0.000000e+00   34404
  4.194933e+00   7.265727e+01   0.000000e+00   0.000000e+00   36222
  4.217169e+00   7.130466e+01   6.237036e-03   0.000000e+00   35984
  4.239629e+00   7.142922e+01   9.277663e-03   0.000000e+00   36570
  4.261898e+00   7.248923e+01   0.000000e+00   0.000000e+00   37176
  4.284408e+00   7.198244e+01   0.000000e+00   0.000000e+00   37406
  4.306826e+00   7.308263e+01   0.000000e+00   0.000000e+00   38052
  4.329062e+00   7.279491e+01   0.000000e+00   0.000000e+00   37590
  4.351602e+00   7.354888e+01   1.149207e-02   0.000000e+00   39480
  4.373916e+00   7.405331e+01   0.000000e+00   0.000000e+00   38260
  4.396222e+00   7.298322e+01   1.097005e-02   0.000000e+00   39646
  4.418983e+00   7.374953e+01   5.326881e-03   0.000000e+00   40944
  4.441552e+00   7.416884e+01   0.000000e+00   0.000000e+00   39678
  4.463787e+00   7.391624e+01   0.000000e+00   0.000000e+00   40804
  4.486154e+00   7.469431e+01   0.000000e+00   0.000000e+00   40606
  4.508560e+00   7.422977e+01   1.504410e-02   0.000000e+00   42216
  4.531102e+00   7.339503e+01   0.000000e+00   0.000000e+00   41532
  4.553369e+00   7.476267e+01   0.000000e+00   0.000000e+00   41990
  4.575476e+00   7.418192e+01   1.569344e-02   0.000000e+00   42360
  4.598032e+00   7.379861e+01   5.698022e-03   0.000000e+00   43530
  4.620450e+00   7.477001e+01   9.062522e-03   0.000000e+00   43848
  4.642798e+00   7.424958e+01   0.000000e+00   0.000000e+00   42870
  4.665219e+00   7.548039e+01   1.528104e-02   0.000000e+00   46160
  4.687724e+00   7.476952e+01   6.279454e-03   0.000000e+00   43380
  4.709886e+00   7.551884e+01   0.000000e+00   0.000000e+00   45294
  4.732123e+00   7.482944e+01   1.418281e-02   0.000000e+00   45744
  4.754862e+00   7.585752e+01   0.000000e+00   0.000000e+00   46682
  4.777106e+00   7.655242e+01   7.927973e-03   0.000000e+00   45840
  4.799424e+00   7.607954e+01   0.000000e+00   0.000000e+00   47118
  4.821693e+00   7.714137e+01   2.076746e-02   0.000000e+00   47124
  4.844051e+00   7.714362e+01   5.655801e-03   0.000000e+00   47984
  4.866864e+00   7.593207e+01   9.105574e-03   0.000000e+00   49566
  4.888860e+00   7.621445e+01   5.626686e-03   0.000000e+00   46284
  4.910927e+00   7.652078e+01   1.481698e-02   0.000000e+00   49966
  4.933384e+00   7.676408e+01   1.098928e-02   0.000000e+00   49360
  4.955706e+00   7.789453e+01   2.157552e-03   0.000000e+00   49806
  4.978207e+00   7.772354e+01   1.274542e-02   0.000000e+00   51492
  5.000465e+00   7.739881e+01   1.620285e-02   0.000000e+00   49496
  5.022909e+00   7.755805e+01   1.659855e-02   0.000000e+00   53190
  5.045544e+00   7.751802e+01   0.000000e+00   0.000000e+00   51060
  5.067734e+00   7.747081e+01   0.000000e+00   0.000000e+00   52134
  5.089993e+00   7.753139e+01   1.045827e-02   0.000000e+00   53088
  5.112430e+00   7.842435e+01   6.694144e-03   0.000000e+00   52706
  5.134798e+00   7.775597e+01   1.117231e-02   0.000000e+00   54936
  5.157523e+00   7.776997e+01   0.000000e+00   0.000000e+00   53886
  5.179752e+00   7.821497e+01   0.000000e+00   0.000000e+00   54436
  5.201975e+00   7.821939e+01   0.000000e+00   0.000000e+00   55096
  5.224644e+00   7.864046e+01   0.000000e+00   0.000000e+00   56358
  5.246857e+00   7.875639e+01   0.000000e+00   0.000000e+00   55632
  5.269250e+00   7.847275e+01   2.194750e-02   0.000000e+00   56530
  5.291588e+00   7.817441e+01   0.000000e+00   0.000000e+00   57232
  5.313845e+00   7.886519e+01   0.000000e+00   0.000000e+00   56766
  5.336667e+00   7.938746e+01   0.000000e+00   0.000000e+00   60804
  5.358876e+00   7.972514e+01   0.000000e+00   0.000000e+00   55536
  5.381166e+00   7.892952e+01   2.719724e-02   0.000000e+00   61166
  5.403547e+00   7.841679e+01   0.000000e+00   0.000000e+00   57396
  5.425681e+00   7.832219e+01   1.249978e-02   0.000000e+00   60870
  5.448153e+00   7.886425e+01   0.000000e+00   0.000000e+00   60224
  5.470510e+00   7.916894e+01   1.895045e-02   0.000000e+00   61002
  5.492941e+00   7.955234e+01   1.725299e-02   0.000000e+00   62016
  5.515253e+00   7.891836e+01   0.000000e+00   0.000000e+00   60768
  5.537387e+00   7.994797e+01   2.507521e-02   0.000000e+00   62870
  5.560012e+00   7.931306e+01   9.811507e-03   0.000000e+00   63804
  5.582511e+00   7.860439e+01   1.204141e-02   0.000000e+00   63054
  5.604496e+00   7.930963e+01   9.561147e-03   0.000000e+00   63024
  5.626957e+00   8.000688e+01   0.000000e+00   0.000000e+00   65018
  5.649158e+00   7.984930e+01   1.681650e-02   0.000000e+00   64608
  5.671596e+00   7.990891e+01   0.000000e+00   0.000000e+00   65688
  5.693967e+00   8.031886e+01   2.453758e-02   0.000000e+00   65994
  5.716266e+00   8.083043e+01   0.000000e+00   0.000000e+00   66648
  5.738807e+00   8.002845e+01   1.682268e-02   0.000000e+00   67310
  5.761025e+00   7.940273e+01   0.000000e+00   0.000000e+00   67224
  5.783400e+00   8.007780e+01   6.686214e-03   0.000000e+00   68034
  5.805859e+00   7.917216e+01   0.000000e+00   0.000000e+00   69744
  5.828318e+00   8.003617e+01   1.230941e-02   0.000000e+00   68654
  5.851000e+00   8.050206e+01   1.705148e-02   0.000000e+00   72132
  5.873443e+00   8.066430e+01   1.034585e-02   0.000000e+00   68520
  5.895566e+00   8.033509e+01   1.645323e-02   0.000000e+00   71070
  5.918130e+00   7.978236e+01   0.000000e+00   0.000000e+00   71948
  5.940469e+00   8.022118e+01   2.447958e-02   0.000000e+00   71598
  5.962997e+00   7.970939e+01   0.000000e+00   0.000000e+00   73536
  5.985340e+00   8.051124e+01   2.982353e-02   0.000000e+00   71802
  6.007451e+00   7.962908e+01   0.000000e+00   0.000000e+00   73280
  6.029825e+00   7.988712e+01   0.000000e+00   0.000000e+00   73992
  6.052402e+00   7.944913e+01   1.410331e-02   0.000000e+00   75966
  6.074757e+00   7.995264e+01   0.000000e+00   0.000000e+00   74364
  6.097139e+00   7.967680e+01   1.712229e-02   0.000000e+00   76094
  6.119457e+00   8.051664e+01   0.000000e+00   0.000000e+00   76224
  6.141846e+00   7.918542e+01   1.092148e-02   0.000000e+00   76242
  6.163999e+00   8.032278e+01   0.000000e+00   0.000000e+00   76944
  6.186370e+00   7.949958e+01   0.000000e+00   0.000000e+00   78680
  6.209087e+00   8.037122e+01   1.921209e-02   0.000000e+00   79962
  6.231369e+00   8.024771e+01   1.008067e-02   0.000000e+00   77760
  6.253630e+00   8.065186e+01   2.280929e-02   0.000000e+00   79590
  6.276016e+00   8.012810e+01   0.000000e+00   0.000000e+00   80732
  6.298460e+00   7.930260e+01   2.868130e-02   0.000000e+00   81174
  6.320844e+00   8.020489e+01   1.070066e-02   0.000000e+00   80832
  6.342781e+00   8.006165e+01   2.897874e-02   0.000000e+00   79992
  6.365286e+00   7.925954e+01   0.000000e+00   0.000000e+00   84314
  6.387872e+00   7.993288e+01   0.000000e+00   0.000000e+00   83592
  6.410326e+00   7.933541e+01   2.155657e-02   0.000000e+00   83838
  6.432653e+00   7.961292e+01   0.000000e+00   0.000000e+00   83676
  6.454894e+00   7.943404e+01   1.360389e-02   0.000000e+00   84950
  6.477198e+00   7.910064e+01   0.000000e+00   0.000000e+00   84912
  6.499637e+00   7.945649e+01   2.620882e-02   0.000000e+00   87162
  6.522126e+00   7.963817e+01   0.000000e+00   0.000000e+00   86440
  6.544376e+00   7.883320e+01   0.000000e+00   0.000000e+00   86560
  6.566820e+00   7.914130e+01   4.565004e-03   0.000000e+00   88698
  6.589160e+00   7.965388e+01   3.267497e-02   0.000000e+00   88920
  6.611801e+00   7.975174e+01   0.000000e+00   0.000000e+00   88814
  6.633999e+00   7.912575e+01   6.614318e-03   0.000000e+00   90336
  6.656619e+00   7.891231e+01   0.000000e+00   0.000000e+00   90282
  6.678959e+00   7.950379e+01   0.000000e+00   0.000000e+00   90840
  6.701118e+00   7.837518e+01   2.357380e-02   0.000000e+00   91128
  6.723713e+00   7.903754e+01   0.000000e+00   0.000000e+00   92690
  6.745949e+00   7.928243e+01   0.000000e+00   0.000000e+00   92160
  6.768385e+00   7.844884e+01   0.000000e+00   0.000000e+00   93534
  6.790649e+00   7.833090e+01   0.000000e+00   0.000000e+00   93484
  6.813020e+00   7.928914e+01   3.438804e-03   0.000000e+00   95206
  6.835577e+00   7.877954e+01   1.049738e-02   0.000000e+00   96048
  6.857769e+00   7.833922e+01   1.032287e-02   0.000000e+00   93600
  6.880099e+00   7.853143e+01   0.000000e+00   0.000000e+00   97410
  6.902465e+00   7.762539e+01   2.984096e-02   0.000000e+00   97856
  6.925057e+00   7.871000e+01   0.000000e+00   0.000000e+00   97278
  6.947335e+00   7.814420e+01   1.871324e-02   0.000000e+00   98916
  6.969631e+00   7.752174e+01   0.000000e+00   0.000000e+00   96894
  6.991809e+00   7.756180e+01   0.000000e+00   0.000000e+00   100976
  7.014412e+00   7.742262e+01   0.000000e+00   0.000000e+00   100164
  7.036656e+00   7.780781e+01   0.000000e+00   0.000000e+00   100014
  7.058765e+00   7.733999e+01   2.177744e-02   0.000000e+00   101040
  7.081244e+00   7.793761e+01   0.000000e+00   0.000000e+00   102338
  7.103509e+00   7.783627e+01   1.189521e-02   0.000000e+00   102912
  7.126095e+00   7.676999e+01   0.000000e+00   0.000000e+00   104238
  7.148297e+00   7.786189e+01   2.105377e-02   0.000000e+00   103104
  7.170700e+00   7.714432e+01   1.966711e-02   0.000000e+00   105404
  7.193162e+00   7.730843e+01   0.000000e+00   0.000000e+00   105198
  7.215505e+00   7.634704e+01   0.000000e+00   0.000000e+00   106632
  7.237964e+00   7.654707e+01   2.816889e-02   0.000000e+00   106706
  7.260295e+00   7.673026e+01   0.000000e+00   0.000000e+00   106992
  7.282887e+00   7.706787e+01   0.000000e+00   0.000000e+00   110118
  7.305259e+00   7.625298e+01   3.433674e-02   0.000000e+00   108084
  7.327505e+00   7.600794e+01   1.276948e-02   0.000000e+00   108222
  7.349996e+00   7.646616e+01   0.000000e+00   0.000000e+00   112160
  7.372278e+00   7.613366e+01   2.009573e-02   0.000000e+00   108492
  7.394660e+00   7.639324e+01   2.486372e-02   0.000000e+00   113262
  7.417130e+00   7.608772e+01   0.000000e+00   0.000000e+00   111360
  7.439623e+00   7.643002e+01   0.000000e+00   0.000000e+00   114182
  7.461948e+00   7.576198e+01   3.605849e-02   0.000000e+00   112884
  7.484349e+00   7.597058e+01   8.206390e-03   0.000000e+00   113934
  7.506588e+00   7.596394e+01   0.000000e+00   0.000000e+00   114504
  7.529191e+00   7.546542e+01   0.000000e+00   0.000000e+00   117500
  7.551488e+00   7.606281e+01   2.566675e-02   0.000000e+00   114102
  7.573806e+00   7.542500e+01   9.433425e-03   0.000000e+00   118584
  7.596258e+00   7.575753e+01   0.000000e+00   0.000000e+00   115546
  7.618346e+00   7.541570e+01   2.281440e-02   0.000000e+00   118984
  7.640989e+00   7.558979e+01   6.206174e-03   0.000000e+00   119526
  7.663272e+00   7.499469e+01   4.099634e-03   0.000000e+00   119436
  7.685537e+00   7.498069e+01   0.000000e+00   0.000000e+00   118632
  7.707838e+00   7.483206e+01   2.567522e-02   0.000000e+00   122510
  7.730335e+00   7.406710e+01   0.000000e+00   0.000000e+00   121680
  7.752756e+00   7.448310e+01   0.000000e+00   0.000000e+00   121434
  7.774931e+00   7.410640e+01   0.000000e+00   0.000000e+00   123928
  7.797402e+00   7.444127e+01   0.000000e+00   0.000000e+00   123910
  7.819815e+00   7.424575e+01   0.000000e+00   0.000000e+00   124452
  7.842167e+00   7.387280e+01   0.000000e+00   0.000000e+00   125376
  7.864517e+00   7.367266e+01   2.273982e-02   0.000000e+00   126638
  7.886885e+00   7.363696e+01   4.838457e-03   0.000000e+00   125844
  7.909266e+00   7.332014e+01   0.000000e+00   0.000000e+00   128142
  7.931679e+00   7.326012e+01   0.000000e+00   0.000000e+00   128136
  7.953934e+00   7.365412e+01   9.020630e-03   0.000000e+00   127642
  7.976366e+00   7.243336e+01   0.000000e+00   0.000000e+00   131968
  7.999044e+00   7.264022e+01   0.000000e+00   0.000000e+00   130326
  8.021289e+00   7.256245e+01   2.341552e-02   0.000000e+00   131688
  8.043651e+00   7.277009e+01   1.097277e-02   0.000000e+00   130212
  8.065926e+00   7.247351e+01   0.000000e+00   0.000000e+00   132686
  8.088479e+00   7.220901e+01   0.000000e+00   0.000000e+00   135960
  8.110930e+00   7.295073e+01   1.675274e-02   0.000000e+00   131562
  8.132911e+00   7.218941e+01   1.327618e-02   0.000000e+00   134016
  8.155430e+00   7.219338e+01   0.000000e+00   0.000000e+00   136478
  8.177813e+00   7.229111e+01   3.121815e-02   0.000000e+00   136812
  8.200286e+00   7.170737e+01   1.946758e-02   0.000000e+00   137856
  8.222674e+00   7.125231e+01   0.000000e+00   0.000000e+00   135862
  8.244933e+00   7.117295e+01   0.000000e+00   0.000000e+00   140056
  8.267480e+00   7.125652e+01   2.601432e-02   0.000000e+00   139602
  8.289805e+00   7.105869e+01   0.000000e+00   0.000000e+00   139080
  8.312120e+00   7.048444e+01   0.000000e+00   0.000000e+00   140678
  8.334523e+00   7.040673e+01   1.416647e-02   0.000000e+00   142884
  8.356839e+00   7.039479e+01   1.039801e-02   0.000000e+00   139992
  8.379201e+00   7.018108e+01   0.000000e+00   0.000000e+00   144966
  8.401693e+00   7.037720e+01   0.000000e+00   0.000000e+00   143364
  8.423973e+00   6.995974e+01   2.017636e-02   0.000000e+00   144518
  8.446286e+00   6.980948e+01   2.206119e-02   0.000000e+00   145200
  8.468566e+00   6.916101e+01   0.000000e+00   0.000000e+00   143466
  8.490786e+00   6.953229e+01   0.000000e+00   0.000000e+00   148824
  8.513166e+00   6.915384e+01   1.649846e-02   0.000000e+00   145544
  8.535381e+00   6.908912e+01   0.000000e+00   0.000000e+00   148590
  8.557873e+00   6.882533e+01   0.000000e+00   0.000000e+00   150540
  8.580335e+00   6.864160e+01   3.018635e-02   0.000000e+00   150134
  8.602703e+00   6.837801e+01   0.000000e+00   0.000000e+00   151296
  8.625283e+00   6.849296e+01   0.000000e+00   0.000000e+00   152058
  8.647428e+00   6.847038e+01   1.817299e-02   0.000000e+00   150864
  8.669803e+00   6.776481e+01   1.625338e-02   0.000000e+00   154310
  8.692406e+00   6.812267e+01   0.000000e+00   0.000000e+00   155172
  8.714767e+00   6.735098e+01   0.000000e+00   0.000000e+00   154128
  8.737344e+00   6.744106e+01   1.334246e-02   0.000000e+00   158310
  8.759614e+00   6.716966e+01   2.044913e-02   0.000000e+00   153436
  8.781901e+00   6.735670e+01   0.000000e+00   0.000000e+00   157726
  8.804500e+00   6.714898e+01   0.000000e+00   0.000000e+00   160368
  8.826773e+00   6.741694e+01   1.016878e-02   0.000000e+00   155718
  8.849007e+00   6.687482e+01   0.000000e+00   0.000000e+00   160028
  8.871390e+00   6.629405e+01   0.000000e+00   0.000000e+00   160920
  8.893810e+00   6.643739e+01   1.513107e-02   0.000000e+00   161070
  8.916228e+00   6.666886e+01   3.276651e-02   0.000000e+00   163428
  8.938516e+00   6.579639e+01   0.000000e+00   0.000000e+00   159574
  8.960958e+00   6.631911e+01   0.000000e+00   0.000000e+00   167392
  8.983417e+00   6.572066e+01   2.668618e-02   0.000000e+00   162258
  9.005716e+00   6.562718e+01   1.445640e-02   0.000000e+00   167472
  9.028172e+00   6.550839e+01   0.000000e+00   0.000000e+00   163664
  9.050365e+00   6.483426e+01   0.000000e+00   0.000000e+00   166986
  9.072800e+00   6.501344e+01   1.921113e-02   0.000000e+00   169968
  9.095410e+00   6.497721e+01   0.000000e+00   0.000000e+00   167646
  9.117491e+00   6.479975e+01   0.000000e+00   0.000000e+00   168080
  9.139890e+00   6.485381e+01   1.671631e-02   0.000000e+00   170826
  9.162300e+00   6.428327e+01   0.000000e+00   0.000000e+00   170928
  9.184503e+00   6.445716e+01   1.835145e-02   0.000000e+00   170640
  9.206988e+00   6.369349e+01   0.000000e+00   0.000000e+00   173954
  9.229276e+00   6.377097e+01   2.933540e-02   0.000000e+00   173232
  9.251730e+00   6.378207e+01   0.000000e+00   0.000000e+00   174150
  9.274117e+00   6.333114e+01   0.000000e+00   0.000000e+00   176364
  9.296468e+00   6.348288e+01   1.880641e-02   0.000000e+00   175302
  9.318835e+00   6.316459e+01   8.180141e-03   0.000000e+00   177392
  9.341132e+00   6.307216e+01   1.992656e-02   0.000000e+00   176352
  9.363603e+00   6.274185e+01   0.000000e+00   0.000000e+00   180330
  9.386068e+00   6.246955e+01   1.009312e-02   0.000000e+00   180712
  9.408434e+00   6.293047e+01   1.755254e-02   0.000000e+00   179350
  9.430871e+00   6.213296e+01   1.513089e-02   0.000000e+00   183396
  9.453362e+00   6.172859e+01   0.000000e+00   0.000000e+00   180390
  9.475463e+00   6.211106e+01   0.000000e+00   0.000000e+00   181944
  9.497943e+00   6.145367e+01   0.000000e+00   0.000000e+00   185450
  9.520472e+00   6.193474e+01   9.764573e-03   0.000000e+00   186192
  9.542748e+00   6.140741e+01   2.159966e-02   0.000000e+00   183432
  9.565049e+00   6.100886e+01   0.000000e+00   0.000000e+00   185362
  9.587309e+00   6.137668e+01   4.569064e-03   0.000000e+00   188464
  9.609859e+00   6.073516e+01   0.000000e+00   0.000000e+00   188046
  9.632257e+00   6.105094e+01   1.510940e-02   0.000000e+00   191304
  9.654588e+00   6.040088e+01   2.624823e-02   0.000000e+00   186690
  9.677021e+00   6.059571e+01   0.000000e+00   0.000000e+00   194072
  9.699306e+00   6.016400e+01   2.299190e-02   0.000000e+00   188688
  9.721593e+00   6.024567e+01   0.000000e+00   0.000000e+00   192786
  9.743906e+00   6.010078e+01   9.842518e-03   0.000000e+00   193352
  9.766459e+00   5.984972e+01   0.000000e+00   0.000000e+00   195702
  9.788768e+00   5.972146e+01   3.059469e-02   0.000000e+00   195132
  9.811173e+00   5.952841e+01   0.000000e+00   0.000000e+00   195726
  9.833500e+00   5.886028e+01   0.000000e+00   0.000000e+00   197416
  9.855835e+00   5.913564e+01   8.954572e-03   0.000000e+00   196564
  9.878245e+00   5.882359e+01   2.158658e-02   0.000000e+00   201198
  9.900613e+00   5.835487e+01   4.737171e-03   0.000000e+00   197136
  9.922811e+00   5.835290e+01   0.000000e+00   0.000000e+00   199358
  9.945108e+00   5.819124e+01   2.942266e-02   0.000000e+00   203532
  9.967652e+00   5.844700e+01   0.000000e+00   0.000000e+00   201438
  9.989975e+00   5.810715e+01   0.000000e+00   0.000000e+00   203664
  1.001229e+01   5.783562e+01   2.911586e-02   0.000000e+00   203972
  1.003466e+01   5.758879e+01   2.335145e-02   0.000000e+00   205974
  1.005711e+01   5.697214e+01   0.000000e+00   0.000000e+00   205752
  1.007961e+01   5.724873e+01   0.000000e+00   0.000000e+00   207810
  1.010172e+01   5.698002e+01   3.922414e-02   0.000000e+00   206384
  1.012429e+01   5.682930e+01   0.000000e+00   0.000000e+00   210966
  1.014673e+01   5.630656e+01   0.000000e+00   0.000000e+00   210516
  1.016914e+01   5.614164e+01   0.000000e+00   0.000000e+00   209766
  1.019140e+01   5.596287e+01   4.376399e-02   0.000000e+00   212376
  1.021385e+01   5.613626e+01   0.000000e+00   0.000000e+00   212960
  1.023641e+01   5.583150e+01   0.000000e+00   0.000000e+00   214626
  1.025866e+01   5.579121e+01   3.216571e-02   0.000000e+00   213696
  1.028103e+01   5.576440e+01   3.112550e-02   0.000000e+00   215734
  1.030334e+01   5.549609e+01   0.000000e+00   0.000000e+00   213220
  1.032567e+01   5.515834e+01   0.000000e+00   0.000000e+00   219102
  1.034812e+01   5.482487e+01   3.634360e-02   0.000000e+00   220872
  1.037046e+01   5.481605e+01   5.383823e-02   0.000000e+00   216556
  1.039282e+01   5.453842e+01   4.153976e-02   0.000000e+00   221494
  1.041512e+01   5.460574e+01   4.608845e-02   0.000000e+00   219096
  1.043757e+01   5.450095e+01   3.326657e-02   0.000000e+00   224262
  1.046009e+01   5.421533e+01   0.000000e+00   0.000000e+00   222508
  1.048247e+01   5.391080e+01   0.000000e+00   0.000000e+00   222502
  1.050467e+01   5.401360e+01   4.305209e-02   0.000000e+00   227280
  1.052714e+01   5.341306e+01   2.157746e-02   0.000000e+00   223644
  1.054948e+01   5.346252e+01   0.000000e+00   0.000000e+00   226222
  1.057185e+01   5.332926e+01   0.000000e+00   0.000000e+00   229840
  1.059429e+01   5.308011e+01   2.763500e-02   0.000000e+00   228042
  1.061650e+01   5.311058e+01   0.000000e+00   0.000000e+00   227472
  1.063885e+01   5.276554e+01   0.000000e+00   0.000000e+00   230990
  1.066126e+01   5.268709e+01   6.976910e-03   0.000000e+00   233532
  1.068362e+01   5.238561e+01   3.174968e-02   0.000000e+00   231288
  1.070609e+01   5.204533e+01   0.000000e+00   0.000000e+00   233718
  1.072830e+01   5.194727e+01   0.000000e+00   0.000000e+00   232704
  1.075072e+01   5.202747e+01   3.310007e-02   0.000000e+00   239282
  1.077318e+01   5.182645e+01   4.005396e-02   0.000000e+00   234912
  1.079566e+01   5.156301e+01   0.000000e+00   0.000000e+00   238278
  1.081785e+01   5.152081e+01   4.036445e-02   0.000000e+00   237460
  1.084005e+01   5.099600e+01   2.906132e-02   0.000000e+00   236662
  1.086268e+01   5.133117e+01   0.000000e+00   0.000000e+00   246336
  1.088530e+01   5.064305e+01   0.000000e+00   0.000000e+00   241092
  1.090754e+01   5.054578e+01   3.805162e-02   0.000000e+00   242414
  1.092996e+01   5.044194e+01   1.584650e-02   0.000000e+00   243552
  1.095240e+01   5.039344e+01   0.000000e+00   0.000000e+00   243474
  1.097457e+01   5.037450e+01   2.600795e-02   0.000000e+00   245112
  1.099702e+01   4.998926e+01   2.884332e-02   0.000000e+00   246894
  1.101936e+01   4.977663e+01   2.173732e-02   0.000000e+00   247448
  1.104183e+01   4.968015e+01   0.000000e+00   0.000000e+00   247404
  1.106404e+01   4.976290e+01   4.241747e-02   0.000000e+00   249990
  1.108633e+01   4.927347e+01   4.059435e-02   0.000000e+00   249512
  1.110895e+01   4.888649e+01   0.000000e+00   0.000000e+00   253890
  1.113129e+01   4.913776e+01   0.000000e+00   0.000000e+00   250728
  1.115348e+01   4.880156e+01   5.179903e-02   0.000000e+00   253950
  1.117595e+01   4.887866e+01   0.000000e+00   0.000000e+00   254140
  1.119836e+01   4.856236e+01   0.000000e+00   0.000000e+00   255880
  1.122078e+01   4.855658e+01   3.329701e-02   0.000000e+00   258942
  1.124297e+01   4.843870e+01   4.953593e-02   0.000000e+00   253836
  1.126546e+01   4.793498e+01   0.000000e+00   0.000000e+00   260534
  1.128792e+01   4.799895e+01   0.000000e+00   0.000000e+00   259992
  1.131009e+01   4.774077e+01   5.068138e-02   0.000000e+00   258894
  1.133251e+01   4.783229e+01   4.011168e-02   0.000000e+00   263364
  1.135494e+01   4.801290e+01   0.000000e+00   0.000000e+00   259536
  1.137705e+01   4.749857e+01   2.233338e-02   0.000000e+00   263438
  1.139940e+01   4.721124e+01   4.616546e-02   0.000000e+00   265740
  1.142189e+01   4.700804e+01   0.000000e+00   0.000000e+00   264894
  1.144432e+01   4.684465e+01   0.000000e+00   0.000000e+00   269184
  1.146664e+01   4.702035e+01   4.370596e-02   0.000000e+00   266138
  1.148895e+01   4.663496e+01   3.070157e-02   0.000000e+00   270528
  1.151148e+01   4.662726e+01   0.000000e+00   0.000000e+00   268182
  1.153372e+01   4.630596e+01   0.000000e+00   0.000000e+00   270960
  1.155602e+01   4.629616e+01   5.303967e-02   0.000000e+00   274580
  1.157881e+01   4.609390e+01   0.000000e+00   0.000000e+00   276078
  1.160122e+01   4.590813e+01   0.000000e+00   0.000000e+00   273600
  1.162348e+01   4.564678e+01   4.363921e-02   0.000000e+00   274698
  1.164581e+01   4.579018e+01   4.677850e-02   0.000000e+00   276920
  1.166832e+01   4.540874e+01   0.000000e+00   0.000000e+00   276774
  1.169070e+01   4.516983e+01   0.000000e+00   0.000000e+00   279972
  1.171284e+01   4.528072e+01   3.814211e-02   0.000000e+00   276144
  1.173528e+01   4.520583e+01   1.749422e-02   0.000000e+00   282590
  1.175777e+01   4.511700e+01   0.000000e+00   0.000000e+00   282300
  1.178014e+01   4.488264e+01   0.000000e+00   0.000000e+00   283926
  1.180230e+01   4.486322e+01   5.082367e-02   0.000000e+00   279792
  1.182484e+01   4.462431e+01   0.000000e+00   0.000000e+00   287870
  1.184734e+01   4.472140e+01   0.000000e+00   0.000000e+00   286428
  1.186948e+01   4.444772e+01   4.961321e-02   0.000000e+00   284808
  1.189187e+01   4.426176e+01   1.519641e-02   0.000000e+00   289158
  1.191439e+01   4.404990e+01   0.000000e+00   0.000000e+00   290204
  1.193674e+01   4.394846e+01   0.000000e+00   0.000000e+00   290382
  1.195902e+01   4.396579e+01   3.324384e-02   0.000000e+00   291912
  1.198152e+01   4.376843e+01   0.000000e+00   0.000000e+00   290754
  1.200378e+01   4.369505e+01   1.825845e-02   0.000000e+00   296096
  1.202628e+01   4.349341e+01   2.875531e-02   0.000000e+00   294552
  1.204852e+01   4.338031e+01   5.069573e-02   0.000000e+00   293466
  1.207086e+01   4.338435e+01   0.000000e+00   0.000000e+00   296904
  1.209331e+01   4.337098e+01   0.000000e+00   0.000000e+00   298358
  1.211543e+01   4.330589e+01   4.885724e-02   0.000000e+00   297840
  1.213794e+01   4.303619e+01   1.891440e-02   0.000000e+00   301338
  1.216041e+01   4.278088e+01   0.000000e+00   0.000000e+00   300336
  1.218256e+01   4.292176e+01   5.297707e-02   0.000000e+00   303584
  1.220506e+01   4.274040e+01   4.395863e-02   0.000000e+00   304098
  1.222759e+01   4.247572e+01   0.000000e+00   0.000000e+00   304488
  1.224984e+01   4.231179e+01   4.808475e-02   0.000000e+00   306678
  1.227228e+01   4.242086e+01   0.000000e+00   0.000000e+00   305732
  1.229466e+01   4.219798e+01   1.642299e-02   0.000000e+00   309894
  1.231711e+01   4.227047e+01   2.569563e-02   0.000000e+00   310200
  1.233948e+01   4.196109e+01   0.000000e+00   0.000000e+00   307074
  1.236174e+01   4.205212e+01   5.052233e-02   0.000000e+00   315656
  1.238431e+01   4.175061e+01   0.000000e+00   0.000000e+00   310704
  1.240678e+01   4.180373e+01   0.000000e+00   0.000000e+00   314310
  1.242877e+01   4.158016e+01   5.908922e-02   0.000000e+00   312412
  1.245134e+01   4.172580e+01   0.000000e+00   0.000000e+00   318310
  1.247382e+01   4.164585e+01   0.000000e+00   0.000000e+00   315648
  1.249602e+01   4.141349e+01   4.656612e-02   0.000000e+00   320610
  1.251836e+01   4.145982e+01   0.000000e+00   0.000000e+00   313944
  1.254076e+01   4.143421e+01   0.000000e+00   0.000000e+00   325880
  1.256317e+01   4.133846e+01   4.673943e-02   0.000000e+00   319146
  1.258557e+01   4.108001e+01   0.000000e+00   0.000000e+00   322896
  1.260777e+01   4.097800e+01   5.185345e-02   0.000000e+00   322206
  1.263022e+01   4.095686e+01   0.000000e+00   0.000000e+00   327416
  1.265281e+01   4.083803e+01   0.000000e+00   0.000000e+00   325602
  1.267490e+01   4.103697e+01   6.305362e-02   0.000000e+00   328248
  1.269734e+01   4.057068e+01   0.000000e+00   0.000000e+00   326088
  1.271991e+01   4.082164e+01   0.000000e+00   0.000000e+00   331658
  1.274201e+01   4.069068e+01   5.758427e-02   0.000000e+00   331584
  1.276452e+01   4.069524e+01   2.681039e-02   0.000000e+00   330630
  1.278698e+01   4.055798e+01   0.000000e+00   0.000000e+00   333204
  1.280905e+01   4.036571e+01   6.481154e-02   0.000000e+00   333470
  1.283167e+01   4.022988e+01   0.000000e+00   0.000000e+00   335688
  1.285390e+01   4.032117e+01   2.268895e-02   0.000000e+00   336828
  1.287624e+01   4.040450e+01   2.840536e-02   0.000000e+00   337662
  1.289879e+01   4.010643e+01   0.000000e+00   0.000000e+00   338960
  1.292080e+01   4.043426e+01   5.985180e-02   0.000000e+00   338262
  1.294330e+01   4.023581e+01   4.986327e-02   0.000000e+00   344388
  1.296599e+01   4.004324e+01   0.000000e+00   0.000000e+00   342486
  1.298794e+01   4.016371e+01   7.531378e-02   0.000000e+00   343592
  1.301061e+01   3.992728e+01   8.649854e-03   0.000000e+00   347130
  1.303317e+01   4.021611e+01   0.000000e+00   0.000000e+00   346152
  1.305519e+01   3.992204e+01   7.183701e-02   0.000000e+00   345856
  1.307782e+01   3.989428e+01   0.000000e+00   0.000000e+00   349354
  1.310025e+01   4.006437e+01   0.000000e+00   0.000000e+00   352032
  1.312248e+01   3.981739e+01   5.975061e-02   0.000000e+00   348582
  1.314506e+01   3.986440e+01   0.000000e+00   0.000000e+00   352244
  1.316704e+01   3.980527e+01   7.333735e-02   0.000000e+00   351582
  1.318960e+01   4.001559e+01   1.680468e-02   0.000000e+00   357144
  1.321223e+01   3.987265e+01   0.000000e+00   0.000000e+00   355560
  1.323426e+01   3.963040e+01   6.818771e-02   0.000000e+00   354551
  1.325679e+01   3.957639e+01   1.103692e-02   0.000000e+00   358044
  1.327941e+01   3.955602e+01   0.000000e+00   0.000000e+00   355272
  1.330135e+01   3.933158e+01   7.491879e-02   0.000000e+00   352044
  1.332382e+01   3.910883e+01   0.000000e+00   0.000000e+00   352344
  1.334630e+01   3.875156e+01   0.000000e+00   0.000000e+00   356516
  1.336852e+01   3.895728e+01   5.238494e-02   0.000000e+00   352848
  1.339127e+01   3.862593e+01   0.000000e+00   0.000000e+00   352980
  1.341333e+01   3.845356e+01   4.503143e-02   0.000000e+00   348948
  1.343567e+01   3.835055e+01   3.977654e-02   0.000000e+00   351692
  1.345843e+01   3.820556e+01   0.000000e+00   0.000000e+00   353064
  1.348040e+01   3.804135e+01   6.750397e-02   0.000000e+00   345624
  1.350276e+01   3.769483e+01   0.000000e+00   0.000000e+00   347844
  1.352538e+01   3.763390e+01   0.000000e+00   0.000000e+00   351020
  1.354745e+01   3.745465e+01   6.270086e-02   0.000000e+00   345852
  1.356993e+01   3.736390e+01   1.184313e-02   0.000000e+00   347040
  1.359245e+01   3.736392e+01   0.000000e+00   0.000000e+00   345928
  1.361452e+01   3.700747e+01   6.314217e-02   0.000000e+00   347020
  1.363713e+01   3.694577e+01   0.000000e+00   0.000000e+00   343032
  1.365942e+01   3.680830e+01   0.000000e+00   0.000000e+00   343620
  1.368160e+01   3.644181e+01   6.478204e-02   0.000000e+00   343988
  1.370439e+01   3.640890e+01   0.000000e+00   0.000000e+00   344556
  1.372654e+01   3.639143e+01   4.764790e-02   0.000000e+00   343632
  1.374908e+01   3.612891e+01   0.000000e+00   0.000000e+00   340392
  1.377157e+01   3.596664e+01   0.000000e+00   0.000000e+00   339408
  1.379355e+01   3.580181e+01   8.015724e-02   0.000000e+00   341864
  1.381627e+01   3.573138e+01   0.000000e+00   0.000000e+00   341964
  1.383874e+01   3.559801e+01   0.000000e+00   0.000000e+00   334380
  1.386053e+01   3.544981e+01   7.489499e-02   0.000000e+00   336504
  1.388322e+01   3.537114e+01   1.812218e-02   0.000000e+00   339560
  1.390569e+01   3.504969e+01   0.000000e+00   0.000000e+00   336384
  1.392787e+01   3.492326e+01   7.895090e-02   0.000000e+00   337404
  1.395051e+01   3.489335e+01   0.000000e+00   0.000000e+00   330156
  1.397256e+01   3.479842e+01   6.212373e-02   0.000000e+00   337808
  1.399514e+01   3.463953e+01   0.000000e+00   0.000000e+00   332748
  1.401769e+01   3.433155e+01   0.000000e+00   0.000000e+00   333612
  1.403973e+01   3.437260e+01   6.355372e-02   0.000000e+00   331860
  1.406220e+01   3.415958e+01   2.900017e-02   0.000000e+00   328376
  1.408463e+01   3.403963e+01   0.000000e+00   0.000000e+00   331140
  1.410680e+01   3.370840e+01   7.643143e-02   0.000000e+00   332988
  1.412929e+01   3.368091e+01   2.968729e-02   0.000000e+00   325224
  1.415185e+01   3.346565e+01   0.000000e+00   0.000000e+00   331544
  1.417399e+01   3.342823e+01   7.097796e-02   0.000000e+00   327264
  1.419646e+01   3.326268e+01   0.000000e+00   0.000000e+00   322308
  1.421873e+01   3.322387e+01   2.638077e-02   0.000000e+00   328136
  1.424091e+01   3.302011e+01   5.369849e-02   0.000000e+00   323172
  1.426360e+01   3.279926e+01   0.000000e+00   0.000000e+00   325248
  1.428572e+01   3.282092e+01   6.751719e-02   0.000000e+00   324096
  1.430814e+01   3.248540e+01   0.000000e+00   0.000000e+00   321540
  1.433080e+01   3.249028e+01   0.000000e+00   0.000000e+00   323744
  1.435270e+01   3.230924e+01   7.460571e-02   0.000000e+00   317400
  1.437520e+01   3.226964e+01   1.865846e-02   0.000000e+00   322560
  1.439788e+01   3.214247e+01   0.000000e+00   0.000000e+00   320076
  1.441987e+01   3.188651e+01   7.750285e-02   0.000000e+00   317204
  1.444268e+01   3.167262e+01   0.000000e+00   0.000000e+00   323064
  1.446515e+01   3.160622e+01   0.000000e+00   0.000000e+00   315204
  1.448707e+01   3.154332e+01   8.431407e-02   0.000000e+00   315416
  1.450996e+01   3.131098e+01   0.000000e+00   0.000000e+00   316884
  1.453202e+01   3.133568e+01   5.051384e-02   0.000000e+00   312876
  1.455438e+01   3.116012e+01   5.862276e-02   0.000000e+00   315540
  1.457716e+01   3.086155e+01   0.000000e+00   0.000000e+00   312576
  1.459903e+01   3.098849e+01   8.389381e-02   0.000000e+00   312140
  1.462164e+01   3.079355e+01   1.991019e-02   0.000000e+00   310356
  1.464424e+01   3.062884e+01   0.000000e+00   0.000000e+00   311232
  1.466612e+01   3.053313e+01   7.523385e-02   0.000000e+00   307584
  1.468876e+01   3.017704e+01   3.426335e-02   0.000000e+00   310616
  1.471120e+01   3.040418e+01   0.000000e+00   0.000000e+00   304200
  1.473310e+01   3.010764e+01   8.380038e-02   0.000000e+00   306792
  1.475592e+01   3.017825e+01   0.000000e+00   0.000000e+00   306168
  1.477804e+01   2.979720e+01   0.000000e+00   0.000000e+00   304448
  1.480048e+01   2.998663e+01   7.281373e-02   0.000000e+00   308580
  1.482322e+01   2.976248e+01   0.000000e+00   0.000000e+00   299568
  1.484510e+01   2.955601e+01   7.205852e-02   0.000000e+00   304416
  1.486778e+01   2.938971e+01   3.969836e-02   0.000000e+00   302216
  1.489034e+01   2.930482e+01   0.000000e+00   0.000000e+00   300084
  1.491232e+01   2.921493e+01   9.127320e-02   0.000000e+00   299340
  1.493481e+01   2.920699e+01   0.000000e+00   0.000000e+00   296688
  1.495733e+01   2.888206e+01   0.000000e+00   0.000000e+00   298820
  1.497930e+01   2.901532e+01   8.756326e-02   0.000000e+00   296916
  1.500203e+01   2.877578e+01   0.000000e+00   0.000000e+00   295920
  1.502427e+01   2.871058e+01   9.641547e-04   0.000000e+00   292692
  1.504633e+01   2.861737e+01   8.053584e-02   0.000000e+00   295892
  1.506926e+01   2.841107e+01   0.000000e+00   0.000000e+00   293064
  1.509132e+01   2.836620e+01   4.372342e-02   0.000000e+00   293220
  1.511361e+01   2.821372e+01   3.844693e-02   0.000000e+00   286804
  1.513621e+01   2.810201e+01   0.000000e+00   0.000000e+00   293080
  1.515835e+01   2.803312e+01   7.988779e-02   0.000000e+00   291816
  1.518104e+01   2.799493e+01   0.000000e+00   0.000000e+00   287784
  1.520351e+01   2.781076e+01   0.000000e+00   0.000000e+00   286760
  1.522546e+01   2.775166e+01   8.374476e-02   0.000000e+00   287088
  1.524810e+01   2.762079e+01   0.000000e+00   0.000000e+00   286176
  1.527065e+01   2.761510e+01   0.000000e+00   0.000000e+00   284184
  1.529255e+01   2.757014e+01   7.490394e-02   0.000000e+00   282220
  1.531540e+01   2.733314e+01   0.000000e+00   0.000000e+00   284452
  1.533755e+01   2.721042e+01   0.000000e+00   0.000000e+00   279516
  1.535976e+01   2.697002e+01   8.140866e-02   0.000000e+00   282696
  1.538266e+01   2.710439e+01   0.000000e+00   0.000000e+00   278676
  1.540453e+01   2.701416e+01   8.333642e-02   0.000000e+00   279512
  1.542708e+01   2.683612e+01   1.165767e-02   0.000000e+00   276672
  1.544968e+01   2.682414e+01   0.000000e+00   0.000000e+00   276036
  1.547147e+01   2.673083e+01   8.120846e-02   0.000000e+00   274416
  1.549411e+01   2.668999e+01   3.681920e-02   0.000000e+00   275384
  1.551673e+01   2.644915e+01   0.000000e+00   0.000000e+00   274560
  1.553871e+01   2.632811e+01   8.926217e-02   0.000000e+00   272220
  1.556146e+01   2.629586e+01   0.000000e+00   0.000000e+00   270492
  1.558373e+01   2.612638e+01   0.000000e+00   0.000000e+00   271532
  1.560603e+01   2.611714e+01   5.427997e-02   0.000000e+00   272052
  1.562867e+01   2.607775e+01   0.000000e+00   0.000000e+00   264372
  1.565057e+01   2.600683e+01   4.894420e-02   0.000000e+00   268652
  1.567314e+01   2.589285e+01   5.624662e-02   0.000000e+00   266760
  1.569563e+01   2.587824e+01   0.000000e+00   0.000000e+00   262536
  1.571764e+01   2.574487e+01   8.872600e-02   0.000000e+00   266460
  1.574021e+01   2.566339e+01   0.000000e+00   0.000000e+00   261560
  1.576267e+01   2.549536e+01   0.000000e+00   0.000000e+00   262236
  1.578477e+01   2.531433e+01   7.942705e-02   0.000000e+00   261708
  1.580731e+01   2.523701e+01   0.000000e+00   0.000000e+00   258960
  1.582978e+01   2.526486e+01   0.000000e+00   0.000000e+00   258376
  1.585177e+01   2.507516e+01   7.544012e-02   0.000000e+00   258304
  1.587469e+01   2.508653e+01   0.000000e+00   0.000000e+00   259368
  1.589684e+01   2.498355e+01   3.708040e-02   0.000000e+00   253332
  1.591902e+01   2.506419e+01   7.892083e-02   0.000000e+00   254448
  1.594185e+01   2.486915e+01   0.000000e+00   0.000000e+00   255248
  1.596389e+01   2.470465e+01   8.188680e-02   0.000000e+00   252180
  1.598648e+01   2.466465e+01   3.150584e-02   0.000000e+00   252744
  1.600902e+01   2.453161e+01   0.000000e+00   0.000000e+00   247348
  1.603089e+01   2.451204e+01   9.865084e-02   0.000000e+00   250432
  1.605354e+01   2.449800e+01   0.000000e+00   0.000000e+00   247860
  1.607617e+01   2.428028e+01   0.000000e+00   0.000000e+00   247716
  1.609805e+01   2.432051e+01   8.347404e-02   0.000000e+00   242472
  1.612085e+01   2.414800e+01   0.000000e+00   0.000000e+00   248672
  1.614309e+01   2.419426e+01   3.552634e-02   0.000000e+00   239352
  1.616518e+01   2.406849e+01   6.657545e-02   0.000000e+00   245088
  1.618802e+01   2.395510e+01   0.000000e+00   0.000000e+00   239232
  1.620990e+01   2.392731e+01   8.849987e-02   0.000000e+00   240320
  1.623258e+01   2.382343e+01   0.000000e+00   0.000000e+00   239340
  1.625521e+01   2.381960e+01   0.000000e+00   0.000000e+00   237636
  1.627700e+01   2.384645e+01   8.435292e-02   0.000000e+00   235980
  1.629964e+01   2.362999e+01   0.000000e+00   0.000000e+00   235304
  1.632222e+01   2.351255e+01   0.000000e+00   0.000000e+00   234576
  1.634416e+01   2.343407e+01   7.781346e-02   0.000000e+00   232788
  1.636679e+01   2.336370e+01   0.000000e+00   0.000000e+00   230400
  1.638914e+01   2.326866e+01   0.000000e+00   0.000000e+00   231836
  1.641133e+01   2.324234e+01   8.403439e-02   0.000000e+00   231288
  1.643421e+01   2.312773e+01   0.000000e+00   0.000000e+00   226536
  1.645611e+01   2.315529e+01   6.535384e-02   0.000000e+00   226084
  1.647843e+01   2.298530e+01   5.645785e-02   0.000000e+00   227116
  1.650123e+01   2.296356e+01   0.000000e+00   0.000000e+00   223800
  1.652314e+01   2.299082e+01   9.008133e-02   0.000000e+00   223884
  1.654569e+01   2.293370e+01   0.000000e+00   0.000000e+00   222360
  1.656829e+01   2.282044e+01   0.000000e+00   0.000000e+00   221156
  1.659035e+01   2.273775e+01   9.981356e-02   0.000000e+00   221724
  1.661305e+01   2.269963e+01   0.000000e+00   0.000000e+00   217584
  1.663545e+01   2.245596e+01   0.000000e+00   0.000000e+00   217576
  1.665741e+01   2.245427e+01   1.031266e-01   0.000000e+00   215464
  1.668020e+01   2.245060e+01   0.000000e+00   0.000000e+00   215472
  1.670241e+01   2.243113e+01   2.710581e-02   0.000000e+00   213768
  1.672454e+01   2.225988e+01   8.887623e-02   0.000000e+00   210956
  1.674724e+01   2.221041e+01   0.000000e+00   0.000000e+00   211788
  1.676942e+01   2.230621e+01   4.832630e-02   0.000000e+00   211092
  1.679194e+01   2.222163e+01   3.365631e-02   0.000000e+00   209556
  1.681461e+01   2.210285e+01   0.000000e+00   0.000000e+00   206700
  1.683643e+01   2.199786e+01   8.346257e-02   0.000000e+00   206048
  1.685902e+01   2.197785e+01   0.000000e+00   0.000000e+00   204744
  1.688155e+01   2.200310e+01   0.000000e+00   0.000000e+00   202992
  1.690336e+01   2.187745e+01   9.460107e-02   0.000000e+00   201944
  1.692628e+01   2.195466e+01   0.000000e+00   0.000000e+00   203304
  1.694874e+01   2.176130e+01   0.000000e+00   0.000000e+00   200484
  1.697060e+01   2.178808e+01   1.004463e-01   0.000000e+00   195516
  1.699352e+01   2.165125e+01   0.000000e+00   0.000000e+00   198860
  1.701549e+01   2.146249e+01   4.558752e-02   0.000000e+00   195264
  1.703789e+01   2.156486e+01   6.579033e-02   0.000000e+00   195984
  1.706066e+01   2.147433e+01   0.000000e+00   0.000000e+00   191808
  1.708233e+01   2.148653e+01   7.666747e-02   0.000000e+00   190776
  1.710489e+01   2.143100e+01   1.484806e-02   0.000000e+00   192032
  1.712759e+01   2.130660e+01   0.000000e+00   0.000000e+00   188628
  1.714942e+01   2.126225e+01   1.064403e-01   0.000000e+00   189444
  1.717223e+01   2.128366e+01   0.000000e+00   0.000000e+00   186260
  1.719450e+01   2.118980e+01   0.000000e+00   0.000000e+00   184560
  1.721657e+01   2.121355e+01   9.655180e-02   0.000000e+00   185832
  1.723957e+01   2.106167e+01   0.000000e+00   0.000000e+00   182400
  1.726157e+01   2.129608e+01   4.658982e-02   0.000000e+00   181380
  1.728379e+01   2.113529e+01   8.087935e-02   0.000000e+00   180332
  1.730663e+01   2.114788e+01   0.000000e+00   0.000000e+00   178236
  1.732866e+01   2.105913e+01   5.850172e-02   0.000000e+00   179184
  1.735110e+01   2.093746e+01   7.417095e-02   0.000000e+00   175028
  1.737374e+01   2.096484e+01   0.000000e+00   0.000000e+00   175440
  1.739586e+01   2.093697e+01   7.936397e-02   0.000000e+00   174828
  1.741843e+01   2.088395e+01   0.000000e+00   0.000000e+00   169896
  1.744076e+01   2.078001e+01   0.000000e+00   0.000000e+00   171708
  1.746285e+01   2.079910e+01   1.027722e-01   0.000000e+00   169328
  1.748553e+01   2.073456e+01   0.000000e+00   0.000000e+00   167364
  1.750789e+01   2.077083e+01   3.771040e-02   0.000000e+00   168192
  1.752998e+01   2.061473e+01   9.202633e-02   0.000000e+00   163188
  1.755289e+01   2.067467e+01   0.000000e+00   0.000000e+00   166184
  1.757508e+01   2.068291e+01   4.613429e-02   0.000000e+00   161460
  1.759720e+01   2.063758e+01   8.472940e-02   0.000000e+00   159972
  1.761988e+01   2.058660e+01   0.000000e+00   0.000000e+00   159488
  1.764186e+01   2.042672e+01   7.985602e-02   0.000000e+00   158148
  1.766452e+01   2.050695e+01   0.000000e+00   0.000000e+00   158100
  1.768716e+01   2.046028e+01   0.000000e+00   0.000000e+00   155232
  1.770883e+01   2.037245e+01   9.057558e-02   0.000000e+00   151216
  1.773163e+01   2.044399e+01   0.000000e+00   0.000000e+00   155560
  1.775427e+01   2.032171e+01   0.000000e+00   0.000000e+00   151404
  1.777608e+01   2.030123e+01   1.089777e-01   0.000000e+00   148356
  1.779892e+01   2.027214e+01   0.000000e+00   0.000000e+00   147164
  1.782097e+01   2.025298e+01   2.885404e-02   0.000000e+00   147384
  1.784325e+01   2.026916e+01   7.296003e-02   0.000000e+00   145992
  1.786621e+01   2.026235e+01   0.000000e+00   0.000000e+00   143856
  1.788784e+01   2.017674e+01   7.237478e-02   0.000000e+00   140384
  1.791047e+01   1.999153e+01   3.555340e-02   0.000000e+00   143856
  1.793320e+01   1.992203e+01   0.000000e+00   0.000000e+00   136968
  1.795491e+01   1.994556e+01   1.001236e-01   0.000000e+00   139536
  1.797782e+01   2.002962e+01   0.000000e+00   0.000000e+00   136916
  1.800007e+01   1.994743e+01   0.000000e+00   0.000000e+00   133032
  1.802203e+01   2.010365e+01   1.005328e-01   0.000000e+00   135540
  1.804511e+01   1.986105e+01   0.000000e+00   0.000000e+00   132096
  1.806709e+01   1.990808e+01   0.000000e+00   0.000000e+00   129540
  1.808928e+01   1.995366e+01   9.833084e-02   0.000000e+00   130640
  1.811214e+01   1.953255e+01   0.000000e+00   0.000000e+00   126276
  1.813418e+01   1.982347e+01   5.966788e-02   0.000000e+00   128484
  1.815689e+01   1.978943e+01   1.949977e-02   0.000000e+00   124168
  1.817929e+01   1.975387e+01   0.000000e+00   0.000000e+00   122224
  1.820136e+01   1.964898e+01   8.799514e-02   0.000000e+00   123156
  1.822405e+01   1.957555e+01   0.000000e+00   0.000000e+00   119688
  1.824622e+01   1.956495e+01   0.000000e+00   0.000000e+00   116640
  1.826830e+01   1.964242e+01   1.034606e-01   0.000000e+00   119696
  1.829109e+01   1.946100e+01   0.000000e+00   0.000000e+00   114276
  1.831338e+01   1.956183e+01   0.000000e+00   0.000000e+00   114060
  1.833546e+01   1.944013e+01   9.774074e-02   0.000000e+00   112536
  1.835830e+01   1.920870e+01   0.000000e+00   0.000000e+00   112196
  1.838062e+01   1.942189e+01   4.386925e-02   0.000000e+00   109404
  1.840272e+01   1.920064e+01   5.514918e-02   0.000000e+00   105900
  1.842520e+01   1.940337e+01   0.000000e+00   0.000000e+00   107176
  1.844737e+01   1.897936e+01   7.219516e-02   0.000000e+00   105088
  1.846993e+01   1.891629e+01   2.932867e-02   0.000000e+00   103800
  1.849256e+01   1.906456e+01   0.000000e+00   0.000000e+00   101340
  1.851450e+01   1.878782e+01   8.129895e-02   0.000000e+00   100036
  1.853696e+01   1.875046e+01   0.000000e+00   0.000000e+00   97672
  1.855951e+01   1.887313e+01   0.000000e+00   0.000000e+00   97908
  1.858158e+01   1.861923e+01   8.670507e-02   0.000000e+00   95328
  1.860421e+01   1.844581e+01   0.000000e+00   0.000000e+00   93600
  1.862650e+01   1.831897e+01   0.000000e+00   0.000000e+00   92312
  1.864875e+01   1.837289e+01   7.333514e-02   0.000000e+00   91044
  1.867143e+01   1.827442e+01   0.000000e+00   0.000000e+00   88500
  1.869325e+01   1.805784e+01   5.439520e-02   0.000000e+00   86216
  1.871575e+01   1.795007e+01   0.000000e+00   0.000000e+00   87159
  1.873869e+01   1.797810e+01   0.000000e+00   0.000000e+00   86064
  1.876070e+01   1.773475e+01   8.567894e-02   0.000000e+00   81648
  1.878303e+01   1.786585e+01   1.213127e-02   0.000000e+00   81654
  1.880569e+01   1.758897e+01   0.000000e+00   0.000000e+00   81284
  1.882789e+01   1.746187e+01   6.204306e-02   0.000000e+00   78888
  1.885025e+01   1.740924e+01   2.250778e-02   0.000000e+00   77250
  1.887247e+01   1.738377e+01   0.000000e+00   0.000000e+00   75942
  1.889470e+01   1.744404e+01   6.606040e-02   0.000000e+00   77042
  1.891753e+01   1.726775e+01   0.000000e+00   0.000000e+00   74094
  1.893984e+01   1.726641e+01   3.569740e-02   0.000000e+00   73818
  1.896216e+01   1.700904e+01   0.000000e+00   0.000000e+00   70998
  1.898457e+01   1.712231e+01   0.000000e+00   0.000000e+00   72044
  1.900692e+01   1.676572e+01   6.924578e-02   0.000000e+00   69426
  1.902943e+01   1.696082e+01   0.000000e+00   0.000000e+00   69288
  1.905177e+01   1.708593e+01   0.000000e+00   0.000000e+00   67068
  1.907382e+01   1.682030e+01   7.193395e-02   0.000000e+00   66926
  1.909641e+01   1.688250e+01   6.017182e-02   0.000000e+00   66348
  1.911909e+01   1.673242e+01   0.000000e+00   0.000000e+00   64728
  1.914115e+01   1.662103e+01   0.000000e+00   0.000000e+00   62820
  1.916349e+01   1.663182e+01   0.000000e+00   0.000000e+00   63716
  1.918611e+01   1.658404e+01   1.549389e-02   0.000000e+00   62160
  1.920844e+01   1.652500e+01   0.000000e+00   0.000000e+00   59940
  1.923057e+01   1.653150e+01   1.625132e-02   0.000000e+00   60112
  1.925291e+01   1.633291e+01   6.741446e-02   0.000000e+00   59668
  1.927559e+01   1.625758e+01   0.000000e+00   0.000000e+00   57618
  1.929770e+01   1.637821e+01   2.055250e-02   0.000000e+00   56868
  1.931984e+01   1.627813e+01   6.606259e-02   0.000000e+00   56684
  1.934233e+01   1.607412e+01   3.010264e-02   0.000000e+00   55536
  1.936485e+01   1.609213e+01   0.000000e+00   0.000000e+00   54342
  1.938725e+01   1.625020e+01   2.133210e-02   0.000000e+00   54768
  1.940942e+01   1.610227e+01   6.457711e-02   0.000000e+00   52094
  1.943180e+01   1.597894e+01   0.000000e+00   0.000000e+00   52224
  1.945450e+01   1.584190e+01   0.000000e+00   0.000000e+00   52188
  1.947673e+01   1.574508e+01   5.790146e-02   0.000000e+00   50190
  1.949884e+01   1.584094e+01   4.801185e-02   0.000000e+00   49224
  1.952137e+01   1.583427e+01   0.000000e+00   0.000000e+00   49094
  1.954399e+01   1.575286e+01   1.747810e-02   0.000000e+00   49488
  1.956638e+01   1.582887e+01   6.083877e-02   0.000000e+00   46830
  1.958846e+01   1.558974e+01   1.371781e-02   0.000000e+00   45860
  1.961092e+01   1.581542e+01   0.000000e+00   0.000000e+00   46770
  1.963346e+01   1.566746e+01   2.574945e-02   0.000000e+00   45468
  1.965581e+01   1.580950e+01   4.392383e-02   0.000000e+00   44130
  1.967806e+01   1.570331e+01   0.000000e+00   0.000000e+00   43230
  1.970046e+01   1.561164e+01   0.000000e+00   0.000000e+00   44108
  1.972303e+01   1.548170e+01   4.106011e-02   0.000000e+00   42162
  1.974534e+01   1.544868e+01   4.096675e-02   0.000000e+00   41358
  1.976747e+01   1.557784e+01   0.000000e+00   0.000000e+00   40456
  1.978986e+01   1.527866e+01   3.710919e-02   0.000000e+00   41230
  1.981261e+01   1.514427e+01   5.106479e-02   0.000000e+00   39906
  1.983504e+01   1.539412e+01   0.000000e+00   0.000000e+00   38508
  1.985706e+01   1.546486e+01   0.000000e+00   0.000000e+00   37854
  1.987929e+01   1.533191e+01   5.956881e-02   0.000000e+00   38162
  1.990205e+01   1.521434e+01   2.977943e-02   0.000000e+00   37212
  1.992451e+01   1.530296e+01   0.000000e+00   0.000000e+00   36450
  1.994642e+01   1.537643e+01   3.344170e-02   0.000000e+00   34718
  1.996863e+01   1.520184e+01   2.369738e-02   0.000000e+00   35814
  1.999141e+01   1.518901e+01   2.510620e-02   0.000000e+00   34896
  2.001390e+01   1.493303e+01   0.000000e+00   0.000000e+00   33822
  2.003574e+01   1.517465e+01   4.951670e-02   0.000000e+00   32522
  2.005818e+01   1.494374e+01   0.000000e+00   0.000000e+00   33630
  2.008095e+01   1.502243e+01   0.000000e+00   0.000000e+00   32166
  2.010309e+01   1.495193e+01   2.617535e-02   0.000000e+00   31200
  2.012503e+01   1.512690e+01   1.379708e-02   0.000000e+00   30598
  2.014746e+01   1.514213e+01   2.817179e-02   0.000000e+00   31138
  2.017040e+01   1.494410e+01   0.000000e+00   0.000000e+00   30510
  2.019273e+01   1.509068e+01   3.463330e-02   0.000000e+00   28998
  2.021465e+01   1.507653e+01   1.123284e-02   0.000000e+00   28290
  2.023706e+01   1.491623e+01   4.706116e-02   0.000000e+00   29126
  2.026000e+01   1.525701e+01   0.000000e+00   0.000000e+00   28008
  2.028236e+01   1.493071e+01   1.463337e-02   0.000000e+00   27222
  2.030447e+01   1.503027e+01   2.193466e-02   0.000000e+00   26426
  2.032684e+01   1.495765e+01   1.224570e-02   0.000000e+00   26694
  2.034950e+01   1.498147e+01   2.413937e-02   0.000000e+00   25734
  2.037195e+01   1.475006e+01   0.000000e+00   0.000000e+00   25458
  2.039398e+01   1.503846e+01   8.905901e-03   0.000000e+00   24198
  2.041647e+01   1.487465e+01   0.000000e+00   0.000000e+00   25034
  2.043921e+01   1.502670e+01   2.072515e-02   0.000000e+00   23718
  2.046141e+01   1.491763e+01   0.000000e+00   0.000000e+00   23094
  2.048325e+01   1.500704e+01   3.040165e-02   0.000000e+00   22416
  2.050574e+01   1.473538e+01   1.317233e-02   0.000000e+00   23078
  2.052882e+01   1.480765e+01   0.000000e+00   0.000000e+00   22386
  2.055117e+01   1.493238e+01   0.000000e+00   0.000000e+00   21126
  2.057282e+01   1.470983e+01   0.000000e+00   0.000000e+00   20366
  2.059512e+01   1.468671e+01   4.236314e-02   0.000000e+00   21354
  2.061826e+01   1.478983e+01   0.000000e+00   0.000000e+00   20478
  2.064057e+01   1.480333e+01   0.000000e+00   0.000000e+00   19458
  2.066223e+01   1.483258e+01   1.090786e-02   0.000000e+00   18758
  2.068455e+01   1.481029e+01   4.512279e-02   0.000000e+00   19566
  2.070765e+01   1.474647e+01   2.994012e-02   0.000000e+00   18858
  2.073008e+01   1.468311e+01   7.383462e-03   0.000000e+00   17790
  2.075166e+01   1.484129e+01   0.000000e+00   0.000000e+00   17114
  2.077403e+01   1.483293e+01   0.000000e+00   0.000000e+00   17982
  2.079711e+01   1.463771e+01   0.000000e+00   0.000000e+00   17190
  2.081959e+01   1.499739e+01   0.000000e+00   0.000000e+00   16458
  2.084115e+01   1.514962e+01   3.445017e-02   0.000000e+00   15494
  2.086347e+01   1.464333e+01   1.000897e-02   0.000000e+00   16374
  2.088669e+01   1.474683e+01   0.000000e+00   0.000000e+00   15858
  2.090920e+01   1.491480e+01   0.000000e+00   0.000000e+00   14862
  2.093069e+01   1.494994e+01   0.000000e+00   0.000000e+00   14082
  2.095310e+01   1.472489e+01   0.000000e+00   0.000000e+00   14990
  2.097639e+01   1.453934e+01   1.372705e-02   0.000000e+00   14358
  2.099882e+01   1.540485e+01   0.000000e+00   0.000000e+00   13386
  2.102007e+01   1.499529e+01   0.000000e+00   0.000000e+00   12678
  2.104251e+01   1.474572e+01   2.536847e-02   0.000000e+00   13700
  2.106595e+01   1.507759e+01   1.502868e-02   0.000000e+00   12942
  2.108844e+01   1.487588e+01   4.105934e-02   0.000000e+00   12198
  2.110946e+01   1.475522e+01   0.000000e+00   0.000000e+00   11106
  2.113175e+01   1.477257e+01   2.450538e-03   0.000000e+00   12494
  2.115525e+01   1.493991e+01   2.834853e-02   0.000000e+00   11610
  2.117792e+01   1.529514e+01   0.000000e+00   0.000000e+00   11094
  2.119894e+01   1.506062e+01   2.124085e-02   0.000000e+00   9902
  2.122114e+01   1.510073e+01   1.744631e-02   0.000000e+00   11226
  2.124465e+01   1.468721e+01   0.000000e+00   0.000000e+00   10326
  2.126733e+01   1.536187e+01   2.132958e-02   0.000000e+00   10074
  2.128853e+01   1.551555e+01   0.000000e+00   0.000000e+00   8766
  2.131054e+01   1.490489e+01   0.000000e+00   0.000000e+00   9950
  2.133400e+01   1.516716e+01   1.430657e-02   0.000000e+00   9252
  2.135668e+01   1.546170e+01   0.000000e+00   0.000000e+00   8886
  2.137785e+01   1.554451e+01   0.000000e+00   0.000000e+00   7850
  2.140006e+01   1.557489e+01   8.714657e-03   0.000000e+00   8886
  2.142357e+01   1.538289e+01   0.000000e+00   0.000000e+00   8142
  2.144598e+01   1.501195e+01   1.922432e-02   0.000000e+00   7746
  2.146692e+01   1.510789e+01   2.491966e-02   0.000000e+00   6926
  2.148956e+01   1.555773e+01   0.000000e+00   0.000000e+00   7974
  2.151315e+01   1.560143e+01   2.046628e-02   0.000000e+00   7074
  2.153530e+01   1.591356e+01   0.000000e+00   0.000000e+00   6744
  2.155612e+01   1.493859e+01   2.394002e-02   0.000000e+00   6114
  2.157915e+01   1.547304e+01   1.084319e-02   0.000000e+00   7094
  2.160315e+01   1.548637e+01   0.000000e+00   0.000000e+00   6174
  2.162503e+01   1.557364e+01   1.829397e-03   0.000000e+00   5754
  2.164529e+01   1.618217e+01   0.000000e+00   0.000000e+00   5214
  2.166862e+01   1.568118e+01   0.000000e+00   0.000000e+00   6338
  2.169327e+01   1.618902e+01   7.221153e-03   0.000000e+00   5352
  2.171490e+01   1.614334e+01   0.000000e+00   0.000000e+00   4830
  2.173422e+01   1.615935e+01   8.390020e-03   0.000000e+00   4338
  2.175768e+01   1.579069e+01   0.000000e+00   0.000000e+00   5558
  2.178338e+01   1.623959e+01   1.618607e-02   0.000000e+00   4866
  2.180546e+01   1.588461e+01   2.747477e-02   0.000000e+00   3846
  2.182302e+01   1.640721e+01   0.000000e+00   0.000000e+00   3518
  2.184658e+01   1.619893e+01   2.130391e-02   0.000000e+00   4812
  2.187303e+01   1.633664e+01   7.631756e-03   0.000000e+00   4278
  2.189596e+01   1.595330e+01   2.187650e-02   0.000000e+00   3174
  2.191184e+01   1.680426e+01   0.000000e+00   0.000000e+00   2738
  2.193531e+01   1.631421e+01   9.068074e-03   0.000000e+00   4086
  2.196231e+01   1.655451e+01   0.000000e+00   0.000000e+00   3666
  2.198633e+01   1.730381e+01   1.638483e-02   0.000000e+00   2712
  2.200065e+01   1.631250e+01   8.909745e-03   0.000000e+00   1998
  2.202400e+01   1.609287e+01   1.002579e-02   0.000000e+00   3434
  2.205156e+01   1.699034e+01   0.000000e+00   0.000000e+00   3078
  2.207673e+01   1.765635e+01   1.093850e-02   0.000000e+00   2334
  2.208953e+01   1.853386e+01   0.000000e+00   0.000000e+00   1340
  2.211267e+01   1.663424e+01   0.000000e+00   0.000000e+00   2838
  2.214087e+01   1.793044e+01   0.000000e+00   0.000000e+00   2538
  2.216722e+01   1.754809e+01   9.232306e-03   0.000000e+00   1974
  2.217777e+01   1.834683e+01   1.593283e-02   0.000000e+00   774
  2.220101e+01   1.779844e+01   0.000000e+00   0.000000e+00   2300
  2.222993e+01   1.733322e+01   1.472697e-02   0.000000e+00   2046
  2.225746e+01   1.732872e+01   4.801075e-03   0.000000e+00   1626
  2.226602e+01   1.908030e+01   8.346394e-03   0.000000e+00   390
  2.228919e+01   1.777226e+01   8.471547e-03   0.000000e+00   1766
  2.231856e+01   1.901766e+01   0.000000e+00   0.000000e+00   1596
  2.234725e+01   1.827716e+01   0.000000e+00   0.000000e+00   1302
  2.235429e+01   1.922474e+01   0.000000e+00   1.247571e+00   150
  2.237750e+01   1.826523e+01   2.852828e-03   0.000000e+00   1298
  2.240698e+01   1.894176e+01   0.000000e+00   0.000000e+00   1158
  2.243630e+01   1.938705e+01   4.741179e-03   0.000000e+00   996
  2.244707e+01   1.563656e+01   1.161396e-02   2.012848e+00   38
  2.246603e+01   1.937836e+01   0.000000e+00   0.000000e+00   894
  2.249555e+01   1.993222e+01   1.047578e-02   0.000000e+00   786
  2.252511e+01   1.929832e+01   0.000000e+00   0.000000e+00   678
  2.255323e+01   2.519775e+01   0.000000e+00   7.416420e+00   8
  2.255472e+01   2.022545e+01   9.506613e-03   0.000000e+00   570
  2.258430e+01   2.086292e+01   1.020224e-02   0.000000e+00   486
  2.261392e+01   2.180707e+01   0.000000e+00   0.000000e+00   402
  2.264273e+01   3.521080e+01   0.000000e+00   1.188236e+01   8
  2.264359e+01   2.142794e+01   1.179067e-02   0.000000e+00   318
  2.267323e+01   2.021918e+01   0.000000e+00   0.000000e+00   258
  2.270292e+01   1.855773e+01   0.000000e+00   1.333853e+00   198
  2.273223e+01   3.652517e+01   0.000000e+00   2.356823e+00   8
  2.273265e+01   2.145852e+01   0.000000e+00   1.582263e+00   138
  2.276235e+01   1.961954e+01   3.869981e-03   2.015396e+00   102
  2.279209e+01   1.903168e+01   7.048534e-03   2.066355e+00   66
  2.282185e+01   2.639404e+01   0.000000e+00   3.483904e+00   38
  2.285163e+01   1.935244e+01   0.000000e+00   4.865237e+00   18
  2.288143e+01   1.351913e+01   0.000000e+00   3.392433e+00   6
