# power spectrum of velocity
# redshift z=0.718000
# k              Pk             sigma(k)       sigma(Pk)      count
  5.167109e-02   4.638333e-07   1.693076e-05   1.677846e-07   6
  7.307396e-02   1.174282e-06   0.000000e+00   2.706961e-07   12
  9.543063e-02   6.914274e-07   6.851560e-03   1.354135e-07   14
  1.210540e-01   6.879538e-07   5.513588e-03   7.114018e-08   48
  1.524803e-01   5.480879e-07   4.005064e-03   5.970702e-08   42
  1.673860e-01   4.180764e-07   3.987272e-03   5.413498e-08   48
  1.897915e-01   4.998641e-07   4.780100e-03   5.449910e-08   80
  2.150919e-01   4.952745e-07   3.711353e-03   4.343004e-08   90
  2.344483e-01   3.422562e-07   5.827848e-03   3.374550e-08   120
  2.619469e-01   3.820641e-07   4.897654e-03   2.599698e-08   158
  2.801601e-01   3.593764e-07   2.324249e-03   3.695312e-08   120
  3.021033e-01   3.246766e-07   5.194979e-03   2.149081e-08   186
  3.263478e-01   3.061691e-07   7.104259e-03   1.928027e-08   264
  3.460484e-01   3.341133e-07   3.835370e-03   2.409676e-08   168
  3.711847e-01   2.832132e-07   6.854707e-03   1.478682e-08   386
  3.922192e-01   2.188536e-07   4.147837e-03   1.559550e-08   192
  4.129151e-01   2.681869e-07   6.800624e-03   1.365739e-08   390
  4.361657e-01   2.133128e-07   7.120246e-03   1.060629e-08   396
  4.580089e-01   2.240802e-07   7.064082e-03   1.092575e-08   398
  4.820215e-01   1.947602e-07   6.923992e-03   7.525720e-09   576
  5.056520e-01   1.827443e-07   7.024453e-03   8.459355e-09   444
  5.263213e-01   2.092283e-07   6.337769e-03   7.953334e-09   590
  5.498572e-01   1.682619e-07   6.940338e-03   6.493260e-09   648
  5.728135e-01   1.646959e-07   6.142360e-03   6.633047e-09   654
  5.932093e-01   1.592707e-07   5.094857e-03   5.823306e-09   636
  6.160086e-01   1.549698e-07   7.638490e-03   5.359782e-09   830
  6.374011e-01   1.430197e-07   5.498339e-03   4.728734e-09   792
  6.592753e-01   1.418330e-07   5.654942e-03   5.233241e-09   804
  6.816774e-01   1.434839e-07   6.979494e-03   4.935004e-09   1038
  7.033658e-01   1.237805e-07   5.466907e-03   3.897467e-09   936
  7.268733e-01   1.174009e-07   6.387959e-03   3.579356e-09   1130
  7.481801e-01   1.153821e-07   5.932183e-03   3.468689e-09   1104
  7.715689e-01   1.103599e-07   6.595546e-03   3.194517e-09   1230
  7.929568e-01   1.077092e-07   6.702668e-03   2.802571e-09   1260
  8.146859e-01   1.058955e-07   5.790870e-03   3.038346e-09   1286
  8.392614e-01   9.922995e-08   7.027488e-03   2.333118e-09   1728
  8.625481e-01   9.831769e-08   6.212888e-03   2.559800e-09   1392
  8.846809e-01   9.456027e-08   5.889160e-03   2.392733e-09   1626
  9.073659e-01   8.857519e-08   6.975646e-03   2.086690e-09   1760
  9.301438e-01   8.581469e-08   5.761711e-03   2.029201e-09   1686
  9.516169e-01   7.758791e-08   5.867806e-03   1.660805e-09   1812
  9.735730e-01   7.859118e-08   6.746865e-03   1.837278e-09   1862
  9.960116e-01   7.375465e-08   6.018286e-03   1.478335e-09   2160
  1.018588e+00   7.324365e-08   6.151975e-03   1.699493e-09   1956
  1.041303e+00   6.987624e-08   6.911344e-03   1.387590e-09   2454
  1.063469e+00   6.828492e-08   5.390687e-03   1.457526e-09   2048
  1.085716e+00   6.677578e-08   7.029288e-03   1.309481e-09   2538
  1.107675e+00   6.293794e-08   5.880830e-03   1.248030e-09   2400
  1.129870e+00   6.085914e-08   7.025196e-03   1.231633e-09   2526
  1.152016e+00   5.171934e-08   6.936203e-03   9.499361e-10   2856
  1.175115e+00   5.664825e-08   6.523069e-03   1.060590e-09   2804
  1.197929e+00   5.648984e-08   6.784080e-03   1.042495e-09   2958
  1.219641e+00   5.611644e-08   6.562093e-03   9.902502e-10   2976
  1.242553e+00   5.032442e-08   6.566272e-03   8.526041e-10   3194
  1.264005e+00   5.026414e-08   6.529785e-03   8.684086e-10   3120
  1.287240e+00   4.645542e-08   6.636612e-03   7.164922e-10   3606
  1.309415e+00   4.678651e-08   6.055094e-03   7.528077e-10   3276
  1.331019e+00   4.333673e-08   6.868546e-03   6.624156e-10   3600
  1.353243e+00   4.377537e-08   6.012754e-03   7.068624e-10   3638
  1.374639e+00   4.281849e-08   6.416366e-03   6.585135e-10   3744
  1.397786e+00   3.960004e-08   6.675792e-03   5.924005e-10   4170
  1.419913e+00   3.828661e-08   6.280159e-03   5.529358e-10   3984
  1.442450e+00   3.792425e-08   6.361812e-03   5.486697e-10   4334
  1.464688e+00   3.654643e-08   5.862740e-03   5.375920e-10   4284
  1.486647e+00   3.590620e-08   7.122264e-03   5.057545e-10   4374
  1.509609e+00   3.424938e-08   6.300470e-03   4.493521e-10   5016
  1.532223e+00   3.302609e-08   6.042871e-03   4.587885e-10   4580
  1.554765e+00   3.348912e-08   7.141335e-03   4.385458e-10   5142
  1.577761e+00   3.345004e-08   6.851023e-03   4.372863e-10   5184
  1.600276e+00   3.040462e-08   5.378114e-03   3.929571e-10   5058
  1.621911e+00   3.028670e-08   6.363006e-03   3.842726e-10   5384
  1.645046e+00   2.965541e-08   7.263032e-03   3.667331e-10   5622
  1.667363e+00   2.765196e-08   6.070707e-03   3.281939e-10   5736
  1.689585e+00   2.842268e-08   5.459726e-03   3.452659e-10   5596
  1.711912e+00   2.711567e-08   6.900016e-03   3.178254e-10   6070
  1.734057e+00   2.583612e-08   5.309358e-03   2.958115e-10   6096
  1.757161e+00   2.464175e-08   6.518692e-03   2.730141e-10   6474
  1.778536e+00   2.508754e-08   6.385081e-03   2.835929e-10   6024
  1.801398e+00   2.390079e-08   6.392811e-03   2.539725e-10   7070
  1.824047e+00   2.392641e-08   5.220653e-03   2.615836e-10   6516
  1.845773e+00   2.328616e-08   6.326653e-03   2.428413e-10   6936
  1.868452e+00   2.226317e-08   6.263965e-03   2.257418e-10   7110
  1.890389e+00   2.243144e-08   4.693973e-03   2.328615e-10   7244
  1.913597e+00   2.147452e-08   6.871139e-03   2.136556e-10   7878
  1.936074e+00   2.186008e-08   6.676564e-03   2.186823e-10   7344
  1.957840e+00   2.054593e-08   6.902792e-03   2.006887e-10   7694
  1.980517e+00   2.013317e-08   6.627232e-03   1.815654e-10   8412
  2.003290e+00   1.951055e-08   6.961496e-03   1.861788e-10   7920
  2.024934e+00   1.953155e-08   5.867472e-03   1.836502e-10   8118
  2.046965e+00   1.904783e-08   6.802747e-03   1.730840e-10   8548
  2.069378e+00   1.853107e-08   6.854972e-03   1.630024e-10   8710
  2.091602e+00   1.816002e-08   5.987986e-03   1.569839e-10   8928
  2.114418e+00   1.822394e-08   6.490995e-03   1.555939e-10   9186
  2.136304e+00   1.761370e-08   7.143268e-03   1.446096e-10   9200
  2.158866e+00   1.790286e-08   6.058260e-03   1.471299e-10   9438
  2.180862e+00   1.687386e-08   8.677623e-03   1.409114e-10   9564
  2.203469e+00   1.671727e-08   6.740903e-03   1.285919e-10   10296
  2.226614e+00   1.627000e-08   5.726990e-03   1.281922e-10   10126
  2.248296e+00   1.609417e-08   7.232342e-03   1.284364e-10   10024
  2.271358e+00   1.605860e-08   5.084344e-03   1.209128e-10   11082
  2.294001e+00   1.566932e-08   7.905386e-03   1.174389e-10   10632
  2.316131e+00   1.563471e-08   5.692841e-03   1.193125e-10   10734
  2.338489e+00   1.535900e-08   6.954415e-03   1.096779e-10   11276
  2.360839e+00   1.498146e-08   6.276401e-03   1.096183e-10   11352
  2.383396e+00   1.478832e-08   6.397218e-03   1.048059e-10   11550
  2.405537e+00   1.463542e-08   6.139857e-03   1.024322e-10   11772
  2.428007e+00   1.446919e-08   7.589285e-03   1.014073e-10   12038
  2.450201e+00   1.436826e-08   9.332218e-03   1.002841e-10   12096
  2.472702e+00   1.446227e-08   7.410130e-03   9.608406e-11   12582
  2.494955e+00   1.412806e-08   2.121276e-03   9.416624e-11   12620
  2.517718e+00   1.381870e-08   7.922150e-03   8.993681e-11   13320
  2.539997e+00   1.375256e-08   7.189653e-03   9.117380e-11   12654
  2.561848e+00   1.355940e-08   1.413863e-03   8.826870e-11   13236
  2.584027e+00   1.334444e-08   1.029625e-02   8.456828e-11   13438
  2.606438e+00   1.323030e-08   1.009196e-02   8.284297e-11   14344
  2.629661e+00   1.316121e-08   6.369978e-03   8.118109e-11   14226
  2.651603e+00   1.313971e-08   5.041668e-03   8.275474e-11   14088
  2.673832e+00   1.318048e-08   7.137082e-04   8.138909e-11   14328
  2.696115e+00   1.283361e-08   7.046693e-03   7.518659e-11   14954
  2.718701e+00   1.272137e-08   5.437396e-03   7.493771e-11   15480
  2.741376e+00   1.265195e-08   7.191409e-03   7.637990e-11   14862
  2.762860e+00   1.244963e-08   8.882544e-03   7.224366e-11   15296
  2.785420e+00   1.251810e-08   8.336992e-03   7.171633e-11   15954
  2.807527e+00   1.239087e-08   6.952518e-03   7.023385e-11   15720
  2.829638e+00   1.220756e-08   2.913213e-03   6.712403e-11   16296
  2.852416e+00   1.220102e-08   4.517414e-03   6.739439e-11   17010
  2.874533e+00   1.220888e-08   3.927232e-03   6.828311e-11   16328
  2.896783e+00   1.209272e-08   3.754367e-03   6.414559e-11   17094
  2.919100e+00   1.202964e-08   9.246157e-03   6.460353e-11   17436
  2.941673e+00   1.189859e-08   9.351068e-03   6.345158e-11   17862
  2.964338e+00   1.188891e-08   8.046711e-03   6.070578e-11   18200
  2.987171e+00   1.186009e-08   1.090516e-03   6.082489e-11   18450
  3.009508e+00   1.175776e-08   3.677921e-03   6.126239e-11   18384
  3.031791e+00   1.175875e-08   6.094003e-03   6.119386e-11   18504
  3.054048e+00   1.160013e-08   4.639899e-03   5.828803e-11   19142
  3.076754e+00   1.165508e-08   6.462856e-03   5.788218e-11   19692
  3.099218e+00   1.156776e-08   6.650568e-03   5.950332e-11   19062
  3.121198e+00   1.148884e-08   0.000000e+00   5.672499e-11   20184
  3.143916e+00   1.134001e-08   7.990639e-03   5.568784e-11   19970
  3.166075e+00   1.124552e-08   0.000000e+00   5.384742e-11   20496
  3.188882e+00   1.133709e-08   9.334364e-03   5.392794e-11   21456
  3.211079e+00   1.133265e-08   6.512446e-03   5.548207e-11   19650
  3.232868e+00   1.133411e-08   1.042665e-02   5.313080e-11   22040
  3.255841e+00   1.130368e-08   1.376032e-02   5.303383e-11   21558
  3.278020e+00   1.132366e-08   0.000000e+00   5.285838e-11   21804
  3.300260e+00   1.133379e-08   8.703308e-03   5.324426e-11   21926
  3.322427e+00   1.128050e-08   1.032224e-02   5.258766e-11   22416
  3.344684e+00   1.102827e-08   9.217364e-03   5.060121e-11   22776
  3.367569e+00   1.107575e-08   6.968260e-03   4.986935e-11   23874
  3.390051e+00   1.097937e-08   0.000000e+00   4.978434e-11   23104
  3.412405e+00   1.098871e-08   0.000000e+00   4.856075e-11   23974
  3.434809e+00   1.100459e-08   1.496106e-02   4.862513e-11   23892
  3.456825e+00   1.104809e-08   0.000000e+00   4.935110e-11   23550
  3.478993e+00   1.094888e-08   7.070723e-03   4.703108e-11   25320
  3.501510e+00   1.102742e-08   1.289297e-02   4.792095e-11   24428
  3.523546e+00   1.091113e-08   8.662946e-03   4.680843e-11   25254
  3.546105e+00   1.097371e-08   0.000000e+00   4.662537e-11   26016
  3.568344e+00   1.083390e-08   0.000000e+00   4.660766e-11   25182
  3.590789e+00   1.078785e-08   4.292497e-03   4.486124e-11   27428
  3.613557e+00   1.087182e-08   5.948391e-03   4.544103e-11   25974
  3.635464e+00   1.081026e-08   9.366309e-03   4.561676e-11   26904
  3.657712e+00   1.084878e-08   3.573340e-03   4.609875e-11   26730
  3.679984e+00   1.075831e-08   0.000000e+00   4.379344e-11   27896
  3.702813e+00   1.073671e-08   1.127741e-02   4.290239e-11   28992
  3.725914e+00   1.074711e-08   2.593892e-03   4.267675e-11   28698
  3.747957e+00   1.076664e-08   0.000000e+00   4.416009e-11   27816
  3.770476e+00   1.061514e-08   0.000000e+00   4.181988e-11   29774
  3.793002e+00   1.057882e-08   7.329873e-03   4.245505e-11   29148
  3.815026e+00   1.061050e-08   0.000000e+00   4.248865e-11   28806
  3.837210e+00   1.059139e-08   1.227163e-02   4.061510e-11   30408
  3.859647e+00   1.042372e-08   0.000000e+00   4.001062e-11   30320
  3.882277e+00   1.059149e-08   0.000000e+00   4.118683e-11   30930
  3.904866e+00   1.048261e-08   0.000000e+00   3.966933e-11   31656
  3.926934e+00   1.043615e-08   0.000000e+00   4.099013e-11   30086
  3.949104e+00   1.045755e-08   1.441299e-02   3.867978e-11   32724
  3.971447e+00   1.046283e-08   8.321146e-03   4.111274e-11   30846
  3.993637e+00   1.035432e-08   3.376621e-03   3.852629e-11   33480
  4.016319e+00   1.035442e-08   1.163315e-02   3.891490e-11   32724
  4.038496e+00   1.028965e-08   7.395651e-03   3.825395e-11   32894
  4.060991e+00   1.041044e-08   0.000000e+00   3.799220e-11   34200
  4.083491e+00   1.018396e-08   9.423506e-03   3.710321e-11   33594
  4.105589e+00   1.040544e-08   0.000000e+00   3.803642e-11   34336
  4.128134e+00   1.022236e-08   0.000000e+00   3.636858e-11   34822
  4.150503e+00   1.007329e-08   0.000000e+00   3.619088e-11   35472
  4.172753e+00   1.008629e-08   0.000000e+00   3.633919e-11   34404
  4.194934e+00   1.010126e-08   0.000000e+00   3.607271e-11   36222
  4.217168e+00   1.009199e-08   6.362480e-03   3.584961e-11   35984
  4.239629e+00   1.002020e-08   9.458789e-03   3.515636e-11   36570
  4.261896e+00   1.010872e-08   0.000000e+00   3.513067e-11   37176
  4.284407e+00   1.002678e-08   0.000000e+00   3.529180e-11   37406
  4.306826e+00   9.980610e-09   0.000000e+00   3.446507e-11   38052
  4.329063e+00   9.969392e-09   0.000000e+00   3.530225e-11   37590
  4.351602e+00   9.898010e-09   1.161807e-02   3.381323e-11   39480
  4.373916e+00   1.004479e-08   0.000000e+00   3.487364e-11   38260
  4.396221e+00   9.885287e-09   1.116572e-02   3.370216e-11   39646
  4.418982e+00   9.876849e-09   6.395015e-03   3.322076e-11   40944
  4.441553e+00   9.752314e-09   0.000000e+00   3.307349e-11   39678
  4.463787e+00   9.847202e-09   0.000000e+00   3.226823e-11   40804
  4.486155e+00   9.751458e-09   0.000000e+00   3.258319e-11   40606
  4.508560e+00   9.742507e-09   1.504410e-02   3.218313e-11   42216
  4.531102e+00   9.688939e-09   0.000000e+00   3.181569e-11   41532
  4.553370e+00   9.704010e-09   0.000000e+00   3.166012e-11   41990
  4.575477e+00   9.682105e-09   1.566492e-02   3.146181e-11   42360
  4.598032e+00   9.578334e-09   6.359216e-03   3.068855e-11   43530
  4.620450e+00   9.597258e-09   8.931334e-03   3.063578e-11   43848
  4.642798e+00   9.581372e-09   0.000000e+00   3.114216e-11   42870
  4.665219e+00   9.492411e-09   1.537891e-02   2.966587e-11   46160
  4.687724e+00   9.474183e-09   6.019859e-03   3.069360e-11   43380
  4.709886e+00   9.433543e-09   0.000000e+00   2.981898e-11   45294
  4.732124e+00   9.556039e-09   1.397499e-02   2.983947e-11   45744
  4.754862e+00   9.413249e-09   0.000000e+00   2.924317e-11   46682
  4.777107e+00   9.404157e-09   7.804191e-03   2.923346e-11   45840
  4.799424e+00   9.334597e-09   0.000000e+00   2.878637e-11   47118
  4.821693e+00   9.327747e-09   2.076746e-02   2.892857e-11   47124
  4.844051e+00   9.302817e-09   4.281410e-03   2.825842e-11   47984
  4.866864e+00   9.317196e-09   8.741993e-03   2.813336e-11   49566
  4.888860e+00   9.288097e-09   5.758112e-03   2.879853e-11   46284
  4.910927e+00   9.231917e-09   1.481698e-02   2.759344e-11   49966
  4.933384e+00   9.166370e-09   1.098928e-02   2.798921e-11   49360
  4.955706e+00   9.255028e-09   1.924505e-03   2.785931e-11   49806
  4.978207e+00   9.195213e-09   1.228628e-02   2.704763e-11   51492
  5.000464e+00   9.162833e-09   1.651487e-02   2.751012e-11   49496
  5.022910e+00   9.146024e-09   1.640412e-02   2.645404e-11   53190
  5.045544e+00   9.119158e-09   0.000000e+00   2.697542e-11   51060
  5.067734e+00   9.086516e-09   0.000000e+00   2.632359e-11   52134
  5.089993e+00   9.068859e-09   1.058227e-02   2.634273e-11   53088
  5.112430e+00   8.991494e-09   7.523461e-03   2.626962e-11   52706
  5.134797e+00   8.981132e-09   1.132760e-02   2.556609e-11   54936
  5.157524e+00   8.987842e-09   0.000000e+00   2.588230e-11   53886
  5.179753e+00   8.984705e-09   0.000000e+00   2.583746e-11   54436
  5.201976e+00   8.957779e-09   0.000000e+00   2.555040e-11   55096
  5.224645e+00   8.954248e-09   0.000000e+00   2.528240e-11   56358
  5.246859e+00   8.913883e-09   0.000000e+00   2.523812e-11   55632
  5.269251e+00   8.884045e-09   2.159193e-02   2.480689e-11   56530
  5.291589e+00   8.923300e-09   0.000000e+00   2.484780e-11   57232
  5.313845e+00   8.845703e-09   0.000000e+00   2.499221e-11   56766
  5.336666e+00   8.807675e-09   0.000000e+00   2.406593e-11   60804
  5.358876e+00   8.791205e-09   0.000000e+00   2.509264e-11   55536
  5.381166e+00   8.748136e-09   2.715557e-02   2.395945e-11   61166
  5.403548e+00   8.754840e-09   0.000000e+00   2.465470e-11   57396
  5.425681e+00   8.702577e-09   1.279039e-02   2.380177e-11   60870
  5.448154e+00   8.691686e-09   0.000000e+00   2.378625e-11   60224
  5.470510e+00   8.720729e-09   1.881681e-02   2.382180e-11   61002
  5.492941e+00   8.655249e-09   1.724565e-02   2.325260e-11   62016
  5.515252e+00   8.613195e-09   0.000000e+00   2.353522e-11   60768
  5.537387e+00   8.553788e-09   2.521221e-02   2.280590e-11   62870
  5.560013e+00   8.587907e-09   9.107485e-03   2.265740e-11   63804
  5.582512e+00   8.527594e-09   1.136605e-02   2.285857e-11   63054
  5.604497e+00   8.521622e-09   9.186109e-03   2.257182e-11   63024
  5.626956e+00   8.518190e-09   0.000000e+00   2.240817e-11   65018
  5.649159e+00   8.472638e-09   1.655678e-02   2.205560e-11   64608
  5.671596e+00   8.450262e-09   0.000000e+00   2.215415e-11   65688
  5.693967e+00   8.393564e-09   2.428053e-02   2.193121e-11   65994
  5.716266e+00   8.391909e-09   0.000000e+00   2.198842e-11   66648
  5.738808e+00   8.383952e-09   1.652226e-02   2.172251e-11   67310
  5.761025e+00   8.305512e-09   0.000000e+00   2.143409e-11   67224
  5.783399e+00   8.283145e-09   6.973350e-03   2.127307e-11   68034
  5.805859e+00   8.296634e-09   0.000000e+00   2.099745e-11   69744
  5.828318e+00   8.261885e-09   1.231685e-02   2.106088e-11   68654
  5.851001e+00   8.263598e-09   1.683519e-02   2.047559e-11   72132
  5.873443e+00   8.200216e-09   1.034585e-02   2.116369e-11   68520
  5.895566e+00   8.146610e-09   1.668845e-02   2.036529e-11   71070
  5.918130e+00   8.222347e-09   0.000000e+00   2.048459e-11   71948
  5.940468e+00   8.190479e-09   2.478705e-02   2.044686e-11   71598
  5.962998e+00   8.065397e-09   0.000000e+00   1.993674e-11   73536
  5.985340e+00   8.100806e-09   2.969389e-02   2.018143e-11   71802
  6.007451e+00   8.059789e-09   0.000000e+00   1.989517e-11   73280
  6.029825e+00   8.037657e-09   0.000000e+00   1.964245e-11   73992
  6.052402e+00   8.052949e-09   1.395550e-02   1.958683e-11   75966
  6.074758e+00   7.997359e-09   0.000000e+00   1.948630e-11   74364
  6.097139e+00   7.989275e-09   1.680034e-02   1.944909e-11   76094
  6.119456e+00   7.950496e-09   0.000000e+00   1.927317e-11   76224
  6.141845e+00   7.917498e-09   1.134232e-02   1.919363e-11   76242
  6.163999e+00   7.903165e-09   0.000000e+00   1.903623e-11   76944
  6.186370e+00   7.881742e-09   0.000000e+00   1.869573e-11   78680
  6.209088e+00   7.814196e-09   1.909649e-02   1.850710e-11   79962
  6.231370e+00   7.800439e-09   9.778303e-03   1.869933e-11   77760
  6.253631e+00   7.804720e-09   2.242919e-02   1.832875e-11   79590
  6.276015e+00   7.764471e-09   0.000000e+00   1.824935e-11   80732
  6.298459e+00   7.765967e-09   2.871785e-02   1.831125e-11   81174
  6.320845e+00   7.674608e-09   9.825285e-03   1.798035e-11   80832
  6.342781e+00   7.681668e-09   2.913597e-02   1.821196e-11   79992
  6.365286e+00   7.627031e-09   0.000000e+00   1.757977e-11   84314
  6.387872e+00   7.599327e-09   0.000000e+00   1.739264e-11   83592
  6.410326e+00   7.631204e-09   2.159001e-02   1.777975e-11   83838
  6.432653e+00   7.536835e-09   0.000000e+00   1.740594e-11   83676
  6.454894e+00   7.531233e-09   1.402208e-02   1.742119e-11   84950
  6.477198e+00   7.541836e-09   0.000000e+00   1.741588e-11   84912
  6.499635e+00   7.477989e-09   2.645113e-02   1.699840e-11   87162
  6.522127e+00   7.453904e-09   0.000000e+00   1.692183e-11   86440
  6.544376e+00   7.468480e-09   0.000000e+00   1.712381e-11   86560
  6.566820e+00   7.437658e-09   4.565004e-03   1.662995e-11   88698
  6.589160e+00   7.392831e-09   3.257949e-02   1.657369e-11   88920
  6.611799e+00   7.349428e-09   0.000000e+00   1.637676e-11   88814
  6.633999e+00   7.332679e-09   6.133214e-03   1.626532e-11   90336
  6.656620e+00   7.319654e-09   0.000000e+00   1.625776e-11   90282
  6.678958e+00   7.305451e-09   0.000000e+00   1.613213e-11   90840
  6.701117e+00   7.276442e-09   2.382243e-02   1.611146e-11   91128
  6.723713e+00   7.228622e-09   0.000000e+00   1.568565e-11   92690
  6.745950e+00   7.230763e-09   0.000000e+00   1.576893e-11   92160
  6.768385e+00   7.180057e-09   0.000000e+00   1.575143e-11   93534
  6.790649e+00   7.176262e-09   0.000000e+00   1.566865e-11   93484
  6.813018e+00   7.166912e-09   6.540241e-03   1.548992e-11   95206
  6.835577e+00   7.153383e-09   1.053450e-02   1.540341e-11   96048
  6.857772e+00   7.134142e-09   8.636652e-03   1.558696e-11   93600
  6.880099e+00   7.049952e-09   0.000000e+00   1.501586e-11   97410
  6.902464e+00   7.053425e-09   2.993654e-02   1.497087e-11   97856
  6.925057e+00   7.061018e-09   0.000000e+00   1.512954e-11   97278
  6.947336e+00   7.031389e-09   1.826066e-02   1.486362e-11   98916
  6.969631e+00   6.981669e-09   0.000000e+00   1.498718e-11   96894
  6.991808e+00   6.949635e-09   0.000000e+00   1.459716e-11   100976
  7.014412e+00   6.924872e-09   0.000000e+00   1.460880e-11   100164
  7.036656e+00   6.918995e-09   0.000000e+00   1.459804e-11   100014
  7.058767e+00   6.917468e-09   2.119815e-02   1.447995e-11   101040
  7.081244e+00   6.902781e-09   0.000000e+00   1.430166e-11   102338
  7.103507e+00   6.855191e-09   1.318421e-02   1.411424e-11   102912
  7.126095e+00   6.801979e-09   0.000000e+00   1.389896e-11   104238
  7.148299e+00   6.773409e-09   2.103102e-02   1.412632e-11   103104
  7.170702e+00   6.769837e-09   1.890456e-02   1.391510e-11   105404
  7.193163e+00   6.810413e-09   0.000000e+00   1.390554e-11   105198
  7.215502e+00   6.748367e-09   0.000000e+00   1.374180e-11   106632
  7.237966e+00   6.704229e-09   2.774850e-02   1.365118e-11   106706
  7.260296e+00   6.716057e-09   0.000000e+00   1.368357e-11   106992
  7.282887e+00   6.658633e-09   0.000000e+00   1.334707e-11   110118
  7.305258e+00   6.668226e-09   3.453309e-02   1.357213e-11   108084
  7.327506e+00   6.631291e-09   1.312316e-02   1.342718e-11   108222
  7.349997e+00   6.545871e-09   0.000000e+00   1.299470e-11   112160
  7.372279e+00   6.592099e-09   2.004278e-02   1.327713e-11   108492
  7.394661e+00   6.537341e-09   2.396785e-02   1.292514e-11   113262
  7.417129e+00   6.517507e-09   0.000000e+00   1.290434e-11   111360
  7.439623e+00   6.516598e-09   0.000000e+00   1.274187e-11   114182
  7.461947e+00   6.476695e-09   3.622710e-02   1.271502e-11   112884
  7.484350e+00   6.471726e-09   7.059119e-03   1.275682e-11   113934
  7.506588e+00   6.443936e-09   0.000000e+00   1.263093e-11   114504
  7.529190e+00   6.412621e-09   0.000000e+00   1.240165e-11   117500
  7.551489e+00   6.392635e-09   2.562451e-02   1.256784e-11   114102
  7.573805e+00   6.367847e-09   1.093075e-02   1.226588e-11   118584
  7.596257e+00   6.349754e-09   0.000000e+00   1.243409e-11   115546
  7.618346e+00   6.307481e-09   2.283513e-02   1.218707e-11   118984
  7.640989e+00   6.314277e-09   6.206174e-03   1.213562e-11   119526
  7.663272e+00   6.281819e-09   2.744034e-03   1.205554e-11   119436
  7.685537e+00   6.292464e-09   0.000000e+00   1.218328e-11   118632
  7.707835e+00   6.222532e-09   2.659481e-02   1.172291e-11   122510
  7.730336e+00   6.221125e-09   0.000000e+00   1.178174e-11   121680
  7.752757e+00   6.191819e-09   0.000000e+00   1.179376e-11   121434
  7.774932e+00   6.193641e-09   0.000000e+00   1.171342e-11   123928
  7.797401e+00   6.131477e-09   0.000000e+00   1.149683e-11   123910
  7.819816e+00   6.114172e-09   0.000000e+00   1.154868e-11   124452
  7.842165e+00   6.090842e-09   0.000000e+00   1.153264e-11   125376
  7.864518e+00   6.094198e-09   2.233803e-02   1.135498e-11   126638
  7.886883e+00   6.064893e-09   8.311501e-03   1.137271e-11   125844
  7.909267e+00   6.058382e-09   0.000000e+00   1.118133e-11   128142
  7.931675e+00   6.010737e-09   6.242629e-03   1.115880e-11   128136
  7.953933e+00   6.024097e-09   9.948201e-03   1.116095e-11   127642
  7.976364e+00   5.990996e-09   0.000000e+00   1.091937e-11   131968
  7.999045e+00   5.960736e-09   0.000000e+00   1.096921e-11   130326
  8.021288e+00   5.921703e-09   2.377048e-02   1.077787e-11   131688
  8.043652e+00   5.924421e-09   1.077193e-02   1.080963e-11   130212
  8.065928e+00   5.915186e-09   0.000000e+00   1.078858e-11   132686
  8.088479e+00   5.899623e-09   0.000000e+00   1.062175e-11   135960
  8.110930e+00   5.859996e-09   1.687796e-02   1.066646e-11   131562
  8.132910e+00   5.875105e-09   1.445564e-02   1.060385e-11   134016
  8.155431e+00   5.851628e-09   0.000000e+00   1.048068e-11   136478
  8.177814e+00   5.821065e-09   3.051865e-02   1.047010e-11   136812
  8.200286e+00   5.779496e-09   1.957053e-02   1.031926e-11   137856
  8.222674e+00   5.767784e-09   0.000000e+00   1.031160e-11   135862
  8.244934e+00   5.758920e-09   0.000000e+00   1.024456e-11   140056
  8.267480e+00   5.731640e-09   2.601432e-02   1.017850e-11   139602
  8.289804e+00   5.688672e-09   0.000000e+00   1.012703e-11   139080
  8.312119e+00   5.687070e-09   0.000000e+00   1.005910e-11   140678
  8.334524e+00   5.688381e-09   1.307485e-02   1.003554e-11   142884
  8.356838e+00   5.635643e-09   1.143919e-02   9.949364e-12   139992
  8.379203e+00   5.648926e-09   0.000000e+00   9.843709e-12   144966
  8.401691e+00   5.625175e-09   0.000000e+00   9.845664e-12   143364
  8.423972e+00   5.581555e-09   2.088846e-02   9.713975e-12   144518
  8.446287e+00   5.619987e-09   2.157053e-02   9.835450e-12   145200
  8.468563e+00   5.587882e-09   0.000000e+00   9.802398e-12   143466
  8.490786e+00   5.551780e-09   0.000000e+00   9.543176e-12   148824
  8.513165e+00   5.520695e-09   1.750656e-02   9.557993e-12   145544
  8.535381e+00   5.533860e-09   0.000000e+00   9.590798e-12   148590
  8.557876e+00   5.496396e-09   0.000000e+00   9.418124e-12   150540
  8.580337e+00   5.483622e-09   2.964792e-02   9.400304e-12   150134
  8.602701e+00   5.482683e-09   0.000000e+00   9.392091e-12   151296
  8.625280e+00   5.454915e-09   0.000000e+00   9.258519e-12   152058
  8.647428e+00   5.439819e-09   1.796978e-02   9.337954e-12   150864
  8.669803e+00   5.399853e-09   1.647280e-02   9.107943e-12   154310
  8.692406e+00   5.410778e-09   0.000000e+00   9.096926e-12   155172
  8.714767e+00   5.364727e-09   0.000000e+00   9.055208e-12   154128
  8.737344e+00   5.359809e-09   1.385712e-02   8.929344e-12   158310
  8.759614e+00   5.328851e-09   2.079928e-02   9.007537e-12   153436
  8.781898e+00   5.331265e-09   0.000000e+00   8.911799e-12   157726
  8.804498e+00   5.324456e-09   0.000000e+00   8.802020e-12   160368
  8.826773e+00   5.296642e-09   9.812662e-03   8.961040e-12   155718
  8.849006e+00   5.274557e-09   0.000000e+00   8.670194e-12   160028
  8.871391e+00   5.235564e-09   0.000000e+00   8.602727e-12   160920
  8.893811e+00   5.223644e-09   1.452150e-02   8.608514e-12   161070
  8.916225e+00   5.215202e-09   3.332215e-02   8.577266e-12   163428
  8.938517e+00   5.194832e-09   0.000000e+00   8.608280e-12   159574
  8.960960e+00   5.170148e-09   0.000000e+00   8.336879e-12   167392
  8.983418e+00   5.159387e-09   2.637429e-02   8.500146e-12   162258
  9.005716e+00   5.159640e-09   1.445640e-02   8.399213e-12   167472
  9.028172e+00   5.114589e-09   0.000000e+00   8.355915e-12   163664
  9.050366e+00   5.119104e-09   0.000000e+00   8.339246e-12   166986
  9.072801e+00   5.098106e-09   1.854539e-02   8.226763e-12   169968
  9.095410e+00   5.072218e-09   0.000000e+00   8.209227e-12   167646
  9.117491e+00   5.041557e-09   0.000000e+00   8.156051e-12   168080
  9.139888e+00   5.035407e-09   1.738854e-02   8.098185e-12   170826
  9.162297e+00   5.044240e-09   0.000000e+00   8.088622e-12   170928
  9.184502e+00   4.994886e-09   1.897917e-02   8.004971e-12   170640
  9.206988e+00   5.006499e-09   0.000000e+00   7.951135e-12   173954
  9.229279e+00   4.957029e-09   2.889016e-02   7.901737e-12   173232
  9.251731e+00   4.957982e-09   0.000000e+00   7.884969e-12   174150
  9.274117e+00   4.935325e-09   0.000000e+00   7.769263e-12   176364
  9.296470e+00   4.907475e-09   1.803677e-02   7.767779e-12   175302
  9.318835e+00   4.885790e-09   7.788993e-03   7.693496e-12   177392
  9.341132e+00   4.875611e-09   1.976827e-02   7.719088e-12   176352
  9.363602e+00   4.860252e-09   0.000000e+00   7.614042e-12   180330
  9.386069e+00   4.840949e-09   9.319073e-03   7.534736e-12   180712
  9.408435e+00   4.842693e-09   1.657779e-02   7.555612e-12   179350
  9.430870e+00   4.812083e-09   1.521637e-02   7.482822e-12   183396
  9.453363e+00   4.799449e-09   0.000000e+00   7.520511e-12   180390
  9.475463e+00   4.780986e-09   0.000000e+00   7.403187e-12   181944
  9.497942e+00   4.763472e-09   0.000000e+00   7.336018e-12   185450
  9.520472e+00   4.746572e-09   8.865078e-03   7.294734e-12   186192
  9.542747e+00   4.731775e-09   2.163980e-02   7.322456e-12   183432
  9.565051e+00   4.730962e-09   0.000000e+00   7.277349e-12   185362
  9.587309e+00   4.700218e-09   3.872600e-03   7.188432e-12   188464
  9.609859e+00   4.675501e-09   0.000000e+00   7.168154e-12   188046
  9.632257e+00   4.670922e-09   1.457464e-02   7.113395e-12   191304
  9.654587e+00   4.641398e-09   2.716086e-02   7.120076e-12   186690
  9.677019e+00   4.635718e-09   0.000000e+00   6.974040e-12   194072
  9.699306e+00   4.619076e-09   2.299190e-02   7.028773e-12   188688
  9.721593e+00   4.606283e-09   0.000000e+00   6.925918e-12   192786
  9.743906e+00   4.586249e-09   1.012945e-02   6.924814e-12   193352
  9.766459e+00   4.566176e-09   0.000000e+00   6.847007e-12   195702
  9.788768e+00   4.561483e-09   3.077973e-02   6.813183e-12   195132
  9.811173e+00   4.540671e-09   0.000000e+00   6.792723e-12   195726
  9.833501e+00   4.519320e-09   0.000000e+00   6.729305e-12   197416
  9.855835e+00   4.493842e-09   8.954572e-03   6.738488e-12   196564
  9.878246e+00   4.477510e-09   2.134171e-02   6.569742e-12   201198
  9.900611e+00   4.463001e-09   6.969240e-03   6.674230e-12   197136
  9.922811e+00   4.454445e-09   0.000000e+00   6.599226e-12   199358
  9.945107e+00   4.435273e-09   3.007703e-02   6.520668e-12   203532
  9.967651e+00   4.428675e-09   0.000000e+00   6.526546e-12   201438
  9.989976e+00   4.406910e-09   0.000000e+00   6.493894e-12   203664
  1.001229e+01   4.398196e-09   2.970928e-02   6.451766e-12   203972
  1.003466e+01   4.376515e-09   2.341419e-02   6.381233e-12   205974
  1.005711e+01   4.356781e-09   0.000000e+00   6.361021e-12   205752
  1.007960e+01   4.364844e-09   0.000000e+00   6.355962e-12   207810
  1.010172e+01   4.351766e-09   3.908702e-02   6.340049e-12   206384
  1.012429e+01   4.317807e-09   0.000000e+00   6.279479e-12   210966
  1.014673e+01   4.315408e-09   0.000000e+00   6.244542e-12   210516
  1.016914e+01   4.298872e-09   0.000000e+00   6.211927e-12   209766
  1.019140e+01   4.308427e-09   4.388304e-02   6.193512e-12   212376
  1.021385e+01   4.259523e-09   0.000000e+00   6.116930e-12   212960
  1.023641e+01   4.264340e-09   0.000000e+00   6.100290e-12   214626
  1.025867e+01   4.258892e-09   3.193056e-02   6.098022e-12   213696
  1.028103e+01   4.238460e-09   3.145380e-02   6.054242e-12   215734
  1.030334e+01   4.220051e-09   0.000000e+00   6.050249e-12   213220
  1.032567e+01   4.205776e-09   0.000000e+00   5.991266e-12   219102
  1.034812e+01   4.198882e-09   3.685724e-02   5.920392e-12   220872
  1.037046e+01   4.181464e-09   5.364781e-02   5.911275e-12   216556
  1.039282e+01   4.185035e-09   4.166001e-02   5.919025e-12   221494
  1.041513e+01   4.163319e-09   4.547098e-02   5.887020e-12   219096
  1.043757e+01   4.133638e-09   3.341476e-02   5.775950e-12   224262
  1.046009e+01   4.123164e-09   0.000000e+00   5.785605e-12   222508
  1.048247e+01   4.103917e-09   0.000000e+00   5.740092e-12   222502
  1.050467e+01   4.103291e-09   4.342495e-02   5.709194e-12   227280
  1.052714e+01   4.092254e-09   2.180586e-02   5.745737e-12   223644
  1.054948e+01   4.085406e-09   0.000000e+00   5.661863e-12   226222
  1.057185e+01   4.053588e-09   0.000000e+00   5.619542e-12   229840
  1.059429e+01   4.052091e-09   2.843198e-02   5.614162e-12   228042
  1.061650e+01   4.029665e-09   0.000000e+00   5.601452e-12   227472
  1.063885e+01   4.021897e-09   0.000000e+00   5.550681e-12   230990
  1.066126e+01   4.022632e-09   9.554341e-03   5.541803e-12   233532
  1.068362e+01   4.002397e-09   3.205004e-02   5.538190e-12   231288
  1.070609e+01   3.987746e-09   0.000000e+00   5.485657e-12   233718
  1.072830e+01   3.986835e-09   0.000000e+00   5.519510e-12   232704
  1.075072e+01   3.984542e-09   3.369443e-02   5.423660e-12   239282
  1.077318e+01   3.956200e-09   4.107851e-02   5.418591e-12   234912
  1.079566e+01   3.954091e-09   0.000000e+00   5.358890e-12   238278
  1.081785e+01   3.943477e-09   4.036445e-02   5.369978e-12   237460
  1.084005e+01   3.932627e-09   2.906132e-02   5.392005e-12   236662
  1.086268e+01   3.910039e-09   0.000000e+00   5.224482e-12   246336
  1.088530e+01   3.901552e-09   0.000000e+00   5.272999e-12   241092
  1.090754e+01   3.896170e-09   3.805162e-02   5.257509e-12   242414
  1.092996e+01   3.876905e-09   1.389404e-02   5.222598e-12   243552
  1.095240e+01   3.859468e-09   0.000000e+00   5.186771e-12   243474
  1.097457e+01   3.843144e-09   2.600795e-02   5.149202e-12   245112
  1.099702e+01   3.853684e-09   2.802490e-02   5.158858e-12   246894
  1.101936e+01   3.832982e-09   2.107245e-02   5.127959e-12   247448
  1.104183e+01   3.823486e-09   0.000000e+00   5.121923e-12   247404
  1.106404e+01   3.820097e-09   4.253197e-02   5.054683e-12   249990
  1.108633e+01   3.799533e-09   4.037498e-02   5.084994e-12   249512
  1.110895e+01   3.796528e-09   0.000000e+00   5.027598e-12   253890
  1.113129e+01   3.783950e-09   0.000000e+00   4.997048e-12   250728
  1.115348e+01   3.772191e-09   5.153752e-02   4.965732e-12   253950
  1.117595e+01   3.753011e-09   0.000000e+00   4.966905e-12   254140
  1.119836e+01   3.765319e-09   0.000000e+00   4.944637e-12   255880
  1.122078e+01   3.728517e-09   3.329383e-02   4.882331e-12   258942
  1.124298e+01   3.736557e-09   4.908462e-02   4.952350e-12   253836
  1.126546e+01   3.720145e-09   0.000000e+00   4.838587e-12   260534
  1.128792e+01   3.714370e-09   0.000000e+00   4.851461e-12   259992
  1.131009e+01   3.702449e-09   5.076576e-02   4.840580e-12   258894
  1.133251e+01   3.700176e-09   4.021497e-02   4.802600e-12   263364
  1.135494e+01   3.677930e-09   0.000000e+00   4.801031e-12   259536
  1.137705e+01   3.680215e-09   2.325065e-02   4.792690e-12   263438
  1.139940e+01   3.667796e-09   4.544461e-02   4.743945e-12   265740
  1.142189e+01   3.663463e-09   0.000000e+00   4.755865e-12   264894
  1.144432e+01   3.631087e-09   0.000000e+00   4.668694e-12   269184
  1.146664e+01   3.640851e-09   4.435650e-02   4.726180e-12   266138
  1.148895e+01   3.624772e-09   3.056787e-02   4.648849e-12   270528
  1.151148e+01   3.624088e-09   0.000000e+00   4.657985e-12   268182
  1.153372e+01   3.621496e-09   0.000000e+00   4.654380e-12   270960
  1.155602e+01   3.606520e-09   5.281785e-02   4.599754e-12   274580
  1.157881e+01   3.590811e-09   0.000000e+00   4.552853e-12   276078
  1.160122e+01   3.580221e-09   0.000000e+00   4.580950e-12   273600
  1.162348e+01   3.570569e-09   4.382368e-02   4.551794e-12   274698
  1.164581e+01   3.564807e-09   4.694926e-02   4.530744e-12   276920
  1.166832e+01   3.555802e-09   0.000000e+00   4.510247e-12   276774
  1.169070e+01   3.555398e-09   0.000000e+00   4.505855e-12   279972
  1.171284e+01   3.540810e-09   3.792040e-02   4.528027e-12   276144
  1.173528e+01   3.533022e-09   1.704006e-02   4.448356e-12   282590
  1.175777e+01   3.536336e-09   0.000000e+00   4.461323e-12   282300
  1.178014e+01   3.521635e-09   0.000000e+00   4.438577e-12   283926
  1.180230e+01   3.509826e-09   5.096947e-02   4.449585e-12   279792
  1.182484e+01   3.505050e-09   0.000000e+00   4.378759e-12   287870
  1.184734e+01   3.496784e-09   0.000000e+00   4.362557e-12   286428
  1.186948e+01   3.486957e-09   4.992589e-02   4.389594e-12   284808
  1.189187e+01   3.478130e-09   1.776902e-02   4.343214e-12   289158
  1.191439e+01   3.477357e-09   0.000000e+00   4.344407e-12   290204
  1.193674e+01   3.469702e-09   0.000000e+00   4.364088e-12   290382
  1.195902e+01   3.457488e-09   3.344829e-02   4.311317e-12   291912
  1.198152e+01   3.448974e-09   0.000000e+00   4.284785e-12   290754
  1.200378e+01   3.448375e-09   1.866386e-02   4.283589e-12   296096
  1.202628e+01   3.433874e-09   2.822718e-02   4.238740e-12   294552
  1.204852e+01   3.444135e-09   5.069573e-02   4.292795e-12   293466
  1.207086e+01   3.441864e-09   0.000000e+00   4.253858e-12   296904
  1.209331e+01   3.419249e-09   0.000000e+00   4.213383e-12   298358
  1.211543e+01   3.422037e-09   4.939049e-02   4.244081e-12   297840
  1.213795e+01   3.403050e-09   1.906551e-02   4.175768e-12   301338
  1.216042e+01   3.403282e-09   0.000000e+00   4.203790e-12   300336
  1.218256e+01   3.405258e-09   5.325193e-02   4.169547e-12   303584
  1.220507e+01   3.402020e-09   4.336006e-02   4.172365e-12   304098
  1.222759e+01   3.389450e-09   0.000000e+00   4.134852e-12   304488
  1.224984e+01   3.387514e-09   4.793423e-02   4.139102e-12   306678
  1.227228e+01   3.380142e-09   0.000000e+00   4.142969e-12   305732
  1.229465e+01   3.368374e-09   1.720800e-02   4.106394e-12   309894
  1.231711e+01   3.378382e-09   2.537251e-02   4.110718e-12   310200
  1.233948e+01   3.357010e-09   0.000000e+00   4.092505e-12   307074
  1.236174e+01   3.362273e-09   5.040680e-02   4.074598e-12   315656
  1.238431e+01   3.352157e-09   0.000000e+00   4.064165e-12   310704
  1.240678e+01   3.355346e-09   0.000000e+00   4.080646e-12   314310
  1.242877e+01   3.350335e-09   5.939064e-02   4.076778e-12   312412
  1.245134e+01   3.338920e-09   0.000000e+00   4.019679e-12   318310
  1.247382e+01   3.342840e-09   0.000000e+00   4.062388e-12   315648
  1.249602e+01   3.325499e-09   4.690194e-02   4.013574e-12   320610
  1.251836e+01   3.331612e-09   0.000000e+00   4.055918e-12   313944
  1.254076e+01   3.325917e-09   0.000000e+00   3.978954e-12   325880
  1.256317e+01   3.332430e-09   4.725128e-02   4.045976e-12   319146
  1.258557e+01   3.308938e-09   0.000000e+00   3.980634e-12   322896
  1.260777e+01   3.317441e-09   5.206883e-02   4.010966e-12   322206
  1.263022e+01   3.306537e-09   0.000000e+00   3.939220e-12   327416
  1.265280e+01   3.288486e-09   0.000000e+00   3.935561e-12   325602
  1.267489e+01   3.311624e-09   6.356460e-02   3.969719e-12   328248
  1.269734e+01   3.292164e-09   0.000000e+00   3.956373e-12   326088
  1.271991e+01   3.303328e-09   0.000000e+00   3.957819e-12   331658
  1.274201e+01   3.296348e-09   5.746809e-02   3.926415e-12   331584
  1.276452e+01   3.294028e-09   2.720394e-02   3.945516e-12   330630
  1.278698e+01   3.284645e-09   0.000000e+00   3.928627e-12   333204
  1.280904e+01   3.290100e-09   6.497254e-02   3.941170e-12   333470
  1.283167e+01   3.287651e-09   0.000000e+00   3.925174e-12   335688
  1.285390e+01   3.272791e-09   2.297710e-02   3.879116e-12   336828
  1.287624e+01   3.285568e-09   2.876187e-02   3.925312e-12   337662
  1.289879e+01   3.271404e-09   0.000000e+00   3.879383e-12   338960
  1.292080e+01   3.276781e-09   5.923015e-02   3.913984e-12   338262
  1.294330e+01   3.272687e-09   4.959869e-02   3.876087e-12   344388
  1.296599e+01   3.258462e-09   0.000000e+00   3.871772e-12   342486
  1.298794e+01   3.271936e-09   7.557468e-02   3.894090e-12   343592
  1.301061e+01   3.251767e-09   7.877306e-03   3.835140e-12   347130
  1.303317e+01   3.282679e-09   0.000000e+00   3.892800e-12   346152
  1.305519e+01   3.259390e-09   7.228443e-02   3.888699e-12   345856
  1.307782e+01   3.268923e-09   0.000000e+00   3.871013e-12   349354
  1.310025e+01   3.262972e-09   0.000000e+00   3.857462e-12   352032
  1.312248e+01   3.257371e-09   5.996303e-02   3.880650e-12   348582
  1.314506e+01   3.262805e-09   0.000000e+00   3.871149e-12   352244
  1.316704e+01   3.248650e-09   7.325134e-02   3.853548e-12   351582
  1.318960e+01   3.258395e-09   1.190242e-02   3.841974e-12   357144
  1.321223e+01   3.255300e-09   0.000000e+00   3.871219e-12   355560
  1.323426e+01   3.245815e-09   6.837078e-02   3.840115e-12   354551
  1.325679e+01   3.228503e-09   1.154594e-02   3.816124e-12   358044
  1.327941e+01   3.229984e-09   0.000000e+00   3.816409e-12   355272
  1.330135e+01   3.208914e-09   7.546028e-02   3.796402e-12   352044
  1.332382e+01   3.195244e-09   0.000000e+00   3.785930e-12   352344
  1.334630e+01   3.185789e-09   0.000000e+00   3.748224e-12   356516
  1.336852e+01   3.177750e-09   5.226491e-02   3.736623e-12   352848
  1.339127e+01   3.163163e-09   0.000000e+00   3.711852e-12   352980
  1.341333e+01   3.151412e-09   4.474849e-02   3.740799e-12   348948
  1.343567e+01   3.144033e-09   3.946139e-02   3.701987e-12   351692
  1.345843e+01   3.129006e-09   0.000000e+00   3.668862e-12   353064
  1.348040e+01   3.125894e-09   6.740891e-02   3.705579e-12   345624
  1.350276e+01   3.104571e-09   0.000000e+00   3.631551e-12   347844
  1.352538e+01   3.099655e-09   0.000000e+00   3.621060e-12   351020
  1.354745e+01   3.080817e-09   6.239025e-02   3.621246e-12   345852
  1.356993e+01   3.075879e-09   1.428693e-02   3.606380e-12   347040
  1.359245e+01   3.060784e-09   0.000000e+00   3.574492e-12   345928
  1.361452e+01   3.056100e-09   6.314217e-02   3.576763e-12   347020
  1.363713e+01   3.040713e-09   0.000000e+00   3.585121e-12   343032
  1.365942e+01   3.039907e-09   0.000000e+00   3.550948e-12   343620
  1.368160e+01   3.023905e-09   6.468251e-02   3.533207e-12   343988
  1.370439e+01   3.013463e-09   0.000000e+00   3.502810e-12   344556
  1.372654e+01   3.003393e-09   4.805223e-02   3.501511e-12   343632
  1.374908e+01   2.996566e-09   0.000000e+00   3.498258e-12   340392
  1.377157e+01   2.987045e-09   0.000000e+00   3.513614e-12   339408
  1.379355e+01   2.966869e-09   8.007632e-02   3.451346e-12   341864
  1.381627e+01   2.959203e-09   0.000000e+00   3.434233e-12   341964
  1.383874e+01   2.956798e-09   0.000000e+00   3.467095e-12   334380
  1.386053e+01   2.933632e-09   7.534350e-02   3.418039e-12   336504
  1.388322e+01   2.937509e-09   1.885916e-02   3.402525e-12   339560
  1.390569e+01   2.932869e-09   0.000000e+00   3.416311e-12   336384
  1.392787e+01   2.915180e-09   7.903405e-02   3.372943e-12   337404
  1.395050e+01   2.907395e-09   0.000000e+00   3.412325e-12   330156
  1.397256e+01   2.903885e-09   6.212373e-02   3.364314e-12   337808
  1.399514e+01   2.880343e-09   0.000000e+00   3.342919e-12   332748
  1.401769e+01   2.881784e-09   0.000000e+00   3.337427e-12   333612
  1.403973e+01   2.878801e-09   6.269049e-02   3.352571e-12   331860
  1.406220e+01   2.855109e-09   2.853096e-02   3.323070e-12   328376
  1.408463e+01   2.842133e-09   0.000000e+00   3.300102e-12   331140
  1.410680e+01   2.855350e-09   7.591837e-02   3.304643e-12   332988
  1.412929e+01   2.842935e-09   2.996696e-02   3.320547e-12   325224
  1.415185e+01   2.829702e-09   0.000000e+00   3.255972e-12   331544
  1.417399e+01   2.827063e-09   7.139727e-02   3.290132e-12   327264
  1.419646e+01   2.809705e-09   0.000000e+00   3.275259e-12   322308
  1.421873e+01   2.805808e-09   2.638077e-02   3.243270e-12   328136
  1.424091e+01   2.789385e-09   5.369849e-02   3.239498e-12   323172
  1.426360e+01   2.785850e-09   0.000000e+00   3.229807e-12   325248
  1.428572e+01   2.787197e-09   6.718873e-02   3.225112e-12   324096
  1.430815e+01   2.775888e-09   0.000000e+00   3.230787e-12   321540
  1.433080e+01   2.765620e-09   0.000000e+00   3.189949e-12   323744
  1.435270e+01   2.750644e-09   7.479264e-02   3.199064e-12   317400
  1.437520e+01   2.749485e-09   1.790690e-02   3.197948e-12   322560
  1.439788e+01   2.741977e-09   0.000000e+00   3.184976e-12   320076
  1.441987e+01   2.729863e-09   7.708605e-02   3.178275e-12   317204
  1.444268e+01   2.724172e-09   0.000000e+00   3.132253e-12   323064
  1.446515e+01   2.732897e-09   0.000000e+00   3.192193e-12   315204
  1.448707e+01   2.716208e-09   8.403659e-02   3.160815e-12   315416
  1.450996e+01   2.696055e-09   0.000000e+00   3.121700e-12   316884
  1.453202e+01   2.690438e-09   5.098161e-02   3.119214e-12   312876
  1.455438e+01   2.689898e-09   5.901953e-02   3.113879e-12   315540
  1.457716e+01   2.682783e-09   0.000000e+00   3.121572e-12   312576
  1.459903e+01   2.674092e-09   8.406290e-02   3.117801e-12   312140
  1.462164e+01   2.669865e-09   2.074571e-02   3.127216e-12   310356
  1.464425e+01   2.656370e-09   0.000000e+00   3.105966e-12   311232
  1.466612e+01   2.647853e-09   7.513803e-02   3.094361e-12   307584
  1.468876e+01   2.647028e-09   3.426335e-02   3.068386e-12   310616
  1.471120e+01   2.638474e-09   0.000000e+00   3.100356e-12   304200
  1.473310e+01   2.634775e-09   8.397260e-02   3.087450e-12   306792
  1.475592e+01   2.627411e-09   0.000000e+00   3.067526e-12   306168
  1.477804e+01   2.620749e-09   0.000000e+00   3.070799e-12   304448
  1.480048e+01   2.608717e-09   7.281373e-02   3.047407e-12   308580
  1.482322e+01   2.615399e-09   0.000000e+00   3.066768e-12   299568
  1.484510e+01   2.610397e-09   7.210342e-02   3.058450e-12   304416
  1.486778e+01   2.606225e-09   4.033414e-02   3.047782e-12   302216
  1.489034e+01   2.584718e-09   0.000000e+00   3.035238e-12   300084
  1.491232e+01   2.588310e-09   9.123240e-02   3.040359e-12   299340
  1.493481e+01   2.582428e-09   0.000000e+00   3.037470e-12   296688
  1.495734e+01   2.585913e-09   0.000000e+00   3.023791e-12   298820
  1.497931e+01   2.563472e-09   8.691892e-02   3.014987e-12   296916
  1.500203e+01   2.562010e-09   0.000000e+00   3.015217e-12   295920
  1.502426e+01   2.561392e-09   9.072126e-03   3.031339e-12   292692
  1.504633e+01   2.553342e-09   8.011217e-02   2.994720e-12   295892
  1.506926e+01   2.543799e-09   0.000000e+00   3.006176e-12   293064
  1.509132e+01   2.536962e-09   4.310086e-02   2.984817e-12   293220
  1.511361e+01   2.536133e-09   3.917481e-02   3.012687e-12   286804
  1.513621e+01   2.531068e-09   0.000000e+00   2.979076e-12   293080
  1.515835e+01   2.522776e-09   7.979268e-02   2.982592e-12   291816
  1.518103e+01   2.525113e-09   0.000000e+00   3.002970e-12   287784
  1.520351e+01   2.513687e-09   0.000000e+00   2.987801e-12   286760
  1.522546e+01   2.517971e-09   8.420438e-02   2.985027e-12   287088
  1.524810e+01   2.496500e-09   0.000000e+00   2.956635e-12   286176
  1.527065e+01   2.502133e-09   0.000000e+00   2.981312e-12   284184
  1.529255e+01   2.500858e-09   7.448344e-02   2.994138e-12   282220
  1.531540e+01   2.494306e-09   0.000000e+00   2.962388e-12   284452
  1.533755e+01   2.490411e-09   0.000000e+00   2.969689e-12   279516
  1.535976e+01   2.486625e-09   8.169703e-02   2.960167e-12   282696
  1.538265e+01   2.480066e-09   0.000000e+00   2.972957e-12   278676
  1.540453e+01   2.474857e-09   8.325306e-02   2.949957e-12   279512
  1.542708e+01   2.466769e-09   1.094905e-02   2.958478e-12   276672
  1.544968e+01   2.464543e-09   0.000000e+00   2.944712e-12   276036
  1.547147e+01   2.469538e-09   8.129895e-02   2.976708e-12   274416
  1.549410e+01   2.458410e-09   3.804704e-02   2.948635e-12   275384
  1.551674e+01   2.452994e-09   0.000000e+00   2.940934e-12   274560
  1.553871e+01   2.453056e-09   8.926217e-02   2.975839e-12   272220
  1.556146e+01   2.448071e-09   0.000000e+00   2.955113e-12   270492
  1.558373e+01   2.439857e-09   0.000000e+00   2.943643e-12   271532
  1.560603e+01   2.432242e-09   5.426903e-02   2.924005e-12   272052
  1.562867e+01   2.443238e-09   0.000000e+00   2.993165e-12   264372
  1.565057e+01   2.427540e-09   4.943106e-02   2.940558e-12   268652
  1.567314e+01   2.422152e-09   5.639413e-02   2.932195e-12   266760
  1.569563e+01   2.422200e-09   0.000000e+00   2.963395e-12   262536
  1.571764e+01   2.411667e-09   8.844434e-02   2.935666e-12   266460
  1.574021e+01   2.410907e-09   0.000000e+00   2.954756e-12   261560
  1.576267e+01   2.408857e-09   0.000000e+00   2.952307e-12   262236
  1.578478e+01   2.399503e-09   7.921319e-02   2.922326e-12   261708
  1.580731e+01   2.405972e-09   0.000000e+00   2.966709e-12   258960
  1.582979e+01   2.391782e-09   0.000000e+00   2.961013e-12   258376
  1.585177e+01   2.393708e-09   7.544012e-02   2.945617e-12   258304
  1.587469e+01   2.385512e-09   0.000000e+00   2.919427e-12   259368
  1.589684e+01   2.396014e-09   3.560266e-02   2.973067e-12   253332
  1.591902e+01   2.383185e-09   7.925785e-02   2.935789e-12   254448
  1.594185e+01   2.380193e-09   0.000000e+00   2.949722e-12   255248
  1.596389e+01   2.373655e-09   8.189528e-02   2.946411e-12   252180
  1.598648e+01   2.378556e-09   3.262004e-02   2.948961e-12   252744
  1.600902e+01   2.379623e-09   0.000000e+00   2.981940e-12   247348
  1.603089e+01   2.371657e-09   9.883846e-02   2.945201e-12   250432
  1.605354e+01   2.367276e-09   0.000000e+00   2.969741e-12   247860
  1.607617e+01   2.362161e-09   0.000000e+00   2.961931e-12   247716
  1.609805e+01   2.356408e-09   8.241978e-02   2.969888e-12   242472
  1.612085e+01   2.360495e-09   0.000000e+00   2.950666e-12   248672
  1.614309e+01   2.348532e-09   3.500123e-02   2.986819e-12   239352
  1.616518e+01   2.356930e-09   6.657545e-02   2.956106e-12   245088
  1.618802e+01   2.356008e-09   0.000000e+00   3.012304e-12   239232
  1.620990e+01   2.339024e-09   8.794880e-02   2.963118e-12   240320
  1.623258e+01   2.350785e-09   0.000000e+00   2.988325e-12   239340
  1.625521e+01   2.341554e-09   0.000000e+00   2.993816e-12   237636
  1.627700e+01   2.341330e-09   8.434057e-02   2.992079e-12   235980
  1.629964e+01   2.342743e-09   0.000000e+00   2.995135e-12   235304
  1.632221e+01   2.329305e-09   0.000000e+00   2.991973e-12   234576
  1.634416e+01   2.331044e-09   7.833195e-02   2.990282e-12   232788
  1.636679e+01   2.330348e-09   0.000000e+00   3.010652e-12   230400
  1.638913e+01   2.317945e-09   0.000000e+00   2.973041e-12   231836
  1.641133e+01   2.326720e-09   8.364581e-02   2.991457e-12   231288
  1.643421e+01   2.323531e-09   0.000000e+00   3.018975e-12   226536
  1.645610e+01   2.322062e-09   6.557522e-02   3.041673e-12   226084
  1.647844e+01   2.314579e-09   5.643119e-02   3.021127e-12   227116
  1.650123e+01   2.309174e-09   0.000000e+00   3.018943e-12   223800
  1.652313e+01   2.317016e-09   9.011887e-02   3.026336e-12   223884
  1.654570e+01   2.307199e-09   0.000000e+00   3.016724e-12   222360
  1.656829e+01   2.314987e-09   0.000000e+00   3.044424e-12   221156
  1.659035e+01   2.308925e-09   9.967682e-02   3.036871e-12   221724
  1.661305e+01   2.302820e-09   0.000000e+00   3.054773e-12   217584
  1.663545e+01   2.311899e-09   0.000000e+00   3.067836e-12   217576
  1.665741e+01   2.299556e-09   1.032911e-01   3.061970e-12   215464
  1.668020e+01   2.304776e-09   0.000000e+00   3.056625e-12   215472
  1.670241e+01   2.300103e-09   2.757082e-02   3.074020e-12   213768
  1.672453e+01   2.293023e-09   8.946181e-02   3.091389e-12   210956
  1.674724e+01   2.296389e-09   0.000000e+00   3.068755e-12   211788
  1.676942e+01   2.293071e-09   4.902549e-02   3.065048e-12   211092
  1.679194e+01   2.283554e-09   3.511796e-02   3.094092e-12   209556
  1.681461e+01   2.292646e-09   0.000000e+00   3.104697e-12   206700
  1.683643e+01   2.283702e-09   8.404614e-02   3.109300e-12   206048
  1.685902e+01   2.281108e-09   0.000000e+00   3.115066e-12   204744
  1.688156e+01   2.289558e-09   0.000000e+00   3.153288e-12   202992
  1.690336e+01   2.267382e-09   9.414825e-02   3.098259e-12   201944
  1.692628e+01   2.285842e-09   0.000000e+00   3.125832e-12   203304
  1.694874e+01   2.285701e-09   0.000000e+00   3.148925e-12   200484
  1.697060e+01   2.279682e-09   9.995274e-02   3.179147e-12   195516
  1.699352e+01   2.272982e-09   0.000000e+00   3.153786e-12   198860
  1.701550e+01   2.272607e-09   4.362522e-02   3.155503e-12   195264
  1.703789e+01   2.276670e-09   6.556003e-02   3.156297e-12   195984
  1.706066e+01   2.268250e-09   0.000000e+00   3.186932e-12   191808
  1.708233e+01   2.275361e-09   7.672413e-02   3.216682e-12   190776
  1.710489e+01   2.267498e-09   1.900386e-02   3.209314e-12   192032
  1.712759e+01   2.265838e-09   0.000000e+00   3.221682e-12   188628
  1.714942e+01   2.276926e-09   1.061357e-01   3.216229e-12   189444
  1.717223e+01   2.279545e-09   0.000000e+00   3.261796e-12   186260
  1.719450e+01   2.272020e-09   0.000000e+00   3.280377e-12   184560
  1.721656e+01   2.261313e-09   9.697214e-02   3.221605e-12   185832
  1.723957e+01   2.265266e-09   0.000000e+00   3.273340e-12   182400
  1.726156e+01   2.270529e-09   4.644412e-02   3.304248e-12   181380
  1.728379e+01   2.273167e-09   8.138841e-02   3.286591e-12   180332
  1.730663e+01   2.264667e-09   0.000000e+00   3.326925e-12   178236
  1.732866e+01   2.264737e-09   5.760816e-02   3.295633e-12   179184
  1.735110e+01   2.257121e-09   7.463794e-02   3.330965e-12   175028
  1.737374e+01   2.262471e-09   0.000000e+00   3.337462e-12   175440
  1.739586e+01   2.264517e-09   7.936397e-02   3.342532e-12   174828
  1.741842e+01   2.255400e-09   0.000000e+00   3.379955e-12   169896
  1.744076e+01   2.254928e-09   0.000000e+00   3.362334e-12   171708
  1.746286e+01   2.250301e-09   1.020922e-01   3.378679e-12   169328
  1.748553e+01   2.253802e-09   0.000000e+00   3.420932e-12   167364
  1.750789e+01   2.260199e-09   3.735937e-02   3.413561e-12   168192
  1.752998e+01   2.260013e-09   9.178898e-02   3.442814e-12   163188
  1.755288e+01   2.256341e-09   0.000000e+00   3.412689e-12   166184
  1.757508e+01   2.254985e-09   4.466171e-02   3.464946e-12   161460
  1.759720e+01   2.252730e-09   8.472940e-02   3.488685e-12   159972
  1.761988e+01   2.257257e-09   0.000000e+00   3.499807e-12   159488
  1.764186e+01   2.259345e-09   7.938831e-02   3.527485e-12   158148
  1.766452e+01   2.248961e-09   0.000000e+00   3.494591e-12   158100
  1.768716e+01   2.262393e-09   0.000000e+00   3.561387e-12   155232
  1.770883e+01   2.259930e-09   9.099534e-02   3.577400e-12   151216
  1.773163e+01   2.267150e-09   0.000000e+00   3.544171e-12   155560
  1.775427e+01   2.254036e-09   0.000000e+00   3.571102e-12   151404
  1.777608e+01   2.247524e-09   1.085977e-01   3.624649e-12   148356
  1.779892e+01   2.261029e-09   0.000000e+00   3.654689e-12   147164
  1.782097e+01   2.246236e-09   2.937053e-02   3.620053e-12   147384
  1.784325e+01   2.261963e-09   7.372445e-02   3.667177e-12   145992
  1.786621e+01   2.248429e-09   0.000000e+00   3.671266e-12   143856
  1.788784e+01   2.255180e-09   7.215633e-02   3.728968e-12   140384
  1.791047e+01   2.263576e-09   3.717266e-02   3.705035e-12   143856
  1.793320e+01   2.243235e-09   0.000000e+00   3.741063e-12   136968
  1.795491e+01   2.255404e-09   9.982519e-02   3.749333e-12   139536
  1.797782e+01   2.259358e-09   0.000000e+00   3.786206e-12   136916
  1.800007e+01   2.242705e-09   0.000000e+00   3.792348e-12   133032
  1.802203e+01   2.255730e-09   1.014774e-01   3.825096e-12   135540
  1.804510e+01   2.244190e-09   0.000000e+00   3.815850e-12   132096
  1.806709e+01   2.243655e-09   0.000000e+00   3.852669e-12   129540
  1.808928e+01   2.248825e-09   9.798349e-02   3.862706e-12   130640
  1.811213e+01   2.227608e-09   0.000000e+00   3.865967e-12   126276
  1.813418e+01   2.252895e-09   5.878247e-02   3.907932e-12   128484
  1.815689e+01   2.248169e-09   1.528044e-02   3.972040e-12   124168
  1.817929e+01   2.227837e-09   0.000000e+00   3.932403e-12   122224
  1.820135e+01   2.236830e-09   8.822562e-02   3.963977e-12   123156
  1.822405e+01   2.230908e-09   0.000000e+00   3.982614e-12   119688
  1.824622e+01   2.234580e-09   0.000000e+00   4.050010e-12   116640
  1.826830e+01   2.240196e-09   1.032644e-01   4.002614e-12   119696
  1.829109e+01   2.223685e-09   0.000000e+00   4.074576e-12   114276
  1.831338e+01   2.243617e-09   0.000000e+00   4.131668e-12   114060
  1.833546e+01   2.215002e-09   9.742142e-02   4.077397e-12   112536
  1.835830e+01   2.220639e-09   0.000000e+00   4.097519e-12   112196
  1.838062e+01   2.231211e-09   4.312460e-02   4.175085e-12   109404
  1.840272e+01   2.217144e-09   5.439446e-02   4.227868e-12   105900
  1.842520e+01   2.237405e-09   0.000000e+00   4.239771e-12   107176
  1.844737e+01   2.206846e-09   7.212290e-02   4.218386e-12   105088
  1.846993e+01   2.201034e-09   2.742874e-02   4.224668e-12   103800
  1.849256e+01   2.211126e-09   0.000000e+00   4.325221e-12   101340
  1.851450e+01   2.190516e-09   8.147726e-02   4.292977e-12   100036
  1.853695e+01   2.195995e-09   0.000000e+00   4.325306e-12   97672
  1.855950e+01   2.176576e-09   0.000000e+00   4.277332e-12   97908
  1.858158e+01   2.183434e-09   8.564289e-02   4.349363e-12   95328
  1.860421e+01   2.176370e-09   0.000000e+00   4.338588e-12   93600
  1.862650e+01   2.167028e-09   0.000000e+00   4.324633e-12   92312
  1.864875e+01   2.168270e-09   7.266828e-02   4.398400e-12   91044
  1.867142e+01   2.156996e-09   0.000000e+00   4.421339e-12   88500
  1.869325e+01   2.162245e-09   5.546230e-02   4.485151e-12   86216
  1.871576e+01   2.145410e-09   0.000000e+00   4.426608e-12   87159
  1.873869e+01   2.149546e-09   0.000000e+00   4.465404e-12   86064
  1.876070e+01   2.142152e-09   8.472112e-02   4.518815e-12   81648
  1.878304e+01   2.147515e-09   0.000000e+00   4.563564e-12   81654
  1.880569e+01   2.136001e-09   0.000000e+00   4.540913e-12   81284
  1.882789e+01   2.142648e-09   6.158862e-02   4.593148e-12   78888
  1.885026e+01   2.124762e-09   2.065556e-02   4.624595e-12   77250
  1.887247e+01   2.127990e-09   0.000000e+00   4.661410e-12   75942
  1.889470e+01   2.120567e-09   6.606040e-02   4.608923e-12   77042
  1.891754e+01   2.112756e-09   0.000000e+00   4.658151e-12   74094
  1.893984e+01   2.131701e-09   3.569740e-02   4.736550e-12   73818
  1.896216e+01   2.124099e-09   0.000000e+00   4.838611e-12   70998
  1.898457e+01   2.104906e-09   0.000000e+00   4.711909e-12   72044
  1.900691e+01   2.095789e-09   7.009790e-02   4.780411e-12   69426
  1.902943e+01   2.116321e-09   0.000000e+00   4.816172e-12   69288
  1.905177e+01   2.110929e-09   0.000000e+00   4.898680e-12   67068
  1.907382e+01   2.096570e-09   7.193395e-02   4.792155e-12   66926
  1.909642e+01   2.114808e-09   6.046563e-02   4.906885e-12   66348
  1.911909e+01   2.087155e-09   0.000000e+00   4.852890e-12   64728
  1.914115e+01   2.091376e-09   0.000000e+00   4.990436e-12   62820
  1.916349e+01   2.076808e-09   0.000000e+00   4.884983e-12   63716
  1.918611e+01   2.095923e-09   1.764549e-02   5.051882e-12   62160
  1.920844e+01   2.087453e-09   0.000000e+00   5.038266e-12   59940
  1.923057e+01   2.100701e-09   1.529355e-02   5.098887e-12   60112
  1.925291e+01   2.093595e-09   6.856073e-02   5.111759e-12   59668
  1.927559e+01   2.091610e-09   0.000000e+00   5.175068e-12   57618
  1.929770e+01   2.094191e-09   2.429321e-02   5.179364e-12   56868
  1.931985e+01   2.092472e-09   6.537481e-02   5.181041e-12   56684
  1.934233e+01   2.103137e-09   2.931007e-02   5.300861e-12   55536
  1.936485e+01   2.076715e-09   0.000000e+00   5.246399e-12   54342
  1.938726e+01   2.097941e-09   2.016532e-02   5.309235e-12   54768
  1.940942e+01   2.097043e-09   6.596468e-02   5.408912e-12   52094
  1.943180e+01   2.076256e-09   0.000000e+00   5.326944e-12   52224
  1.945450e+01   2.080404e-09   0.000000e+00   5.389397e-12   52188
  1.947673e+01   2.089184e-09   5.740144e-02   5.438665e-12   50190
  1.949884e+01   2.081602e-09   4.847844e-02   5.533452e-12   49224
  1.952138e+01   2.065576e-09   0.000000e+00   5.510578e-12   49094
  1.954400e+01   2.086611e-09   1.705762e-02   5.496420e-12   49488
  1.956638e+01   2.069353e-09   6.009552e-02   5.580291e-12   46830
  1.958846e+01   2.070258e-09   1.560252e-02   5.693138e-12   45860
  1.961092e+01   2.066928e-09   0.000000e+00   5.626959e-12   46770
  1.963346e+01   2.074196e-09   2.527181e-02   5.754554e-12   45468
  1.965581e+01   2.085379e-09   4.143675e-02   5.889915e-12   44130
  1.967806e+01   2.082267e-09   0.000000e+00   5.904911e-12   43230
  1.970046e+01   2.079493e-09   0.000000e+00   5.803507e-12   44108
  1.972303e+01   2.078647e-09   4.137890e-02   5.933071e-12   42162
  1.974534e+01   2.076266e-09   4.096675e-02   5.940155e-12   41358
  1.976747e+01   2.082854e-09   0.000000e+00   6.071958e-12   40456
  1.978986e+01   2.070952e-09   3.824300e-02   5.952248e-12   41230
  1.981261e+01   2.084533e-09   4.942721e-02   6.076357e-12   39906
  1.983504e+01   2.059896e-09   0.000000e+00   6.144080e-12   38508
  1.985706e+01   2.074960e-09   0.000000e+00   6.274286e-12   37854
  1.987929e+01   2.076157e-09   6.019334e-02   6.292681e-12   38162
  1.990205e+01   2.096589e-09   3.076308e-02   6.349328e-12   37212
  1.992451e+01   2.081287e-09   0.000000e+00   6.374400e-12   36450
  1.994642e+01   2.089271e-09   3.252847e-02   6.512572e-12   34718
  1.996863e+01   2.066457e-09   2.496884e-02   6.294906e-12   35814
  1.999142e+01   2.088072e-09   2.120111e-02   6.478927e-12   34896
  2.001389e+01   2.076255e-09   0.000000e+00   6.598127e-12   33822
  2.003574e+01   2.069994e-09   4.951670e-02   6.712612e-12   32522
  2.005818e+01   2.082684e-09   0.000000e+00   6.605696e-12   33630
  2.008095e+01   2.077133e-09   0.000000e+00   6.702927e-12   32166
  2.010309e+01   2.104482e-09   2.233057e-02   6.947109e-12   31200
  2.012503e+01   2.085695e-09   1.636831e-02   6.885209e-12   30598
  2.014747e+01   2.078991e-09   2.389198e-02   6.835394e-12   31138
  2.017040e+01   2.080572e-09   0.000000e+00   6.973255e-12   30510
  2.019273e+01   2.082264e-09   3.407718e-02   7.130377e-12   28998
  2.021465e+01   2.085129e-09   5.953396e-03   7.335763e-12   28290
  2.023706e+01   2.104160e-09   4.531079e-02   7.174529e-12   29126
  2.026001e+01   2.083814e-09   0.000000e+00   7.196580e-12   28008
  2.028237e+01   2.095668e-09   1.252383e-02   7.458084e-12   27222
  2.030447e+01   2.089739e-09   2.193466e-02   7.445794e-12   26426
  2.032684e+01   2.107708e-09   1.526352e-02   7.350075e-12   26694
  2.034949e+01   2.095314e-09   2.811132e-02   7.632643e-12   25734
  2.037195e+01   2.094833e-09   0.000000e+00   7.629116e-12   25458
  2.039398e+01   2.124887e-09   0.000000e+00   8.092590e-12   24198
  2.041647e+01   2.130774e-09   0.000000e+00   7.837303e-12   25034
  2.043921e+01   2.107644e-09   1.499456e-02   7.931177e-12   23718
  2.046141e+01   2.098564e-09   0.000000e+00   8.036247e-12   23094
  2.048325e+01   2.112223e-09   3.198627e-02   8.242381e-12   22416
  2.050574e+01   2.122875e-09   7.571325e-03   8.176495e-12   23078
  2.052882e+01   2.118634e-09   0.000000e+00   8.226271e-12   22386
  2.055117e+01   2.135136e-09   0.000000e+00   8.626826e-12   21126
  2.057282e+01   2.128071e-09   0.000000e+00   8.565698e-12   20366
  2.059512e+01   2.119212e-09   4.141269e-02   8.383101e-12   21354
  2.061826e+01   2.108300e-09   0.000000e+00   8.473529e-12   20478
  2.064058e+01   2.143954e-09   0.000000e+00   8.880158e-12   19458
  2.066222e+01   2.133907e-09   1.654583e-02   9.217171e-12   18758
  2.068455e+01   2.119162e-09   4.564524e-02   8.734901e-12   19566
  2.070765e+01   2.121108e-09   3.113085e-02   8.973542e-12   18858
  2.073008e+01   2.132494e-09   4.834593e-03   9.282494e-12   17790
  2.075166e+01   2.129325e-09   0.000000e+00   9.408938e-12   17114
  2.077403e+01   2.135255e-09   0.000000e+00   9.239362e-12   17982
  2.079711e+01   2.147515e-09   0.000000e+00   9.531186e-12   17190
  2.081959e+01   2.168904e-09   0.000000e+00   9.854943e-12   16458
  2.084116e+01   2.159154e-09   3.386664e-02   1.005812e-11   15494
  2.086347e+01   2.182437e-09   1.641396e-02   9.690305e-12   16374
  2.088669e+01   2.171781e-09   1.089624e-02   1.001455e-11   15858
  2.090920e+01   2.161649e-09   0.000000e+00   1.035700e-11   14862
  2.093068e+01   2.182578e-09   0.000000e+00   1.070495e-11   14082
  2.095310e+01   2.155444e-09   0.000000e+00   1.014651e-11   14990
  2.097639e+01   2.168266e-09   1.506712e-02   1.049793e-11   14358
  2.099882e+01   2.173877e-09   0.000000e+00   1.092235e-11   13386
  2.102008e+01   2.182093e-09   0.000000e+00   1.115110e-11   12678
  2.104251e+01   2.180503e-09   2.645456e-02   1.070404e-11   13700
  2.106595e+01   2.180951e-09   1.502868e-02   1.108547e-11   12942
  2.108844e+01   2.180566e-09   4.086910e-02   1.144638e-11   12198
  2.110946e+01   2.186802e-09   0.000000e+00   1.179684e-11   11106
  2.113174e+01   2.170862e-09   6.991837e-03   1.120990e-11   12494
  2.115525e+01   2.182405e-09   2.951238e-02   1.183536e-11   11610
  2.117792e+01   2.201510e-09   0.000000e+00   1.226644e-11   11094
  2.119894e+01   2.192110e-09   2.230385e-02   1.266024e-11   9902
  2.122114e+01   2.167934e-09   1.596942e-02   1.166277e-11   11226
  2.124465e+01   2.176686e-09   0.000000e+00   1.255367e-11   10326
  2.126734e+01   2.173358e-09   1.911829e-02   1.235962e-11   10074
  2.128853e+01   2.175790e-09   0.000000e+00   1.350048e-11   8766
  2.131054e+01   2.204967e-09   0.000000e+00   1.255615e-11   9950
  2.133400e+01   2.228604e-09   1.430657e-02   1.316896e-11   9252
  2.135668e+01   2.272546e-09   0.000000e+00   1.394632e-11   8886
  2.137786e+01   2.194505e-09   0.000000e+00   1.433644e-11   7850
  2.140006e+01   2.260929e-09   6.691151e-03   1.374792e-11   8886
  2.142357e+01   2.256587e-09   0.000000e+00   1.453331e-11   8142
  2.144599e+01   2.241166e-09   1.600350e-02   1.463746e-11   7746
  2.146692e+01   2.263205e-09   2.410382e-02   1.577167e-11   6926
  2.148956e+01   2.260696e-09   0.000000e+00   1.439759e-11   7974
  2.151315e+01   2.287135e-09   1.681741e-02   1.566229e-11   7074
  2.153530e+01   2.245255e-09   7.518032e-03   1.588528e-11   6744
  2.155612e+01   2.289011e-09   2.486829e-02   1.683382e-11   6114
  2.157915e+01   2.242768e-09   7.771404e-03   1.534141e-11   7094
  2.160315e+01   2.275163e-09   0.000000e+00   1.657239e-11   6174
  2.162503e+01   2.340225e-09   1.829397e-03   1.797488e-11   5754
  2.164528e+01   2.274678e-09   0.000000e+00   1.814067e-11   5214
  2.166861e+01   2.295549e-09   0.000000e+00   1.677804e-11   6338
  2.169327e+01   2.300105e-09   7.221153e-03   1.832335e-11   5352
  2.171490e+01   2.298873e-09   0.000000e+00   1.943865e-11   4830
  2.173422e+01   2.338669e-09   8.390020e-03   2.058527e-11   4338
  2.175768e+01   2.306121e-09   0.000000e+00   1.772465e-11   5558
  2.178338e+01   2.328110e-09   1.463111e-02   1.905232e-11   4866
  2.180546e+01   2.361092e-09   2.812251e-02   2.211920e-11   3846
  2.182302e+01   2.381804e-09   0.000000e+00   2.222953e-11   3518
  2.184657e+01   2.383598e-09   2.287084e-02   1.931458e-11   4812
  2.187303e+01   2.353198e-09   1.090247e-02   2.086721e-11   4278
  2.189596e+01   2.410126e-09   2.187650e-02   2.487958e-11   3174
  2.191184e+01   2.351472e-09   0.000000e+00   2.659644e-11   2738
  2.193531e+01   2.382695e-09   9.068074e-03   2.136946e-11   4086
  2.196231e+01   2.370376e-09   0.000000e+00   2.286279e-11   3666
  2.198633e+01   2.406745e-09   1.560302e-02   2.615403e-11   2712
  2.200065e+01   2.373203e-09   8.909745e-03   3.154566e-11   1998
  2.202400e+01   2.431993e-09   1.250603e-02   2.393319e-11   3434
  2.205156e+01   2.373686e-09   0.000000e+00   2.443424e-11   3078
  2.207673e+01   2.478581e-09   1.093850e-02   2.956447e-11   2334
  2.208953e+01   2.505534e-09   0.000000e+00   3.973654e-11   1340
  2.211267e+01   2.454900e-09   0.000000e+00   2.623897e-11   2838
  2.214087e+01   2.431626e-09   0.000000e+00   2.831471e-11   2538
  2.216722e+01   2.402460e-09   9.232306e-03   3.101369e-11   1974
  2.217777e+01   2.453598e-09   1.395236e-02   5.319775e-11   774
  2.220101e+01   2.430754e-09   6.616419e-03   2.972774e-11   2300
  2.222993e+01   2.463659e-09   1.352663e-02   2.981437e-11   2046
  2.225746e+01   2.447687e-09   4.801075e-03   3.379257e-11   1626
  2.226602e+01   2.497524e-09   1.258759e-02   6.899294e-11   390
  2.228919e+01   2.445289e-09   8.471547e-03   3.372747e-11   1766
  2.231856e+01   2.423643e-09   0.000000e+00   3.496170e-11   1596
  2.234725e+01   2.483281e-09   0.000000e+00   3.840561e-11   1302
  2.235429e+01   2.237220e-09   0.000000e+00   1.071772e-10   150
  2.237750e+01   2.510316e-09   2.852828e-03   3.986109e-11   1298
  2.240698e+01   2.485079e-09   0.000000e+00   3.950304e-11   1158
  2.243630e+01   2.412969e-09   4.741179e-03   4.135109e-11   996
  2.244707e+01   2.433127e-09   1.161396e-02   2.043801e-10   38
  2.246603e+01   2.390366e-09   0.000000e+00   4.458762e-11   894
  2.249555e+01   2.412626e-09   8.104832e-03   4.881990e-11   786
  2.252511e+01   2.593995e-09   0.000000e+00   6.091284e-11   678
  2.255323e+01   1.723869e-09   0.000000e+00   6.467058e-10   8
  2.255471e+01   2.371972e-09   1.412475e-02   5.557782e-11   570
  2.258430e+01   2.495110e-09   1.020224e-02   6.946247e-11   486
  2.261392e+01   2.407971e-09   0.000000e+00   6.961024e-11   402
  2.264273e+01   2.276711e-09   0.000000e+00   3.631893e-10   8
  2.264359e+01   2.494534e-09   7.166733e-03   7.498170e-11   318
  2.267323e+01   2.600278e-09   0.000000e+00   1.087814e-10   258
  2.270292e+01   2.677534e-09   0.000000e+00   9.565662e-11   198
  2.273223e+01   3.044680e-09   0.000000e+00   5.263162e-10   8
  2.273265e+01   2.819404e-09   0.000000e+00   1.610035e-10   138
  2.276235e+01   2.660731e-09   3.869981e-03   1.719035e-10   102
  2.279209e+01   2.755804e-09   7.048534e-03   1.905063e-10   66
  2.282185e+01   3.169309e-09   0.000000e+00   3.530449e-10   38
  2.285163e+01   2.104286e-09   0.000000e+00   2.657707e-10   18
  2.288143e+01   4.910484e-09   0.000000e+00   6.412946e-10   6
