# power spectrum of theta (div v)
# redshift z=1.707600
# k              Pk             sigma(k)       sigma(Pk)      count
  5.167109e-02   3.634926e-10   1.693076e-05   1.317318e-10   6
  7.307396e-02   1.887580e-09   0.000000e+00   4.285099e-10   12
  9.543063e-02   2.018071e-09   6.851560e-03   3.869178e-10   14
  1.210540e-01   3.103114e-09   5.513588e-03   3.512179e-10   48
  1.524803e-01   3.965972e-09   4.005064e-03   4.410200e-10   42
  1.673860e-01   3.707177e-09   3.987272e-03   4.970131e-10   48
  1.897915e-01   5.418574e-09   4.780100e-03   5.821517e-10   80
  2.150919e-01   7.367984e-09   3.711353e-03   6.173449e-10   90
  2.344483e-01   6.268713e-09   5.827848e-03   6.418412e-10   120
  2.619469e-01   8.779659e-09   4.897654e-03   6.013587e-10   158
  2.801601e-01   9.012656e-09   2.324249e-03   9.294204e-10   120
  3.021033e-01   9.767284e-09   5.194979e-03   6.678967e-10   186
  3.263478e-01   1.085110e-08   7.104259e-03   6.763930e-10   264
  3.460484e-01   1.318071e-08   3.835370e-03   9.732676e-10   168
  3.711847e-01   1.301503e-08   6.854707e-03   6.772786e-10   386
  3.922192e-01   1.082342e-08   4.147837e-03   7.074237e-10   192
  4.129151e-01   1.465069e-08   6.800624e-03   6.851892e-10   390
  4.361657e-01   1.241459e-08   7.120246e-03   6.474726e-10   396
  4.580089e-01   1.578836e-08   7.064082e-03   8.013288e-10   398
  4.820215e-01   1.535855e-08   6.923992e-03   6.095977e-10   576
  5.056520e-01   1.658074e-08   7.024453e-03   7.951172e-10   444
  5.263213e-01   1.940917e-08   6.337769e-03   7.611174e-10   590
  5.498572e-01   1.798472e-08   6.940338e-03   7.132419e-10   648
  5.728135e-01   1.878074e-08   6.142360e-03   7.743382e-10   654
  5.932093e-01   1.982181e-08   5.094857e-03   7.333282e-10   636
  6.160086e-01   1.967631e-08   7.638490e-03   6.861653e-10   830
  6.374011e-01   2.027231e-08   5.498339e-03   6.788671e-10   792
  6.592753e-01   2.164044e-08   5.654942e-03   8.013465e-10   804
  6.816774e-01   2.162813e-08   6.979494e-03   7.291687e-10   1038
  7.033658e-01   2.248709e-08   5.466907e-03   7.101090e-10   936
  7.268732e-01   2.228306e-08   6.396444e-03   6.348117e-10   1130
  7.481801e-01   2.328395e-08   5.932183e-03   6.975746e-10   1104
  7.715689e-01   2.462660e-08   6.595546e-03   7.216401e-10   1230
  7.929568e-01   2.600357e-08   6.702668e-03   7.382742e-10   1260
  8.146859e-01   2.513399e-08   5.798096e-03   6.924039e-10   1286
  8.392614e-01   2.438901e-08   7.027488e-03   5.870801e-10   1728
  8.625481e-01   2.638457e-08   6.216797e-03   7.258361e-10   1392
  8.846807e-01   2.663101e-08   5.890993e-03   6.731096e-10   1626
  9.073659e-01   2.624231e-08   6.981152e-03   6.215499e-10   1760
  9.301438e-01   2.671574e-08   5.768668e-03   6.341653e-10   1686
  9.516169e-01   2.642945e-08   5.867806e-03   6.192434e-10   1812
  9.735731e-01   2.764821e-08   6.735013e-03   6.270543e-10   1862
  9.960116e-01   2.762072e-08   6.013081e-03   5.801740e-10   2160
  1.018588e+00   2.891457e-08   6.157856e-03   7.120908e-10   1956
  1.041303e+00   2.808466e-08   6.895376e-03   5.590299e-10   2454
  1.063469e+00   3.125229e-08   5.390687e-03   6.778700e-10   2048
  1.085716e+00   3.011816e-08   7.029288e-03   6.097021e-10   2538
  1.107675e+00   3.108794e-08   5.880830e-03   6.267170e-10   2400
  1.129871e+00   3.143020e-08   7.006632e-03   6.267341e-10   2526
  1.152016e+00   3.102374e-08   6.936203e-03   6.061242e-10   2856
  1.175115e+00   3.137085e-08   6.515669e-03   6.074993e-10   2804
  1.197929e+00   3.115712e-08   6.765387e-03   5.585903e-10   2958
  1.219641e+00   3.261595e-08   6.571618e-03   5.686890e-10   2976
  1.242553e+00   3.177921e-08   6.566272e-03   5.692270e-10   3194
  1.264005e+00   3.362513e-08   6.529785e-03   5.940261e-10   3120
  1.287240e+00   3.272947e-08   6.636612e-03   5.430611e-10   3606
  1.309415e+00   3.252061e-08   6.072121e-03   5.872225e-10   3276
  1.331019e+00   3.262418e-08   6.857598e-03   5.402857e-10   3600
  1.353243e+00   3.372119e-08   6.025109e-03   5.414572e-10   3638
  1.374639e+00   3.507182e-08   6.416366e-03   5.608668e-10   3744
  1.397786e+00   3.488836e-08   6.647095e-03   5.446475e-10   4170
  1.419913e+00   3.330948e-08   6.280159e-03   5.241821e-10   3984
  1.442450e+00   3.480669e-08   6.408542e-03   5.293187e-10   4334
  1.464688e+00   3.371369e-08   5.884242e-03   5.153316e-10   4284
  1.486648e+00   3.473027e-08   7.073306e-03   5.363897e-10   4374
  1.509609e+00   3.478655e-08   6.283327e-03   4.873257e-10   5016
  1.532223e+00   3.568546e-08   6.062388e-03   5.383990e-10   4580
  1.554765e+00   3.543138e-08   7.153062e-03   4.992256e-10   5142
  1.577761e+00   3.618175e-08   6.851023e-03   5.116225e-10   5184
  1.600276e+00   3.552228e-08   5.378114e-03   4.946831e-10   5058
  1.621911e+00   3.659583e-08   6.378778e-03   4.808849e-10   5384
  1.645046e+00   3.583044e-08   7.224314e-03   4.701786e-10   5622
  1.667362e+00   3.531813e-08   6.152266e-03   4.626415e-10   5736
  1.689585e+00   3.618424e-08   5.477407e-03   4.825813e-10   5596
  1.711913e+00   3.618569e-08   6.878032e-03   4.705877e-10   6070
  1.734056e+00   3.667587e-08   5.354098e-03   4.559494e-10   6096
  1.757161e+00   3.632999e-08   6.592580e-03   4.465160e-10   6474
  1.778536e+00   3.579076e-08   6.327436e-03   4.508483e-10   6024
  1.801398e+00   3.594908e-08   6.392811e-03   4.312449e-10   7070
  1.824047e+00   3.668593e-08   5.220653e-03   4.519110e-10   6516
  1.845773e+00   3.642875e-08   6.301946e-03   4.474652e-10   6936
  1.868452e+00   3.590593e-08   6.312370e-03   4.244300e-10   7110
  1.890389e+00   3.666550e-08   4.689808e-03   4.354409e-10   7244
  1.913597e+00   3.683412e-08   6.849521e-03   4.189575e-10   7878
  1.936074e+00   3.684272e-08   6.604878e-03   4.229221e-10   7344
  1.957840e+00   3.530605e-08   6.879742e-03   3.962884e-10   7694
  1.980517e+00   3.700243e-08   6.664929e-03   4.081842e-10   8412
  2.003290e+00   3.604363e-08   6.920777e-03   4.042538e-10   7920
  2.024934e+00   3.666329e-08   5.867472e-03   4.095161e-10   8118
  2.046965e+00   3.497110e-08   6.802747e-03   3.741351e-10   8548
  2.069378e+00   3.572149e-08   6.854972e-03   3.750875e-10   8710
  2.091602e+00   3.583527e-08   5.947368e-03   3.823364e-10   8928
  2.114418e+00   3.574155e-08   6.490995e-03   3.775768e-10   9186
  2.136305e+00   3.508873e-08   7.084379e-03   3.641310e-10   9200
  2.158866e+00   3.510788e-08   6.293647e-03   3.525933e-10   9438
  2.180862e+00   3.487278e-08   8.651508e-03   3.621112e-10   9564
  2.203470e+00   3.522922e-08   6.634452e-03   3.412743e-10   10296
  2.226614e+00   3.516856e-08   5.905357e-03   3.486993e-10   10126
  2.248296e+00   3.519949e-08   7.291801e-03   3.559166e-10   10024
  2.271358e+00   3.484144e-08   5.122609e-03   3.338884e-10   11082
  2.294001e+00   3.483099e-08   7.956716e-03   3.309160e-10   10632
  2.316131e+00   3.416658e-08   5.746644e-03   3.330096e-10   10734
  2.338489e+00   3.378326e-08   6.954415e-03   3.169728e-10   11276
  2.360839e+00   3.443419e-08   6.363473e-03   3.184581e-10   11352
  2.383396e+00   3.356043e-08   6.479782e-03   3.141597e-10   11550
  2.405538e+00   3.420816e-08   6.055939e-03   3.080104e-10   11772
  2.428008e+00   3.422116e-08   7.587317e-03   3.112915e-10   12038
  2.450201e+00   3.396996e-08   9.384011e-03   3.080824e-10   12096
  2.472702e+00   3.287815e-08   7.502403e-03   2.915284e-10   12582
  2.494955e+00   3.261772e-08   1.825518e-03   2.868006e-10   12620
  2.517719e+00   3.362457e-08   7.896883e-03   2.966699e-10   13320
  2.539996e+00   3.241471e-08   7.156023e-03   2.865431e-10   12654
  2.561848e+00   3.313497e-08   6.163433e-04   2.904911e-10   13236
  2.584026e+00   3.229294e-08   1.037225e-02   2.720468e-10   13438
  2.606438e+00   3.191604e-08   1.009196e-02   2.714528e-10   14344
  2.629662e+00   3.205935e-08   6.258993e-03   2.689525e-10   14226
  2.651603e+00   3.231168e-08   5.041668e-03   2.726513e-10   14088
  2.673833e+00   3.181312e-08   0.000000e+00   2.632724e-10   14328
  2.696115e+00   3.152095e-08   6.956107e-03   2.586091e-10   14954
  2.718700e+00   3.183679e-08   5.645124e-03   2.530244e-10   15480
  2.741376e+00   3.143753e-08   7.359723e-03   2.563965e-10   14862
  2.762860e+00   3.145501e-08   8.779580e-03   2.541993e-10   15296
  2.785420e+00   3.118208e-08   8.369471e-03   2.465955e-10   15954
  2.807527e+00   3.119544e-08   6.992008e-03   2.411579e-10   15720
  2.829637e+00   3.043163e-08   3.340667e-03   2.355192e-10   16296
  2.852416e+00   3.066561e-08   4.517414e-03   2.345054e-10   17010
  2.874533e+00   3.109498e-08   4.125422e-03   2.397456e-10   16328
  2.896783e+00   3.010427e-08   3.558114e-03   2.334455e-10   17094
  2.919100e+00   3.031233e-08   9.192306e-03   2.313804e-10   17436
  2.941673e+00   3.003408e-08   9.454153e-03   2.217512e-10   17862
  2.964339e+00   2.995927e-08   7.933595e-03   2.194587e-10   18200
  2.987171e+00   2.944243e-08   1.422156e-03   2.213322e-10   18450
  3.009508e+00   2.922096e-08   3.803794e-03   2.133617e-10   18384
  3.031791e+00   2.879923e-08   6.016746e-03   2.133561e-10   18504
  3.054049e+00   2.936074e-08   4.569992e-03   2.156391e-10   19142
  3.076754e+00   2.859706e-08   6.474272e-03   2.071226e-10   19692
  3.099219e+00   2.884593e-08   6.491787e-03   2.106969e-10   19062
  3.121198e+00   2.837542e-08   0.000000e+00   1.987049e-10   20184
  3.143916e+00   2.842498e-08   7.936205e-03   2.001426e-10   19970
  3.166075e+00   2.809777e-08   0.000000e+00   1.939677e-10   20496
  3.188882e+00   2.772328e-08   9.334364e-03   1.902671e-10   21456
  3.211079e+00   2.817414e-08   6.512446e-03   2.001050e-10   19650
  3.232868e+00   2.750036e-08   1.046425e-02   1.879615e-10   22040
  3.255840e+00   2.759085e-08   1.384875e-02   1.867949e-10   21558
  3.278021e+00   2.708030e-08   0.000000e+00   1.857275e-10   21804
  3.300260e+00   2.726189e-08   8.657826e-03   1.845998e-10   21926
  3.322427e+00   2.661875e-08   1.004507e-02   1.770979e-10   22416
  3.344684e+00   2.671582e-08   9.253473e-03   1.763321e-10   22776
  3.367568e+00   2.629142e-08   7.248312e-03   1.683448e-10   23874
  3.390051e+00   2.598679e-08   0.000000e+00   1.735268e-10   23104
  3.412404e+00   2.655347e-08   0.000000e+00   1.716559e-10   23974
  3.434809e+00   2.613022e-08   1.500941e-02   1.718379e-10   23892
  3.456826e+00   2.618937e-08   0.000000e+00   1.705814e-10   23550
  3.478993e+00   2.567990e-08   7.166776e-03   1.604147e-10   25320
  3.501511e+00   2.567417e-08   1.281902e-02   1.639407e-10   24428
  3.523545e+00   2.570971e-08   8.815625e-03   1.612914e-10   25254
  3.546106e+00   2.568184e-08   0.000000e+00   1.584300e-10   26016
  3.568344e+00   2.522101e-08   0.000000e+00   1.572288e-10   25182
  3.590789e+00   2.533513e-08   3.825992e-03   1.536609e-10   27428
  3.613557e+00   2.455625e-08   5.948391e-03   1.518147e-10   25974
  3.635463e+00   2.479352e-08   9.614074e-03   1.501293e-10   26904
  3.657712e+00   2.490270e-08   3.573340e-03   1.545834e-10   26730
  3.679984e+00   2.465311e-08   0.000000e+00   1.473688e-10   27896
  3.702813e+00   2.462046e-08   1.123126e-02   1.438760e-10   28992
  3.725914e+00   2.438587e-08   2.876992e-03   1.444139e-10   28698
  3.747957e+00   2.453761e-08   0.000000e+00   1.475141e-10   27816
  3.770476e+00   2.411271e-08   0.000000e+00   1.402237e-10   29774
  3.793002e+00   2.403362e-08   7.248386e-03   1.403728e-10   29148
  3.815026e+00   2.386783e-08   0.000000e+00   1.429380e-10   28806
  3.837210e+00   2.397338e-08   1.241004e-02   1.382503e-10   30408
  3.859646e+00   2.424481e-08   0.000000e+00   1.395055e-10   30320
  3.882277e+00   2.340687e-08   0.000000e+00   1.326347e-10   30930
  3.904866e+00   2.366879e-08   0.000000e+00   1.321729e-10   31656
  3.926934e+00   2.328851e-08   0.000000e+00   1.352656e-10   30086
  3.949104e+00   2.327337e-08   1.437623e-02   1.286569e-10   32724
  3.971447e+00   2.327139e-08   8.529303e-03   1.332264e-10   30846
  3.993638e+00   2.342033e-08   3.062202e-03   1.294515e-10   33480
  4.016319e+00   2.291695e-08   1.167854e-02   1.275684e-10   32724
  4.038496e+00   2.310818e-08   7.466479e-03   1.273389e-10   32894
  4.060991e+00   2.316730e-08   0.000000e+00   1.258852e-10   34200
  4.083491e+00   2.326917e-08   9.095024e-03   1.256998e-10   33594
  4.105589e+00   2.263595e-08   0.000000e+00   1.238514e-10   34336
  4.128132e+00   2.287896e-08   3.355013e-03   1.230767e-10   34822
  4.150504e+00   2.289465e-08   0.000000e+00   1.221288e-10   35472
  4.172752e+00   2.278744e-08   0.000000e+00   1.228626e-10   34404
  4.194935e+00   2.274387e-08   0.000000e+00   1.199262e-10   36222
  4.217169e+00   2.261224e-08   5.949415e-03   1.212757e-10   35984
  4.239629e+00   2.265822e-08   9.153556e-03   1.189107e-10   36570
  4.261896e+00   2.230427e-08   0.000000e+00   1.154861e-10   37176
  4.284407e+00   2.229125e-08   0.000000e+00   1.150767e-10   37406
  4.306826e+00   2.216123e-08   0.000000e+00   1.147732e-10   38052
  4.329062e+00   2.259427e-08   0.000000e+00   1.160217e-10   37590
  4.351602e+00   2.243203e-08   1.156814e-02   1.129253e-10   39480
  4.373915e+00   2.207286e-08   0.000000e+00   1.129190e-10   38260
  4.396222e+00   2.220910e-08   1.089014e-02   1.122245e-10   39646
  4.418982e+00   2.211699e-08   6.395015e-03   1.106403e-10   40944
  4.441553e+00   2.207359e-08   0.000000e+00   1.121721e-10   39678
  4.463787e+00   2.214245e-08   0.000000e+00   1.100908e-10   40804
  4.486154e+00   2.223123e-08   0.000000e+00   1.097289e-10   40606
  4.508560e+00   2.201957e-08   1.504410e-02   1.070027e-10   42216
  4.531103e+00   2.205676e-08   0.000000e+00   1.101485e-10   41532
  4.553369e+00   2.202011e-08   0.000000e+00   1.079227e-10   41990
  4.575476e+00   2.210181e-08   1.579727e-02   1.079461e-10   42360
  4.598032e+00   2.228883e-08   6.231461e-03   1.059553e-10   43530
  4.620450e+00   2.188042e-08   8.752714e-03   1.055250e-10   43848
  4.642798e+00   2.213661e-08   0.000000e+00   1.065722e-10   42870
  4.665219e+00   2.213403e-08   1.542761e-02   1.035768e-10   46160
  4.687724e+00   2.178804e-08   6.019859e-03   1.053824e-10   43380
  4.709885e+00   2.194047e-08   0.000000e+00   1.032327e-10   45294
  4.732123e+00   2.198638e-08   1.420588e-02   1.039889e-10   45744
  4.754862e+00   2.192824e-08   0.000000e+00   1.031782e-10   46682
  4.777106e+00   2.192582e-08   7.692993e-03   1.033522e-10   45840
  4.799424e+00   2.200636e-08   0.000000e+00   1.015786e-10   47118
  4.821693e+00   2.202352e-08   2.079509e-02   1.022678e-10   47124
  4.844052e+00   2.201900e-08   4.387002e-03   1.018764e-10   47984
  4.866864e+00   2.233343e-08   8.900383e-03   1.008172e-10   49566
  4.888860e+00   2.230392e-08   5.758112e-03   1.044548e-10   46284
  4.910927e+00   2.215089e-08   1.500290e-02   9.881932e-11   49966
  4.933384e+00   2.241490e-08   1.111622e-02   1.027735e-10   49360
  4.955706e+00   2.220411e-08   2.157552e-03   1.005747e-10   49806
  4.978207e+00   2.239676e-08   1.222643e-02   9.957104e-11   51492
  5.000465e+00   2.241685e-08   1.623081e-02   1.027240e-10   49496
  5.022910e+00   2.234462e-08   1.625677e-02   9.731722e-11   53190
  5.045543e+00   2.239484e-08   0.000000e+00   1.007571e-10   51060
  5.067734e+00   2.232321e-08   0.000000e+00   9.964720e-11   52134
  5.089994e+00   2.226355e-08   1.067622e-02   9.732840e-11   53088
  5.112430e+00   2.249693e-08   7.303074e-03   9.991638e-11   52706
  5.134798e+00   2.220997e-08   1.082852e-02   9.503141e-11   54936
  5.157524e+00   2.257305e-08   0.000000e+00   9.833319e-11   53886
  5.179752e+00   2.244533e-08   0.000000e+00   9.692874e-11   54436
  5.201975e+00   2.264568e-08   0.000000e+00   9.744637e-11   55096
  5.224644e+00   2.253644e-08   0.000000e+00   9.631445e-11   56358
  5.246859e+00   2.289808e-08   0.000000e+00   9.845720e-11   55632
  5.269250e+00   2.264725e-08   2.177941e-02   9.586285e-11   56530
  5.291587e+00   2.301499e-08   0.000000e+00   9.704982e-11   57232
  5.313845e+00   2.260763e-08   0.000000e+00   9.518961e-11   56766
  5.336667e+00   2.294914e-08   0.000000e+00   9.380671e-11   60804
  5.358876e+00   2.292161e-08   0.000000e+00   9.866047e-11   55536
  5.381167e+00   2.288516e-08   2.706608e-02   9.314020e-11   61166
  5.403548e+00   2.317131e-08   0.000000e+00   9.689789e-11   57396
  5.425682e+00   2.315533e-08   1.210145e-02   9.490635e-11   60870
  5.448152e+00   2.341897e-08   0.000000e+00   9.627372e-11   60224
  5.470510e+00   2.329401e-08   1.895045e-02   9.523911e-11   61002
  5.492940e+00   2.316042e-08   1.758445e-02   9.446838e-11   62016
  5.515252e+00   2.335505e-08   0.000000e+00   9.651503e-11   60768
  5.537387e+00   2.310236e-08   2.507521e-02   9.400917e-11   62870
  5.560013e+00   2.345991e-08   9.225891e-03   9.392246e-11   63804
  5.582511e+00   2.335418e-08   1.204141e-02   9.353287e-11   63054
  5.604496e+00   2.364696e-08   9.666334e-03   9.541777e-11   63024
  5.626956e+00   2.346915e-08   0.000000e+00   9.354310e-11   65018
  5.649159e+00   2.366074e-08   1.622701e-02   9.413626e-11   64608
  5.671595e+00   2.340409e-08   0.000000e+00   9.283166e-11   65688
  5.693967e+00   2.360545e-08   2.436592e-02   9.277026e-11   65994
  5.716266e+00   2.351636e-08   0.000000e+00   9.229184e-11   66648
  5.738808e+00   2.380503e-08   1.670316e-02   9.266856e-11   67310
  5.761025e+00   2.392282e-08   0.000000e+00   9.287358e-11   67224
  5.783400e+00   2.388615e-08   6.836760e-03   9.276091e-11   68034
  5.805858e+00   2.395086e-08   0.000000e+00   9.185639e-11   69744
  5.828318e+00   2.422071e-08   1.215195e-02   9.223266e-11   68654
  5.851001e+00   2.417297e-08   1.674173e-02   9.127212e-11   72132
  5.873443e+00   2.410605e-08   1.034585e-02   9.276932e-11   68520
  5.895566e+00   2.414103e-08   1.636220e-02   9.131348e-11   71070
  5.918131e+00   2.420394e-08   0.000000e+00   9.096527e-11   71948
  5.940468e+00   2.431035e-08   2.469562e-02   9.258533e-11   71598
  5.962998e+00   2.431874e-08   0.000000e+00   9.064453e-11   73536
  5.985340e+00   2.479433e-08   2.982353e-02   9.369981e-11   71802
  6.007452e+00   2.435577e-08   0.000000e+00   9.206552e-11   73280
  6.029825e+00   2.463453e-08   0.000000e+00   9.137383e-11   73992
  6.052401e+00   2.444413e-08   1.465034e-02   8.983517e-11   75966
  6.074757e+00   2.469122e-08   0.000000e+00   9.158449e-11   74364
  6.097137e+00   2.489251e-08   1.726059e-02   9.117375e-11   76094
  6.119457e+00   2.475574e-08   0.000000e+00   9.091216e-11   76224
  6.141847e+00   2.480173e-08   1.063168e-02   9.142105e-11   76242
  6.163999e+00   2.505608e-08   0.000000e+00   9.188334e-11   76944
  6.186370e+00   2.493123e-08   0.000000e+00   8.997702e-11   78680
  6.209087e+00   2.499994e-08   1.915438e-02   8.923006e-11   79962
  6.231370e+00   2.506068e-08   9.835408e-03   9.178348e-11   77760
  6.253630e+00   2.517972e-08   2.303704e-02   9.116562e-11   79590
  6.276015e+00   2.512428e-08   0.000000e+00   9.021806e-11   80732
  6.298459e+00   2.523188e-08   2.865837e-02   8.996755e-11   81174
  6.320844e+00   2.529842e-08   9.759059e-03   9.006791e-11   80832
  6.342781e+00   2.545929e-08   2.903843e-02   9.279629e-11   79992
  6.365287e+00   2.535089e-08   0.000000e+00   8.905969e-11   84314
  6.387871e+00   2.538358e-08   0.000000e+00   8.976934e-11   83592
  6.410326e+00   2.531251e-08   2.147004e-02   8.854406e-11   83838
  6.432653e+00   2.571383e-08   0.000000e+00   9.005822e-11   83676
  6.454894e+00   2.555602e-08   1.386841e-02   8.944506e-11   84950
  6.477199e+00   2.545638e-08   0.000000e+00   8.911369e-11   84912
  6.499636e+00   2.570681e-08   2.633025e-02   8.942876e-11   87162
  6.522126e+00   2.559771e-08   0.000000e+00   8.877556e-11   86440
  6.544378e+00   2.594656e-08   0.000000e+00   8.994239e-11   86560
  6.566822e+00   2.566981e-08   2.913086e-03   8.830036e-11   88698
  6.589160e+00   2.584775e-08   3.262726e-02   8.738485e-11   88920
  6.611799e+00   2.599729e-08   0.000000e+00   8.951850e-11   88814
  6.633999e+00   2.583687e-08   6.614318e-03   8.768756e-11   90336
  6.656620e+00   2.581527e-08   0.000000e+00   8.765638e-11   90282
  6.678958e+00   2.590228e-08   0.000000e+00   8.775988e-11   90840
  6.701118e+00   2.588779e-08   2.338760e-02   8.729272e-11   91128
  6.723712e+00   2.581130e-08   0.000000e+00   8.622297e-11   92690
  6.745951e+00   2.633849e-08   0.000000e+00   8.868161e-11   92160
  6.768385e+00   2.616612e-08   0.000000e+00   8.846667e-11   93534
  6.790648e+00   2.608157e-08   0.000000e+00   8.818387e-11   93484
  6.813021e+00   2.605135e-08   3.103736e-03   8.707949e-11   95206
  6.835577e+00   2.618710e-08   1.103320e-02   8.701192e-11   96048
  6.857771e+00   2.623258e-08   9.640734e-03   8.661605e-11   93600
  6.880097e+00   2.624260e-08   0.000000e+00   8.562925e-11   97410
  6.902465e+00   2.636799e-08   2.984096e-02   8.616941e-11   97856
  6.925056e+00   2.622624e-08   0.000000e+00   8.648254e-11   97278
  6.947337e+00   2.620100e-08   1.805822e-02   8.504748e-11   98916
  6.969629e+00   2.618731e-08   0.000000e+00   8.652664e-11   96894
  6.991808e+00   2.630126e-08   0.000000e+00   8.519461e-11   100976
  7.014412e+00   2.628770e-08   0.000000e+00   8.551258e-11   100164
  7.036654e+00   2.643876e-08   0.000000e+00   8.546756e-11   100014
  7.058767e+00   2.645591e-08   2.149320e-02   8.489175e-11   101040
  7.081242e+00   2.651956e-08   0.000000e+00   8.456196e-11   102338
  7.103508e+00   2.666249e-08   1.216020e-02   8.498158e-11   102912
  7.126097e+00   2.665016e-08   0.000000e+00   8.472936e-11   104238
  7.148297e+00   2.638029e-08   2.130746e-02   8.449838e-11   103104
  7.170701e+00   2.654864e-08   1.955114e-02   8.453978e-11   105404
  7.193161e+00   2.636079e-08   0.000000e+00   8.376365e-11   105198
  7.215504e+00   2.658886e-08   0.000000e+00   8.371450e-11   106632
  7.237964e+00   2.653971e-08   2.790570e-02   8.370461e-11   106706
  7.260295e+00   2.657673e-08   0.000000e+00   8.354659e-11   106992
  7.282887e+00   2.645544e-08   0.000000e+00   8.290859e-11   110118
  7.305257e+00   2.648510e-08   3.454887e-02   8.327014e-11   108084
  7.327506e+00   2.641638e-08   1.272709e-02   8.291335e-11   108222
  7.349997e+00   2.658447e-08   0.000000e+00   8.250479e-11   112160
  7.372280e+00   2.657444e-08   1.944475e-02   8.273540e-11   108492
  7.394661e+00   2.665932e-08   2.417107e-02   8.246723e-11   113262
  7.417128e+00   2.647930e-08   0.000000e+00   8.140297e-11   111360
  7.439624e+00   2.662247e-08   0.000000e+00   8.193398e-11   114182
  7.461948e+00   2.656760e-08   3.599038e-02   8.172714e-11   112884
  7.484349e+00   2.661126e-08   8.778959e-03   8.093666e-11   113934
  7.506588e+00   2.642209e-08   0.000000e+00   8.096837e-11   114504
  7.529191e+00   2.666446e-08   0.000000e+00   8.078981e-11   117500
  7.551489e+00   2.642132e-08   2.581330e-02   8.142833e-11   114102
  7.573806e+00   2.669811e-08   9.965814e-03   8.067239e-11   118584
  7.596258e+00   2.647625e-08   0.000000e+00   8.067072e-11   115546
  7.618346e+00   2.664041e-08   2.301759e-02   8.065302e-11   118984
  7.640990e+00   2.666886e-08   5.324549e-03   7.997643e-11   119526
  7.663272e+00   2.646004e-08   1.700320e-03   8.013108e-11   119436
  7.685539e+00   2.663935e-08   0.000000e+00   8.048469e-11   118632
  7.707837e+00   2.645812e-08   2.586909e-02   7.903029e-11   122510
  7.730336e+00   2.643113e-08   0.000000e+00   7.951099e-11   121680
  7.752757e+00   2.663214e-08   0.000000e+00   7.904045e-11   121434
  7.774931e+00   2.633661e-08   0.000000e+00   7.760506e-11   123928
  7.797402e+00   2.659585e-08   0.000000e+00   7.784717e-11   123910
  7.819816e+00   2.626531e-08   0.000000e+00   7.696342e-11   124452
  7.842166e+00   2.662391e-08   0.000000e+00   7.848955e-11   125376
  7.864518e+00   2.629994e-08   2.244256e-02   7.695486e-11   126638
  7.886884e+00   2.645361e-08   7.438083e-03   7.744082e-11   125844
  7.909265e+00   2.641685e-08   0.000000e+00   7.707014e-11   128142
  7.931676e+00   2.630286e-08   4.612959e-03   7.655877e-11   128136
  7.953932e+00   2.615066e-08   1.060996e-02   7.681320e-11   127642
  7.976366e+00   2.631270e-08   0.000000e+00   7.508415e-11   131968
  7.999047e+00   2.613015e-08   0.000000e+00   7.523813e-11   130326
  8.021289e+00   2.629702e-08   2.323515e-02   7.603058e-11   131688
  8.043652e+00   2.623370e-08   9.947824e-03   7.616102e-11   130212
  8.065928e+00   2.603672e-08   0.000000e+00   7.501039e-11   132686
  8.088478e+00   2.620135e-08   0.000000e+00   7.458235e-11   135960
  8.110931e+00   2.595883e-08   1.637327e-02   7.497615e-11   131562
  8.132910e+00   2.636281e-08   1.372870e-02   7.538211e-11   134016
  8.155430e+00   2.635863e-08   0.000000e+00   7.427122e-11   136478
  8.177814e+00   2.586482e-08   3.083757e-02   7.368042e-11   136812
  8.200287e+00   2.613584e-08   1.917606e-02   7.359473e-11   137856
  8.222675e+00   2.590147e-08   0.000000e+00   7.367845e-11   135862
  8.244934e+00   2.611587e-08   0.000000e+00   7.322484e-11   140056
  8.267479e+00   2.576283e-08   2.644969e-02   7.232139e-11   139602
  8.289804e+00   2.585952e-08   0.000000e+00   7.223499e-11   139080
  8.312121e+00   2.566607e-08   0.000000e+00   7.191339e-11   140678
  8.334523e+00   2.572001e-08   1.416647e-02   7.195041e-11   142884
  8.356838e+00   2.583560e-08   1.108783e-02   7.253937e-11   139992
  8.379203e+00   2.570365e-08   0.000000e+00   7.086271e-11   144966
  8.401694e+00   2.570421e-08   0.000000e+00   7.090732e-11   143364
  8.423971e+00   2.565896e-08   2.121875e-02   7.110258e-11   144518
  8.446287e+00   2.576297e-08   2.139291e-02   7.144030e-11   145200
  8.468564e+00   2.552244e-08   0.000000e+00   7.082521e-11   143466
  8.490785e+00   2.547978e-08   0.000000e+00   6.995185e-11   148824
  8.513166e+00   2.552839e-08   1.711045e-02   7.035229e-11   145544
  8.535381e+00   2.537203e-08   0.000000e+00   6.995123e-11   148590
  8.557875e+00   2.536478e-08   0.000000e+00   6.879645e-11   150540
  8.580335e+00   2.538970e-08   3.018635e-02   6.990128e-11   150134
  8.602702e+00   2.539431e-08   0.000000e+00   6.944812e-11   151296
  8.625280e+00   2.507059e-08   0.000000e+00   6.784882e-11   152058
  8.647429e+00   2.527716e-08   1.766572e-02   6.900612e-11   150864
  8.669804e+00   2.508176e-08   1.613183e-02   6.789990e-11   154310
  8.692407e+00   2.505898e-08   0.000000e+00   6.798383e-11   155172
  8.714765e+00   2.513064e-08   0.000000e+00   6.759348e-11   154128
  8.737344e+00   2.496077e-08   1.334246e-02   6.630993e-11   158310
  8.759613e+00   2.498009e-08   2.074861e-02   6.789338e-11   153436
  8.781902e+00   2.491259e-08   0.000000e+00   6.654430e-11   157726
  8.804500e+00   2.473743e-08   0.000000e+00   6.549264e-11   160368
  8.826773e+00   2.474490e-08   1.016878e-02   6.660098e-11   155718
  8.849005e+00   2.456449e-08   0.000000e+00   6.511904e-11   160028
  8.871389e+00   2.480243e-08   0.000000e+00   6.579681e-11   160920
  8.893810e+00   2.451058e-08   1.535670e-02   6.489506e-11   161070
  8.916228e+00   2.453011e-08   3.301450e-02   6.458213e-11   163428
  8.938517e+00   2.445610e-08   0.000000e+00   6.566142e-11   159574
  8.960960e+00   2.455136e-08   0.000000e+00   6.403021e-11   167392
  8.983417e+00   2.435757e-08   2.676483e-02   6.396786e-11   162258
  9.005717e+00   2.427524e-08   1.308823e-02   6.325487e-11   167472
  9.028172e+00   2.428093e-08   0.000000e+00   6.392928e-11   163664
  9.050366e+00   2.406318e-08   0.000000e+00   6.346618e-11   166986
  9.072800e+00   2.422889e-08   1.928863e-02   6.322532e-11   169968
  9.095410e+00   2.401131e-08   0.000000e+00   6.280021e-11   167646
  9.117490e+00   2.398490e-08   0.000000e+00   6.274567e-11   168080
  9.139891e+00   2.401348e-08   1.650758e-02   6.208288e-11   170826
  9.162296e+00   2.372813e-08   0.000000e+00   6.198141e-11   170928
  9.184503e+00   2.406583e-08   1.862126e-02   6.253559e-11   170640
  9.206988e+00   2.374293e-08   0.000000e+00   6.188184e-11   173954
  9.229278e+00   2.373956e-08   2.883623e-02   6.161355e-11   173232
  9.251730e+00   2.345728e-08   0.000000e+00   6.033161e-11   174150
  9.274117e+00   2.354603e-08   3.976747e-03   6.039390e-11   176364
  9.296470e+00   2.345628e-08   1.768287e-02   6.048844e-11   175302
  9.318835e+00   2.336256e-08   8.180141e-03   5.990860e-11   177392
  9.341133e+00   2.323813e-08   1.945220e-02   5.952141e-11   176352
  9.363603e+00   2.304307e-08   0.000000e+00   5.828521e-11   180330
  9.386068e+00   2.318728e-08   9.784662e-03   5.923448e-11   180712
  9.408435e+00   2.318822e-08   1.657779e-02   5.931185e-11   179350
  9.430871e+00   2.302150e-08   1.492990e-02   5.833684e-11   183396
  9.453363e+00   2.289418e-08   0.000000e+00   5.830239e-11   180390
  9.475463e+00   2.273081e-08   0.000000e+00   5.795834e-11   181944
  9.497943e+00   2.277340e-08   0.000000e+00   5.731086e-11   185450
  9.520473e+00   2.258575e-08   6.892215e-03   5.641266e-11   186192
  9.542747e+00   2.264815e-08   2.165958e-02   5.744993e-11   183432
  9.565049e+00   2.239187e-08   0.000000e+00   5.639606e-11   185362
  9.587309e+00   2.250217e-08   3.872600e-03   5.621312e-11   188464
  9.609859e+00   2.247924e-08   0.000000e+00   5.662952e-11   188046
  9.632257e+00   2.225466e-08   1.457464e-02   5.538324e-11   191304
  9.654588e+00   2.223245e-08   2.647338e-02   5.557266e-11   186690
  9.677020e+00   2.207110e-08   0.000000e+00   5.484000e-11   194072
  9.699306e+00   2.207998e-08   2.324591e-02   5.566110e-11   188688
  9.721593e+00   2.181359e-08   0.000000e+00   5.392089e-11   192786
  9.743906e+00   2.189916e-08   1.040848e-02   5.440723e-11   193352
  9.766457e+00   2.186287e-08   0.000000e+00   5.402698e-11   195702
  9.788770e+00   2.186544e-08   3.065556e-02   5.410364e-11   195132
  9.811173e+00   2.166284e-08   0.000000e+00   5.322668e-11   195726
  9.833500e+00   2.149805e-08   0.000000e+00   5.344193e-11   197416
  9.855836e+00   2.150935e-08   8.742022e-03   5.333033e-11   196564
  9.878247e+00   2.127847e-08   2.100280e-02   5.211962e-11   201198
  9.900613e+00   2.131346e-08   3.860879e-03   5.242624e-11   197136
  9.922808e+00   2.114433e-08   0.000000e+00   5.170212e-11   199358
  9.945108e+00   2.118716e-08   2.942266e-02   5.144773e-11   203532
  9.967650e+00   2.105595e-08   0.000000e+00   5.171080e-11   201438
  9.989974e+00   2.100029e-08   0.000000e+00   5.138561e-11   203664
  1.001229e+01   2.090909e-08   2.892868e-02   5.090134e-11   203972
  1.003466e+01   2.066025e-08   2.370479e-02   5.053744e-11   205974
  1.005712e+01   2.075367e-08   0.000000e+00   5.040613e-11   205752
  1.007961e+01   2.053035e-08   0.000000e+00   5.008853e-11   207810
  1.010172e+01   2.044817e-08   3.908702e-02   4.974434e-11   206384
  1.012428e+01   2.038182e-08   0.000000e+00   4.916663e-11   210966
  1.014673e+01   2.032372e-08   0.000000e+00   4.928515e-11   210516
  1.016914e+01   2.031341e-08   0.000000e+00   4.890350e-11   209766
  1.019141e+01   1.999869e-08   4.370808e-02   4.852309e-11   212376
  1.021385e+01   2.018015e-08   0.000000e+00   4.837531e-11   212960
  1.023641e+01   2.003455e-08   0.000000e+00   4.838552e-11   214626
  1.025867e+01   1.985706e-08   3.193056e-02   4.795543e-11   213696
  1.028103e+01   1.988103e-08   3.129008e-02   4.733606e-11   215734
  1.030334e+01   1.969066e-08   0.000000e+00   4.776866e-11   213220
  1.032567e+01   1.969042e-08   0.000000e+00   4.700013e-11   219102
  1.034812e+01   1.953391e-08   3.685724e-02   4.646641e-11   220872
  1.037046e+01   1.953872e-08   5.393317e-02   4.678274e-11   216556
  1.039282e+01   1.936092e-08   4.166001e-02   4.612565e-11   221494
  1.041512e+01   1.931212e-08   4.619805e-02   4.621715e-11   219096
  1.043757e+01   1.909443e-08   3.306727e-02   4.527061e-11   224262
  1.046009e+01   1.907916e-08   0.000000e+00   4.542202e-11   222508
  1.048247e+01   1.900284e-08   0.000000e+00   4.528331e-11   222502
  1.050467e+01   1.884617e-08   4.305209e-02   4.444064e-11   227280
  1.052715e+01   1.885711e-08   2.018695e-02   4.465665e-11   223644
  1.054948e+01   1.874598e-08   0.000000e+00   4.456852e-11   226222
  1.057185e+01   1.861980e-08   0.000000e+00   4.363908e-11   229840
  1.059429e+01   1.861445e-08   2.820910e-02   4.423122e-11   228042
  1.061650e+01   1.840201e-08   0.000000e+00   4.354715e-11   227472
  1.063885e+01   1.838449e-08   0.000000e+00   4.305575e-11   230990
  1.066126e+01   1.819702e-08   6.976910e-03   4.261329e-11   233532
  1.068362e+01   1.834504e-08   3.190022e-02   4.317874e-11   231288
  1.070609e+01   1.799171e-08   0.000000e+00   4.240044e-11   233718
  1.072830e+01   1.801116e-08   0.000000e+00   4.239141e-11   232704
  1.075072e+01   1.791955e-08   3.355672e-02   4.184256e-11   239282
  1.077318e+01   1.778555e-08   4.096353e-02   4.176474e-11   234912
  1.079566e+01   1.769025e-08   0.000000e+00   4.131215e-11   238278
  1.081785e+01   1.763076e-08   4.036445e-02   4.128862e-11   237460
  1.084005e+01   1.754436e-08   2.922198e-02   4.105630e-11   236662
  1.086268e+01   1.744722e-08   0.000000e+00   4.037129e-11   246336
  1.088530e+01   1.741816e-08   0.000000e+00   4.043305e-11   241092
  1.090754e+01   1.723209e-08   3.793131e-02   4.014677e-11   242414
  1.092996e+01   1.705638e-08   1.489062e-02   3.971385e-11   243552
  1.095240e+01   1.704531e-08   0.000000e+00   3.950089e-11   243474
  1.097457e+01   1.699417e-08   2.635328e-02   3.957892e-11   245112
  1.099702e+01   1.680616e-08   2.837269e-02   3.880894e-11   246894
  1.101936e+01   1.672984e-08   2.132134e-02   3.877735e-11   247448
  1.104183e+01   1.662858e-08   0.000000e+00   3.825732e-11   247404
  1.106404e+01   1.655310e-08   4.316770e-02   3.813894e-11   249990
  1.108633e+01   1.647806e-08   4.059435e-02   3.812007e-11   249512
  1.110895e+01   1.633861e-08   0.000000e+00   3.744044e-11   253890
  1.113129e+01   1.635407e-08   0.000000e+00   3.766820e-11   250728
  1.115348e+01   1.635487e-08   5.162211e-02   3.769221e-11   253950
  1.117595e+01   1.615945e-08   0.000000e+00   3.717018e-11   254140
  1.119836e+01   1.605054e-08   0.000000e+00   3.656290e-11   255880
  1.122078e+01   1.589286e-08   3.277085e-02   3.610373e-11   258942
  1.124298e+01   1.590002e-08   4.917347e-02   3.657216e-11   253836
  1.126546e+01   1.575593e-08   0.000000e+00   3.593485e-11   260534
  1.128792e+01   1.555804e-08   0.000000e+00   3.534023e-11   259992
  1.131009e+01   1.566314e-08   5.102332e-02   3.602423e-11   258894
  1.133251e+01   1.553329e-08   3.968991e-02   3.512812e-11   263364
  1.135494e+01   1.536238e-08   0.000000e+00   3.524391e-11   259536
  1.137705e+01   1.529297e-08   2.214425e-02   3.492842e-11   263438
  1.139940e+01   1.529614e-08   4.526073e-02   3.484399e-11   265740
  1.142189e+01   1.514955e-08   0.000000e+00   3.455615e-11   264894
  1.144432e+01   1.502901e-08   0.000000e+00   3.376784e-11   269184
  1.146664e+01   1.498266e-08   4.370310e-02   3.406367e-11   266138
  1.148895e+01   1.482522e-08   3.056787e-02   3.329980e-11   270528
  1.151148e+01   1.484364e-08   0.000000e+00   3.375119e-11   268182
  1.153372e+01   1.461384e-08   0.000000e+00   3.308369e-11   270960
  1.155602e+01   1.462644e-08   5.281785e-02   3.278140e-11   274580
  1.157881e+01   1.451078e-08   0.000000e+00   3.284690e-11   276078
  1.160121e+01   1.444039e-08   0.000000e+00   3.273575e-11   273600
  1.162348e+01   1.431926e-08   4.363921e-02   3.229383e-11   274698
  1.164581e+01   1.418392e-08   4.694926e-02   3.199279e-11   276920
  1.166832e+01   1.417071e-08   0.000000e+00   3.174063e-11   276774
  1.169070e+01   1.396623e-08   0.000000e+00   3.135416e-11   279972
  1.171284e+01   1.398639e-08   3.814211e-02   3.141843e-11   276144
  1.173529e+01   1.380219e-08   1.752662e-02   3.100298e-11   282590
  1.175777e+01   1.380158e-08   0.000000e+00   3.083692e-11   282300
  1.178014e+01   1.379551e-08   0.000000e+00   3.084060e-11   283926
  1.180230e+01   1.362015e-08   5.096947e-02   3.067302e-11   279792
  1.182484e+01   1.354530e-08   0.000000e+00   3.002230e-11   287870
  1.184734e+01   1.340433e-08   0.000000e+00   2.980400e-11   286428
  1.186948e+01   1.331571e-08   4.962569e-02   2.988656e-11   284808
  1.189187e+01   1.319003e-08   1.655447e-02   2.932326e-11   289158
  1.191439e+01   1.324828e-08   0.000000e+00   2.949764e-11   290204
  1.193674e+01   1.310529e-08   0.000000e+00   2.924710e-11   290382
  1.195902e+01   1.295359e-08   3.322055e-02   2.879390e-11   291912
  1.198152e+01   1.296550e-08   0.000000e+00   2.882591e-11   290754
  1.200378e+01   1.276573e-08   1.789186e-02   2.845703e-11   296096
  1.202628e+01   1.281424e-08   2.849247e-02   2.840878e-11   294552
  1.204852e+01   1.260964e-08   5.042891e-02   2.818476e-11   293466
  1.207086e+01   1.261814e-08   0.000000e+00   2.794621e-11   296904
  1.209331e+01   1.245890e-08   0.000000e+00   2.757370e-11   298358
  1.211543e+01   1.239256e-08   4.963700e-02   2.759192e-11   297840
  1.213794e+01   1.234418e-08   2.072156e-02   2.724773e-11   301338
  1.216042e+01   1.218017e-08   0.000000e+00   2.691036e-11   300336
  1.218256e+01   1.226132e-08   5.289564e-02   2.706061e-11   303584
  1.220506e+01   1.204283e-08   4.362582e-02   2.656854e-11   304098
  1.222759e+01   1.202228e-08   0.000000e+00   2.637317e-11   304488
  1.224984e+01   1.188740e-08   4.836268e-02   2.616758e-11   306678
  1.227228e+01   1.180131e-08   0.000000e+00   2.612210e-11   305732
  1.229465e+01   1.174590e-08   1.761867e-02   2.567863e-11   309894
  1.231711e+01   1.162302e-08   2.639109e-02   2.555404e-11   310200
  1.233948e+01   1.161989e-08   0.000000e+00   2.568802e-11   307074
  1.236174e+01   1.152857e-08   5.040680e-02   2.512740e-11   315656
  1.238431e+01   1.150227e-08   0.000000e+00   2.538703e-11   310704
  1.240678e+01   1.130769e-08   0.000000e+00   2.477857e-11   314310
  1.242877e+01   1.130283e-08   5.939064e-02   2.486563e-11   312412
  1.245134e+01   1.123081e-08   0.000000e+00   2.450175e-11   318310
  1.247382e+01   1.113042e-08   0.000000e+00   2.442309e-11   315648
  1.249602e+01   1.104942e-08   4.666032e-02   2.395765e-11   320610
  1.251836e+01   1.091669e-08   0.000000e+00   2.410536e-11   313944
  1.254076e+01   1.093658e-08   0.000000e+00   2.360530e-11   325880
  1.256317e+01   1.077600e-08   4.688776e-02   2.363489e-11   319146
  1.258557e+01   1.075811e-08   0.000000e+00   2.335850e-11   322896
  1.260777e+01   1.063587e-08   5.228333e-02   2.313971e-11   322206
  1.263022e+01   1.060341e-08   0.000000e+00   2.293155e-11   327416
  1.265280e+01   1.060303e-08   0.000000e+00   2.305404e-11   325602
  1.267490e+01   1.040404e-08   6.322441e-02   2.255140e-11   328248
  1.269735e+01   1.039133e-08   0.000000e+00   2.251269e-11   326088
  1.271991e+01   1.029648e-08   0.000000e+00   2.219066e-11   331658
  1.274201e+01   1.019033e-08   5.735167e-02   2.210972e-11   331584
  1.276452e+01   1.013945e-08   2.739859e-02   2.193947e-11   330630
  1.278698e+01   1.007145e-08   0.000000e+00   2.157091e-11   333204
  1.280904e+01   1.005269e-08   6.533690e-02   2.163203e-11   333470
  1.283167e+01   1.000330e-08   0.000000e+00   2.153866e-11   335688
  1.285390e+01   9.914588e-09   2.268895e-02   2.128272e-11   336828
  1.287624e+01   9.825502e-09   3.024301e-02   2.107975e-11   337662
  1.289879e+01   9.801323e-09   0.000000e+00   2.092424e-11   338960
  1.292080e+01   9.605724e-09   5.923015e-02   2.059400e-11   338262
  1.294330e+01   9.624172e-09   4.946879e-02   2.050217e-11   344388
  1.296599e+01   9.591597e-09   0.000000e+00   2.041058e-11   342486
  1.298794e+01   9.465454e-09   7.565998e-02   2.029146e-11   343592
  1.301061e+01   9.451790e-09   8.649854e-03   2.009391e-11   347130
  1.303317e+01   9.324801e-09   0.000000e+00   1.989875e-11   346152
  1.305519e+01   9.324974e-09   7.219573e-02   1.981064e-11   345856
  1.307782e+01   9.238940e-09   0.000000e+00   1.960582e-11   349354
  1.310025e+01   9.162004e-09   0.000000e+00   1.932057e-11   352032
  1.312248e+01   9.085104e-09   6.070235e-02   1.930826e-11   348582
  1.314506e+01   9.060926e-09   0.000000e+00   1.920073e-11   352244
  1.316704e+01   9.036413e-09   7.299426e-02   1.911561e-11   351582
  1.318960e+01   8.894478e-09   1.140402e-02   1.870071e-11   357144
  1.321223e+01   8.858579e-09   0.000000e+00   1.866171e-11   355560
  1.323426e+01   8.811326e-09   6.854951e-02   1.855219e-11   354551
  1.325679e+01   8.769025e-09   9.202018e-03   1.841566e-11   358044
  1.327941e+01   8.764032e-09   0.000000e+00   1.841650e-11   355272
  1.330135e+01   8.755682e-09   7.491879e-02   1.819371e-11   352044
  1.332382e+01   8.758626e-09   0.000000e+00   1.823239e-11   352344
  1.334630e+01   8.721732e-09   0.000000e+00   1.789037e-11   356516
  1.336852e+01   8.702530e-09   5.202743e-02   1.785738e-11   352848
  1.339127e+01   8.690296e-09   0.000000e+00   1.787688e-11   352980
  1.341333e+01   8.675922e-09   4.460634e-02   1.775626e-11   348948
  1.343567e+01   8.668451e-09   3.945844e-02   1.771382e-11   351692
  1.345843e+01   8.619968e-09   0.000000e+00   1.745313e-11   353064
  1.348041e+01   8.645330e-09   6.702412e-02   1.773616e-11   345624
  1.350276e+01   8.609697e-09   0.000000e+00   1.749425e-11   347844
  1.352538e+01   8.573217e-09   0.000000e+00   1.726314e-11   351020
  1.354745e+01   8.596626e-09   6.270086e-02   1.733999e-11   345852
  1.356994e+01   8.564407e-09   1.235947e-02   1.729766e-11   347040
  1.359245e+01   8.492992e-09   0.000000e+00   1.709933e-11   345928
  1.361452e+01   8.589355e-09   6.314217e-02   1.732809e-11   347020
  1.363713e+01   8.492774e-09   0.000000e+00   1.715524e-11   343032
  1.365942e+01   8.480711e-09   0.000000e+00   1.706076e-11   343620
  1.368160e+01   8.416957e-09   6.468251e-02   1.686723e-11   343988
  1.370439e+01   8.456820e-09   0.000000e+00   1.701309e-11   344556
  1.372655e+01   8.424517e-09   4.716126e-02   1.671036e-11   343632
  1.374908e+01   8.383492e-09   0.000000e+00   1.666505e-11   340392
  1.377157e+01   8.342504e-09   0.000000e+00   1.652077e-11   339408
  1.379355e+01   8.336322e-09   8.007632e-02   1.647728e-11   341864
  1.381627e+01   8.317402e-09   0.000000e+00   1.640154e-11   341964
  1.383875e+01   8.278653e-09   0.000000e+00   1.644252e-11   334380
  1.386053e+01   8.331980e-09   7.516849e-02   1.649959e-11   336504
  1.388322e+01   8.227732e-09   1.779073e-02   1.615810e-11   339560
  1.390569e+01   8.197627e-09   0.000000e+00   1.622408e-11   336384
  1.392787e+01   8.196777e-09   7.860842e-02   1.611814e-11   337404
  1.395050e+01   8.160339e-09   0.000000e+00   1.618433e-11   330156
  1.397256e+01   8.165137e-09   6.190115e-02   1.599050e-11   337808
  1.399514e+01   8.120597e-09   0.000000e+00   1.593260e-11   332748
  1.401770e+01   8.093647e-09   0.000000e+00   1.583863e-11   333612
  1.403973e+01   8.071301e-09   6.313203e-02   1.585830e-11   331860
  1.406219e+01   8.004234e-09   3.045010e-02   1.576834e-11   328376
  1.408463e+01   8.055959e-09   0.000000e+00   1.573546e-11   331140
  1.410680e+01   7.976382e-09   7.643143e-02   1.545617e-11   332988
  1.412929e+01   7.971265e-09   3.086309e-02   1.567890e-11   325224
  1.415185e+01   7.916298e-09   0.000000e+00   1.533652e-11   331544
  1.417399e+01   7.883967e-09   7.147272e-02   1.546127e-11   327264
  1.419646e+01   7.905527e-09   0.000000e+00   1.553925e-11   322308
  1.421873e+01   7.832670e-09   2.718654e-02   1.522572e-11   328136
  1.424091e+01   7.840425e-09   5.357064e-02   1.538092e-11   323172
  1.426360e+01   7.788748e-09   0.000000e+00   1.514106e-11   325248
  1.428572e+01   7.743066e-09   6.729043e-02   1.500211e-11   324096
  1.430815e+01   7.763822e-09   0.000000e+00   1.520516e-11   321540
  1.433079e+01   7.671521e-09   0.000000e+00   1.494420e-11   323744
  1.435270e+01   7.626595e-09   7.469923e-02   1.492131e-11   317400
  1.437520e+01   7.667495e-09   1.661293e-02   1.488349e-11   322560
  1.439788e+01   7.575595e-09   0.000000e+00   1.477427e-11   320076
  1.441986e+01   7.573854e-09   7.762046e-02   1.487769e-11   317204
  1.444268e+01   7.540308e-09   0.000000e+00   1.462302e-11   323064
  1.446515e+01   7.521177e-09   0.000000e+00   1.471355e-11   315204
  1.448707e+01   7.491189e-09   8.431407e-02   1.466617e-11   315416
  1.450996e+01   7.478926e-09   0.000000e+00   1.456433e-11   316884
  1.453202e+01   7.383994e-09   5.037343e-02   1.444299e-11   312876
  1.455438e+01   7.386217e-09   5.898107e-02   1.445269e-11   315540
  1.457715e+01   7.333172e-09   0.000000e+00   1.429193e-11   312576
  1.459903e+01   7.355910e-09   8.352409e-02   1.439413e-11   312140
  1.462164e+01   7.276560e-09   2.108709e-02   1.432957e-11   310356
  1.464425e+01   7.290646e-09   0.000000e+00   1.428856e-11   311232
  1.466612e+01   7.251185e-09   7.504208e-02   1.429917e-11   307584
  1.468876e+01   7.182342e-09   3.603961e-02   1.403997e-11   310616
  1.471121e+01   7.187242e-09   0.000000e+00   1.423121e-11   304200
  1.473310e+01   7.121683e-09   8.397260e-02   1.404327e-11   306792
  1.475592e+01   7.116841e-09   0.000000e+00   1.406059e-11   306168
  1.477804e+01   7.082701e-09   0.000000e+00   1.404350e-11   304448
  1.480048e+01   7.048811e-09   7.301072e-02   1.380818e-11   308580
  1.482322e+01   7.026134e-09   0.000000e+00   1.409318e-11   299568
  1.484510e+01   6.971633e-09   7.195742e-02   1.376870e-11   304416
  1.486778e+01   6.932551e-09   4.033414e-02   1.377336e-11   302216
  1.489034e+01   6.898941e-09   0.000000e+00   1.372478e-11   300084
  1.491232e+01   6.828834e-09   9.106996e-02   1.361218e-11   299340
  1.493481e+01   6.833782e-09   0.000000e+00   1.364926e-11   296688
  1.495733e+01   6.770926e-09   0.000000e+00   1.353249e-11   298820
  1.497931e+01   6.760644e-09   8.704492e-02   1.352752e-11   296916
  1.500203e+01   6.700549e-09   0.000000e+00   1.343787e-11   295920
  1.502427e+01   6.649020e-09   7.638043e-03   1.341143e-11   292692
  1.504633e+01   6.681796e-09   8.029894e-02   1.339450e-11   295892
  1.506927e+01   6.592840e-09   0.000000e+00   1.322673e-11   293064
  1.509132e+01   6.584334e-09   4.264675e-02   1.330774e-11   293220
  1.511361e+01   6.528217e-09   3.841235e-02   1.333962e-11   286804
  1.513621e+01   6.521983e-09   0.000000e+00   1.312103e-11   293080
  1.515835e+01   6.489130e-09   7.988779e-02   1.313132e-11   291816
  1.518103e+01   6.428427e-09   0.000000e+00   1.322930e-11   287784
  1.520351e+01   6.412122e-09   0.000000e+00   1.303463e-11   286760
  1.522546e+01   6.398201e-09   8.435572e-02   1.301060e-11   287088
  1.524810e+01   6.327646e-09   0.000000e+00   1.288329e-11   286176
  1.527065e+01   6.339723e-09   0.000000e+00   1.297878e-11   284184
  1.529254e+01   6.240572e-09   7.508357e-02   1.289659e-11   282220
  1.531540e+01   6.253851e-09   0.000000e+00   1.290249e-11   284452
  1.533755e+01   6.191131e-09   0.000000e+00   1.282374e-11   279516
  1.535976e+01   6.140139e-09   8.122988e-02   1.265130e-11   282696
  1.538265e+01   6.112160e-09   0.000000e+00   1.266127e-11   278676
  1.540453e+01   6.099918e-09   8.351468e-02   1.265599e-11   279512
  1.542708e+01   6.042344e-09   7.692087e-03   1.255647e-11   276672
  1.544968e+01   6.053571e-09   0.000000e+00   1.263317e-11   276036
  1.547147e+01   5.981123e-09   8.082312e-02   1.244993e-11   274416
  1.549410e+01   5.964154e-09   3.844761e-02   1.251235e-11   275384
  1.551674e+01   5.935504e-09   0.000000e+00   1.243134e-11   274560
  1.553871e+01   5.884172e-09   8.943765e-02   1.242116e-11   272220
  1.556146e+01   5.862311e-09   0.000000e+00   1.242332e-11   270492
  1.558373e+01   5.846212e-09   0.000000e+00   1.238653e-11   271532
  1.560603e+01   5.769447e-09   5.398999e-02   1.228350e-11   272052
  1.562867e+01   5.774337e-09   0.000000e+00   1.242497e-11   264372
  1.565057e+01   5.706617e-09   4.877537e-02   1.218529e-11   268652
  1.567314e+01   5.688896e-09   5.624151e-02   1.215955e-11   266760
  1.569563e+01   5.660680e-09   0.000000e+00   1.217972e-11   262536
  1.571764e+01   5.585324e-09   8.891024e-02   1.204299e-11   266460
  1.574021e+01   5.589795e-09   0.000000e+00   1.207405e-11   261560
  1.576267e+01   5.562658e-09   0.000000e+00   1.204157e-11   262236
  1.578478e+01   5.540226e-09   7.889184e-02   1.193597e-11   261708
  1.580731e+01   5.488327e-09   0.000000e+00   1.194281e-11   258960
  1.582978e+01   5.441576e-09   0.000000e+00   1.192278e-11   258376
  1.585177e+01   5.410917e-09   7.567228e-02   1.182991e-11   258304
  1.587468e+01   5.407025e-09   0.000000e+00   1.181488e-11   259368
  1.589684e+01   5.350392e-09   3.709681e-02   1.184085e-11   253332
  1.591902e+01   5.325071e-09   7.892750e-02   1.171304e-11   254448
  1.594185e+01   5.287546e-09   0.000000e+00   1.161001e-11   255248
  1.596389e+01   5.271442e-09   8.221655e-02   1.174627e-11   252180
  1.598648e+01   5.219299e-09   3.232996e-02   1.162968e-11   252744
  1.600902e+01   5.142810e-09   0.000000e+00   1.158302e-11   247348
  1.603089e+01   5.164462e-09   9.865084e-02   1.159789e-11   250432
  1.605354e+01   5.095080e-09   0.000000e+00   1.143551e-11   247860
  1.607617e+01   5.107502e-09   0.000000e+00   1.154898e-11   247716
  1.609805e+01   5.042362e-09   8.276971e-02   1.145125e-11   242472
  1.612085e+01   4.995377e-09   0.000000e+00   1.126221e-11   248672
  1.614308e+01   4.990215e-09   3.644520e-02   1.153848e-11   239352
  1.616518e+01   4.940891e-09   6.671112e-02   1.122358e-11   245088
  1.618802e+01   4.894974e-09   0.000000e+00   1.125600e-11   239232
  1.620990e+01   4.927085e-09   8.829124e-02   1.130360e-11   240320
  1.623258e+01   4.822631e-09   0.000000e+00   1.115579e-11   239340
  1.625521e+01   4.816313e-09   0.000000e+00   1.119282e-11   237636
  1.627700e+01   4.750261e-09   8.424152e-02   1.102304e-11   235980
  1.629964e+01   4.782561e-09   0.000000e+00   1.121682e-11   235304
  1.632221e+01   4.757272e-09   0.000000e+00   1.109230e-11   234576
  1.634416e+01   4.648228e-09   7.793570e-02   1.094631e-11   232788
  1.636679e+01   4.678303e-09   0.000000e+00   1.110680e-11   230400
  1.638913e+01   4.658862e-09   0.000000e+00   1.095559e-11   231836
  1.641133e+01   4.592281e-09   8.364581e-02   1.089430e-11   231288
  1.643420e+01   4.582326e-09   0.000000e+00   1.094546e-11   226536
  1.645610e+01   4.511533e-09   6.540167e-02   1.082656e-11   226084
  1.647844e+01   4.497786e-09   5.625802e-02   1.075943e-11   227116
  1.650123e+01   4.477597e-09   0.000000e+00   1.088187e-11   223800
  1.652313e+01   4.398529e-09   9.033827e-02   1.072815e-11   223884
  1.654569e+01   4.430524e-09   0.000000e+00   1.079420e-11   222360
  1.656829e+01   4.404895e-09   0.000000e+00   1.066268e-11   221156
  1.659035e+01   4.349346e-09   9.964026e-02   1.060401e-11   221724
  1.661305e+01   4.314012e-09   0.000000e+00   1.052322e-11   217584
  1.663545e+01   4.243980e-09   0.000000e+00   1.045232e-11   217576
  1.665741e+01   4.281015e-09   1.034900e-01   1.059346e-11   215464
  1.668020e+01   4.261121e-09   0.000000e+00   1.057344e-11   215472
  1.670241e+01   4.177606e-09   2.774048e-02   1.039578e-11   213768
  1.672453e+01   4.212700e-09   8.946181e-02   1.059948e-11   210956
  1.674724e+01   4.147954e-09   0.000000e+00   1.047575e-11   211788
  1.676942e+01   4.107155e-09   4.902549e-02   1.026455e-11   211092
  1.679193e+01   4.116085e-09   3.586345e-02   1.040699e-11   209556
  1.681461e+01   4.074928e-09   0.000000e+00   1.042715e-11   206700
  1.683643e+01   4.072191e-09   8.430168e-02   1.040969e-11   206048
  1.685902e+01   4.015216e-09   0.000000e+00   1.023699e-11   204744
  1.688156e+01   4.002112e-09   0.000000e+00   1.029455e-11   202992
  1.690336e+01   3.978510e-09   9.372815e-02   1.030903e-11   201944
  1.692628e+01   3.920611e-09   0.000000e+00   1.010593e-11   203304
  1.694874e+01   3.898790e-09   0.000000e+00   1.010803e-11   200484
  1.697060e+01   3.864268e-09   9.983928e-02   1.024406e-11   195516
  1.699352e+01   3.862382e-09   0.000000e+00   1.018556e-11   198860
  1.701549e+01   3.876440e-09   4.491410e-02   1.016592e-11   195264
  1.703789e+01   3.776174e-09   6.579033e-02   1.000516e-11   195984
  1.706066e+01   3.795583e-09   0.000000e+00   1.015429e-11   191808
  1.708233e+01   3.780751e-09   7.728953e-02   1.012319e-11   190776
  1.710489e+01   3.716641e-09   1.900386e-02   9.993773e-12   192032
  1.712759e+01   3.736536e-09   0.000000e+00   1.009041e-11   188628
  1.714942e+01   3.677220e-09   1.064403e-01   9.884155e-12   189444
  1.717224e+01   3.643558e-09   0.000000e+00   9.908234e-12   186260
  1.719450e+01   3.678613e-09   0.000000e+00   1.005523e-11   184560
  1.721656e+01   3.585098e-09   9.721778e-02   9.794855e-12   185832
  1.723957e+01   3.601042e-09   0.000000e+00   9.893571e-12   182400
  1.726157e+01   3.546155e-09   4.658982e-02   9.818416e-12   181380
  1.728379e+01   3.543788e-09   8.042222e-02   9.799469e-12   180332
  1.730663e+01   3.524565e-09   0.000000e+00   9.819334e-12   178236
  1.732867e+01   3.459641e-09   5.687594e-02   9.648508e-12   179184
  1.735110e+01   3.471466e-09   7.417095e-02   9.744277e-12   175028
  1.737374e+01   3.460962e-09   0.000000e+00   9.744183e-12   175440
  1.739586e+01   3.428594e-09   7.988123e-02   9.669456e-12   174828
  1.741843e+01   3.410791e-09   0.000000e+00   9.632707e-12   169896
  1.744076e+01   3.357384e-09   0.000000e+00   9.652592e-12   171708
  1.746285e+01   3.373629e-09   1.030101e-01   9.688853e-12   169328
  1.748553e+01   3.373097e-09   0.000000e+00   9.631508e-12   167364
  1.750789e+01   3.271949e-09   3.664722e-02   9.429692e-12   168192
  1.752998e+01   3.312402e-09   9.178898e-02   9.634592e-12   163188
  1.755288e+01   3.254084e-09   0.000000e+00   9.440678e-12   166184
  1.757508e+01   3.241964e-09   4.613429e-02   9.552086e-12   161460
  1.759720e+01   3.218237e-09   8.513032e-02   9.537203e-12   159972
  1.761988e+01   3.202039e-09   0.000000e+00   9.394689e-12   159488
  1.764186e+01   3.197729e-09   7.956462e-02   9.445014e-12   158148
  1.766452e+01   3.188708e-09   0.000000e+00   9.460838e-12   158100
  1.768716e+01   3.157447e-09   0.000000e+00   9.392879e-12   155232
  1.770883e+01   3.155310e-09   9.073724e-02   9.531371e-12   151216
  1.773163e+01   3.098068e-09   0.000000e+00   9.310523e-12   155560
  1.775426e+01   3.103206e-09   0.000000e+00   9.365900e-12   151404
  1.777608e+01   3.065336e-09   1.086298e-01   9.379177e-12   148356
  1.779892e+01   3.062621e-09   0.000000e+00   9.400796e-12   147164
  1.782097e+01   3.067703e-09   2.937053e-02   9.321276e-12   147384
  1.784325e+01   3.005434e-09   7.316779e-02   9.307481e-12   145992
  1.786621e+01   3.023693e-09   0.000000e+00   9.419929e-12   143856
  1.788784e+01   2.998068e-09   7.215633e-02   9.271800e-12   140384
  1.791047e+01   2.962839e-09   3.640966e-02   9.183422e-12   143856
  1.793320e+01   2.978061e-09   0.000000e+00   9.302206e-12   136968
  1.795491e+01   2.958217e-09   9.982519e-02   9.207389e-12   139536
  1.797782e+01   2.936170e-09   0.000000e+00   9.252040e-12   136916
  1.800006e+01   2.959876e-09   0.000000e+00   9.301582e-12   133032
  1.802203e+01   2.859473e-09   1.011546e-01   9.092019e-12   135540
  1.804510e+01   2.901102e-09   0.000000e+00   9.256114e-12   132096
  1.806709e+01   2.884924e-09   0.000000e+00   9.292190e-12   129540
  1.808928e+01   2.867537e-09   9.728738e-02   9.200595e-12   130640
  1.811214e+01   2.889488e-09   0.000000e+00   9.229607e-12   126276
  1.813418e+01   2.812916e-09   5.907516e-02   9.167845e-12   128484
  1.815689e+01   2.847977e-09   1.640691e-02   9.286820e-12   124168
  1.817929e+01   2.832622e-09   0.000000e+00   9.209460e-12   122224
  1.820135e+01   2.793842e-09   8.822562e-02   9.237937e-12   123156
  1.822405e+01   2.835171e-09   0.000000e+00   9.276857e-12   119688
  1.824622e+01   2.780331e-09   0.000000e+00   9.258795e-12   116640
  1.826830e+01   2.753499e-09   1.032644e-01   8.993415e-12   119696
  1.829109e+01   2.799649e-09   0.000000e+00   9.366867e-12   114276
  1.831338e+01   2.719111e-09   0.000000e+00   9.126565e-12   114060
  1.833546e+01   2.761116e-09   9.774074e-02   9.244676e-12   112536
  1.835830e+01   2.734918e-09   0.000000e+00   9.161837e-12   112196
  1.838062e+01   2.705967e-09   4.293585e-02   9.188645e-12   109404
  1.840272e+01   2.761296e-09   5.448583e-02   9.344956e-12   105900
  1.842520e+01   2.672921e-09   0.000000e+00   9.146452e-12   107176
  1.844737e+01   2.737218e-09   7.263198e-02   9.414872e-12   105088
  1.846993e+01   2.732962e-09   2.693282e-02   9.352455e-12   103800
  1.849256e+01   2.691555e-09   0.000000e+00   9.344336e-12   101340
  1.851450e+01   2.731971e-09   8.066698e-02   9.355757e-12   100036
  1.853695e+01   2.700347e-09   0.000000e+00   9.386721e-12   97672
  1.855950e+01   2.697375e-09   0.000000e+00   9.369424e-12   97908
  1.858158e+01   2.708709e-09   8.596461e-02   9.439196e-12   95328
  1.860421e+01   2.659100e-09   0.000000e+00   9.361597e-12   93600
  1.862649e+01   2.679462e-09   0.000000e+00   9.427187e-12   92312
  1.864876e+01   2.687040e-09   7.194131e-02   9.474664e-12   91044
  1.867143e+01   2.667962e-09   0.000000e+00   9.433016e-12   88500
  1.869325e+01   2.672774e-09   5.403480e-02   9.576687e-12   86216
  1.871575e+01   2.647599e-09   0.000000e+00   9.408890e-12   87159
  1.873869e+01   2.657807e-09   0.000000e+00   9.377793e-12   86064
  1.876070e+01   2.675229e-09   8.520243e-02   9.698249e-12   81648
  1.878304e+01   2.635918e-09   1.256512e-02   9.596856e-12   81654
  1.880569e+01   2.649898e-09   0.000000e+00   9.543110e-12   81284
  1.882790e+01   2.651557e-09   6.098220e-02   9.701010e-12   78888
  1.885026e+01   2.602186e-09   1.994906e-02   9.613072e-12   77250
  1.887247e+01   2.629319e-09   0.000000e+00   9.742800e-12   75942
  1.889470e+01   2.578380e-09   6.606040e-02   9.477131e-12   77042
  1.891754e+01   2.569397e-09   0.000000e+00   9.681721e-12   74094
  1.893984e+01   2.581291e-09   3.706992e-02   9.628405e-12   73818
  1.896216e+01   2.564242e-09   0.000000e+00   9.876926e-12   70998
  1.898457e+01   2.521819e-09   0.000000e+00   9.540733e-12   72044
  1.900692e+01   2.499654e-09   6.970522e-02   9.657637e-12   69426
  1.902943e+01   2.488797e-09   0.000000e+00   9.639481e-12   69288
  1.905177e+01   2.497952e-09   0.000000e+00   9.865272e-12   67068
  1.907382e+01   2.465741e-09   7.193395e-02   9.710422e-12   66926
  1.909641e+01   2.446140e-09   6.072437e-02   9.605379e-12   66348
  1.911909e+01   2.436065e-09   0.000000e+00   9.717176e-12   64728
  1.914115e+01   2.443648e-09   0.000000e+00   9.906324e-12   62820
  1.916349e+01   2.381985e-09   0.000000e+00   9.513102e-12   63716
  1.918611e+01   2.365634e-09   1.873198e-02   9.657630e-12   62160
  1.920843e+01   2.360751e-09   0.000000e+00   9.682177e-12   59940
  1.923057e+01   2.376022e-09   1.507447e-02   9.797858e-12   60112
  1.925291e+01   2.326216e-09   6.942118e-02   9.663989e-12   59668
  1.927559e+01   2.329300e-09   0.000000e+00   9.827350e-12   57618
  1.929770e+01   2.294129e-09   2.134090e-02   9.714554e-12   56868
  1.931984e+01   2.275324e-09   6.581243e-02   9.701417e-12   56684
  1.934233e+01   2.270119e-09   2.931007e-02   9.685428e-12   55536
  1.936485e+01   2.252119e-09   0.000000e+00   9.730246e-12   54342
  1.938725e+01   2.239343e-09   2.170183e-02   9.723980e-12   54768
  1.940942e+01   2.210711e-09   6.490565e-02   9.749240e-12   52094
  1.943180e+01   2.197522e-09   0.000000e+00   9.648696e-12   52224
  1.945450e+01   2.155791e-09   0.000000e+00   9.559832e-12   52188
  1.947673e+01   2.158998e-09   5.839721e-02   9.674120e-12   50190
  1.949884e+01   2.136740e-09   4.909275e-02   9.782717e-12   49224
  1.952138e+01   2.116869e-09   0.000000e+00   9.658044e-12   49094
  1.954399e+01   2.086530e-09   1.871534e-02   9.445497e-12   49488
  1.956638e+01   2.085009e-09   6.118758e-02   9.802817e-12   46830
  1.958846e+01   2.068810e-09   1.457188e-02   9.885149e-12   45860
  1.961092e+01   2.017395e-09   0.000000e+00   9.503012e-12   46770
  1.963346e+01   2.028426e-09   2.478497e-02   9.694410e-12   45468
  1.965581e+01   2.010117e-09   4.334842e-02   9.666594e-12   44130
  1.967806e+01   1.997147e-09   0.000000e+00   9.639382e-12   43230
  1.970046e+01   1.966479e-09   0.000000e+00   9.489743e-12   44108
  1.972303e+01   1.917540e-09   4.019880e-02   9.492044e-12   42162
  1.974534e+01   1.913630e-09   4.161559e-02   9.508068e-12   41358
  1.976747e+01   1.910371e-09   0.000000e+00   9.686026e-12   40456
  1.978986e+01   1.880108e-09   3.674531e-02   9.421147e-12   41230
  1.981261e+01   1.876552e-09   5.043987e-02   9.690082e-12   39906
  1.983504e+01   1.858074e-09   0.000000e+00   9.589939e-12   38508
  1.985706e+01   1.828402e-09   0.000000e+00   9.648833e-12   37854
  1.987929e+01   1.800686e-09   5.826451e-02   9.553615e-12   38162
  1.990205e+01   1.795056e-09   2.977943e-02   9.527873e-12   37212
  1.992451e+01   1.750240e-09   0.000000e+00   9.318576e-12   36450
  1.994642e+01   1.755565e-09   3.252847e-02   9.537375e-12   34718
  1.996863e+01   1.724358e-09   2.542612e-02   9.359911e-12   35814
  1.999141e+01   1.699545e-09   2.256368e-02   9.243077e-12   34896
  2.001390e+01   1.696858e-09   0.000000e+00   9.538277e-12   33822
  2.003574e+01   1.661450e-09   4.846830e-02   9.525095e-12   32522
  2.005819e+01   1.647041e-09   0.000000e+00   9.259378e-12   33630
  2.008096e+01   1.624982e-09   0.000000e+00   9.355563e-12   32166
  2.010309e+01   1.585578e-09   2.386803e-02   9.269609e-12   31200
  2.012503e+01   1.593230e-09   6.353870e-03   9.385379e-12   30598
  2.014747e+01   1.559909e-09   2.313530e-02   9.174796e-12   31138
  2.017040e+01   1.570419e-09   0.000000e+00   9.225679e-12   30510
  2.019273e+01   1.563422e-09   3.407718e-02   9.336950e-12   28998
  2.021466e+01   1.513867e-09   0.000000e+00   9.307116e-12   28290
  2.023706e+01   1.485706e-09   4.614275e-02   9.081176e-12   29126
  2.026000e+01   1.479899e-09   0.000000e+00   9.244359e-12   28008
  2.028237e+01   1.463081e-09   1.252383e-02   9.285885e-12   27222
  2.030447e+01   1.433356e-09   2.308944e-02   9.309824e-12   26426
  2.032684e+01   1.418517e-09   1.526352e-02   9.137615e-12   26694
  2.034949e+01   1.382007e-09   2.811132e-02   9.052389e-12   25734
  2.037195e+01   1.388778e-09   0.000000e+00   9.134365e-12   25458
  2.039398e+01   1.362433e-09   0.000000e+00   9.068483e-12   24198
  2.041648e+01   1.324391e-09   0.000000e+00   8.902827e-12   25034
  2.043921e+01   1.292058e-09   2.072515e-02   8.762466e-12   23718
  2.046141e+01   1.296260e-09   0.000000e+00   8.903931e-12   23094
  2.048326e+01   1.288934e-09   3.061963e-02   8.946232e-12   22416
  2.050574e+01   1.245798e-09   0.000000e+00   8.669574e-12   23078
  2.052882e+01   1.229818e-09   0.000000e+00   8.737123e-12   22386
  2.055117e+01   1.193058e-09   0.000000e+00   8.565869e-12   21126
  2.057282e+01   1.196701e-09   0.000000e+00   8.835392e-12   20366
  2.059512e+01   1.166122e-09   4.205581e-02   8.414054e-12   21354
  2.061826e+01   1.169137e-09   0.000000e+00   8.556257e-12   20478
  2.064057e+01   1.130106e-09   0.000000e+00   8.544744e-12   19458
  2.066222e+01   1.145205e-09   1.291657e-02   8.614153e-12   18758
  2.068455e+01   1.086367e-09   4.533401e-02   8.204256e-12   19566
  2.070765e+01   1.077018e-09   3.017238e-02   8.189678e-12   18858
  2.073008e+01   1.078315e-09   4.834593e-03   8.491892e-12   17790
  2.075166e+01   1.059733e-09   0.000000e+00   8.429655e-12   17114
  2.077403e+01   9.988653e-10   0.000000e+00   7.751125e-12   17982
  2.079710e+01   1.004311e-09   0.000000e+00   8.037073e-12   17190
  2.081959e+01   9.831550e-10   0.000000e+00   8.043127e-12   16458
  2.084116e+01   9.739956e-10   3.161982e-02   8.132783e-12   15494
  2.086347e+01   9.331672e-10   5.698016e-03   7.676214e-12   16374
  2.088669e+01   9.284516e-10   0.000000e+00   7.769323e-12   15858
  2.090920e+01   9.295315e-10   0.000000e+00   8.155104e-12   14862
  2.093068e+01   9.054629e-10   1.012309e-02   8.004984e-12   14082
  2.095310e+01   8.729932e-10   0.000000e+00   7.574574e-12   14990
  2.097639e+01   8.585969e-10   1.506712e-02   7.764714e-12   14358
  2.099882e+01   8.391800e-10   0.000000e+00   7.667986e-12   13386
  2.102007e+01   8.714140e-10   0.000000e+00   8.049344e-12   12678
  2.104251e+01   7.960710e-10   2.645456e-02   7.047439e-12   13700
  2.106595e+01   7.990523e-10   1.673482e-02   7.363296e-12   12942
  2.108844e+01   7.690818e-10   4.160875e-02   7.311093e-12   12198
  2.110946e+01   7.836392e-10   0.000000e+00   7.935913e-12   11106
  2.113175e+01   7.278730e-10   0.000000e+00   6.832942e-12   12494
  2.115525e+01   7.257004e-10   2.917805e-02   7.222570e-12   11610
  2.117792e+01   7.162786e-10   0.000000e+00   7.189085e-12   11094
  2.119894e+01   7.028085e-10   1.893667e-02   7.339829e-12   9902
  2.122114e+01   6.685949e-10   1.744631e-02   6.708334e-12   11226
  2.124465e+01   6.507808e-10   0.000000e+00   6.607794e-12   10326
  2.126733e+01   6.418482e-10   2.132958e-02   6.903260e-12   10074
  2.128853e+01   6.458006e-10   1.295379e-02   7.450108e-12   8766
  2.131054e+01   6.200129e-10   0.000000e+00   6.901973e-12   9950
  2.133400e+01   5.986791e-10   9.931608e-03   6.540065e-12   9252
  2.135668e+01   5.774274e-10   0.000000e+00   6.516689e-12   8886
  2.137785e+01   5.880891e-10   0.000000e+00   7.011298e-12   7850
  2.140006e+01   5.387745e-10   8.714657e-03   6.037472e-12   8886
  2.142357e+01   5.384442e-10   0.000000e+00   6.463423e-12   8142
  2.144598e+01   5.188546e-10   2.013296e-02   6.412182e-12   7746
  2.146692e+01   5.129338e-10   1.979313e-02   6.448401e-12   6926
  2.148956e+01   4.758098e-10   0.000000e+00   5.737197e-12   7974
  2.151315e+01   4.783572e-10   2.257352e-02   6.031769e-12   7074
  2.153530e+01   4.596844e-10   0.000000e+00   5.978470e-12   6744
  2.155613e+01   4.525257e-10   2.125350e-02   6.114303e-12   6114
  2.157915e+01   4.318642e-10   0.000000e+00   5.509880e-12   7094
  2.160315e+01   4.161748e-10   0.000000e+00   5.576364e-12   6174
  2.162502e+01   4.018171e-10   8.478616e-03   5.710764e-12   5754
  2.164529e+01   4.097202e-10   0.000000e+00   6.092502e-12   5214
  2.166862e+01   3.810844e-10   0.000000e+00   5.077803e-12   6338
  2.169327e+01   3.581650e-10   7.221153e-03   5.250244e-12   5352
  2.171490e+01   3.570109e-10   0.000000e+00   5.543789e-12   4830
  2.173422e+01   3.726854e-10   6.201945e-03   6.141885e-12   4338
  2.175768e+01   3.189451e-10   0.000000e+00   4.588407e-12   5558
  2.178338e+01   3.082417e-10   1.618607e-02   4.888061e-12   4866
  2.180546e+01   2.979826e-10   2.747477e-02   5.012982e-12   3846
  2.182302e+01   3.233488e-10   0.000000e+00   5.778821e-12   3518
  2.184658e+01   2.595724e-10   2.130391e-02   3.933697e-12   4812
  2.187303e+01   2.628555e-10   1.229796e-02   4.350007e-12   4278
  2.189596e+01   2.522277e-10   2.085531e-02   4.848489e-12   3174
  2.191184e+01   2.780622e-10   0.000000e+00   5.215154e-12   2738
  2.193531e+01   2.300360e-10   9.068074e-03   3.851648e-12   4086
  2.196231e+01   2.154805e-10   0.000000e+00   4.044162e-12   3666
  2.198633e+01   2.153945e-10   1.289652e-02   4.517340e-12   2712
  2.200065e+01   2.438813e-10   8.909745e-03   5.428899e-12   1998
  2.202400e+01   1.933413e-10   1.539700e-02   3.573641e-12   3434
  2.205156e+01   1.755011e-10   3.627316e-03   3.258516e-12   3078
  2.207673e+01   1.690655e-10   1.093850e-02   4.055073e-12   2334
  2.208953e+01   2.039720e-10   0.000000e+00   5.606306e-12   1340
  2.211267e+01   1.524484e-10   0.000000e+00   3.099498e-12   2838
  2.214088e+01   1.458173e-10   0.000000e+00   2.980283e-12   2538
  2.216722e+01   1.386824e-10   1.394374e-02   3.450149e-12   1974
  2.217777e+01   1.827711e-10   1.395236e-02   7.081836e-12   774
  2.220101e+01   1.245135e-10   0.000000e+00   2.651360e-12   2300
  2.222993e+01   1.142988e-10   1.472697e-02   2.691613e-12   2046
  2.225746e+01   1.058798e-10   8.101916e-03   2.705971e-12   1626
  2.226602e+01   1.447211e-10   8.346394e-03   7.267180e-12   390
  2.228919e+01   9.239561e-11   8.471547e-03   2.332520e-12   1766
  2.231856e+01   9.216482e-11   0.000000e+00   2.396101e-12   1596
  2.234725e+01   7.701838e-11   0.000000e+00   2.318277e-12   1302
  2.235429e+01   1.004001e-10   0.000000e+00   7.131400e-12   150
  2.237750e+01   7.089395e-11   2.852828e-03   2.058230e-12   1298
  2.240698e+01   6.408254e-11   0.000000e+00   1.911285e-12   1158
  2.243630e+01   5.385102e-11   4.741179e-03   1.763034e-12   996
  2.244707e+01   1.639310e-10   1.161396e-02   2.994306e-11   38
  2.246603e+01   5.242208e-11   0.000000e+00   1.790307e-12   894
  2.249555e+01   4.575316e-11   1.047578e-02   1.814393e-12   786
  2.252511e+01   3.743956e-11   0.000000e+00   1.468779e-12   678
  2.255323e+01   3.403053e-11   0.000000e+00   5.934585e-12   8
  2.255472e+01   3.375628e-11   9.506613e-03   1.437778e-12   570
  2.258430e+01   2.837782e-11   1.020224e-02   1.253363e-12   486
  2.261392e+01   2.066759e-11   0.000000e+00   1.100480e-12   402
  2.264273e+01   1.005528e-11   0.000000e+00   2.412837e-12   8
  2.264359e+01   1.938875e-11   1.179067e-02   1.110217e-12   318
  2.267323e+01   1.314797e-11   0.000000e+00   7.806697e-13   258
  2.270292e+01   1.080006e-11   0.000000e+00   7.764181e-13   198
  2.273223e+01   6.767829e-12   0.000000e+00   2.168039e-12   8
  2.273265e+01   9.997286e-12   0.000000e+00   8.671060e-13   138
  2.276235e+01   5.820414e-12   3.869981e-03   6.173174e-13   102
  2.279209e+01   4.438769e-12   7.048534e-03   4.687641e-13   66
  2.282185e+01   2.670422e-12   0.000000e+00   3.617114e-13   38
  2.285163e+01   1.006020e-12   0.000000e+00   2.122432e-13   18
  2.288143e+01   2.890886e-13   0.000000e+00   6.071687e-14   6
