# power spectrum of theta (div v)
# redshift z=1.112200
# k              Pk             sigma(k)       sigma(Pk)      count
  5.167109e-02   4.447625e-10   1.693076e-05   1.612654e-10   6
  7.307396e-02   2.281680e-09   0.000000e+00   5.228155e-10   12
  9.543063e-02   2.360954e-09   6.851560e-03   4.467798e-10   14
  1.210540e-01   3.693722e-09   5.513588e-03   4.055922e-10   48
  1.524803e-01   4.753359e-09   4.005064e-03   5.273898e-10   42
  1.673860e-01   4.390499e-09   3.987272e-03   5.821287e-10   48
  1.897915e-01   6.504434e-09   4.780100e-03   6.849834e-10   80
  2.150919e-01   8.608828e-09   3.711353e-03   7.336764e-10   90
  2.344483e-01   7.229935e-09   5.827848e-03   7.358215e-10   120
  2.619469e-01   1.006401e-08   4.897654e-03   6.887087e-10   158
  2.801601e-01   1.059818e-08   2.324249e-03   1.084991e-09   120
  3.021033e-01   1.127322e-08   5.194979e-03   7.556893e-10   186
  3.263478e-01   1.249821e-08   7.104259e-03   7.750154e-10   264
  3.460484e-01   1.523354e-08   3.835370e-03   1.111421e-09   168
  3.711847e-01   1.495900e-08   6.854707e-03   7.806858e-10   386
  3.922192e-01   1.255993e-08   4.147837e-03   8.475148e-10   192
  4.129151e-01   1.731969e-08   6.800624e-03   8.413720e-10   390
  4.361657e-01   1.496069e-08   7.120246e-03   7.733420e-10   396
  4.580089e-01   1.813725e-08   7.064082e-03   9.004892e-10   398
  4.820215e-01   1.721443e-08   6.923992e-03   6.692430e-10   576
  5.056520e-01   1.837196e-08   7.024453e-03   8.736829e-10   444
  5.263213e-01   2.234198e-08   6.337769e-03   8.743420e-10   590
  5.498572e-01   2.002870e-08   6.940338e-03   7.636884e-10   648
  5.728135e-01   2.105140e-08   6.142360e-03   8.716482e-10   654
  5.932093e-01   2.217914e-08   5.094857e-03   8.154228e-10   636
  6.160086e-01   2.263336e-08   7.638490e-03   7.870723e-10   830
  6.374011e-01   2.302013e-08   5.498339e-03   7.748273e-10   792
  6.592753e-01   2.453124e-08   5.654942e-03   9.196017e-10   804
  6.816774e-01   2.517382e-08   6.979494e-03   8.604786e-10   1038
  7.033658e-01   2.474757e-08   5.466907e-03   7.743023e-10   936
  7.268733e-01   2.452277e-08   6.387959e-03   7.282575e-10   1130
  7.481801e-01   2.599485e-08   5.932183e-03   7.752074e-10   1104
  7.715689e-01   2.686365e-08   6.595546e-03   7.827648e-10   1230
  7.929568e-01   2.791189e-08   6.702668e-03   7.675472e-10   1260
  8.146859e-01   2.831658e-08   5.790870e-03   7.971333e-10   1286
  8.392614e-01   2.777804e-08   7.027488e-03   6.606006e-10   1728
  8.625481e-01   2.909111e-08   6.216797e-03   7.857839e-10   1392
  8.846806e-01   3.018648e-08   5.904316e-03   7.681325e-10   1626
  9.073659e-01   2.884414e-08   6.975646e-03   6.805771e-10   1760
  9.301438e-01   2.981948e-08   5.768668e-03   7.157195e-10   1686
  9.516169e-01   2.844925e-08   5.867806e-03   6.340201e-10   1812
  9.735731e-01   3.000118e-08   6.735013e-03   6.987296e-10   1862
  9.960116e-01   2.988792e-08   6.018286e-03   6.139510e-10   2160
  1.018588e+00   3.146037e-08   6.146352e-03   7.684612e-10   1956
  1.041303e+00   3.066553e-08   6.903365e-03   5.931147e-10   2454
  1.063469e+00   3.271841e-08   5.390687e-03   7.128053e-10   2048
  1.085716e+00   3.210760e-08   7.029288e-03   6.364648e-10   2538
  1.107675e+00   3.230154e-08   5.880830e-03   6.447407e-10   2400
  1.129871e+00   3.333687e-08   7.006632e-03   6.777634e-10   2526
  1.152016e+00   3.072212e-08   6.936203e-03   5.839749e-10   2856
  1.175115e+00   3.290021e-08   6.523069e-03   6.212098e-10   2804
  1.197929e+00   3.338747e-08   6.765387e-03   6.200861e-10   2958
  1.219641e+00   3.468950e-08   6.562093e-03   6.228564e-10   2976
  1.242553e+00   3.290819e-08   6.566272e-03   5.859256e-10   3194
  1.264005e+00   3.440237e-08   6.560423e-03   6.055903e-10   3120
  1.287240e+00   3.303276e-08   6.636612e-03   5.546893e-10   3606
  1.309415e+00   3.395978e-08   6.072121e-03   5.856669e-10   3276
  1.331019e+00   3.253114e-08   6.857598e-03   5.517693e-10   3600
  1.353243e+00   3.446425e-08   6.012754e-03   5.774428e-10   3638
  1.374639e+00   3.537657e-08   6.453218e-03   5.762060e-10   3744
  1.397786e+00   3.463621e-08   6.647095e-03   5.289656e-10   4170
  1.419913e+00   3.313760e-08   6.280159e-03   5.344537e-10   3984
  1.442451e+00   3.338092e-08   6.353073e-03   5.162829e-10   4334
  1.464688e+00   3.372985e-08   5.884242e-03   5.219323e-10   4284
  1.486647e+00   3.415261e-08   7.122264e-03   5.189930e-10   4374
  1.509609e+00   3.454536e-08   6.314435e-03   4.834311e-10   5016
  1.532223e+00   3.363714e-08   6.062388e-03   5.125229e-10   4580
  1.554765e+00   3.399558e-08   7.138338e-03   4.810191e-10   5142
  1.577761e+00   3.577523e-08   6.866240e-03   4.967225e-10   5184
  1.600276e+00   3.368510e-08   5.358187e-03   4.677498e-10   5058
  1.621911e+00   3.472200e-08   6.298830e-03   4.658680e-10   5384
  1.645046e+00   3.446656e-08   7.263032e-03   4.564982e-10   5622
  1.667363e+00   3.226263e-08   6.086225e-03   4.307314e-10   5736
  1.689585e+00   3.437292e-08   5.459726e-03   4.564579e-10   5596
  1.711912e+00   3.411072e-08   6.912922e-03   4.408677e-10   6070
  1.734057e+00   3.322928e-08   5.309358e-03   4.177399e-10   6096
  1.757161e+00   3.256390e-08   6.649766e-03   3.904483e-10   6474
  1.778536e+00   3.210129e-08   6.327436e-03   4.054154e-10   6024
  1.801398e+00   3.260845e-08   6.392811e-03   4.091080e-10   7070
  1.824047e+00   3.252129e-08   5.220653e-03   3.997271e-10   6516
  1.845773e+00   3.332536e-08   6.238668e-03   3.988690e-10   6936
  1.868451e+00   3.299526e-08   6.371322e-03   3.918539e-10   7110
  1.890389e+00   3.399758e-08   4.725690e-03   3.968952e-10   7244
  1.913597e+00   3.266508e-08   6.849521e-03   3.705346e-10   7878
  1.936074e+00   3.276203e-08   6.679112e-03   3.813430e-10   7344
  1.957840e+00   3.162434e-08   6.923136e-03   3.593606e-10   7694
  1.980517e+00   3.184661e-08   6.664929e-03   3.448312e-10   8412
  2.003290e+00   3.190750e-08   6.961496e-03   3.538650e-10   7920
  2.024933e+00   3.143714e-08   5.935641e-03   3.433990e-10   8118
  2.046965e+00   3.148029e-08   6.784114e-03   3.429824e-10   8548
  2.069377e+00   3.088337e-08   6.954367e-03   3.266138e-10   8710
  2.091602e+00   3.147117e-08   6.061818e-03   3.383753e-10   8928
  2.114418e+00   3.136878e-08   6.626898e-03   3.333318e-10   9186
  2.136304e+00   3.047519e-08   7.176122e-03   3.150412e-10   9200
  2.158866e+00   3.056364e-08   6.193164e-03   3.158132e-10   9438
  2.180862e+00   2.992071e-08   8.718457e-03   2.998421e-10   9564
  2.203470e+00   3.030554e-08   6.583843e-03   3.017736e-10   10296
  2.226614e+00   2.941684e-08   5.816857e-03   2.871750e-10   10126
  2.248296e+00   2.988332e-08   7.188876e-03   3.034127e-10   10024
  2.271358e+00   2.969264e-08   5.045789e-03   2.789293e-10   11082
  2.294001e+00   2.918791e-08   7.871544e-03   2.839886e-10   10632
  2.316131e+00   2.955506e-08   5.711452e-03   2.876363e-10   10734
  2.338489e+00   2.874039e-08   6.954415e-03   2.733308e-10   11276
  2.360839e+00   2.870575e-08   6.363473e-03   2.697526e-10   11352
  2.383396e+00   2.851089e-08   6.589801e-03   2.656525e-10   11550
  2.405538e+00   2.896130e-08   5.958767e-03   2.669515e-10   11772
  2.428008e+00   2.872669e-08   7.563585e-03   2.621887e-10   12038
  2.450201e+00   2.872401e-08   9.332218e-03   2.595813e-10   12096
  2.472702e+00   2.780993e-08   7.502403e-03   2.535238e-10   12582
  2.494955e+00   2.737216e-08   2.365359e-03   2.427951e-10   12620
  2.517719e+00   2.795291e-08   7.937925e-03   2.414537e-10   13320
  2.539996e+00   2.767735e-08   7.203663e-03   2.411218e-10   12654
  2.561848e+00   2.821153e-08   1.159738e-03   2.486991e-10   13236
  2.584026e+00   2.702334e-08   1.037225e-02   2.372004e-10   13438
  2.606438e+00   2.661111e-08   1.016003e-02   2.219701e-10   14344
  2.629661e+00   2.669430e-08   6.369978e-03   2.261090e-10   14226
  2.651603e+00   2.693122e-08   5.041668e-03   2.257366e-10   14088
  2.673833e+00   2.677067e-08   0.000000e+00   2.221789e-10   14328
  2.696115e+00   2.627873e-08   6.997592e-03   2.153469e-10   14954
  2.718701e+00   2.651905e-08   5.437396e-03   2.117374e-10   15480
  2.741376e+00   2.637637e-08   7.231793e-03   2.146877e-10   14862
  2.762860e+00   2.654214e-08   8.677712e-03   2.147768e-10   15296
  2.785421e+00   2.611928e-08   8.236127e-03   2.090876e-10   15954
  2.807527e+00   2.593902e-08   6.952518e-03   2.086289e-10   15720
  2.829638e+00   2.616437e-08   2.913213e-03   2.065420e-10   16296
  2.852416e+00   2.622835e-08   4.460731e-03   2.037488e-10   17010
  2.874533e+00   2.628697e-08   3.646509e-03   2.027941e-10   16328
  2.896783e+00   2.552059e-08   4.009843e-03   1.970873e-10   17094
  2.919100e+00   2.616449e-08   9.246157e-03   1.961532e-10   17436
  2.941673e+00   2.566473e-08   9.351068e-03   1.943386e-10   17862
  2.964339e+00   2.562504e-08   7.993321e-03   1.918145e-10   18200
  2.987171e+00   2.540060e-08   1.090516e-03   1.875541e-10   18450
  3.009508e+00   2.549806e-08   3.677921e-03   1.871661e-10   18384
  3.031791e+00   2.549969e-08   6.025647e-03   1.836819e-10   18504
  3.054048e+00   2.568021e-08   4.736362e-03   1.830873e-10   19142
  3.076754e+00   2.563900e-08   6.337019e-03   1.825933e-10   19692
  3.099218e+00   2.540880e-08   6.472102e-03   1.829774e-10   19062
  3.121198e+00   2.544490e-08   0.000000e+00   1.786966e-10   20184
  3.143916e+00   2.539229e-08   8.025329e-03   1.796018e-10   19970
  3.166075e+00   2.566610e-08   0.000000e+00   1.761765e-10   20496
  3.188882e+00   2.498613e-08   9.291041e-03   1.729737e-10   21456
  3.211080e+00   2.527466e-08   6.259436e-03   1.807483e-10   19650
  3.232868e+00   2.532520e-08   1.050172e-02   1.700900e-10   22040
  3.255839e+00   2.470619e-08   1.402393e-02   1.695124e-10   21558
  3.278021e+00   2.509096e-08   0.000000e+00   1.704219e-10   21804
  3.300260e+00   2.517280e-08   8.837855e-03   1.687800e-10   21926
  3.322427e+00   2.510528e-08   1.028763e-02   1.690327e-10   22416
  3.344684e+00   2.469863e-08   9.176037e-03   1.627931e-10   22776
  3.367568e+00   2.549025e-08   7.109665e-03   1.660225e-10   23874
  3.390051e+00   2.498850e-08   0.000000e+00   1.663382e-10   23104
  3.412404e+00   2.510813e-08   1.302780e-03   1.617477e-10   23974
  3.434809e+00   2.525219e-08   1.486108e-02   1.685182e-10   23892
  3.456827e+00   2.543428e-08   0.000000e+00   1.687066e-10   23550
  3.478993e+00   2.535153e-08   7.166776e-03   1.581076e-10   25320
  3.501510e+00   2.545240e-08   1.311166e-02   1.606486e-10   24428
  3.523546e+00   2.521220e-08   8.662946e-03   1.615938e-10   25254
  3.546105e+00   2.581042e-08   0.000000e+00   1.630402e-10   26016
  3.568344e+00   2.581986e-08   1.923928e-03   1.620220e-10   25182
  3.590789e+00   2.565393e-08   4.142837e-03   1.564727e-10   27428
  3.613557e+00   2.573106e-08   5.847543e-03   1.619463e-10   25974
  3.635463e+00   2.579281e-08   9.666277e-03   1.574780e-10   26904
  3.657712e+00   2.608693e-08   3.343760e-03   1.621695e-10   26730
  3.679985e+00   2.581868e-08   0.000000e+00   1.526509e-10   27896
  3.702813e+00   2.578250e-08   1.128430e-02   1.510961e-10   28992
  3.725914e+00   2.621206e-08   3.347176e-03   1.559875e-10   28698
  3.747957e+00   2.627775e-08   0.000000e+00   1.561763e-10   27816
  3.770475e+00   2.623326e-08   0.000000e+00   1.538356e-10   29774
  3.793002e+00   2.636706e-08   7.339931e-03   1.551593e-10   29148
  3.815026e+00   2.656232e-08   0.000000e+00   1.550222e-10   28806
  3.837210e+00   2.637818e-08   1.227163e-02   1.518245e-10   30408
  3.859647e+00   2.672876e-08   0.000000e+00   1.552900e-10   30320
  3.882277e+00   2.670614e-08   0.000000e+00   1.505332e-10   30930
  3.904866e+00   2.670941e-08   0.000000e+00   1.521046e-10   31656
  3.926934e+00   2.693253e-08   1.684087e-03   1.566100e-10   30086
  3.949104e+00   2.705368e-08   1.441299e-02   1.508491e-10   32724
  3.971447e+00   2.736735e-08   8.529303e-03   1.559898e-10   30846
  3.993637e+00   2.716249e-08   3.658150e-03   1.495006e-10   33480
  4.016319e+00   2.720108e-08   1.149578e-02   1.510701e-10   32724
  4.038496e+00   2.740781e-08   7.536107e-03   1.523003e-10   32894
  4.060991e+00   2.794504e-08   0.000000e+00   1.516144e-10   34200
  4.083491e+00   2.730600e-08   9.423506e-03   1.510051e-10   33594
  4.105590e+00   2.784715e-08   0.000000e+00   1.534746e-10   34336
  4.128132e+00   2.798723e-08   1.243760e-03   1.507367e-10   34822
  4.150503e+00   2.793191e-08   0.000000e+00   1.510421e-10   35472
  4.172752e+00   2.795110e-08   0.000000e+00   1.517496e-10   34404
  4.194935e+00   2.829831e-08   0.000000e+00   1.490841e-10   36222
  4.217169e+00   2.808864e-08   6.389456e-03   1.478940e-10   35984
  4.239629e+00   2.865431e-08   8.786193e-03   1.512708e-10   36570
  4.261897e+00   2.899911e-08   0.000000e+00   1.530859e-10   37176
  4.284407e+00   2.871512e-08   0.000000e+00   1.500883e-10   37406
  4.306826e+00   2.881876e-08   0.000000e+00   1.501430e-10   38052
  4.329062e+00   2.897592e-08   0.000000e+00   1.528786e-10   37590
  4.351602e+00   2.934539e-08   1.161807e-02   1.464540e-10   39480
  4.373916e+00   2.940646e-08   0.000000e+00   1.512074e-10   38260
  4.396221e+00   2.936196e-08   1.140811e-02   1.495905e-10   39646
  4.418983e+00   2.943721e-08   5.783813e-03   1.480687e-10   40944
  4.441554e+00   2.999012e-08   0.000000e+00   1.519493e-10   39678
  4.463787e+00   2.991485e-08   0.000000e+00   1.506580e-10   40804
  4.486153e+00   2.987649e-08   0.000000e+00   1.487079e-10   40606
  4.508561e+00   2.996097e-08   1.491660e-02   1.470219e-10   42216
  4.531103e+00   3.054531e-08   0.000000e+00   1.518070e-10   41532
  4.553370e+00   3.033293e-08   0.000000e+00   1.501978e-10   41990
  4.575476e+00   3.048579e-08   1.569344e-02   1.507716e-10   42360
  4.598032e+00   3.060412e-08   6.232874e-03   1.493752e-10   43530
  4.620450e+00   3.044340e-08   8.974962e-03   1.469605e-10   43848
  4.642798e+00   3.104815e-08   0.000000e+00   1.518407e-10   42870
  4.665219e+00   3.115207e-08   1.533005e-02   1.480383e-10   46160
  4.687724e+00   3.110785e-08   6.279454e-03   1.503693e-10   43380
  4.709886e+00   3.093547e-08   0.000000e+00   1.472265e-10   45294
  4.732123e+00   3.148890e-08   1.425907e-02   1.498067e-10   45744
  4.754862e+00   3.207179e-08   0.000000e+00   1.507010e-10   46682
  4.777106e+00   3.163326e-08   7.886928e-03   1.504573e-10   45840
  4.799424e+00   3.146635e-08   0.000000e+00   1.455980e-10   47118
  4.821693e+00   3.188580e-08   2.080281e-02   1.507438e-10   47124
  4.844051e+00   3.238477e-08   4.606186e-03   1.501537e-10   47984
  4.866864e+00   3.237862e-08   9.154880e-03   1.472400e-10   49566
  4.888860e+00   3.279791e-08   5.626686e-03   1.544423e-10   46284
  4.910927e+00   3.253097e-08   1.503166e-02   1.466678e-10   49966
  4.933384e+00   3.288224e-08   1.128255e-02   1.531697e-10   49360
  4.955706e+00   3.281156e-08   2.157552e-03   1.505344e-10   49806
  4.978207e+00   3.314715e-08   1.225639e-02   1.495233e-10   51492
  5.000464e+00   3.308607e-08   1.642994e-02   1.510620e-10   49496
  5.022910e+00   3.319990e-08   1.656210e-02   1.459034e-10   53190
  5.045544e+00   3.362384e-08   0.000000e+00   1.526031e-10   51060
  5.067733e+00   3.340586e-08   0.000000e+00   1.485575e-10   52134
  5.089993e+00   3.373228e-08   1.097375e-02   1.486130e-10   53088
  5.112430e+00   3.380357e-08   7.523461e-03   1.497950e-10   52706
  5.134798e+00   3.417121e-08   1.078350e-02   1.487578e-10   54936
  5.157524e+00   3.434748e-08   0.000000e+00   1.528760e-10   53886
  5.179752e+00   3.420223e-08   0.000000e+00   1.489196e-10   54436
  5.201975e+00   3.455563e-08   0.000000e+00   1.492994e-10   55096
  5.224642e+00   3.421861e-08   0.000000e+00   1.460300e-10   56358
  5.246858e+00   3.465192e-08   0.000000e+00   1.496963e-10   55632
  5.269251e+00   3.517268e-08   2.164859e-02   1.499500e-10   56530
  5.291588e+00   3.454207e-08   0.000000e+00   1.469785e-10   57232
  5.313845e+00   3.518828e-08   0.000000e+00   1.520051e-10   56766
  5.336666e+00   3.471303e-08   0.000000e+00   1.427875e-10   60804
  5.358876e+00   3.525769e-08   0.000000e+00   1.526478e-10   55536
  5.381167e+00   3.521587e-08   2.701524e-02   1.436425e-10   61166
  5.403549e+00   3.543449e-08   0.000000e+00   1.500524e-10   57396
  5.425681e+00   3.581091e-08   1.259047e-02   1.489969e-10   60870
  5.448153e+00   3.528416e-08   0.000000e+00   1.463442e-10   60224
  5.470510e+00   3.596397e-08   1.883025e-02   1.486636e-10   61002
  5.492940e+00   3.565700e-08   1.765502e-02   1.440369e-10   62016
  5.515253e+00   3.636358e-08   0.000000e+00   1.501047e-10   60768
  5.537387e+00   3.584791e-08   2.525586e-02   1.467805e-10   62870
  5.560013e+00   3.657517e-08   9.342798e-03   1.480597e-10   63804
  5.582511e+00   3.632208e-08   1.222247e-02   1.467151e-10   63054
  5.604496e+00   3.639117e-08   9.436243e-03   1.484571e-10   63024
  5.626956e+00   3.641196e-08   0.000000e+00   1.455281e-10   65018
  5.649160e+00   3.639899e-08   1.615891e-02   1.451952e-10   64608
  5.671595e+00   3.689010e-08   0.000000e+00   1.477066e-10   65688
  5.693967e+00   3.697149e-08   2.449478e-02   1.469017e-10   65994
  5.716265e+00   3.721104e-08   0.000000e+00   1.479808e-10   66648
  5.738808e+00   3.736629e-08   1.676464e-02   1.475016e-10   67310
  5.761026e+00   3.723087e-08   0.000000e+00   1.447613e-10   67224
  5.783399e+00   3.753281e-08   6.973350e-03   1.462044e-10   68034
  5.805859e+00   3.731250e-08   0.000000e+00   1.443130e-10   69744
  5.828318e+00   3.724208e-08   1.230941e-02   1.442565e-10   68654
  5.851001e+00   3.718570e-08   1.685603e-02   1.400009e-10   72132
  5.873443e+00   3.777219e-08   1.053942e-02   1.469468e-10   68520
  5.895566e+00   3.757630e-08   1.634365e-02   1.441986e-10   71070
  5.918130e+00   3.785909e-08   0.000000e+00   1.419221e-10   71948
  5.940468e+00   3.812656e-08   2.463047e-02   1.449846e-10   71598
  5.962998e+00   3.810027e-08   0.000000e+00   1.435823e-10   73536
  5.985340e+00   3.828916e-08   2.964022e-02   1.476542e-10   71802
  6.007451e+00   3.817543e-08   0.000000e+00   1.433874e-10   73280
  6.029825e+00   3.832938e-08   0.000000e+00   1.432136e-10   73992
  6.052403e+00   3.814573e-08   1.361318e-02   1.409964e-10   75966
  6.074758e+00   3.837958e-08   0.000000e+00   1.427540e-10   74364
  6.097140e+00   3.816817e-08   1.675206e-02   1.429211e-10   76094
  6.119457e+00   3.839788e-08   0.000000e+00   1.411476e-10   76224
  6.141846e+00   3.835492e-08   1.092148e-02   1.417898e-10   76242
  6.164000e+00   3.840900e-08   0.000000e+00   1.427066e-10   76944
  6.186369e+00   3.874187e-08   0.000000e+00   1.404748e-10   78680
  6.209087e+00   3.833527e-08   1.921209e-02   1.382833e-10   79962
  6.231370e+00   3.895791e-08   1.031030e-02   1.430096e-10   77760
  6.253630e+00   3.838748e-08   2.288546e-02   1.392419e-10   79590
  6.276016e+00   3.859741e-08   0.000000e+00   1.386585e-10   80732
  6.298459e+00   3.876738e-08   2.853905e-02   1.393411e-10   81174
  6.320844e+00   3.857045e-08   1.010412e-02   1.394575e-10   80832
  6.342781e+00   3.912689e-08   2.901687e-02   1.412997e-10   79992
  6.365286e+00   3.871551e-08   0.000000e+00   1.372703e-10   84314
  6.387872e+00   3.903616e-08   0.000000e+00   1.378821e-10   83592
  6.410325e+00   3.914520e-08   2.181143e-02   1.380810e-10   83838
  6.432653e+00   3.894602e-08   0.000000e+00   1.378504e-10   83676
  6.454894e+00   3.936964e-08   1.402208e-02   1.380179e-10   84950
  6.477199e+00   3.881767e-08   0.000000e+00   1.377095e-10   84912
  6.499637e+00   3.894898e-08   2.626938e-02   1.348471e-10   87162
  6.522126e+00   3.948527e-08   0.000000e+00   1.387450e-10   86440
  6.544377e+00   3.919347e-08   0.000000e+00   1.366482e-10   86560
  6.566822e+00   3.919315e-08   0.000000e+00   1.351855e-10   88698
  6.589161e+00   3.959600e-08   3.224809e-02   1.366473e-10   88920
  6.611798e+00   3.975950e-08   0.000000e+00   1.370952e-10   88814
  6.633999e+00   3.940486e-08   6.842196e-03   1.353345e-10   90336
  6.656620e+00   3.962680e-08   0.000000e+00   1.358632e-10   90282
  6.678957e+00   3.928066e-08   0.000000e+00   1.344668e-10   90840
  6.701118e+00   3.974410e-08   2.357380e-02   1.355282e-10   91128
  6.723715e+00   3.938965e-08   0.000000e+00   1.337862e-10   92690
  6.745951e+00   3.953865e-08   0.000000e+00   1.350612e-10   92160
  6.768385e+00   3.942794e-08   0.000000e+00   1.339362e-10   93534
  6.790648e+00   3.914565e-08   0.000000e+00   1.313111e-10   93484
  6.813018e+00   3.959561e-08   6.370444e-03   1.321132e-10   95206
  6.835577e+00   3.935380e-08   1.063387e-02   1.309253e-10   96048
  6.857771e+00   3.943494e-08   9.328704e-03   1.323123e-10   93600
  6.880100e+00   3.916814e-08   0.000000e+00   1.289442e-10   97410
  6.902465e+00   3.935356e-08   2.961821e-02   1.305665e-10   97856
  6.925056e+00   3.935356e-08   0.000000e+00   1.302976e-10   97278
  6.947336e+00   3.925162e-08   1.841339e-02   1.278567e-10   98916
  6.969631e+00   3.951788e-08   0.000000e+00   1.304912e-10   96894
  6.991808e+00   3.941758e-08   0.000000e+00   1.273177e-10   100976
  7.014412e+00   3.945173e-08   0.000000e+00   1.290586e-10   100164
  7.036655e+00   3.944584e-08   0.000000e+00   1.295860e-10   100014
  7.058765e+00   3.935592e-08   2.177744e-02   1.270183e-10   101040
  7.081242e+00   3.942614e-08   0.000000e+00   1.285629e-10   102338
  7.103506e+00   3.925556e-08   1.323996e-02   1.264396e-10   102912
  7.126097e+00   3.949456e-08   0.000000e+00   1.251802e-10   104238
  7.148299e+00   3.913879e-08   2.090288e-02   1.261143e-10   103104
  7.170703e+00   3.952891e-08   1.818048e-02   1.260841e-10   105404
  7.193161e+00   3.938097e-08   0.000000e+00   1.252267e-10   105198
  7.215504e+00   3.927576e-08   0.000000e+00   1.255632e-10   106632
  7.237964e+00   3.926955e-08   2.790570e-02   1.250722e-10   106706
  7.260297e+00   3.930954e-08   0.000000e+00   1.256747e-10   106992
  7.282887e+00   3.871244e-08   0.000000e+00   1.203319e-10   110118
  7.305259e+00   3.915919e-08   3.400483e-02   1.231892e-10   108084
  7.327505e+00   3.974376e-08   1.320527e-02   1.267489e-10   108222
  7.349999e+00   3.905733e-08   0.000000e+00   1.198249e-10   112160
  7.372280e+00   3.915093e-08   1.944475e-02   1.231169e-10   108492
  7.394663e+00   3.896263e-08   2.357833e-02   1.204105e-10   113262
  7.417129e+00   3.928480e-08   0.000000e+00   1.224838e-10   111360
  7.439624e+00   3.897415e-08   0.000000e+00   1.200314e-10   114182
  7.461948e+00   3.898939e-08   3.592213e-02   1.215590e-10   112884
  7.484350e+00   3.893240e-08   7.811486e-03   1.186898e-10   113934
  7.506588e+00   3.903246e-08   0.000000e+00   1.205650e-10   114504
  7.529191e+00   3.862994e-08   0.000000e+00   1.174445e-10   117500
  7.551488e+00   3.867444e-08   2.585523e-02   1.197956e-10   114102
  7.573806e+00   3.896913e-08   8.924437e-03   1.176419e-10   118584
  7.596257e+00   3.869083e-08   0.000000e+00   1.181163e-10   115546
  7.618347e+00   3.891154e-08   2.280403e-02   1.179065e-10   118984
  7.640991e+00   3.890471e-08   2.985759e-03   1.164397e-10   119526
  7.663272e+00   3.838545e-08   2.744034e-03   1.167573e-10   119436
  7.685538e+00   3.855752e-08   0.000000e+00   1.184128e-10   118632
  7.707838e+00   3.819456e-08   2.567522e-02   1.148567e-10   122510
  7.730335e+00   3.847045e-08   0.000000e+00   1.147432e-10   121680
  7.752757e+00   3.831708e-08   0.000000e+00   1.155101e-10   121434
  7.774931e+00   3.840154e-08   0.000000e+00   1.149053e-10   123928
  7.797402e+00   3.860340e-08   0.000000e+00   1.146019e-10   123910
  7.819816e+00   3.835429e-08   0.000000e+00   1.139602e-10   124452
  7.842167e+00   3.852401e-08   0.000000e+00   1.146018e-10   125376
  7.864518e+00   3.777405e-08   2.244256e-02   1.111846e-10   126638
  7.886884e+00   3.793607e-08   7.728357e-03   1.125978e-10   125844
  7.909266e+00   3.784011e-08   0.000000e+00   1.111436e-10   128142
  7.931675e+00   3.787922e-08   5.488615e-03   1.113419e-10   128136
  7.953932e+00   3.795401e-08   1.080717e-02   1.118001e-10   127642
  7.976366e+00   3.778838e-08   0.000000e+00   1.093507e-10   131968
  7.999045e+00   3.756472e-08   0.000000e+00   1.092448e-10   130326
  8.021289e+00   3.724308e-08   2.350518e-02   1.068486e-10   131688
  8.043651e+00   3.751389e-08   1.153975e-02   1.089044e-10   130212
  8.065927e+00   3.717342e-08   0.000000e+00   1.080869e-10   132686
  8.088478e+00   3.736723e-08   0.000000e+00   1.061051e-10   135960
  8.110930e+00   3.744679e-08   1.760968e-02   1.085532e-10   131562
  8.132910e+00   3.741017e-08   1.372209e-02   1.079074e-10   134016
  8.155429e+00   3.736244e-08   0.000000e+00   1.070025e-10   136478
  8.177814e+00   3.711162e-08   3.077184e-02   1.058497e-10   136812
  8.200285e+00   3.725721e-08   1.965282e-02   1.054703e-10   137856
  8.222675e+00   3.663611e-08   0.000000e+00   1.047932e-10   135862
  8.244936e+00   3.660993e-08   0.000000e+00   1.035152e-10   140056
  8.267479e+00   3.673244e-08   2.629923e-02   1.040344e-10   139602
  8.289805e+00   3.669623e-08   0.000000e+00   1.040283e-10   139080
  8.312120e+00   3.647559e-08   0.000000e+00   1.027177e-10   140678
  8.334523e+00   3.641224e-08   1.443758e-02   1.011960e-10   142884
  8.356838e+00   3.630762e-08   1.108783e-02   1.023993e-10   139992
  8.379202e+00   3.605848e-08   0.000000e+00   1.000442e-10   144966
  8.401695e+00   3.620781e-08   0.000000e+00   1.011219e-10   143364
  8.423973e+00   3.602306e-08   2.017636e-02   9.996418e-11   144518
  8.446286e+00   3.594692e-08   2.171253e-02   9.941218e-11   145200
  8.468565e+00   3.580999e-08   0.000000e+00   9.991054e-11   143466
  8.490785e+00   3.579410e-08   0.000000e+00   9.848341e-11   148824
  8.513167e+00   3.577430e-08   1.607753e-02   9.928319e-11   145544
  8.535383e+00   3.579089e-08   0.000000e+00   9.844551e-11   148590
  8.557875e+00   3.546404e-08   0.000000e+00   9.692610e-11   150540
  8.580336e+00   3.537156e-08   2.997214e-02   9.643827e-11   150134
  8.602702e+00   3.546131e-08   0.000000e+00   9.640675e-11   151296
  8.625282e+00   3.515492e-08   0.000000e+00   9.639519e-11   152058
  8.647429e+00   3.494349e-08   1.740132e-02   9.605316e-11   150864
  8.669803e+00   3.525857e-08   1.668933e-02   9.553399e-11   154310
  8.692405e+00   3.462904e-08   1.280083e-03   9.311828e-11   155172
  8.714767e+00   3.461589e-08   0.000000e+00   9.390048e-11   154128
  8.737343e+00   3.447208e-08   1.486588e-02   9.172691e-11   158310
  8.759614e+00   3.450075e-08   2.044913e-02   9.383312e-11   153436
  8.781901e+00   3.425988e-08   0.000000e+00   9.190217e-11   157726
  8.804499e+00   3.442235e-08   0.000000e+00   9.181037e-11   160368
  8.826773e+00   3.416389e-08   9.812662e-03   9.328640e-11   155718
  8.849007e+00   3.403907e-08   0.000000e+00   9.033414e-11   160028
  8.871391e+00   3.385382e-08   0.000000e+00   9.075464e-11   160920
  8.893811e+00   3.391995e-08   1.441659e-02   9.032073e-11   161070
  8.916226e+00   3.376333e-08   3.315856e-02   8.943320e-11   163428
  8.938516e+00   3.354356e-08   0.000000e+00   9.082644e-11   159574
  8.960960e+00   3.347623e-08   0.000000e+00   8.756426e-11   167392
  8.983417e+00   3.324246e-08   2.668618e-02   8.843064e-11   162258
  9.005716e+00   3.329308e-08   1.445640e-02   8.749595e-11   167472
  9.028172e+00   3.314221e-08   0.000000e+00   8.782834e-11   163664
  9.050365e+00   3.290365e-08   0.000000e+00   8.621784e-11   166986
  9.072800e+00   3.299317e-08   1.928863e-02   8.603251e-11   169968
  9.095409e+00   3.267449e-08   0.000000e+00   8.631605e-11   167646
  9.117491e+00   3.279919e-08   0.000000e+00   8.594303e-11   168080
  9.139891e+00   3.263447e-08   1.670289e-02   8.502871e-11   170826
  9.162300e+00   3.245606e-08   0.000000e+00   8.439953e-11   170928
  9.184503e+00   3.241455e-08   1.826922e-02   8.430615e-11   170640
  9.206988e+00   3.197265e-08   0.000000e+00   8.217969e-11   173954
  9.229278e+00   3.197257e-08   2.883623e-02   8.305023e-11   173232
  9.251730e+00   3.193907e-08   0.000000e+00   8.274082e-11   174150
  9.274117e+00   3.206797e-08   3.114958e-03   8.330512e-11   176364
  9.296469e+00   3.169310e-08   1.829692e-02   8.190422e-11   175302
  9.318835e+00   3.154561e-08   8.180141e-03   8.082076e-11   177392
  9.341133e+00   3.142405e-08   1.961304e-02   8.088977e-11   176352
  9.363601e+00   3.142178e-08   0.000000e+00   8.048656e-11   180330
  9.386069e+00   3.136157e-08   9.319073e-03   8.001824e-11   180712
  9.408435e+00   3.111681e-08   1.657779e-02   7.934600e-11   179350
  9.430871e+00   3.104627e-08   1.492990e-02   7.887060e-11   183396
  9.453363e+00   3.083078e-08   0.000000e+00   7.860077e-11   180390
  9.475464e+00   3.059109e-08   0.000000e+00   7.781434e-11   181944
  9.497943e+00   3.072993e-08   0.000000e+00   7.731295e-11   185450
  9.520472e+00   3.041176e-08   8.865078e-03   7.647852e-11   186192
  9.542747e+00   3.023485e-08   2.163980e-02   7.675395e-11   183432
  9.565049e+00   3.041584e-08   0.000000e+00   7.696852e-11   185362
  9.587306e+00   3.035155e-08   6.907126e-03   7.646499e-11   188464
  9.609858e+00   3.005157e-08   0.000000e+00   7.585676e-11   188046
  9.632258e+00   2.988106e-08   1.388882e-02   7.429426e-11   191304
  9.654587e+00   2.987996e-08   2.683108e-02   7.582798e-11   186690
  9.677020e+00   2.950814e-08   0.000000e+00   7.360328e-11   194072
  9.699308e+00   2.963030e-08   2.258373e-02   7.465215e-11   188688
  9.721594e+00   2.929470e-08   0.000000e+00   7.248019e-11   192786
  9.743905e+00   2.923567e-08   1.112995e-02   7.234315e-11   193352
  9.766458e+00   2.907923e-08   0.000000e+00   7.195482e-11   195702
  9.788768e+00   2.883857e-08   3.077973e-02   7.177098e-11   195132
  9.811173e+00   2.907053e-08   0.000000e+00   7.177950e-11   195726
  9.833501e+00   2.865474e-08   0.000000e+00   7.084028e-11   197416
  9.855836e+00   2.869292e-08   7.079081e-03   7.101869e-11   196564
  9.878246e+00   2.839858e-08   2.081921e-02   6.978267e-11   201198
  9.900613e+00   2.835144e-08   0.000000e+00   7.004678e-11   197136
  9.922808e+00   2.820945e-08   0.000000e+00   7.003663e-11   199358
  9.945108e+00   2.800817e-08   2.960711e-02   6.861034e-11   203532
  9.967650e+00   2.797573e-08   0.000000e+00   6.858744e-11   201438
  9.989977e+00   2.760507e-08   0.000000e+00   6.775532e-11   203664
  1.001229e+01   2.786578e-08   2.959155e-02   6.789794e-11   203972
  1.003466e+01   2.760231e-08   2.282188e-02   6.722391e-11   205974
  1.005711e+01   2.755396e-08   0.000000e+00   6.707120e-11   205752
  1.007960e+01   2.733050e-08   0.000000e+00   6.640017e-11   207810
  1.010172e+01   2.723010e-08   3.943441e-02   6.666116e-11   206384
  1.012429e+01   2.715182e-08   0.000000e+00   6.531163e-11   210966
  1.014673e+01   2.690552e-08   0.000000e+00   6.535437e-11   210516
  1.016914e+01   2.672817e-08   0.000000e+00   6.466949e-11   209766
  1.019141e+01   2.665761e-08   4.373604e-02   6.458102e-11   212376
  1.021385e+01   2.672167e-08   0.000000e+00   6.445751e-11   212960
  1.023641e+01   2.622494e-08   0.000000e+00   6.300672e-11   214626
  1.025867e+01   2.631058e-08   3.152964e-02   6.336894e-11   213696
  1.028103e+01   2.619235e-08   3.184817e-02   6.307165e-11   215734
  1.030334e+01   2.588897e-08   0.000000e+00   6.288113e-11   213220
  1.032567e+01   2.599554e-08   0.000000e+00   6.168639e-11   219102
  1.034812e+01   2.564641e-08   3.699310e-02   6.085993e-11   220872
  1.037046e+01   2.556425e-08   5.418226e-02   6.171575e-11   216556
  1.039282e+01   2.543143e-08   4.166001e-02   6.087656e-11   221494
  1.041513e+01   2.543465e-08   4.558207e-02   6.039962e-11   219096
  1.043757e+01   2.530232e-08   3.291751e-02   5.984975e-11   224262
  1.046009e+01   2.505259e-08   0.000000e+00   5.982323e-11   222508
  1.048247e+01   2.509026e-08   0.000000e+00   5.992584e-11   222502
  1.050467e+01   2.480415e-08   4.305209e-02   5.888688e-11   227280
  1.052714e+01   2.486645e-08   2.075434e-02   5.896435e-11   223644
  1.054948e+01   2.447796e-08   0.000000e+00   5.801697e-11   226222
  1.057185e+01   2.457644e-08   0.000000e+00   5.782149e-11   229840
  1.059429e+01   2.438869e-08   2.860237e-02   5.760484e-11   228042
  1.061650e+01   2.410312e-08   0.000000e+00   5.732717e-11   227472
  1.063885e+01   2.412049e-08   0.000000e+00   5.635556e-11   230990
  1.066126e+01   2.379108e-08   6.260022e-03   5.569007e-11   233532
  1.068362e+01   2.384214e-08   3.190022e-02   5.597113e-11   231288
  1.070609e+01   2.356968e-08   0.000000e+00   5.522687e-11   233718
  1.072830e+01   2.355103e-08   0.000000e+00   5.499240e-11   232704
  1.075072e+01   2.342540e-08   3.369443e-02   5.436408e-11   239282
  1.077318e+01   2.329986e-08   4.082144e-02   5.494732e-11   234912
  1.079566e+01   2.319332e-08   0.000000e+00   5.396090e-11   238278
  1.081785e+01   2.312096e-08   4.010840e-02   5.387654e-11   237460
  1.084005e+01   2.296457e-08   2.906132e-02   5.354722e-11   236662
  1.086268e+01   2.273328e-08   0.000000e+00   5.243145e-11   246336
  1.088530e+01   2.265132e-08   0.000000e+00   5.248841e-11   241092
  1.090754e+01   2.244333e-08   3.741638e-02   5.164321e-11   242414
  1.092996e+01   2.237218e-08   1.421772e-02   5.150886e-11   243552
  1.095240e+01   2.234554e-08   0.000000e+00   5.233682e-11   243474
  1.097457e+01   2.216862e-08   2.618119e-02   5.130974e-11   245112
  1.099702e+01   2.210826e-08   2.868730e-02   5.085458e-11   246894
  1.101936e+01   2.179514e-08   2.153033e-02   5.026162e-11   247448
  1.104183e+01   2.169399e-08   0.000000e+00   4.981262e-11   247404
  1.106404e+01   2.158888e-08   4.273989e-02   4.963171e-11   249990
  1.108633e+01   2.142431e-08   4.082908e-02   4.922074e-11   249512
  1.110895e+01   2.136800e-08   0.000000e+00   4.866802e-11   253890
  1.113129e+01   2.129794e-08   0.000000e+00   4.904611e-11   250728
  1.115348e+01   2.119146e-08   5.162211e-02   4.857013e-11   253950
  1.117595e+01   2.103602e-08   0.000000e+00   4.840340e-11   254140
  1.119836e+01   2.095287e-08   0.000000e+00   4.792755e-11   255880
  1.122078e+01   2.072976e-08   3.277085e-02   4.734818e-11   258942
  1.124297e+01   2.060738e-08   4.962974e-02   4.723215e-11   253836
  1.126546e+01   2.054778e-08   0.000000e+00   4.674335e-11   260534
  1.128792e+01   2.034763e-08   0.000000e+00   4.651178e-11   259992
  1.131009e+01   2.025932e-08   5.076788e-02   4.608474e-11   258894
  1.133251e+01   2.015442e-08   4.021497e-02   4.592072e-11   263364
  1.135494e+01   2.003939e-08   0.000000e+00   4.556774e-11   259536
  1.137705e+01   1.984866e-08   2.270419e-02   4.518866e-11   263438
  1.139940e+01   1.974215e-08   4.625203e-02   4.468509e-11   265740
  1.142189e+01   1.955386e-08   0.000000e+00   4.428979e-11   264894
  1.144432e+01   1.948394e-08   0.000000e+00   4.377532e-11   269184
  1.146664e+01   1.938463e-08   4.379826e-02   4.394380e-11   266138
  1.148895e+01   1.921990e-08   3.043358e-02   4.327586e-11   270528
  1.151148e+01   1.922934e-08   0.000000e+00   4.362376e-11   268182
  1.153373e+01   1.896871e-08   0.000000e+00   4.304849e-11   270960
  1.155602e+01   1.899276e-08   5.281785e-02   4.237830e-11   274580
  1.157881e+01   1.874190e-08   0.000000e+00   4.205515e-11   276078
  1.160121e+01   1.878190e-08   0.000000e+00   4.217348e-11   273600
  1.162347e+01   1.866802e-08   4.398224e-02   4.178965e-11   274698
  1.164580e+01   1.836871e-08   4.743086e-02   4.132004e-11   276920
  1.166832e+01   1.837584e-08   0.000000e+00   4.112466e-11   276774
  1.169070e+01   1.815618e-08   0.000000e+00   4.045287e-11   279972
  1.171284e+01   1.810216e-08   3.852895e-02   4.051894e-11   276144
  1.173528e+01   1.806731e-08   1.704006e-02   4.046337e-11   282590
  1.175777e+01   1.789314e-08   0.000000e+00   3.992967e-11   282300
  1.178014e+01   1.772956e-08   0.000000e+00   3.955136e-11   283926
  1.180230e+01   1.766173e-08   5.096947e-02   3.956910e-11   279792
  1.182484e+01   1.756785e-08   0.000000e+00   3.885388e-11   287870
  1.184734e+01   1.749914e-08   0.000000e+00   3.914781e-11   286428
  1.186948e+01   1.737883e-08   4.962569e-02   3.879215e-11   284808
  1.189187e+01   1.716863e-08   1.655447e-02   3.826764e-11   289158
  1.191439e+01   1.721754e-08   0.000000e+00   3.802839e-11   290204
  1.193674e+01   1.699952e-08   0.000000e+00   3.781723e-11   290382
  1.195902e+01   1.685454e-08   3.362847e-02   3.702011e-11   291912
  1.198152e+01   1.685884e-08   0.000000e+00   3.740194e-11   290754
  1.200378e+01   1.663924e-08   1.936089e-02   3.665389e-11   296096
  1.202628e+01   1.670595e-08   2.801852e-02   3.693176e-11   294552
  1.204852e+01   1.635882e-08   5.042891e-02   3.626303e-11   293466
  1.207086e+01   1.637484e-08   0.000000e+00   3.613741e-11   296904
  1.209331e+01   1.625072e-08   0.000000e+00   3.589831e-11   298358
  1.211543e+01   1.610327e-08   4.952290e-02   3.552882e-11   297840
  1.213794e+01   1.613452e-08   1.967667e-02   3.531240e-11   301338
  1.216042e+01   1.587344e-08   0.000000e+00   3.490349e-11   300336
  1.218256e+01   1.586436e-08   5.225830e-02   3.468897e-11   303584
  1.220506e+01   1.572826e-08   4.407851e-02   3.459139e-11   304098
  1.222759e+01   1.563475e-08   0.000000e+00   3.428735e-11   304488
  1.224984e+01   1.551935e-08   4.808475e-02   3.394875e-11   306678
  1.227228e+01   1.543438e-08   0.000000e+00   3.377953e-11   305732
  1.229466e+01   1.533023e-08   1.611893e-02   3.338609e-11   309894
  1.231711e+01   1.518711e-08   2.592952e-02   3.321166e-11   310200
  1.233948e+01   1.517869e-08   0.000000e+00   3.311660e-11   307074
  1.236174e+01   1.500045e-08   5.054589e-02   3.237753e-11   315656
  1.238431e+01   1.492367e-08   0.000000e+00   3.255379e-11   310704
  1.240678e+01   1.483245e-08   0.000000e+00   3.208105e-11   314310
  1.242877e+01   1.468620e-08   5.950996e-02   3.194938e-11   312412
  1.245134e+01   1.463409e-08   0.000000e+00   3.162536e-11   318310
  1.247382e+01   1.451633e-08   0.000000e+00   3.157976e-11   315648
  1.249602e+01   1.446050e-08   4.675433e-02   3.118912e-11   320610
  1.251836e+01   1.428339e-08   0.000000e+00   3.134943e-11   313944
  1.254076e+01   1.433350e-08   0.000000e+00   3.066721e-11   325880
  1.256318e+01   1.408625e-08   4.664384e-02   3.062312e-11   319146
  1.258557e+01   1.411126e-08   0.000000e+00   3.055821e-11   322896
  1.260777e+01   1.387746e-08   5.198592e-02   2.995632e-11   322206
  1.263022e+01   1.389099e-08   0.000000e+00   2.969299e-11   327416
  1.265280e+01   1.381216e-08   0.000000e+00   2.965068e-11   325602
  1.267490e+01   1.363437e-08   6.339473e-02   2.929999e-11   328248
  1.269734e+01   1.363882e-08   0.000000e+00   2.937347e-11   326088
  1.271991e+01   1.342814e-08   0.000000e+00   2.876624e-11   331658
  1.274201e+01   1.343377e-08   5.709914e-02   2.867197e-11   331584
  1.276452e+01   1.333754e-08   2.715285e-02   2.861993e-11   330630
  1.278698e+01   1.317937e-08   0.000000e+00   2.807948e-11   333204
  1.280905e+01   1.313696e-08   6.493589e-02   2.812492e-11   333470
  1.283167e+01   1.300334e-08   0.000000e+00   2.776841e-11   335688
  1.285390e+01   1.295929e-08   2.268895e-02   2.754336e-11   336828
  1.287624e+01   1.280680e-08   2.968388e-02   2.733892e-11   337662
  1.289879e+01   1.282357e-08   0.000000e+00   2.721648e-11   338960
  1.292080e+01   1.263658e-08   5.923015e-02   2.675316e-11   338262
  1.294330e+01   1.254544e-08   4.986327e-02   2.649145e-11   344388
  1.296599e+01   1.259321e-08   0.000000e+00   2.665835e-11   342486
  1.298794e+01   1.243722e-08   7.574518e-02   2.621453e-11   343592
  1.301061e+01   1.237620e-08   7.877306e-03   2.586824e-11   347130
  1.303317e+01   1.225062e-08   0.000000e+00   2.591488e-11   346152
  1.305519e+01   1.215501e-08   7.201800e-02   2.549573e-11   345856
  1.307782e+01   1.206348e-08   0.000000e+00   2.544478e-11   349354
  1.310025e+01   1.199375e-08   0.000000e+00   2.501621e-11   352032
  1.312248e+01   1.199846e-08   6.017556e-02   2.514158e-11   348582
  1.314506e+01   1.186606e-08   0.000000e+00   2.472285e-11   352244
  1.316704e+01   1.181509e-08   7.316526e-02   2.477241e-11   351582
  1.318960e+01   1.169975e-08   1.190242e-02   2.413524e-11   357144
  1.321223e+01   1.165623e-08   0.000000e+00   2.427402e-11   355560
  1.323426e+01   1.161171e-08   6.890940e-02   2.408156e-11   354551
  1.325680e+01   1.154786e-08   9.249903e-03   2.378829e-11   358044
  1.327941e+01   1.157752e-08   0.000000e+00   2.389747e-11   355272
  1.330135e+01   1.156609e-08   7.483473e-02   2.380231e-11   352044
  1.332382e+01   1.153032e-08   0.000000e+00   2.363122e-11   352344
  1.334630e+01   1.146529e-08   0.000000e+00   2.323114e-11   356516
  1.336852e+01   1.148708e-08   5.226491e-02   2.345325e-11   352848
  1.339126e+01   1.142473e-08   0.000000e+00   2.313475e-11   352980
  1.341333e+01   1.147811e-08   4.431996e-02   2.323398e-11   348948
  1.343567e+01   1.148895e-08   3.865475e-02   2.310489e-11   351692
  1.345843e+01   1.138875e-08   0.000000e+00   2.284141e-11   353064
  1.348041e+01   1.136152e-08   6.692839e-02   2.292090e-11   345624
  1.350276e+01   1.140942e-08   0.000000e+00   2.283576e-11   347844
  1.352538e+01   1.133329e-08   0.000000e+00   2.256703e-11   351020
  1.354745e+01   1.133992e-08   6.218451e-02   2.272015e-11   345852
  1.356994e+01   1.130774e-08   1.127892e-02   2.239475e-11   347040
  1.359245e+01   1.118903e-08   0.000000e+00   2.206194e-11   345928
  1.361452e+01   1.128719e-08   6.283582e-02   2.245380e-11   347020
  1.363713e+01   1.122124e-08   0.000000e+00   2.228759e-11   343032
  1.365942e+01   1.121467e-08   0.000000e+00   2.220046e-11   343620
  1.368160e+01   1.117231e-08   6.478204e-02   2.194592e-11   343988
  1.370439e+01   1.115543e-08   0.000000e+00   2.183624e-11   344556
  1.372654e+01   1.114003e-08   4.778305e-02   2.181667e-11   343632
  1.374908e+01   1.111791e-08   0.000000e+00   2.191792e-11   340392
  1.377157e+01   1.105443e-08   0.000000e+00   2.180148e-11   339408
  1.379355e+01   1.105735e-08   8.015724e-02   2.149409e-11   341864
  1.381627e+01   1.096485e-08   0.000000e+00   2.132679e-11   341964
  1.383875e+01   1.096701e-08   0.000000e+00   2.155341e-11   334380
  1.386053e+01   1.097373e-08   7.570243e-02   2.139275e-11   336504
  1.388322e+01   1.091191e-08   1.738701e-02   2.111690e-11   339560
  1.390569e+01   1.090023e-08   0.000000e+00   2.115996e-11   336384
  1.392787e+01   1.087192e-08   7.942050e-02   2.112765e-11   337404
  1.395050e+01   1.081253e-08   0.000000e+00   2.111057e-11   330156
  1.397256e+01   1.077720e-08   6.233457e-02   2.083720e-11   337808
  1.399514e+01   1.077049e-08   0.000000e+00   2.083616e-11   332748
  1.401769e+01   1.074136e-08   0.000000e+00   2.071292e-11   333612
  1.403972e+01   1.071938e-08   6.357049e-02   2.087769e-11   331860
  1.406220e+01   1.066503e-08   2.900017e-02   2.060291e-11   328376
  1.408463e+01   1.064788e-08   0.000000e+00   2.062757e-11   331140
  1.410680e+01   1.054302e-08   7.606930e-02   2.029560e-11   332988
  1.412929e+01   1.055923e-08   2.996696e-02   2.064705e-11   325224
  1.415185e+01   1.047432e-08   0.000000e+00   2.014402e-11   331544
  1.417399e+01   1.048242e-08   7.149205e-02   2.025178e-11   327264
  1.419646e+01   1.048368e-08   0.000000e+00   2.034699e-11   322308
  1.421873e+01   1.046122e-08   2.693698e-02   2.025601e-11   328136
  1.424091e+01   1.040774e-08   5.477184e-02   2.031817e-11   323172
  1.426360e+01   1.035521e-08   0.000000e+00   2.001453e-11   325248
  1.428572e+01   1.029914e-08   6.761839e-02   1.994210e-11   324096
  1.430815e+01   1.033714e-08   0.000000e+00   1.999668e-11   321540
  1.433080e+01   1.023302e-08   0.000000e+00   1.967828e-11   323744
  1.435270e+01   1.024282e-08   7.469923e-02   1.992143e-11   317400
  1.437520e+01   1.014338e-08   1.751903e-02   1.963346e-11   322560
  1.439788e+01   1.014656e-08   0.000000e+00   1.941278e-11   320076
  1.441987e+01   1.014023e-08   7.759294e-02   1.975785e-11   317204
  1.444268e+01   1.004318e-08   0.000000e+00   1.930939e-11   323064
  1.446515e+01   1.001957e-08   0.000000e+00   1.942493e-11   315204
  1.448707e+01   9.944623e-09   8.403659e-02   1.932305e-11   315416
  1.450996e+01   9.957680e-09   0.000000e+00   1.921310e-11   316884
  1.453202e+01   9.967701e-09   5.171974e-02   1.938613e-11   312876
  1.455438e+01   9.833733e-09   5.890042e-02   1.909568e-11   315540
  1.457716e+01   9.816739e-09   0.000000e+00   1.918842e-11   312576
  1.459903e+01   9.815428e-09   8.386341e-02   1.909314e-11   312140
  1.462164e+01   9.755121e-09   2.220169e-02   1.899091e-11   310356
  1.464424e+01   9.701519e-09   0.000000e+00   1.901985e-11   311232
  1.466612e+01   9.631467e-09   7.555962e-02   1.880725e-11   307584
  1.468876e+01   9.630782e-09   3.426335e-02   1.873614e-11   310616
  1.471121e+01   9.629204e-09   0.000000e+00   1.896116e-11   304200
  1.473310e+01   9.534749e-09   8.359171e-02   1.866292e-11   306792
  1.475592e+01   9.514443e-09   0.000000e+00   1.864801e-11   306168
  1.477804e+01   9.481480e-09   0.000000e+00   1.876529e-11   304448
  1.480048e+01   9.392602e-09   7.291229e-02   1.843029e-11   308580
  1.482322e+01   9.381719e-09   0.000000e+00   1.855840e-11   299568
  1.484510e+01   9.319247e-09   7.195742e-02   1.838849e-11   304416
  1.486778e+01   9.257133e-09   4.006607e-02   1.835451e-11   302216
  1.489033e+01   9.264115e-09   0.000000e+00   1.846056e-11   300084
  1.491232e+01   9.186625e-09   9.131352e-02   1.816306e-11   299340
  1.493481e+01   9.226708e-09   0.000000e+00   1.838634e-11   296688
  1.495734e+01   9.114115e-09   0.000000e+00   1.819068e-11   298820
  1.497931e+01   9.116923e-09   8.691892e-02   1.822009e-11   296916
  1.500203e+01   9.058356e-09   0.000000e+00   1.809412e-11   295920
  1.502427e+01   9.004066e-09   8.385796e-03   1.803075e-11   292692
  1.504633e+01   8.961310e-09   7.987401e-02   1.786792e-11   295892
  1.506927e+01   8.907754e-09   0.000000e+00   1.790372e-11   293064
  1.509132e+01   8.885530e-09   4.337634e-02   1.785830e-11   293220
  1.511361e+01   8.841624e-09   3.766974e-02   1.794304e-11   286804
  1.513621e+01   8.809138e-09   0.000000e+00   1.774191e-11   293080
  1.515835e+01   8.771474e-09   7.960210e-02   1.764746e-11   291816
  1.518104e+01   8.739179e-09   0.000000e+00   1.775477e-11   287784
  1.520351e+01   8.638476e-09   0.000000e+00   1.754167e-11   286760
  1.522546e+01   8.658021e-09   8.391292e-02   1.761191e-11   287088
  1.524810e+01   8.538671e-09   0.000000e+00   1.745520e-11   286176
  1.527065e+01   8.541421e-09   0.000000e+00   1.758315e-11   284184
  1.529255e+01   8.476182e-09   7.479904e-02   1.740282e-11   282220
  1.531540e+01   8.457590e-09   0.000000e+00   1.751341e-11   284452
  1.533755e+01   8.426650e-09   0.000000e+00   1.732719e-11   279516
  1.535976e+01   8.335050e-09   8.177202e-02   1.725832e-11   282696
  1.538266e+01   8.341015e-09   0.000000e+00   1.727247e-11   278676
  1.540453e+01   8.286351e-09   8.333642e-02   1.704846e-11   279512
  1.542708e+01   8.237000e-09   8.671087e-03   1.709425e-11   276672
  1.544968e+01   8.155605e-09   0.000000e+00   1.704096e-11   276036
  1.547147e+01   8.141052e-09   8.110895e-02   1.706470e-11   274416
  1.549411e+01   8.123484e-09   3.764221e-02   1.701623e-11   275384
  1.551674e+01   8.065340e-09   0.000000e+00   1.687160e-11   274560
  1.553871e+01   7.988497e-09   8.908635e-02   1.688949e-11   272220
  1.556146e+01   8.007900e-09   0.000000e+00   1.688730e-11   270492
  1.558373e+01   7.967453e-09   0.000000e+00   1.690404e-11   271532
  1.560603e+01   7.871504e-09   5.427997e-02   1.666815e-11   272052
  1.562867e+01   7.858848e-09   0.000000e+00   1.686325e-11   264372
  1.565057e+01   7.784889e-09   4.827362e-02   1.668734e-11   268652
  1.567314e+01   7.816265e-09   5.580693e-02   1.667587e-11   266760
  1.569563e+01   7.732558e-09   0.000000e+00   1.663159e-11   262536
  1.571764e+01   7.644411e-09   8.891024e-02   1.631936e-11   266460
  1.574021e+01   7.643320e-09   0.000000e+00   1.648618e-11   261560
  1.576267e+01   7.580461e-09   0.000000e+00   1.640705e-11   262236
  1.578478e+01   7.537106e-09   7.910622e-02   1.624000e-11   261708
  1.580730e+01   7.477178e-09   0.000000e+00   1.623205e-11   258960
  1.582978e+01   7.452750e-09   0.000000e+00   1.633808e-11   258376
  1.585177e+01   7.411066e-09   7.567060e-02   1.620225e-11   258304
  1.587469e+01   7.340359e-09   0.000000e+00   1.596645e-11   259368
  1.589684e+01   7.364966e-09   3.684373e-02   1.633223e-11   253332
  1.591902e+01   7.314767e-09   7.903778e-02   1.617994e-11   254448
  1.594185e+01   7.239761e-09   0.000000e+00   1.603837e-11   255248
  1.596389e+01   7.186005e-09   8.189528e-02   1.591951e-11   252180
  1.598647e+01   7.142046e-09   3.319259e-02   1.593354e-11   252744
  1.600902e+01   7.103865e-09   0.000000e+00   1.597817e-11   247348
  1.603089e+01   7.104173e-09   9.865084e-02   1.585372e-11   250432
  1.605354e+01   7.028589e-09   0.000000e+00   1.585474e-11   247860
  1.607617e+01   6.992651e-09   0.000000e+00   1.583766e-11   247716
  1.609805e+01   6.933044e-09   8.289795e-02   1.575816e-11   242472
  1.612085e+01   6.897098e-09   0.000000e+00   1.548029e-11   248672
  1.614309e+01   6.870845e-09   3.639679e-02   1.570719e-11   239352
  1.616518e+01   6.785067e-09   6.684653e-02   1.536610e-11   245088
  1.618802e+01   6.808558e-09   0.000000e+00   1.577015e-11   239232
  1.620990e+01   6.773300e-09   8.794880e-02   1.560482e-11   240320
  1.623258e+01   6.691675e-09   0.000000e+00   1.540194e-11   239340
  1.625521e+01   6.664907e-09   0.000000e+00   1.544957e-11   237636
  1.627700e+01   6.617345e-09   8.435292e-02   1.544287e-11   235980
  1.629964e+01   6.539858e-09   0.000000e+00   1.523634e-11   235304
  1.632221e+01   6.598776e-09   0.000000e+00   1.543671e-11   234576
  1.634416e+01   6.462669e-09   7.836259e-02   1.522454e-11   232788
  1.636679e+01   6.454171e-09   0.000000e+00   1.534540e-11   230400
  1.638913e+01   6.453357e-09   0.000000e+00   1.529175e-11   231836
  1.641133e+01   6.320116e-09   8.426213e-02   1.496582e-11   231288
  1.643420e+01   6.361335e-09   0.000000e+00   1.512299e-11   226536
  1.645610e+01   6.273452e-09   6.555137e-02   1.508484e-11   226084
  1.647844e+01   6.284191e-09   5.608431e-02   1.514354e-11   227116
  1.650123e+01   6.255318e-09   0.000000e+00   1.510354e-11   223800
  1.652314e+01   6.162589e-09   8.982363e-02   1.502033e-11   223884
  1.654569e+01   6.128451e-09   0.000000e+00   1.480244e-11   222360
  1.656829e+01   6.074671e-09   0.000000e+00   1.481329e-11   221156
  1.659035e+01   6.047659e-09   1.000318e-01   1.479595e-11   221724
  1.661305e+01   6.053791e-09   0.000000e+00   1.487498e-11   217584
  1.663545e+01   5.941202e-09   0.000000e+00   1.474257e-11   217576
  1.665741e+01   5.970417e-09   1.030485e-01   1.484424e-11   215464
  1.668020e+01   5.906990e-09   0.000000e+00   1.465487e-11   215472
  1.670241e+01   5.847469e-09   2.710581e-02   1.459094e-11   213768
  1.672453e+01   5.858327e-09   8.957916e-02   1.475838e-11   210956
  1.674724e+01   5.779500e-09   0.000000e+00   1.455083e-11   211788
  1.676941e+01   5.758717e-09   5.007789e-02   1.445897e-11   211092
  1.679194e+01   5.713754e-09   3.451044e-02   1.437769e-11   209556
  1.681461e+01   5.709305e-09   0.000000e+00   1.460169e-11   206700
  1.683643e+01   5.685073e-09   8.355629e-02   1.454887e-11   206048
  1.685902e+01   5.594985e-09   0.000000e+00   1.435725e-11   204744
  1.688155e+01   5.595166e-09   0.000000e+00   1.437888e-11   202992
  1.690336e+01   5.573198e-09   9.406640e-02   1.440857e-11   201944
  1.692628e+01   5.497045e-09   0.000000e+00   1.415650e-11   203304
  1.694874e+01   5.501146e-09   0.000000e+00   1.425946e-11   200484
  1.697060e+01   5.433652e-09   1.006717e-01   1.438200e-11   195516
  1.699352e+01   5.375286e-09   0.000000e+00   1.410933e-11   198860
  1.701549e+01   5.443445e-09   4.482747e-02   1.436105e-11   195264
  1.703790e+01   5.309662e-09   6.486425e-02   1.414514e-11   195984
  1.706066e+01   5.318519e-09   0.000000e+00   1.425631e-11   191808
  1.708233e+01   5.286249e-09   7.657257e-02   1.417544e-11   190776
  1.710489e+01   5.206603e-09   1.900386e-02   1.391756e-11   192032
  1.712759e+01   5.251101e-09   0.000000e+00   1.406257e-11   188628
  1.714942e+01   5.161072e-09   1.061357e-01   1.400889e-11   189444
  1.717223e+01   5.135976e-09   0.000000e+00   1.393671e-11   186260
  1.719450e+01   5.110803e-09   0.000000e+00   1.393021e-11   184560
  1.721656e+01   5.065992e-09   9.709503e-02   1.380297e-11   185832
  1.723957e+01   5.063617e-09   0.000000e+00   1.377688e-11   182400
  1.726157e+01   5.004074e-09   4.579633e-02   1.381364e-11   181380
  1.728380e+01   4.997350e-09   8.032525e-02   1.380189e-11   180332
  1.730663e+01   4.995556e-09   0.000000e+00   1.395508e-11   178236
  1.732866e+01   4.909643e-09   5.803594e-02   1.378590e-11   179184
  1.735110e+01   4.914534e-09   7.395784e-02   1.380622e-11   175028
  1.737375e+01   4.883577e-09   0.000000e+00   1.368106e-11   175440
  1.739586e+01   4.859749e-09   8.023734e-02   1.372671e-11   174828
  1.741842e+01   4.831970e-09   0.000000e+00   1.373620e-11   169896
  1.744076e+01   4.762258e-09   0.000000e+00   1.362968e-11   171708
  1.746286e+01   4.779032e-09   1.020922e-01   1.363017e-11   169328
  1.748553e+01   4.746946e-09   0.000000e+00   1.363924e-11   167364
  1.750789e+01   4.659464e-09   3.664722e-02   1.340033e-11   168192
  1.752998e+01   4.703251e-09   9.143179e-02   1.370786e-11   163188
  1.755288e+01   4.625581e-09   0.000000e+00   1.346866e-11   166184
  1.757508e+01   4.613152e-09   4.643085e-02   1.356615e-11   161460
  1.759720e+01   4.609282e-09   8.478845e-02   1.349896e-11   159972
  1.761988e+01   4.573014e-09   0.000000e+00   1.349690e-11   159488
  1.764186e+01   4.573470e-09   7.921161e-02   1.353250e-11   158148
  1.766452e+01   4.530939e-09   0.000000e+00   1.329562e-11   158100
  1.768716e+01   4.545456e-09   0.000000e+00   1.359618e-11   155232
  1.770883e+01   4.534745e-09   9.099534e-02   1.355008e-11   151216
  1.773163e+01   4.433145e-09   0.000000e+00   1.319648e-11   155560
  1.775426e+01   4.467518e-09   0.000000e+00   1.335067e-11   151404
  1.777608e+01   4.412303e-09   1.087672e-01   1.338942e-11   148356
  1.779892e+01   4.365591e-09   0.000000e+00   1.341901e-11   147164
  1.782096e+01   4.401647e-09   3.167024e-02   1.330346e-11   147384
  1.784325e+01   4.306794e-09   7.337496e-02   1.320889e-11   145992
  1.786621e+01   4.350263e-09   0.000000e+00   1.330816e-11   143856
  1.788785e+01   4.313157e-09   7.196634e-02   1.344001e-11   140384
  1.791047e+01   4.216597e-09   3.640966e-02   1.293571e-11   143856
  1.793320e+01   4.297899e-09   0.000000e+00   1.343008e-11   136968
  1.795491e+01   4.182726e-09   1.001236e-01   1.297794e-11   139536
  1.797782e+01   4.211828e-09   0.000000e+00   1.328496e-11   136916
  1.800007e+01   4.275457e-09   0.000000e+00   1.344807e-11   133032
  1.802203e+01   4.153577e-09   1.008469e-01   1.315815e-11   135540
  1.804510e+01   4.189563e-09   0.000000e+00   1.332701e-11   132096
  1.806709e+01   4.171298e-09   0.000000e+00   1.335304e-11   129540
  1.808928e+01   4.080215e-09   9.763548e-02   1.302233e-11   130640
  1.811214e+01   4.170970e-09   0.000000e+00   1.334475e-11   126276
  1.813418e+01   4.051793e-09   5.907516e-02   1.311076e-11   128484
  1.815689e+01   4.074689e-09   1.757416e-02   1.318509e-11   124168
  1.817929e+01   4.105201e-09   0.000000e+00   1.332571e-11   122224
  1.820136e+01   3.971876e-09   8.758520e-02   1.300251e-11   123156
  1.822405e+01   4.076306e-09   0.000000e+00   1.336915e-11   119688
  1.824622e+01   4.023016e-09   0.000000e+00   1.343126e-11   116640
  1.826830e+01   4.011447e-09   1.038517e-01   1.316471e-11   119696
  1.829109e+01   4.064036e-09   0.000000e+00   1.350505e-11   114276
  1.831338e+01   3.944883e-09   0.000000e+00   1.332768e-11   114060
  1.833546e+01   3.989687e-09   9.742142e-02   1.329491e-11   112536
  1.835830e+01   3.998695e-09   0.000000e+00   1.328254e-11   112196
  1.838061e+01   3.931786e-09   4.382125e-02   1.346002e-11   109404
  1.840273e+01   4.009317e-09   5.396232e-02   1.350247e-11   105900
  1.842520e+01   3.903287e-09   0.000000e+00   1.331032e-11   107176
  1.844738e+01   3.923022e-09   7.172095e-02   1.340207e-11   105088
  1.846994e+01   3.949589e-09   2.374077e-02   1.344004e-11   103800
  1.849256e+01   3.912490e-09   0.000000e+00   1.353144e-11   101340
  1.851450e+01   3.913993e-09   8.129895e-02   1.358126e-11   100036
  1.853696e+01   3.877308e-09   0.000000e+00   1.341760e-11   97672
  1.855950e+01   3.867157e-09   0.000000e+00   1.339043e-11   97908
  1.858158e+01   3.872656e-09   8.591390e-02   1.346142e-11   95328
  1.860420e+01   3.854046e-09   0.000000e+00   1.337539e-11   93600
  1.862649e+01   3.911055e-09   0.000000e+00   1.368955e-11   92312
  1.864875e+01   3.858325e-09   7.266828e-02   1.363224e-11   91044
  1.867142e+01   3.855461e-09   0.000000e+00   1.369536e-11   88500
  1.869325e+01   3.857285e-09   5.510890e-02   1.377166e-11   86216
  1.871576e+01   3.835609e-09   0.000000e+00   1.358468e-11   87159
  1.873869e+01   3.843994e-09   0.000000e+00   1.357982e-11   86064
  1.876070e+01   3.838574e-09   8.552040e-02   1.402373e-11   81648
  1.878304e+01   3.863715e-09   0.000000e+00   1.393615e-11   81654
  1.880569e+01   3.787407e-09   0.000000e+00   1.369834e-11   81284
  1.882789e+01   3.786137e-09   6.147626e-02   1.387794e-11   78888
  1.885026e+01   3.827266e-09   2.133868e-02   1.418962e-11   77250
  1.887247e+01   3.733915e-09   0.000000e+00   1.402717e-11   75942
  1.889470e+01   3.780821e-09   6.606040e-02   1.407428e-11   77042
  1.891753e+01   3.750886e-09   0.000000e+00   1.416660e-11   74094
  1.893984e+01   3.719589e-09   3.680030e-02   1.403219e-11   73818
  1.896216e+01   3.686744e-09   0.000000e+00   1.422655e-11   70998
  1.898457e+01   3.674472e-09   0.000000e+00   1.399535e-11   72044
  1.900691e+01   3.657671e-09   7.009790e-02   1.407172e-11   69426
  1.902943e+01   3.657978e-09   0.000000e+00   1.417401e-11   69288
  1.905176e+01   3.598174e-09   0.000000e+00   1.416521e-11   67068
  1.907382e+01   3.586576e-09   7.192438e-02   1.402421e-11   66926
  1.909642e+01   3.534122e-09   5.907542e-02   1.389041e-11   66348
  1.911910e+01   3.571654e-09   0.000000e+00   1.425265e-11   64728
  1.914115e+01   3.555768e-09   0.000000e+00   1.445577e-11   62820
  1.916349e+01   3.494232e-09   0.000000e+00   1.402317e-11   63716
  1.918611e+01   3.468646e-09   1.764549e-02   1.413521e-11   62160
  1.920843e+01   3.456472e-09   0.000000e+00   1.430962e-11   59940
  1.923057e+01   3.426546e-09   1.753922e-02   1.424943e-11   60112
  1.925291e+01   3.420850e-09   6.741446e-02   1.425206e-11   59668
  1.927559e+01   3.419977e-09   0.000000e+00   1.456183e-11   57618
  1.929770e+01   3.339079e-09   2.584759e-02   1.423022e-11   56868
  1.931985e+01   3.354798e-09   6.571960e-02   1.441843e-11   56684
  1.934233e+01   3.297459e-09   2.778647e-02   1.424947e-11   55536
  1.936485e+01   3.266647e-09   0.000000e+00   1.413362e-11   54342
  1.938725e+01   3.317930e-09   2.433842e-02   1.444563e-11   54768
  1.940942e+01   3.247430e-09   6.466205e-02   1.457780e-11   52094
  1.943180e+01   3.190093e-09   0.000000e+00   1.436738e-11   52224
  1.945450e+01   3.208528e-09   0.000000e+00   1.418527e-11   52188
  1.947673e+01   3.184770e-09   5.864350e-02   1.453349e-11   50190
  1.949883e+01   3.141982e-09   4.878521e-02   1.440084e-11   49224
  1.952137e+01   3.103890e-09   0.000000e+00   1.439063e-11   49094
  1.954400e+01   3.069377e-09   1.471501e-02   1.413608e-11   49488
  1.956638e+01   3.040768e-09   6.064401e-02   1.442114e-11   46830
  1.958846e+01   3.030505e-09   1.280691e-02   1.451019e-11   45860
  1.961092e+01   2.965511e-09   0.000000e+00   1.392616e-11   46770
  1.963347e+01   3.013744e-09   2.361477e-02   1.446676e-11   45468
  1.965581e+01   2.922533e-09   4.334842e-02   1.422218e-11   44130
  1.967806e+01   2.931001e-09   0.000000e+00   1.442059e-11   43230
  1.970046e+01   2.876361e-09   0.000000e+00   1.407205e-11   44108
  1.972303e+01   2.802650e-09   4.204322e-02   1.406665e-11   42162
  1.974534e+01   2.819820e-09   3.963721e-02   1.420966e-11   41358
  1.976746e+01   2.815160e-09   0.000000e+00   1.436756e-11   40456
  1.978986e+01   2.774249e-09   3.809850e-02   1.411542e-11   41230
  1.981261e+01   2.730692e-09   5.079219e-02   1.396690e-11   39906
  1.983504e+01   2.722479e-09   0.000000e+00   1.426117e-11   38508
  1.985706e+01   2.711723e-09   0.000000e+00   1.449115e-11   37854
  1.987929e+01   2.678358e-09   5.995167e-02   1.412798e-11   38162
  1.990205e+01   2.632552e-09   2.700911e-02   1.429994e-11   37212
  1.992451e+01   2.582217e-09   0.000000e+00   1.405449e-11   36450
  1.994642e+01   2.603319e-09   3.006497e-02   1.453497e-11   34718
  1.996863e+01   2.548793e-09   2.602742e-02   1.388823e-11   35814
  1.999141e+01   2.519801e-09   2.325666e-02   1.412676e-11   34896
  2.001390e+01   2.480486e-09   0.000000e+00   1.389487e-11   33822
  2.003574e+01   2.466868e-09   4.739400e-02   1.422625e-11   32522
  2.005819e+01   2.424949e-09   0.000000e+00   1.370000e-11   33630
  2.008096e+01   2.354216e-09   0.000000e+00   1.341153e-11   32166
  2.010309e+01   2.365597e-09   2.225050e-02   1.404550e-11   31200
  2.012503e+01   2.354973e-09   1.636831e-02   1.393607e-11   30598
  2.014747e+01   2.273056e-09   1.963292e-02   1.322897e-11   31138
  2.017040e+01   2.268121e-09   0.000000e+00   1.328073e-11   30510
  2.019273e+01   2.305854e-09   3.463330e-02   1.408511e-11   28998
  2.021465e+01   2.234336e-09   6.916821e-03   1.361965e-11   28290
  2.023706e+01   2.187349e-09   4.624573e-02   1.316764e-11   29126
  2.026000e+01   2.140569e-09   0.000000e+00   1.316912e-11   28008
  2.028237e+01   2.138763e-09   1.252383e-02   1.333761e-11   27222
  2.030447e+01   2.114272e-09   2.418915e-02   1.355938e-11   26426
  2.032685e+01   2.076311e-09   1.495092e-02   1.327310e-11   26694
  2.034949e+01   2.021322e-09   2.631278e-02   1.316582e-11   25734
  2.037195e+01   2.012508e-09   0.000000e+00   1.328638e-11   25458
  2.039398e+01   2.011068e-09   5.790034e-03   1.340443e-11   24198
  2.041647e+01   1.936427e-09   0.000000e+00   1.302161e-11   25034
  2.043921e+01   1.920438e-09   2.190043e-02   1.329151e-11   23718
  2.046142e+01   1.874271e-09   0.000000e+00   1.301284e-11   23094
  2.048326e+01   1.871215e-09   2.856348e-02   1.300958e-11   22416
  2.050574e+01   1.786543e-09   3.051579e-03   1.250944e-11   23078
  2.052882e+01   1.790825e-09   0.000000e+00   1.241956e-11   22386
  2.055117e+01   1.771135e-09   0.000000e+00   1.296521e-11   21126
  2.057282e+01   1.748742e-09   0.000000e+00   1.287542e-11   20366
  2.059512e+01   1.706154e-09   4.172476e-02   1.229118e-11   21354
  2.061826e+01   1.646191e-09   0.000000e+00   1.208665e-11   20478
  2.064057e+01   1.672132e-09   0.000000e+00   1.254996e-11   19458
  2.066223e+01   1.643252e-09   3.471980e-03   1.255755e-11   18758
  2.068455e+01   1.584081e-09   4.480794e-02   1.205098e-11   19566
  2.070765e+01   1.592394e-09   3.065536e-02   1.210236e-11   18858
  2.073008e+01   1.561049e-09   4.834593e-03   1.223499e-11   17790
  2.075166e+01   1.561481e-09   0.000000e+00   1.238201e-11   17114
  2.077403e+01   1.489628e-09   0.000000e+00   1.164598e-11   17982
  2.079711e+01   1.444781e-09   0.000000e+00   1.191664e-11   17190
  2.081959e+01   1.465156e-09   0.000000e+00   1.209475e-11   16458
  2.084115e+01   1.408170e-09   3.547292e-02   1.204795e-11   15494
  2.086347e+01   1.385851e-09   1.000690e-02   1.166483e-11   16374
  2.088669e+01   1.388060e-09   0.000000e+00   1.181910e-11   15858
  2.090920e+01   1.370072e-09   0.000000e+00   1.186315e-11   14862
  2.093069e+01   1.361627e-09   0.000000e+00   1.209498e-11   14082
  2.095310e+01   1.286699e-09   0.000000e+00   1.098102e-11   14990
  2.097639e+01   1.265214e-09   1.629737e-02   1.089785e-11   14358
  2.099882e+01   1.259903e-09   0.000000e+00   1.121125e-11   13386
  2.102008e+01   1.223703e-09   0.000000e+00   1.192915e-11   12678
  2.104251e+01   1.163705e-09   2.536847e-02   1.052925e-11   13700
  2.106595e+01   1.147572e-09   1.673482e-02   1.064153e-11   12942
  2.108844e+01   1.141941e-09   4.105934e-02   1.064206e-11   12198
  2.110946e+01   1.107427e-09   0.000000e+00   1.124327e-11   11106
  2.113175e+01   1.053735e-09   8.911932e-03   9.930271e-12   12494
  2.115525e+01   1.053008e-09   2.917805e-02   1.031553e-11   11610
  2.117792e+01   1.050926e-09   0.000000e+00   1.012915e-11   11094
  2.119894e+01   1.062601e-09   1.818302e-02   1.121624e-11   9902
  2.122114e+01   9.952409e-10   1.808451e-02   1.027521e-11   11226
  2.124465e+01   9.507722e-10   0.000000e+00   9.597228e-12   10326
  2.126733e+01   9.387394e-10   2.235334e-02   9.980478e-12   10074
  2.128853e+01   9.393910e-10   0.000000e+00   1.065387e-11   8766
  2.131054e+01   8.871973e-10   0.000000e+00   9.455318e-12   9950
  2.133400e+01   8.587978e-10   1.430657e-02   9.165232e-12   9252
  2.135668e+01   8.662063e-10   0.000000e+00   9.723395e-12   8886
  2.137785e+01   8.574013e-10   0.000000e+00   1.001799e-11   7850
  2.140006e+01   7.912592e-10   8.714657e-03   9.023665e-12   8886
  2.142357e+01   7.750631e-10   0.000000e+00   9.038013e-12   8142
  2.144598e+01   7.558215e-10   2.013296e-02   9.319699e-12   7746
  2.146692e+01   7.628818e-10   2.491966e-02   9.565692e-12   6926
  2.148956e+01   7.121171e-10   0.000000e+00   8.415048e-12   7974
  2.151315e+01   7.055738e-10   2.046628e-02   8.899723e-12   7074
  2.153530e+01   6.816198e-10   0.000000e+00   8.604254e-12   6744
  2.155613e+01   6.955841e-10   2.263665e-02   9.041950e-12   6114
  2.157915e+01   6.318028e-10   0.000000e+00   7.963830e-12   7094
  2.160315e+01   6.101485e-10   0.000000e+00   8.186907e-12   6174
  2.162502e+01   5.924800e-10   8.478616e-03   8.471735e-12   5754
  2.164529e+01   6.056327e-10   0.000000e+00   8.969331e-12   5214
  2.166862e+01   5.359222e-10   0.000000e+00   7.212220e-12   6338
  2.169326e+01   5.017651e-10   1.146161e-02   7.501702e-12   5352
  2.171490e+01   5.462618e-10   0.000000e+00   8.278271e-12   4830
  2.173422e+01   5.398441e-10   8.390020e-03   8.596115e-12   4338
  2.175768e+01   4.753987e-10   0.000000e+00   6.669345e-12   5558
  2.178338e+01   4.406410e-10   1.618607e-02   7.047958e-12   4866
  2.180546e+01   4.420255e-10   2.812251e-02   7.643926e-12   3846
  2.182302e+01   4.664757e-10   0.000000e+00   8.201893e-12   3518
  2.184657e+01   4.090235e-10   2.287084e-02   6.250751e-12   4812
  2.187303e+01   3.827148e-10   1.229796e-02   6.408782e-12   4278
  2.189596e+01   3.896207e-10   2.085531e-02   7.556409e-12   3174
  2.191184e+01   4.108519e-10   0.000000e+00   7.919777e-12   2738
  2.193531e+01   3.394707e-10   9.068074e-03   5.640805e-12   4086
  2.196231e+01   3.404699e-10   0.000000e+00   6.114152e-12   3666
  2.198633e+01   3.144926e-10   1.716174e-02   6.869148e-12   2712
  2.200065e+01   3.390507e-10   8.909745e-03   7.570832e-12   1998
  2.202400e+01   2.826640e-10   1.250603e-02   5.293318e-12   3434
  2.205156e+01   2.747893e-10   0.000000e+00   5.847841e-12   3078
  2.207673e+01   2.526978e-10   1.093850e-02   6.559565e-12   2334
  2.208953e+01   3.113251e-10   0.000000e+00   8.833208e-12   1340
  2.211267e+01   2.448338e-10   0.000000e+00   4.952410e-12   2838
  2.214088e+01   2.183644e-10   0.000000e+00   4.844919e-12   2538
  2.216722e+01   2.020867e-10   1.096895e-02   4.910291e-12   1974
  2.217777e+01   2.867546e-10   1.395236e-02   1.023283e-11   774
  2.220101e+01   1.875109e-10   0.000000e+00   4.150615e-12   2300
  2.222992e+01   1.738150e-10   1.784730e-02   4.319584e-12   2046
  2.225746e+01   1.437569e-10   4.801075e-03   3.805670e-12   1626
  2.226602e+01   2.569943e-10   8.346394e-03   1.358707e-11   390
  2.228919e+01   1.364240e-10   8.471547e-03   3.484967e-12   1766
  2.231856e+01   1.314863e-10   0.000000e+00   3.597787e-12   1596
  2.234725e+01   1.126205e-10   0.000000e+00   3.316701e-12   1302
  2.235429e+01   2.268164e-10   0.000000e+00   1.740406e-11   150
  2.237750e+01   1.030592e-10   2.852828e-03   3.214462e-12   1298
  2.240698e+01   9.284713e-11   0.000000e+00   3.091715e-12   1158
  2.243630e+01   8.611139e-11   4.741179e-03   2.929190e-12   996
  2.244707e+01   1.386499e-10   1.161396e-02   1.320854e-11   38
  2.246603e+01   7.774004e-11   0.000000e+00   3.083528e-12   894
  2.249555e+01   6.249543e-11   1.047578e-02   2.231833e-12   786
  2.252511e+01   5.931027e-11   0.000000e+00   2.516172e-12   678
  2.255323e+01   2.586666e-11   0.000000e+00   6.149806e-12   8
  2.255472e+01   5.004617e-11   9.506613e-03   2.194966e-12   570
  2.258430e+01   4.041766e-11   1.020224e-02   2.140046e-12   486
  2.261392e+01   3.154749e-11   0.000000e+00   1.766822e-12   402
  2.264273e+01   1.174181e-11   0.000000e+00   4.664672e-12   8
  2.264359e+01   2.417617e-11   1.179067e-02   1.376448e-12   318
  2.267323e+01   2.394789e-11   0.000000e+00   1.565190e-12   258
  2.270292e+01   1.751359e-11   0.000000e+00   1.216101e-12   198
  2.273223e+01   4.479593e-12   0.000000e+00   7.513793e-13   8
  2.273265e+01   1.093475e-11   0.000000e+00   8.441554e-13   138
  2.276235e+01   7.608301e-12   3.869981e-03   7.419917e-13   102
  2.279209e+01   5.143623e-12   7.048534e-03   6.146687e-13   66
  2.282185e+01   2.849584e-12   0.000000e+00   3.706586e-13   38
  2.285163e+01   1.719236e-12   0.000000e+00   3.318376e-13   18
  2.288143e+01   8.861619e-13   0.000000e+00   3.442516e-13   6
