# power spectrum of omega (curl v)
# redshift z=1.409500
# k              Pk             sigma(k)       sigma(Pk)      count
  5.167109e-02   6.362975e-18   1.693076e-05   9.691805e-19   6
  7.307396e-02   3.723301e-17   0.000000e+00   5.557112e-18   12
  9.543063e-02   2.796545e-16   6.851560e-03   5.383725e-17   14
  1.210540e-01   5.124989e-16   5.513588e-03   5.925507e-17   48
  1.524803e-01   2.403747e-15   4.005064e-03   2.669872e-16   42
  1.673860e-01   4.285702e-15   3.987272e-03   3.466294e-16   48
  1.897915e-01   6.555585e-15   4.780100e-03   4.702198e-16   80
  2.150919e-01   1.541095e-14   3.711353e-03   1.129464e-15   90
  2.344483e-01   2.632681e-14   5.827848e-03   1.469556e-15   120
  2.619469e-01   5.425588e-14   4.897654e-03   3.134821e-15   158
  2.801601e-01   9.022273e-14   2.324249e-03   5.074850e-15   120
  3.021033e-01   1.094508e-13   5.194979e-03   6.907237e-15   186
  3.263478e-01   1.710532e-13   7.104259e-03   7.619918e-15   264
  3.460484e-01   2.291907e-13   3.835370e-03   1.166276e-14   168
  3.711847e-01   4.209944e-13   6.854707e-03   1.696405e-14   386
  3.922192e-01   5.169495e-13   4.147837e-03   2.282257e-14   192
  4.129151e-01   7.134750e-13   6.800624e-03   2.948286e-14   390
  4.361657e-01   9.319296e-13   7.120246e-03   3.065350e-14   396
  4.580089e-01   1.152201e-12   7.064082e-03   4.116040e-14   398
  4.820215e-01   1.847289e-12   6.923992e-03   5.816465e-14   576
  5.056520e-01   2.385042e-12   7.024453e-03   8.265615e-14   444
  5.263213e-01   2.791094e-12   6.337769e-03   8.437511e-14   590
  5.498572e-01   3.655545e-12   6.940338e-03   9.623806e-14   648
  5.728135e-01   4.256932e-12   6.142360e-03   1.191519e-13   654
  5.932093e-01   5.675206e-12   5.094857e-03   1.558789e-13   636
  6.160086e-01   6.316513e-12   7.638490e-03   1.574838e-13   830
  6.374011e-01   7.899834e-12   5.498339e-03   1.997245e-13   792
  6.592753e-01   8.754270e-12   5.654942e-03   2.158133e-13   804
  6.816774e-01   1.123178e-11   6.979494e-03   2.453548e-13   1038
  7.033658e-01   1.384439e-11   5.466907e-03   3.350801e-13   936
  7.268733e-01   1.592107e-11   6.387959e-03   3.297624e-13   1130
  7.481801e-01   1.767432e-11   5.932183e-03   3.857950e-13   1104
  7.715688e-01   2.093315e-11   6.599015e-03   4.239334e-13   1230
  7.929568e-01   2.400392e-11   6.702668e-03   4.426254e-13   1260
  8.146859e-01   2.833159e-11   5.798096e-03   5.641901e-13   1286
  8.392613e-01   3.272118e-11   7.043970e-03   5.383125e-13   1728
  8.625481e-01   3.732348e-11   6.212888e-03   7.243765e-13   1392
  8.846806e-01   4.216070e-11   5.904316e-03   7.260207e-13   1626
  9.073659e-01   4.832600e-11   6.975646e-03   8.188986e-13   1760
  9.301438e-01   5.503568e-11   5.754745e-03   9.232641e-13   1686
  9.516169e-01   6.207633e-11   5.853410e-03   1.007562e-12   1812
  9.735730e-01   7.123393e-11   6.746865e-03   1.144705e-12   1862
  9.960116e-01   7.776849e-11   6.018286e-03   1.172092e-12   2160
  1.018588e+00   8.429801e-11   6.151975e-03   1.364835e-12   1956
  1.041303e+00   1.005846e-10   6.916679e-03   1.386504e-12   2454
  1.063469e+00   1.075573e-10   5.402925e-03   1.653982e-12   2048
  1.085716e+00   1.202453e-10   7.017042e-03   1.640776e-12   2538
  1.107675e+00   1.313635e-10   5.880830e-03   1.892677e-12   2400
  1.129871e+00   1.482305e-10   7.006632e-03   2.031268e-12   2526
  1.152016e+00   1.624120e-10   6.936203e-03   2.108416e-12   2856
  1.175115e+00   1.734349e-10   6.515669e-03   2.241420e-12   2804
  1.197929e+00   1.912582e-10   6.758625e-03   2.488114e-12   2958
  1.219641e+00   2.073448e-10   6.562093e-03   2.665295e-12   2976
  1.242553e+00   2.285740e-10   6.566272e-03   2.887463e-12   3194
  1.264005e+00   2.426658e-10   6.529785e-03   3.047274e-12   3120
  1.287240e+00   2.713487e-10   6.662242e-03   3.183710e-12   3606
  1.309415e+00   2.888753e-10   6.072121e-03   3.497881e-12   3276
  1.331019e+00   3.081478e-10   6.832617e-03   3.674363e-12   3600
  1.353243e+00   3.329265e-10   6.037437e-03   3.855336e-12   3638
  1.374639e+00   3.581402e-10   6.416366e-03   4.126094e-12   3744
  1.397786e+00   3.899210e-10   6.647095e-03   4.151614e-12   4170
  1.419913e+00   4.159239e-10   6.302352e-03   4.778317e-12   3984
  1.442450e+00   4.309996e-10   6.398795e-03   4.774671e-12   4334
  1.464688e+00   4.796774e-10   5.884242e-03   5.185552e-12   4284
  1.486648e+00   4.966134e-10   7.105982e-03   5.221492e-12   4374
  1.509609e+00   5.368871e-10   6.297329e-03   5.434775e-12   5016
  1.532223e+00   5.612364e-10   6.062388e-03   5.977043e-12   4580
  1.554765e+00   6.043748e-10   7.138338e-03   5.903687e-12   5142
  1.577761e+00   6.647396e-10   6.890218e-03   6.489564e-12   5184
  1.600276e+00   7.043249e-10   5.338187e-03   7.115626e-12   5058
  1.621911e+00   7.397070e-10   6.363006e-03   6.968527e-12   5384
  1.645046e+00   7.890941e-10   7.249770e-03   7.720957e-12   5622
  1.667363e+00   8.393772e-10   6.070707e-03   7.864912e-12   5736
  1.689585e+00   8.745232e-10   5.511329e-03   8.333474e-12   5596
  1.711913e+00   9.337727e-10   6.790022e-03   8.571350e-12   6070
  1.734056e+00   9.760438e-10   5.354098e-03   8.900457e-12   6096
  1.757161e+00   1.027495e-09   6.649766e-03   9.234180e-12   6474
  1.778537e+00   1.081622e-09   6.230175e-03   1.032069e-11   6024
  1.801398e+00   1.136092e-09   6.316735e-03   9.694030e-12   7070
  1.824048e+00   1.217281e-09   5.119701e-03   1.073923e-11   6516
  1.845772e+00   1.282372e-09   6.442097e-03   1.091768e-11   6936
  1.868451e+00   1.291323e-09   6.323368e-03   1.092929e-11   7110
  1.890389e+00   1.410801e-09   4.649446e-03   1.218859e-11   7244
  1.913597e+00   1.435982e-09   6.911003e-03   1.150717e-11   7878
  1.936074e+00   1.509911e-09   6.679112e-03   1.245942e-11   7344
  1.957840e+00   1.534572e-09   6.923136e-03   1.250444e-11   7694
  1.980517e+00   1.663486e-09   6.607794e-03   1.297210e-11   8412
  2.003290e+00   1.753322e-09   6.961496e-03   1.397550e-11   7920
  2.024934e+00   1.802490e-09   5.844710e-03   1.438405e-11   8118
  2.046965e+00   1.848718e-09   6.821331e-03   1.413328e-11   8548
  2.069378e+00   1.926294e-09   6.854972e-03   1.470760e-11   8710
  2.091603e+00   2.003749e-09   5.872096e-03   1.492729e-11   8928
  2.114418e+00   2.132287e-09   6.591252e-03   1.587280e-11   9186
  2.136304e+00   2.218519e-09   7.208827e-03   1.678693e-11   9200
  2.158867e+00   2.261651e-09   5.969039e-03   1.606689e-11   9438
  2.180862e+00   2.345466e-09   8.718457e-03   1.677042e-11   9564
  2.203470e+00   2.423167e-09   6.583843e-03   1.681510e-11   10296
  2.226614e+00   2.556106e-09   5.853483e-03   1.834214e-11   10126
  2.248296e+00   2.656061e-09   7.262133e-03   1.841952e-11   10024
  2.271358e+00   2.752567e-09   5.045789e-03   1.824463e-11   11082
  2.294001e+00   2.854542e-09   7.931092e-03   1.962575e-11   10632
  2.316131e+00   2.921625e-09   5.676043e-03   1.994948e-11   10734
  2.338489e+00   3.028912e-09   6.954415e-03   2.043534e-11   11276
  2.360839e+00   3.151003e-09   6.276401e-03   2.110309e-11   11352
  2.383396e+00   3.223949e-09   6.479782e-03   2.130435e-11   11550
  2.405538e+00   3.330569e-09   6.055939e-03   2.203162e-11   11772
  2.428008e+00   3.440395e-09   7.587317e-03   2.278555e-11   12038
  2.450201e+00   3.551286e-09   9.332218e-03   2.289407e-11   12096
  2.472702e+00   3.621257e-09   7.456409e-03   2.282205e-11   12582
  2.494955e+00   3.718554e-09   2.465010e-03   2.294997e-11   12620
  2.517719e+00   3.800452e-09   7.678659e-03   2.340344e-11   13320
  2.539997e+00   3.962947e-09   7.093865e-03   2.515389e-11   12654
  2.561848e+00   4.107900e-09   1.413863e-03   2.550586e-11   13236
  2.584027e+00   4.145373e-09   1.029625e-02   2.535144e-11   13438
  2.606438e+00   4.427432e-09   1.012181e-02   2.654197e-11   14344
  2.629661e+00   4.430334e-09   6.369978e-03   2.660750e-11   14226
  2.651603e+00   4.559629e-09   5.375063e-03   2.727319e-11   14088
  2.673832e+00   4.684027e-09   0.000000e+00   2.807269e-11   14328
  2.696115e+00   4.839194e-09   6.956107e-03   2.823441e-11   14954
  2.718701e+00   4.869155e-09   5.274687e-03   2.786413e-11   15480
  2.741376e+00   5.015618e-09   7.311892e-03   2.907103e-11   14862
  2.762860e+00   5.115855e-09   8.882544e-03   2.908944e-11   15296
  2.785421e+00   5.262646e-09   8.201337e-03   2.925291e-11   15954
  2.807527e+00   5.431589e-09   6.909437e-03   3.085450e-11   15720
  2.829638e+00   5.443426e-09   2.819550e-03   3.003787e-11   16296
  2.852416e+00   5.605652e-09   4.233044e-03   3.053183e-11   17010
  2.874533e+00   5.769525e-09   3.789831e-03   3.164078e-11   16328
  2.896783e+00   5.794275e-09   4.009843e-03   3.147895e-11   17094
  2.919101e+00   5.972820e-09   9.093531e-03   3.204729e-11   17436
  2.941673e+00   6.122991e-09   9.351068e-03   3.227050e-11   17862
  2.964338e+00   6.177998e-09   8.105604e-03   3.238333e-11   18200
  2.987171e+00   6.409647e-09   1.750996e-03   3.359355e-11   18450
  3.009508e+00   6.488750e-09   4.005620e-03   3.359653e-11   18384
  3.031791e+00   6.701292e-09   6.228464e-03   3.485467e-11   18504
  3.054048e+00   6.828427e-09   4.736362e-03   3.453034e-11   19142
  3.076754e+00   6.995537e-09   6.394475e-03   3.505836e-11   19692
  3.099218e+00   7.129098e-09   6.541892e-03   3.655662e-11   19062
  3.121198e+00   7.224664e-09   0.000000e+00   3.572490e-11   20184
  3.143916e+00   7.347290e-09   7.990639e-03   3.754814e-11   19970
  3.166075e+00   7.452814e-09   0.000000e+00   3.731782e-11   20496
  3.188882e+00   7.567514e-09   9.334364e-03   3.689247e-11   21456
  3.211079e+00   7.678626e-09   6.375720e-03   3.912318e-11   19650
  3.232868e+00   7.878715e-09   1.046425e-02   3.697313e-11   22040
  3.255841e+00   8.032254e-09   1.373111e-02   3.942351e-11   21558
  3.278021e+00   8.191662e-09   0.000000e+00   3.974931e-11   21804
  3.300260e+00   8.283468e-09   8.703308e-03   3.932854e-11   21926
  3.322426e+00   8.408035e-09   1.046801e-02   3.992650e-11   22416
  3.344684e+00   8.571511e-09   9.056070e-03   3.965898e-11   22776
  3.367569e+00   8.763372e-09   6.968260e-03   4.016562e-11   23874
  3.390050e+00   8.808169e-09   1.444354e-03   4.037661e-11   23104
  3.412405e+00   8.874086e-09   0.000000e+00   4.047026e-11   23974
  3.434810e+00   9.110304e-09   1.481852e-02   4.220139e-11   23892
  3.456826e+00   9.322927e-09   0.000000e+00   4.359982e-11   23550
  3.478993e+00   9.400559e-09   7.099113e-03   4.258706e-11   25320
  3.501511e+00   9.541720e-09   1.263225e-02   4.323933e-11   24428
  3.523546e+00   9.612632e-09   8.667193e-03   4.262257e-11   25254
  3.546105e+00   9.747318e-09   0.000000e+00   4.277041e-11   26016
  3.568344e+00   9.968357e-09   1.525274e-03   4.471340e-11   25182
  3.590789e+00   1.005490e-08   3.761202e-03   4.335205e-11   27428
  3.613557e+00   1.021408e-08   5.948391e-03   4.495807e-11   25974
  3.635463e+00   1.038304e-08   9.680776e-03   4.465120e-11   26904
  3.657713e+00   1.055894e-08   2.777060e-03   4.607541e-11   26730
  3.679985e+00   1.054940e-08   0.000000e+00   4.511600e-11   27896
  3.702813e+00   1.077876e-08   1.135081e-02   4.493837e-11   28992
  3.725914e+00   1.098233e-08   3.850105e-03   4.567222e-11   28698
  3.747957e+00   1.110845e-08   0.000000e+00   4.766765e-11   27816
  3.770475e+00   1.118871e-08   0.000000e+00   4.603454e-11   29774
  3.793003e+00   1.134357e-08   7.051283e-03   4.674945e-11   29148
  3.815026e+00   1.146448e-08   0.000000e+00   4.782900e-11   28806
  3.837209e+00   1.151868e-08   1.241360e-02   4.693247e-11   30408
  3.859647e+00   1.180377e-08   0.000000e+00   4.754749e-11   30320
  3.882277e+00   1.188643e-08   0.000000e+00   4.828680e-11   30930
  3.904866e+00   1.195056e-08   0.000000e+00   4.786209e-11   31656
  3.926934e+00   1.213555e-08   1.996762e-03   4.964563e-11   30086
  3.949103e+00   1.236476e-08   1.455927e-02   4.853317e-11   32724
  3.971447e+00   1.235994e-08   8.176580e-03   4.966903e-11   30846
  3.993638e+00   1.264987e-08   3.062202e-03   4.882274e-11   33480
  4.016319e+00   1.260948e-08   1.172375e-02   4.944684e-11   32724
  4.038496e+00   1.270772e-08   7.605628e-03   5.021330e-11   32894
  4.060991e+00   1.290003e-08   0.000000e+00   4.937865e-11   34200
  4.083491e+00   1.304351e-08   9.316206e-03   5.033779e-11   33594
  4.105589e+00   1.327900e-08   0.000000e+00   5.067266e-11   34336
  4.128132e+00   1.343430e-08   2.741024e-03   5.139611e-11   34822
  4.150504e+00   1.355982e-08   0.000000e+00   5.116057e-11   35472
  4.172752e+00   1.354406e-08   0.000000e+00   5.184282e-11   34404
  4.194935e+00   1.356602e-08   0.000000e+00   5.080930e-11   36222
  4.217168e+00   1.377674e-08   6.775748e-03   5.148568e-11   35984
  4.239627e+00   1.399785e-08   9.877197e-03   5.262941e-11   36570
  4.261896e+00   1.399184e-08   0.000000e+00   5.186505e-11   37176
  4.284408e+00   1.419579e-08   0.000000e+00   5.215770e-11   37406
  4.306826e+00   1.440209e-08   0.000000e+00   5.233582e-11   38052
  4.329063e+00   1.454042e-08   0.000000e+00   5.376512e-11   37590
  4.351602e+00   1.456104e-08   1.161807e-02   5.195393e-11   39480
  4.373916e+00   1.479599e-08   0.000000e+00   5.422827e-11   38260
  4.396221e+00   1.474541e-08   1.156022e-02   5.259728e-11   39646
  4.418982e+00   1.508735e-08   6.705009e-03   5.337562e-11   40944
  4.441552e+00   1.505689e-08   0.000000e+00   5.389410e-11   39678
  4.463787e+00   1.526553e-08   0.000000e+00   5.368485e-11   40804
  4.486154e+00   1.525306e-08   0.000000e+00   5.361671e-11   40606
  4.508562e+00   1.550438e-08   1.457116e-02   5.379427e-11   42216
  4.531103e+00   1.551661e-08   0.000000e+00   5.443636e-11   41532
  4.553369e+00   1.571287e-08   0.000000e+00   5.386773e-11   41990
  4.575475e+00   1.568715e-08   1.610282e-02   5.449977e-11   42360
  4.598032e+00   1.600717e-08   6.102474e-03   5.443588e-11   43530
  4.620450e+00   1.595253e-08   9.234233e-03   5.440223e-11   43848
  4.642799e+00   1.624316e-08   0.000000e+00   5.583878e-11   42870
  4.665221e+00   1.626617e-08   1.485699e-02   5.431246e-11   46160
  4.687724e+00   1.639241e-08   5.885770e-03   5.581611e-11   43380
  4.709886e+00   1.649162e-08   0.000000e+00   5.517040e-11   45294
  4.732123e+00   1.663063e-08   1.436485e-02   5.526066e-11   45744
  4.754862e+00   1.656482e-08   0.000000e+00   5.493356e-11   46682
  4.777106e+00   1.675579e-08   8.022686e-03   5.579821e-11   45840
  4.799424e+00   1.703478e-08   0.000000e+00   5.611663e-11   47118
  4.821693e+00   1.704065e-08   2.076746e-02   5.626058e-11   47124
  4.844051e+00   1.720647e-08   4.760272e-03   5.616022e-11   47984
  4.866864e+00   1.716149e-08   8.950818e-03   5.565126e-11   49566
  4.888861e+00   1.736814e-08   4.423826e-03   5.750506e-11   46284
  4.910927e+00   1.759503e-08   1.503166e-02   5.602579e-11   49966
  4.933383e+00   1.766595e-08   1.144646e-02   5.709319e-11   49360
  4.955706e+00   1.769349e-08   2.546490e-03   5.655960e-11   49806
  4.978207e+00   1.776604e-08   1.228628e-02   5.594182e-11   51492
  5.000464e+00   1.775886e-08   1.637227e-02   5.711278e-11   49496
  5.022910e+00   1.791387e-08   1.640412e-02   5.551240e-11   53190
  5.045544e+00   1.793780e-08   0.000000e+00   5.705624e-11   51060
  5.067734e+00   1.824482e-08   0.000000e+00   5.684849e-11   52134
  5.089994e+00   1.817738e-08   1.055333e-02   5.625009e-11   53088
  5.112430e+00   1.843350e-08   7.696125e-03   5.731174e-11   52706
  5.134798e+00   1.844836e-08   1.082852e-02   5.625856e-11   54936
  5.157523e+00   1.855027e-08   0.000000e+00   5.683587e-11   53886
  5.179752e+00   1.854500e-08   0.000000e+00   5.694106e-11   54436
  5.201975e+00   1.885169e-08   0.000000e+00   5.821585e-11   55096
  5.224644e+00   1.873750e-08   0.000000e+00   5.647923e-11   56358
  5.246858e+00   1.865756e-08   0.000000e+00   5.687280e-11   55632
  5.269252e+00   1.885811e-08   2.144178e-02   5.653239e-11   56530
  5.291590e+00   1.900859e-08   0.000000e+00   5.671621e-11   57232
  5.313842e+00   1.928766e-08   0.000000e+00   5.786856e-11   56766
  5.336667e+00   1.915874e-08   0.000000e+00   5.503191e-11   60804
  5.358875e+00   1.940812e-08   0.000000e+00   5.890957e-11   55536
  5.381166e+00   1.933797e-08   2.723883e-02   5.592728e-11   61166
  5.403547e+00   1.938236e-08   0.000000e+00   5.818202e-11   57396
  5.425681e+00   1.950426e-08   1.276992e-02   5.666546e-11   60870
  5.448154e+00   1.961137e-08   0.000000e+00   5.711861e-11   60224
  5.470510e+00   1.966466e-08   1.863493e-02   5.689745e-11   61002
  5.492941e+00   1.974610e-08   1.731028e-02   5.666087e-11   62016
  5.515253e+00   1.972506e-08   0.000000e+00   5.696240e-11   60768
  5.537386e+00   1.995568e-08   2.530313e-02   5.701673e-11   62870
  5.560013e+00   2.003405e-08   9.342798e-03   5.734027e-11   63804
  5.582512e+00   2.002362e-08   1.155769e-02   5.710051e-11   63054
  5.604496e+00   2.022291e-08   9.551981e-03   5.763807e-11   63024
  5.626956e+00   2.023386e-08   0.000000e+00   5.696207e-11   65018
  5.649159e+00   2.022824e-08   1.655678e-02   5.711755e-11   64608
  5.671596e+00   2.028753e-08   0.000000e+00   5.729460e-11   65688
  5.693967e+00   2.024066e-08   2.432371e-02   5.656992e-11   65994
  5.716267e+00   2.041573e-08   0.000000e+00   5.634712e-11   66648
  5.738807e+00   2.029080e-08   1.694456e-02   5.563137e-11   67310
  5.761025e+00   2.056585e-08   0.000000e+00   5.739774e-11   67224
  5.783401e+00   2.049025e-08   4.601370e-03   5.661536e-11   68034
  5.805858e+00   2.055044e-08   0.000000e+00   5.599242e-11   69744
  5.828317e+00   2.071180e-08   1.292715e-02   5.686327e-11   68654
  5.851000e+00   2.068515e-08   1.725489e-02   5.542074e-11   72132
  5.873443e+00   2.067017e-08   1.014859e-02   5.634671e-11   68520
  5.895566e+00   2.073144e-08   1.645323e-02   5.655943e-11   71070
  5.918132e+00   2.078330e-08   0.000000e+00   5.593301e-11   71948
  5.940468e+00   2.070752e-08   2.492294e-02   5.561937e-11   71598
  5.962998e+00   2.092896e-08   0.000000e+00   5.552957e-11   73536
  5.985340e+00   2.112233e-08   2.975878e-02   5.654440e-11   71802
  6.007451e+00   2.090548e-08   0.000000e+00   5.569752e-11   73280
  6.029826e+00   2.100054e-08   0.000000e+00   5.569782e-11   73992
  6.052403e+00   2.093511e-08   1.334262e-02   5.450439e-11   75966
  6.074759e+00   2.120236e-08   0.000000e+00   5.616944e-11   74364
  6.097137e+00   2.122559e-08   1.767737e-02   5.537281e-11   76094
  6.119457e+00   2.125660e-08   0.000000e+00   5.585451e-11   76224
  6.141847e+00   2.125577e-08   1.045941e-02   5.588277e-11   76242
  6.163998e+00   2.118171e-08   0.000000e+00   5.560187e-11   76944
  6.186370e+00   2.128694e-08   0.000000e+00   5.478438e-11   78680
  6.209087e+00   2.133255e-08   1.893968e-02   5.503913e-11   79962
  6.231369e+00   2.148868e-08   1.059750e-02   5.623794e-11   77760
  6.253630e+00   2.146214e-08   2.288546e-02   5.497131e-11   79590
  6.276016e+00   2.158045e-08   0.000000e+00   5.490083e-11   80732
  6.298458e+00   2.164007e-08   2.885001e-02   5.476888e-11   81174
  6.320844e+00   2.143043e-08   1.060067e-02   5.426340e-11   80832
  6.342780e+00   2.168791e-08   2.905495e-02   5.543489e-11   79992
  6.365286e+00   2.158640e-08   0.000000e+00   5.413350e-11   84314
  6.387872e+00   2.167843e-08   0.000000e+00   5.412122e-11   83592
  6.410326e+00   2.171817e-08   2.143642e-02   5.461482e-11   83838
  6.432653e+00   2.159967e-08   0.000000e+00   5.395669e-11   83676
  6.454894e+00   2.182028e-08   1.402208e-02   5.434746e-11   84950
  6.477198e+00   2.175649e-08   0.000000e+00   5.420817e-11   84912
  6.499637e+00   2.178114e-08   2.620882e-02   5.390776e-11   87162
  6.522127e+00   2.172516e-08   0.000000e+00   5.366317e-11   86440
  6.544378e+00   2.187780e-08   0.000000e+00   5.390169e-11   86560
  6.566822e+00   2.189487e-08   3.838256e-03   5.341811e-11   88698
  6.589159e+00   2.200990e-08   3.295484e-02   5.358231e-11   88920
  6.611799e+00   2.176647e-08   0.000000e+00   5.333456e-11   88814
  6.634001e+00   2.202080e-08   5.664380e-03   5.352079e-11   90336
  6.656621e+00   2.184097e-08   0.000000e+00   5.319584e-11   90282
  6.678958e+00   2.189879e-08   0.000000e+00   5.304805e-11   90840
  6.701118e+00   2.195939e-08   2.325726e-02   5.286514e-11   91128
  6.723713e+00   2.195496e-08   0.000000e+00   5.289012e-11   92690
  6.745949e+00   2.199273e-08   0.000000e+00   5.280132e-11   92160
  6.768383e+00   2.198964e-08   0.000000e+00   5.249242e-11   93534
  6.790648e+00   2.202808e-08   0.000000e+00   5.248071e-11   93484
  6.813019e+00   2.192318e-08   5.344670e-03   5.210933e-11   95206
  6.835578e+00   2.201040e-08   1.001100e-02   5.179176e-11   96048
  6.857769e+00   2.198992e-08   1.017851e-02   5.244511e-11   93600
  6.880097e+00   2.185761e-08   0.000000e+00   5.138831e-11   97410
  6.902465e+00   2.214217e-08   2.971363e-02   5.174087e-11   97856
  6.925054e+00   2.194539e-08   0.000000e+00   5.155288e-11   97278
  6.947336e+00   2.200046e-08   1.826066e-02   5.108907e-11   98916
  6.969633e+00   2.201839e-08   0.000000e+00   5.161047e-11   96894
  6.991809e+00   2.187457e-08   0.000000e+00   5.040381e-11   100976
  7.014412e+00   2.204454e-08   0.000000e+00   5.079043e-11   100164
  7.036654e+00   2.190103e-08   0.000000e+00   5.064505e-11   100014
  7.058766e+00   2.199908e-08   2.173999e-02   5.072147e-11   101040
  7.081244e+00   2.190413e-08   0.000000e+00   5.005711e-11   102338
  7.103507e+00   2.214177e-08   1.338681e-02   5.060695e-11   102912
  7.126097e+00   2.206657e-08   0.000000e+00   5.004642e-11   104238
  7.148297e+00   2.190239e-08   2.130746e-02   5.001045e-11   103104
  7.170701e+00   2.206786e-08   1.916211e-02   4.982936e-11   105404
  7.193162e+00   2.197695e-08   0.000000e+00   4.987121e-11   105198
  7.215504e+00   2.215113e-08   0.000000e+00   4.964275e-11   106632
  7.237964e+00   2.181153e-08   2.790570e-02   4.896831e-11   106706
  7.260295e+00   2.196584e-08   0.000000e+00   4.933338e-11   106992
  7.282887e+00   2.202555e-08   0.000000e+00   4.904266e-11   110118
  7.305260e+00   2.186385e-08   3.391330e-02   4.885881e-11   108084
  7.327507e+00   2.203183e-08   1.223022e-02   4.932571e-11   108222
  7.350000e+00   2.189854e-08   0.000000e+00   4.829189e-11   112160
  7.372279e+00   2.192191e-08   1.991498e-02   4.925392e-11   108492
  7.394662e+00   2.194502e-08   2.395180e-02   4.823148e-11   113262
  7.417126e+00   2.175315e-08   0.000000e+00   4.808229e-11   111360
  7.439625e+00   2.176903e-08   0.000000e+00   4.719843e-11   114182
  7.461948e+00   2.174461e-08   3.621619e-02   4.761698e-11   112884
  7.484350e+00   2.184184e-08   6.332920e-03   4.770678e-11   113934
  7.506588e+00   2.179952e-08   0.000000e+00   4.773293e-11   114504
  7.529191e+00   2.185763e-08   0.000000e+00   4.745025e-11   117500
  7.551489e+00   2.177660e-08   2.543432e-02   4.749903e-11   114102
  7.573806e+00   2.172488e-08   9.965814e-03   4.641196e-11   118584
  7.596257e+00   2.166469e-08   0.000000e+00   4.717895e-11   115546
  7.618347e+00   2.181518e-08   2.270171e-02   4.701626e-11   118984
  7.640991e+00   2.176015e-08   4.264392e-03   4.685248e-11   119526
  7.663272e+00   2.168427e-08   3.488318e-03   4.667393e-11   119436
  7.685539e+00   2.169151e-08   0.000000e+00   4.664195e-11   118632
  7.707838e+00   2.159594e-08   2.530802e-02   4.593624e-11   122510
  7.730336e+00   2.166655e-08   0.000000e+00   4.592720e-11   121680
  7.752756e+00   2.165679e-08   0.000000e+00   4.641443e-11   121434
  7.774933e+00   2.149851e-08   0.000000e+00   4.554427e-11   123928
  7.797401e+00   2.172112e-08   0.000000e+00   4.579131e-11   123910
  7.819816e+00   2.139713e-08   0.000000e+00   4.507587e-11   124452
  7.842165e+00   2.166643e-08   0.000000e+00   4.586752e-11   125376
  7.864517e+00   2.140937e-08   2.293474e-02   4.520828e-11   126638
  7.886882e+00   2.147893e-08   9.330411e-03   4.516352e-11   125844
  7.909267e+00   2.131290e-08   0.000000e+00   4.475731e-11   128142
  7.931676e+00   2.132686e-08   4.612959e-03   4.435167e-11   128136
  7.953933e+00   2.136044e-08   9.948201e-03   4.468230e-11   127642
  7.976364e+00   2.136176e-08   0.000000e+00   4.418945e-11   131968
  7.999047e+00   2.133308e-08   0.000000e+00   4.435654e-11   130326
  8.021290e+00   2.122188e-08   2.259384e-02   4.370867e-11   131688
  8.043651e+00   2.120678e-08   1.190038e-02   4.388107e-11   130212
  8.065928e+00   2.124013e-08   0.000000e+00   4.392042e-11   132686
  8.088479e+00   2.124376e-08   0.000000e+00   4.307272e-11   135960
  8.110929e+00   2.114417e-08   1.796305e-02   4.365519e-11   131562
  8.132910e+00   2.108591e-08   1.372870e-02   4.328222e-11   134016
  8.155429e+00   2.108612e-08   0.000000e+00   4.248705e-11   136478
  8.177814e+00   2.101869e-08   3.077184e-02   4.281744e-11   136812
  8.200285e+00   2.106907e-08   1.985626e-02   4.258542e-11   137856
  8.222674e+00   2.098074e-08   0.000000e+00   4.271717e-11   135862
  8.244934e+00   2.095808e-08   0.000000e+00   4.193820e-11   140056
  8.267479e+00   2.093443e-08   2.659931e-02   4.242216e-11   139602
  8.289807e+00   2.080531e-08   0.000000e+00   4.207563e-11   139080
  8.312120e+00   2.079326e-08   0.000000e+00   4.164016e-11   140678
  8.334523e+00   2.088318e-08   1.443758e-02   4.182812e-11   142884
  8.356838e+00   2.082074e-08   1.143919e-02   4.195482e-11   139992
  8.379202e+00   2.073398e-08   0.000000e+00   4.112854e-11   144966
  8.401691e+00   2.058792e-08   0.000000e+00   4.070398e-11   143364
  8.423972e+00   2.059094e-08   2.070411e-02   4.102872e-11   144518
  8.446286e+00   2.065459e-08   2.206119e-02   4.107950e-11   145200
  8.468565e+00   2.059518e-08   0.000000e+00   4.097455e-11   143466
  8.490785e+00   2.050494e-08   0.000000e+00   4.013655e-11   148824
  8.513166e+00   2.057997e-08   1.649846e-02   4.047701e-11   145544
  8.535382e+00   2.025339e-08   0.000000e+00   4.013943e-11   148590
  8.557874e+00   2.053693e-08   0.000000e+00   4.008502e-11   150540
  8.580335e+00   2.030668e-08   3.027741e-02   3.981017e-11   150134
  8.602701e+00   2.037901e-08   0.000000e+00   3.981772e-11   151296
  8.625283e+00   2.027873e-08   0.000000e+00   3.967486e-11   152058
  8.647429e+00   2.015619e-08   1.781840e-02   3.941493e-11   150864
  8.669803e+00   2.030959e-08   1.690308e-02   3.951489e-11   154310
  8.692407e+00   1.998877e-08   0.000000e+00   3.862899e-11   155172
  8.714767e+00   2.014349e-08   0.000000e+00   3.898287e-11   154128
  8.737344e+00   1.996585e-08   1.360223e-02   3.822112e-11   158310
  8.759614e+00   1.997123e-08   2.032365e-02   3.906255e-11   153436
  8.781901e+00   1.994321e-08   0.000000e+00   3.842393e-11   157726
  8.804499e+00   1.994923e-08   0.000000e+00   3.786750e-11   160368
  8.826773e+00   1.987870e-08   1.016878e-02   3.819619e-11   155718
  8.849007e+00   1.974371e-08   0.000000e+00   3.754756e-11   160028
  8.871390e+00   1.975734e-08   0.000000e+00   3.774235e-11   160920
  8.893810e+00   1.968831e-08   1.490201e-02   3.763165e-11   161070
  8.916228e+00   1.970223e-08   3.301450e-02   3.715616e-11   163428
  8.938516e+00   1.952932e-08   0.000000e+00   3.721554e-11   159574
  8.960960e+00   1.966119e-08   0.000000e+00   3.701031e-11   167392
  8.983418e+00   1.963447e-08   2.637429e-02   3.701364e-11   162258
  9.005715e+00   1.941202e-08   1.520323e-02   3.636656e-11   167472
  9.028173e+00   1.950536e-08   0.000000e+00   3.692660e-11   163664
  9.050366e+00   1.942146e-08   0.000000e+00   3.644915e-11   166986
  9.072802e+00   1.929855e-08   1.831308e-02   3.572120e-11   169968
  9.095409e+00   1.927921e-08   0.000000e+00   3.609415e-11   167646
  9.117491e+00   1.926463e-08   0.000000e+00   3.617757e-11   168080
  9.139890e+00   1.926317e-08   1.709993e-02   3.549428e-11   170826
  9.162298e+00   1.909167e-08   0.000000e+00   3.560425e-11   170928
  9.184501e+00   1.915441e-08   1.924018e-02   3.557946e-11   170640
  9.206986e+00   1.904093e-08   0.000000e+00   3.529428e-11   173954
  9.229277e+00   1.896165e-08   2.927939e-02   3.494803e-11   173232
  9.251731e+00   1.890798e-08   0.000000e+00   3.493356e-11   174150
  9.274117e+00   1.894691e-08   0.000000e+00   3.481323e-11   176364
  9.296468e+00   1.890943e-08   1.880641e-02   3.476660e-11   175302
  9.318834e+00   1.879900e-08   9.414765e-03   3.463596e-11   177392
  9.341133e+00   1.883304e-08   1.929002e-02   3.464582e-11   176352
  9.363602e+00   1.866305e-08   0.000000e+00   3.413113e-11   180330
  9.386067e+00   1.867524e-08   1.078386e-02   3.393049e-11   180712
  9.408435e+00   1.853721e-08   1.729339e-02   3.387055e-11   179350
  9.430871e+00   1.857849e-08   1.532924e-02   3.347579e-11   183396
  9.453362e+00   1.857075e-08   0.000000e+00   3.386675e-11   180390
  9.475463e+00   1.847464e-08   0.000000e+00   3.381439e-11   181944
  9.497944e+00   1.846302e-08   0.000000e+00   3.315040e-11   185450
  9.520473e+00   1.832521e-08   6.446051e-03   3.299943e-11   186192
  9.542747e+00   1.830257e-08   2.191716e-02   3.318786e-11   183432
  9.565048e+00   1.827182e-08   0.000000e+00   3.301655e-11   185362
  9.587309e+00   1.825481e-08   3.872600e-03   3.260345e-11   188464
  9.609859e+00   1.819093e-08   0.000000e+00   3.259986e-11   188046
  9.632257e+00   1.802087e-08   1.525069e-02   3.217420e-11   191304
  9.654588e+00   1.805211e-08   2.669663e-02   3.249371e-11   186690
  9.677020e+00   1.802225e-08   0.000000e+00   3.198302e-11   194072
  9.699306e+00   1.799266e-08   2.326711e-02   3.223865e-11   188688
  9.721593e+00   1.783117e-08   0.000000e+00   3.176969e-11   192786
  9.743907e+00   1.788121e-08   8.904891e-03   3.184057e-11   193352
  9.766457e+00   1.785035e-08   0.000000e+00   3.166405e-11   195702
  9.788767e+00   1.785910e-08   3.145255e-02   3.168520e-11   195132
  9.811174e+00   1.772222e-08   0.000000e+00   3.113869e-11   195726
  9.833501e+00   1.761920e-08   0.000000e+00   3.103222e-11   197416
  9.855836e+00   1.769863e-08   8.742022e-03   3.110644e-11   196564
  9.878245e+00   1.758742e-08   2.176370e-02   3.086233e-11   201198
  9.900613e+00   1.750439e-08   6.114666e-03   3.089286e-11   197136
  9.922808e+00   1.749174e-08   0.000000e+00   3.060573e-11   199358
  9.945108e+00   1.733585e-08   2.984300e-02   3.022342e-11   203532
  9.967652e+00   1.741120e-08   0.000000e+00   3.039862e-11   201438
  9.989976e+00   1.732972e-08   0.000000e+00   3.018725e-11   203664
  1.001229e+01   1.725219e-08   2.976138e-02   2.974545e-11   203972
  1.003466e+01   1.717653e-08   2.364282e-02   2.999021e-11   205974
  1.005712e+01   1.724997e-08   0.000000e+00   2.979214e-11   205752
  1.007961e+01   1.707683e-08   0.000000e+00   2.955463e-11   207810
  1.010172e+01   1.712875e-08   3.887487e-02   2.984350e-11   206384
  1.012428e+01   1.703477e-08   0.000000e+00   2.925948e-11   210966
  1.014673e+01   1.699903e-08   0.000000e+00   2.928734e-11   210516
  1.016914e+01   1.695075e-08   0.000000e+00   2.914504e-11   209766
  1.019140e+01   1.682821e-08   4.388304e-02   2.875982e-11   212376
  1.021385e+01   1.692242e-08   0.000000e+00   2.911114e-11   212960
  1.023641e+01   1.670629e-08   0.000000e+00   2.856239e-11   214626
  1.025866e+01   1.675162e-08   3.212915e-02   2.874290e-11   213696
  1.028103e+01   1.666170e-08   3.112550e-02   2.829920e-11   215734
  1.030334e+01   1.663490e-08   0.000000e+00   2.838601e-11   213220
  1.032567e+01   1.666658e-08   0.000000e+00   2.809921e-11   219102
  1.034812e+01   1.648694e-08   3.666978e-02   2.789708e-11   220872
  1.037046e+01   1.655087e-08   5.383823e-02   2.820399e-11   216556
  1.039282e+01   1.647698e-08   4.153976e-02   2.780468e-11   221494
  1.041512e+01   1.643782e-08   4.619805e-02   2.791456e-11   219096
  1.043757e+01   1.644580e-08   3.361199e-02   2.759482e-11   224262
  1.046009e+01   1.630915e-08   0.000000e+00   2.760737e-11   222508
  1.048247e+01   1.632917e-08   0.000000e+00   2.740760e-11   222502
  1.050467e+01   1.623917e-08   4.331253e-02   2.725817e-11   227280
  1.052714e+01   1.625216e-08   2.075434e-02   2.724929e-11   223644
  1.054948e+01   1.613595e-08   0.000000e+00   2.707672e-11   226222
  1.057185e+01   1.611256e-08   0.000000e+00   2.652103e-11   229840
  1.059429e+01   1.605814e-08   2.820910e-02   2.691182e-11   228042
  1.061650e+01   1.607038e-08   0.000000e+00   2.682237e-11   227472
  1.063885e+01   1.598301e-08   0.000000e+00   2.641250e-11   230990
  1.066126e+01   1.596416e-08   6.976910e-03   2.647839e-11   233532
  1.068362e+01   1.595565e-08   3.170940e-02   2.634087e-11   231288
  1.070609e+01   1.581308e-08   0.000000e+00   2.626097e-11   233718
  1.072830e+01   1.583596e-08   0.000000e+00   2.621142e-11   232704
  1.075072e+01   1.578182e-08   3.323967e-02   2.582141e-11   239282
  1.077318e+01   1.571762e-08   4.028880e-02   2.602326e-11   234912
  1.079566e+01   1.570256e-08   0.000000e+00   2.568641e-11   238278
  1.081785e+01   1.556547e-08   4.036445e-02   2.557674e-11   237460
  1.084005e+01   1.571136e-08   2.922198e-02   2.578476e-11   236662
  1.086268e+01   1.552886e-08   0.000000e+00   2.509464e-11   246336
  1.088530e+01   1.553770e-08   0.000000e+00   2.530968e-11   241092
  1.090754e+01   1.540985e-08   3.715123e-02   2.507952e-11   242414
  1.092996e+01   1.544236e-08   1.389404e-02   2.505434e-11   243552
  1.095240e+01   1.542917e-08   0.000000e+00   2.512089e-11   243474
  1.097457e+01   1.537584e-08   2.706556e-02   2.499671e-11   245112
  1.099702e+01   1.534520e-08   2.853043e-02   2.457244e-11   246894
  1.101936e+01   1.522313e-08   2.085887e-02   2.464420e-11   247448
  1.104183e+01   1.528882e-08   0.000000e+00   2.468468e-11   247404
  1.106404e+01   1.520530e-08   4.306489e-02   2.459870e-11   249990
  1.108633e+01   1.518953e-08   4.072017e-02   2.441506e-11   249512
  1.110895e+01   1.511804e-08   0.000000e+00   2.416835e-11   253890
  1.113129e+01   1.508170e-08   0.000000e+00   2.428501e-11   250728
  1.115348e+01   1.508964e-08   5.136792e-02   2.406166e-11   253950
  1.117595e+01   1.494795e-08   0.000000e+00   2.377875e-11   254140
  1.119836e+01   1.502655e-08   0.000000e+00   2.372707e-11   255880
  1.122078e+01   1.490021e-08   3.290117e-02   2.355070e-11   258942
  1.124297e+01   1.490080e-08   4.971762e-02   2.386108e-11   253836
  1.126546e+01   1.489349e-08   0.000000e+00   2.350594e-11   260534
  1.128792e+01   1.480851e-08   0.000000e+00   2.331841e-11   259992
  1.131009e+01   1.491919e-08   5.034246e-02   2.367748e-11   258894
  1.133251e+01   1.473462e-08   4.052665e-02   2.313526e-11   263364
  1.135494e+01   1.474736e-08   0.000000e+00   2.333400e-11   259536
  1.137705e+01   1.463363e-08   2.270419e-02   2.307046e-11   263438
  1.139940e+01   1.471791e-08   4.616546e-02   2.304817e-11   265740
  1.142189e+01   1.462596e-08   0.000000e+00   2.293664e-11   264894
  1.144432e+01   1.456888e-08   0.000000e+00   2.261637e-11   269184
  1.146664e+01   1.459660e-08   4.370310e-02   2.277696e-11   266138
  1.148895e+01   1.457559e-08   3.109922e-02   2.265149e-11   270528
  1.151148e+01   1.457072e-08   0.000000e+00   2.270293e-11   268182
  1.153372e+01   1.445137e-08   0.000000e+00   2.249816e-11   270960
  1.155602e+01   1.446743e-08   5.303967e-02   2.221159e-11   274580
  1.157881e+01   1.434933e-08   0.000000e+00   2.208418e-11   276078
  1.160122e+01   1.442355e-08   0.000000e+00   2.232220e-11   273600
  1.162348e+01   1.436000e-08   4.363921e-02   2.212311e-11   274698
  1.164580e+01   1.430827e-08   4.743086e-02   2.194607e-11   276920
  1.166832e+01   1.431908e-08   0.000000e+00   2.182578e-11   276774
  1.169070e+01   1.419358e-08   0.000000e+00   2.186029e-11   279972
  1.171284e+01   1.420404e-08   3.832010e-02   2.179042e-11   276144
  1.173528e+01   1.418830e-08   1.914457e-02   2.167271e-11   282590
  1.175777e+01   1.420901e-08   0.000000e+00   2.168783e-11   282300
  1.178014e+01   1.413879e-08   0.000000e+00   2.147619e-11   283926
  1.180230e+01   1.410832e-08   5.082367e-02   2.160455e-11   279792
  1.182484e+01   1.409928e-08   0.000000e+00   2.128597e-11   287870
  1.184734e+01   1.406484e-08   0.000000e+00   2.140817e-11   286428
  1.186948e+01   1.406225e-08   4.992589e-02   2.135092e-11   284808
  1.189187e+01   1.393463e-08   1.733235e-02   2.110086e-11   289158
  1.191439e+01   1.400562e-08   0.000000e+00   2.103737e-11   290204
  1.193674e+01   1.397965e-08   0.000000e+00   2.103079e-11   290382
  1.195902e+01   1.390067e-08   3.340197e-02   2.084882e-11   291912
  1.198152e+01   1.391509e-08   0.000000e+00   2.084143e-11   290754
  1.200379e+01   1.386733e-08   1.684620e-02   2.084987e-11   296096
  1.202628e+01   1.392260e-08   2.801852e-02   2.071463e-11   294552
  1.204852e+01   1.382047e-08   5.042891e-02   2.087791e-11   293466
  1.207086e+01   1.384288e-08   0.000000e+00   2.062460e-11   296904
  1.209331e+01   1.382467e-08   0.000000e+00   2.064968e-11   298358
  1.211543e+01   1.376565e-08   4.939049e-02   2.061327e-11   297840
  1.213795e+01   1.374466e-08   1.901528e-02   2.032652e-11   301338
  1.216042e+01   1.368446e-08   0.000000e+00   2.037180e-11   300336
  1.218256e+01   1.369196e-08   5.311468e-02   2.008356e-11   303584
  1.220506e+01   1.362008e-08   4.407851e-02   2.025452e-11   304098
  1.222759e+01   1.366019e-08   0.000000e+00   2.022815e-11   304488
  1.224984e+01   1.362531e-08   4.857426e-02   2.020886e-11   306678
  1.227228e+01   1.366725e-08   0.000000e+00   2.022855e-11   305732
  1.229466e+01   1.360029e-08   1.611893e-02   1.997209e-11   309894
  1.231711e+01   1.355379e-08   2.611898e-02   1.993104e-11   310200
  1.233948e+01   1.360321e-08   0.000000e+00   1.992122e-11   307074
  1.236174e+01   1.350802e-08   5.008237e-02   1.969105e-11   315656
  1.238431e+01   1.353084e-08   0.000000e+00   1.974840e-11   310704
  1.240678e+01   1.341637e-08   0.000000e+00   1.953460e-11   314310
  1.242877e+01   1.348099e-08   5.939064e-02   1.972708e-11   312412
  1.245134e+01   1.349604e-08   0.000000e+00   1.959256e-11   318310
  1.247382e+01   1.340673e-08   0.000000e+00   1.961760e-11   315648
  1.249602e+01   1.344350e-08   4.711558e-02   1.935950e-11   320610
  1.251836e+01   1.337088e-08   0.000000e+00   1.964290e-11   313944
  1.254076e+01   1.337250e-08   0.000000e+00   1.915571e-11   325880
  1.256318e+01   1.334663e-08   4.694063e-02   1.939774e-11   319146
  1.258557e+01   1.339190e-08   0.000000e+00   1.928692e-11   322896
  1.260777e+01   1.328566e-08   5.220076e-02   1.922601e-11   322206
  1.263022e+01   1.337981e-08   0.000000e+00   1.922536e-11   327416
  1.265281e+01   1.333629e-08   0.000000e+00   1.923496e-11   325602
  1.267490e+01   1.321418e-08   6.350113e-02   1.897118e-11   328248
  1.269734e+01   1.333815e-08   0.000000e+00   1.914212e-11   326088
  1.271992e+01   1.324201e-08   0.000000e+00   1.903544e-11   331658
  1.274201e+01   1.331879e-08   5.698197e-02   1.895481e-11   331584
  1.276452e+01   1.323751e-08   2.739859e-02   1.903161e-11   330630
  1.278698e+01   1.322530e-08   0.000000e+00   1.878806e-11   333204
  1.280905e+01   1.325070e-08   6.491399e-02   1.885435e-11   333470
  1.283167e+01   1.319901e-08   0.000000e+00   1.875494e-11   335688
  1.285390e+01   1.328250e-08   2.236385e-02   1.885897e-11   336828
  1.287624e+01   1.314363e-08   2.968388e-02   1.869721e-11   337662
  1.289879e+01   1.321547e-08   0.000000e+00   1.868284e-11   338960
  1.292080e+01   1.315335e-08   5.934065e-02   1.866499e-11   338262
  1.294330e+01   1.316837e-08   5.025466e-02   1.856128e-11   344388
  1.296599e+01   1.311692e-08   0.000000e+00   1.862593e-11   342486
  1.298794e+01   1.313925e-08   7.522366e-02   1.864091e-11   343592
  1.301061e+01   1.317212e-08   0.000000e+00   1.847903e-11   347130
  1.303317e+01   1.308340e-08   0.000000e+00   1.852611e-11   346152
  1.305519e+01   1.314610e-08   7.192614e-02   1.856608e-11   345856
  1.307782e+01   1.312637e-08   0.000000e+00   1.852001e-11   349354
  1.310025e+01   1.312751e-08   0.000000e+00   1.843235e-11   352032
  1.312248e+01   1.311135e-08   6.049167e-02   1.843885e-11   348582
  1.314506e+01   1.311606e-08   0.000000e+00   1.835867e-11   352244
  1.316704e+01   1.312775e-08   7.342325e-02   1.829268e-11   351582
  1.318960e+01   1.306685e-08   1.383140e-02   1.829603e-11   357144
  1.321223e+01   1.313259e-08   0.000000e+00   1.829489e-11   355560
  1.323426e+01   1.310050e-08   6.918098e-02   1.826381e-11   354551
  1.325679e+01   1.318879e-08   1.103692e-02   1.825253e-11   358044
  1.327941e+01   1.322131e-08   0.000000e+00   1.833772e-11   355272
  1.330135e+01   1.331214e-08   7.500277e-02   1.849481e-11   352044
  1.332382e+01   1.335100e-08   0.000000e+00   1.836457e-11   352344
  1.334630e+01   1.336352e-08   0.000000e+00   1.828287e-11   356516
  1.336852e+01   1.344283e-08   5.238494e-02   1.838567e-11   352848
  1.339126e+01   1.344820e-08   0.000000e+00   1.844171e-11   352980
  1.341333e+01   1.354961e-08   4.489018e-02   1.868725e-11   348948
  1.343567e+01   1.358634e-08   3.833038e-02   1.858560e-11   351692
  1.345843e+01   1.356237e-08   0.000000e+00   1.846495e-11   353064
  1.348041e+01   1.355590e-08   6.682927e-02   1.868372e-11   345624
  1.350276e+01   1.364444e-08   0.000000e+00   1.867190e-11   347844
  1.352538e+01   1.365877e-08   0.000000e+00   1.880080e-11   351020
  1.354745e+01   1.368639e-08   6.187131e-02   1.893035e-11   345852
  1.356994e+01   1.364932e-08   1.183154e-02   1.876665e-11   347040
  1.359245e+01   1.372296e-08   0.000000e+00   1.897002e-11   345928
  1.361452e+01   1.374744e-08   6.242798e-02   1.894513e-11   347020
  1.363713e+01   1.376916e-08   0.000000e+00   1.923352e-11   343032
  1.365942e+01   1.375807e-08   0.000000e+00   1.911294e-11   343620
  1.368160e+01   1.378465e-08   6.458284e-02   1.912286e-11   343988
  1.370439e+01   1.378541e-08   0.000000e+00   1.913917e-11   344556
  1.372655e+01   1.380095e-08   4.701725e-02   1.924094e-11   343632
  1.374908e+01   1.377398e-08   0.000000e+00   1.939244e-11   340392
  1.377157e+01   1.381241e-08   0.000000e+00   1.936352e-11   339408
  1.379355e+01   1.378420e-08   8.015724e-02   1.933038e-11   341864
  1.381627e+01   1.374776e-08   0.000000e+00   1.926446e-11   341964
  1.383874e+01   1.382542e-08   0.000000e+00   1.977696e-11   334380
  1.386053e+01   1.377175e-08   7.534350e-02   1.956174e-11   336504
  1.388322e+01   1.376296e-08   1.923200e-02   1.951181e-11   339560
  1.390569e+01   1.383985e-08   0.000000e+00   1.973206e-11   336384
  1.392787e+01   1.374979e-08   7.942050e-02   1.968077e-11   337404
  1.395050e+01   1.371220e-08   0.000000e+00   1.978200e-11   330156
  1.397256e+01   1.376115e-08   6.168883e-02   1.971092e-11   337808
  1.399514e+01   1.373113e-08   0.000000e+00   1.990314e-11   332748
  1.401769e+01   1.374938e-08   0.000000e+00   1.986490e-11   333612
  1.403973e+01   1.370684e-08   6.300925e-02   1.993274e-11   331860
  1.406220e+01   1.371989e-08   2.923195e-02   2.002714e-11   328376
  1.408463e+01   1.365520e-08   0.000000e+00   1.988533e-11   331140
  1.410680e+01   1.360593e-08   7.624408e-02   1.971927e-11   332988
  1.412929e+01   1.364730e-08   3.019349e-02   2.007895e-11   325224
  1.415185e+01   1.359014e-08   0.000000e+00   1.991881e-11   331544
  1.417399e+01   1.360292e-08   7.158671e-02   2.006266e-11   327264
  1.419646e+01   1.357434e-08   0.000000e+00   2.019854e-11   322308
  1.421874e+01   1.352772e-08   2.368596e-02   1.998765e-11   328136
  1.424091e+01   1.348784e-08   5.398437e-02   2.004877e-11   323172
  1.426360e+01   1.341594e-08   0.000000e+00   1.979290e-11   325248
  1.428572e+01   1.349918e-08   6.708689e-02   2.018167e-11   324096
  1.430815e+01   1.336709e-08   0.000000e+00   1.991998e-11   321540
  1.433080e+01   1.333255e-08   0.000000e+00   1.994099e-11   323744
  1.435270e+01   1.332970e-08   7.488594e-02   1.999212e-11   317400
  1.437520e+01   1.330975e-08   1.911347e-02   1.993780e-11   322560
  1.439788e+01   1.327413e-08   0.000000e+00   1.989836e-11   320076
  1.441987e+01   1.331549e-08   7.741265e-02   2.007916e-11   317204
  1.444268e+01   1.318157e-08   0.000000e+00   1.980115e-11   323064
  1.446515e+01   1.319209e-08   0.000000e+00   2.008104e-11   315204
  1.448707e+01   1.317669e-08   8.423070e-02   2.010583e-11   315416
  1.450996e+01   1.310462e-08   0.000000e+00   2.004919e-11   316884
  1.453202e+01   1.313709e-08   5.037343e-02   2.004771e-11   312876
  1.455438e+01   1.300934e-08   5.890042e-02   1.990363e-11   315540
  1.457715e+01   1.296909e-08   0.000000e+00   1.987430e-11   312576
  1.459903e+01   1.295610e-08   8.400877e-02   2.001465e-11   312140
  1.462164e+01   1.293048e-08   2.074571e-02   1.993878e-11   310356
  1.464424e+01   1.293028e-08   0.000000e+00   2.002565e-11   311232
  1.466612e+01   1.286713e-08   7.555962e-02   2.003209e-11   307584
  1.468876e+01   1.281572e-08   3.467730e-02   1.984505e-11   310616
  1.471121e+01   1.282057e-08   0.000000e+00   2.008587e-11   304200
  1.473309e+01   1.264554e-08   8.400854e-02   1.972632e-11   306792
  1.475592e+01   1.267940e-08   0.000000e+00   1.991697e-11   306168
  1.477804e+01   1.258595e-08   0.000000e+00   1.961776e-11   304448
  1.480048e+01   1.259055e-08   7.301072e-02   1.967472e-11   308580
  1.482322e+01   1.256983e-08   0.000000e+00   1.986210e-11   299568
  1.484510e+01   1.250657e-08   7.205852e-02   1.970233e-11   304416
  1.486778e+01   1.247609e-08   3.978501e-02   1.973628e-11   302216
  1.489033e+01   1.247140e-08   0.000000e+00   1.973833e-11   300084
  1.491233e+01   1.234290e-08   9.062151e-02   1.960622e-11   299340
  1.493481e+01   1.239880e-08   0.000000e+00   1.981604e-11   296688
  1.495733e+01   1.227546e-08   0.000000e+00   1.954022e-11   298820
  1.497931e+01   1.217975e-08   8.695914e-02   1.941724e-11   296916
  1.500203e+01   1.219938e-08   0.000000e+00   1.945184e-11   295920
  1.502426e+01   1.214404e-08   9.072126e-03   1.967443e-11   292692
  1.504633e+01   1.210617e-08   8.011217e-02   1.930739e-11   295892
  1.506927e+01   1.200711e-08   0.000000e+00   1.925009e-11   293064
  1.509132e+01   1.203072e-08   4.310086e-02   1.947625e-11   293220
  1.511361e+01   1.196145e-08   3.950011e-02   1.950858e-11   286804
  1.513621e+01   1.186339e-08   0.000000e+00   1.912282e-11   293080
  1.515835e+01   1.182841e-08   7.935432e-02   1.910079e-11   291816
  1.518103e+01   1.182274e-08   0.000000e+00   1.920499e-11   287784
  1.520351e+01   1.175312e-08   0.000000e+00   1.913596e-11   286760
  1.522546e+01   1.177197e-08   8.408075e-02   1.928491e-11   287088
  1.524810e+01   1.164207e-08   0.000000e+00   1.915835e-11   286176
  1.527065e+01   1.164064e-08   0.000000e+00   1.904055e-11   284184
  1.529255e+01   1.156966e-08   7.449844e-02   1.903428e-11   282220
  1.531540e+01   1.147969e-08   0.000000e+00   1.886435e-11   284452
  1.533755e+01   1.151661e-08   0.000000e+00   1.904666e-11   279516
  1.535976e+01   1.136813e-08   8.113331e-02   1.866519e-11   282696
  1.538265e+01   1.139604e-08   0.000000e+00   1.886313e-11   278676
  1.540453e+01   1.134363e-08   8.315778e-02   1.873170e-11   279512
  1.542708e+01   1.125636e-08   1.225718e-02   1.881556e-11   276672
  1.544968e+01   1.123887e-08   0.000000e+00   1.868868e-11   276036
  1.547147e+01   1.111276e-08   8.130784e-02   1.855865e-11   274416
  1.549410e+01   1.114538e-08   3.783494e-02   1.861289e-11   275384
  1.551673e+01   1.109139e-08   0.000000e+00   1.852959e-11   274560
  1.553871e+01   1.097721e-08   8.943765e-02   1.847155e-11   272220
  1.556146e+01   1.101893e-08   0.000000e+00   1.854990e-11   270492
  1.558373e+01   1.097688e-08   0.000000e+00   1.848739e-11   271532
  1.560603e+01   1.085429e-08   5.398999e-02   1.822310e-11   272052
  1.562867e+01   1.089727e-08   0.000000e+00   1.848295e-11   264372
  1.565057e+01   1.076911e-08   4.910430e-02   1.832895e-11   268652
  1.567314e+01   1.075930e-08   5.668291e-02   1.830540e-11   266760
  1.569563e+01   1.069395e-08   0.000000e+00   1.824132e-11   262536
  1.571764e+01   1.065084e-08   8.900373e-02   1.807017e-11   266460
  1.574021e+01   1.063751e-08   0.000000e+00   1.829564e-11   261560
  1.576267e+01   1.053790e-08   0.000000e+00   1.808810e-11   262236
  1.578478e+01   1.050802e-08   7.921319e-02   1.813235e-11   261708
  1.580731e+01   1.056106e-08   0.000000e+00   1.820596e-11   258960
  1.582979e+01   1.035853e-08   0.000000e+00   1.795454e-11   258376
  1.585177e+01   1.040425e-08   7.589702e-02   1.796765e-11   258304
  1.587469e+01   1.037231e-08   0.000000e+00   1.791020e-11   259368
  1.589684e+01   1.029548e-08   3.636578e-02   1.786308e-11   253332
  1.591902e+01   1.029070e-08   7.925785e-02   1.786307e-11   254448
  1.594185e+01   1.014920e-08   0.000000e+00   1.769659e-11   255248
  1.596389e+01   1.015834e-08   8.210961e-02   1.781496e-11   252180
  1.598648e+01   1.018876e-08   3.178293e-02   1.775280e-11   252744
  1.600902e+01   1.005058e-08   0.000000e+00   1.774682e-11   247348
  1.603089e+01   1.005877e-08   9.883846e-02   1.755500e-11   250432
  1.605354e+01   9.980988e-09   0.000000e+00   1.760020e-11   247860
  1.607617e+01   9.941706e-09   0.000000e+00   1.754237e-11   247716
  1.609805e+01   9.928427e-09   8.241978e-02   1.759962e-11   242472
  1.612085e+01   9.812971e-09   0.000000e+00   1.733320e-11   248672
  1.614309e+01   9.782723e-09   3.583525e-02   1.753968e-11   239352
  1.616518e+01   9.731486e-09   6.643949e-02   1.732913e-11   245088
  1.618802e+01   9.662472e-09   0.000000e+00   1.731690e-11   239232
  1.620990e+01   9.731355e-09   8.829124e-02   1.736119e-11   240320
  1.623258e+01   9.619249e-09   0.000000e+00   1.731119e-11   239340
  1.625521e+01   9.626920e-09   0.000000e+00   1.742643e-11   237636
  1.627700e+01   9.549954e-09   8.400588e-02   1.721022e-11   235980
  1.629964e+01   9.440732e-09   0.000000e+00   1.720849e-11   235304
  1.632221e+01   9.488645e-09   0.000000e+00   1.709214e-11   234576
  1.634416e+01   9.387243e-09   7.848398e-02   1.715088e-11   232788
  1.636679e+01   9.366182e-09   0.000000e+00   1.702524e-11   230400
  1.638913e+01   9.335657e-09   0.000000e+00   1.695825e-11   231836
  1.641133e+01   9.252399e-09   8.413314e-02   1.682074e-11   231288
  1.643420e+01   9.255654e-09   0.000000e+00   1.711947e-11   226536
  1.645610e+01   9.194551e-09   6.606947e-02   1.693869e-11   226084
  1.647844e+01   9.177844e-09   5.527523e-02   1.682091e-11   227116
  1.650123e+01   9.161662e-09   0.000000e+00   1.687032e-11   223800
  1.652314e+01   9.039563e-09   8.960297e-02   1.676582e-11   223884
  1.654569e+01   9.056763e-09   0.000000e+00   1.671251e-11   222360
  1.656829e+01   8.966937e-09   0.000000e+00   1.665047e-11   221156
  1.659035e+01   8.933898e-09   9.977704e-02   1.668035e-11   221724
  1.661305e+01   9.000806e-09   0.000000e+00   1.682588e-11   217584
  1.663545e+01   8.848696e-09   0.000000e+00   1.655966e-11   217576
  1.665741e+01   8.830813e-09   1.034900e-01   1.652788e-11   215464
  1.668020e+01   8.826297e-09   0.000000e+00   1.658406e-11   215472
  1.670241e+01   8.751000e-09   2.632979e-02   1.655615e-11   213768
  1.672453e+01   8.775768e-09   8.957916e-02   1.665103e-11   210956
  1.674724e+01   8.676626e-09   0.000000e+00   1.656699e-11   211788
  1.676942e+01   8.675548e-09   4.875884e-02   1.646641e-11   211092
  1.679193e+01   8.646914e-09   3.630361e-02   1.642394e-11   209556
  1.681461e+01   8.615822e-09   0.000000e+00   1.666921e-11   206700
  1.683643e+01   8.570948e-09   8.462569e-02   1.646846e-11   206048
  1.685902e+01   8.540811e-09   0.000000e+00   1.649399e-11   204744
  1.688155e+01   8.502051e-09   0.000000e+00   1.650470e-11   202992
  1.690336e+01   8.544813e-09   9.372815e-02   1.649921e-11   201944
  1.692628e+01   8.418712e-09   0.000000e+00   1.628830e-11   203304
  1.694874e+01   8.439007e-09   0.000000e+00   1.644781e-11   200484
  1.697060e+01   8.385852e-09   1.009732e-01   1.647795e-11   195516
  1.699352e+01   8.354152e-09   0.000000e+00   1.639237e-11   198860
  1.701549e+01   8.385781e-09   4.491410e-02   1.639066e-11   195264
  1.703789e+01   8.245632e-09   6.544568e-02   1.627338e-11   195984
  1.706066e+01   8.296303e-09   0.000000e+00   1.640581e-11   191808
  1.708234e+01   8.300285e-09   7.645900e-02   1.645060e-11   190776
  1.710489e+01   8.163039e-09   1.560594e-02   1.621514e-11   192032
  1.712760e+01   8.230053e-09   0.000000e+00   1.646913e-11   188628
  1.714942e+01   8.096797e-09   1.063303e-01   1.616263e-11   189444
  1.717224e+01   8.118827e-09   0.000000e+00   1.627191e-11   186260
  1.719450e+01   8.127789e-09   0.000000e+00   1.635565e-11   184560
  1.721657e+01   8.054789e-09   9.632659e-02   1.625125e-11   185832
  1.723957e+01   8.039182e-09   0.000000e+00   1.612936e-11   182400
  1.726157e+01   8.016893e-09   4.632684e-02   1.634910e-11   181380
  1.728379e+01   7.980188e-09   8.072726e-02   1.623503e-11   180332
  1.730663e+01   7.970598e-09   0.000000e+00   1.623363e-11   178236
  1.732867e+01   7.930060e-09   5.713509e-02   1.628855e-11   179184
  1.735110e+01   7.943018e-09   7.395784e-02   1.629348e-11   175028
  1.737374e+01   7.897794e-09   0.000000e+00   1.637610e-11   175440
  1.739586e+01   7.834652e-09   7.968276e-02   1.621049e-11   174828
  1.741842e+01   7.887034e-09   0.000000e+00   1.628659e-11   169896
  1.744076e+01   7.820100e-09   0.000000e+00   1.634587e-11   171708
  1.746286e+01   7.750748e-09   1.020922e-01   1.625160e-11   169328
  1.748553e+01   7.787118e-09   0.000000e+00   1.622424e-11   167364
  1.750789e+01   7.686127e-09   3.735937e-02   1.610973e-11   168192
  1.752998e+01   7.761196e-09   9.178898e-02   1.628695e-11   163188
  1.755289e+01   7.652001e-09   0.000000e+00   1.600818e-11   166184
  1.757508e+01   7.666483e-09   4.690833e-02   1.625084e-11   161460
  1.759720e+01   7.709792e-09   8.529291e-02   1.628931e-11   159972
  1.761988e+01   7.629169e-09   0.000000e+00   1.629998e-11   159488
  1.764186e+01   7.671849e-09   7.956462e-02   1.625384e-11   158148
  1.766452e+01   7.589876e-09   0.000000e+00   1.627849e-11   158100
  1.768716e+01   7.570756e-09   0.000000e+00   1.624330e-11   155232
  1.770883e+01   7.654021e-09   9.127411e-02   1.652093e-11   151216
  1.773163e+01   7.500888e-09   0.000000e+00   1.619945e-11   155560
  1.775427e+01   7.565237e-09   0.000000e+00   1.641220e-11   151404
  1.777608e+01   7.515292e-09   1.084922e-01   1.630587e-11   148356
  1.779892e+01   7.498801e-09   0.000000e+00   1.656468e-11   147164
  1.782097e+01   7.528694e-09   2.937053e-02   1.629442e-11   147384
  1.784325e+01   7.389906e-09   7.275169e-02   1.640172e-11   145992
  1.786621e+01   7.466335e-09   0.000000e+00   1.643225e-11   143856
  1.788784e+01   7.507531e-09   7.193723e-02   1.667580e-11   140384
  1.791047e+01   7.355386e-09   3.523419e-02   1.633970e-11   143856
  1.793320e+01   7.485427e-09   0.000000e+00   1.660689e-11   136968
  1.795491e+01   7.369169e-09   9.980588e-02   1.650077e-11   139536
  1.797782e+01   7.396409e-09   0.000000e+00   1.663035e-11   136916
  1.800007e+01   7.428013e-09   0.000000e+00   1.669695e-11   133032
  1.802203e+01   7.265679e-09   1.002178e-01   1.651903e-11   135540
  1.804510e+01   7.436934e-09   0.000000e+00   1.679315e-11   132096
  1.806709e+01   7.378904e-09   0.000000e+00   1.684826e-11   129540
  1.808928e+01   7.194782e-09   9.798349e-02   1.653509e-11   130640
  1.811214e+01   7.395500e-09   0.000000e+00   1.677486e-11   126276
  1.813418e+01   7.225989e-09   5.937811e-02   1.663505e-11   128484
  1.815689e+01   7.285208e-09   1.746086e-02   1.690445e-11   124168
  1.817929e+01   7.289970e-09   0.000000e+00   1.685507e-11   122224
  1.820135e+01   7.226403e-09   8.822562e-02   1.698497e-11   123156
  1.822406e+01   7.350500e-09   0.000000e+00   1.700042e-11   119688
  1.824623e+01   7.261661e-09   0.000000e+00   1.721756e-11   116640
  1.826830e+01   7.194468e-09   1.034776e-01   1.669796e-11   119696
  1.829109e+01   7.354237e-09   0.000000e+00   1.722317e-11   114276
  1.831338e+01   7.140029e-09   0.000000e+00   1.723695e-11   114060
  1.833546e+01   7.251484e-09   9.715232e-02   1.734878e-11   112536
  1.835830e+01   7.247522e-09   0.000000e+00   1.730073e-11   112196
  1.838062e+01   7.180827e-09   4.317109e-02   1.735681e-11   109404
  1.840272e+01   7.303282e-09   5.467753e-02   1.761794e-11   105900
  1.842520e+01   7.136734e-09   0.000000e+00   1.736164e-11   107176
  1.844737e+01   7.134786e-09   7.248666e-02   1.718282e-11   105088
  1.846993e+01   7.254262e-09   2.672374e-02   1.760798e-11   103800
  1.849256e+01   7.176849e-09   0.000000e+00   1.771013e-11   101340
  1.851450e+01   7.259553e-09   8.174870e-02   1.786688e-11   100036
  1.853695e+01   7.191831e-09   0.000000e+00   1.789700e-11   97672
  1.855950e+01   7.143768e-09   0.000000e+00   1.771834e-11   97908
  1.858158e+01   7.237384e-09   8.631882e-02   1.788416e-11   95328
  1.860420e+01   7.134991e-09   0.000000e+00   1.784057e-11   93600
  1.862650e+01   7.154573e-09   0.000000e+00   1.802160e-11   92312
  1.864876e+01   7.161561e-09   7.171784e-02   1.817993e-11   91044
  1.867143e+01   7.158928e-09   0.000000e+00   1.811257e-11   88500
  1.869325e+01   7.159673e-09   5.392058e-02   1.843858e-11   86216
  1.871576e+01   7.135385e-09   0.000000e+00   1.818802e-11   87159
  1.873869e+01   7.124757e-09   0.000000e+00   1.822903e-11   86064
  1.876070e+01   7.101833e-09   8.472112e-02   1.859240e-11   81648
  1.878304e+01   7.100962e-09   0.000000e+00   1.853730e-11   81654
  1.880569e+01   7.017377e-09   0.000000e+00   1.853319e-11   81284
  1.882790e+01   7.044790e-09   6.113436e-02   1.905524e-11   78888
  1.885026e+01   6.983230e-09   2.200060e-02   1.894560e-11   77250
  1.887247e+01   7.028358e-09   0.000000e+00   1.918630e-11   75942
  1.889470e+01   6.890472e-09   6.512783e-02   1.862415e-11   77042
  1.891754e+01   6.920170e-09   0.000000e+00   1.930828e-11   74094
  1.893984e+01   6.885493e-09   3.747265e-02   1.923258e-11   73818
  1.896216e+01   6.837902e-09   0.000000e+00   1.944891e-11   70998
  1.898457e+01   6.754262e-09   0.000000e+00   1.913553e-11   72044
  1.900692e+01   6.749202e-09   6.836996e-02   1.943543e-11   69426
  1.902943e+01   6.728765e-09   0.000000e+00   1.960443e-11   69288
  1.905177e+01   6.652176e-09   0.000000e+00   1.964920e-11   67068
  1.907382e+01   6.566259e-09   7.394382e-02   1.954407e-11   66926
  1.909641e+01   6.611926e-09   6.153726e-02   1.970436e-11   66348
  1.911910e+01   6.575164e-09   0.000000e+00   1.983499e-11   64728
  1.914115e+01   6.470372e-09   0.000000e+00   1.986601e-11   62820
  1.916349e+01   6.416863e-09   0.000000e+00   1.967877e-11   63716
  1.918611e+01   6.475635e-09   1.764549e-02   1.992484e-11   62160
  1.920843e+01   6.306478e-09   0.000000e+00   1.989279e-11   59940
  1.923057e+01   6.331453e-09   1.529355e-02   2.016030e-11   60112
  1.925291e+01   6.302924e-09   6.768935e-02   2.027788e-11   59668
  1.927559e+01   6.232308e-09   0.000000e+00   2.041098e-11   57618
  1.929770e+01   6.146328e-09   2.335062e-02   2.005971e-11   56868
  1.931984e+01   6.193089e-09   6.546812e-02   2.028963e-11   56684
  1.934233e+01   6.019646e-09   2.791547e-02   2.009207e-11   55536
  1.936485e+01   5.956601e-09   0.000000e+00   2.009486e-11   54342
  1.938725e+01   5.996609e-09   2.243830e-02   2.019524e-11   54768
  1.940942e+01   5.932717e-09   6.461430e-02   2.040194e-11   52094
  1.943180e+01   5.744052e-09   0.000000e+00   1.982281e-11   52224
  1.945450e+01   5.774553e-09   0.000000e+00   2.002182e-11   52188
  1.947673e+01   5.772714e-09   5.801792e-02   2.023160e-11   50190
  1.949884e+01   5.656760e-09   4.801323e-02   2.021094e-11   49224
  1.952138e+01   5.598139e-09   0.000000e+00   2.015638e-11   49094
  1.954399e+01   5.644138e-09   1.747810e-02   2.017766e-11   49488
  1.956638e+01   5.468489e-09   6.103292e-02   2.017612e-11   46830
  1.958846e+01   5.418058e-09   1.294008e-02   2.011090e-11   45860
  1.961092e+01   5.417597e-09   0.000000e+00   1.992820e-11   46770
  1.963346e+01   5.318352e-09   2.772023e-02   1.981563e-11   45468
  1.965581e+01   5.246423e-09   4.276527e-02   1.964913e-11   44130
  1.967806e+01   5.343643e-09   0.000000e+00   2.082451e-11   43230
  1.970046e+01   5.155509e-09   0.000000e+00   1.957097e-11   44108
  1.972303e+01   5.070762e-09   4.120247e-02   1.959736e-11   42162
  1.974534e+01   5.038360e-09   4.063844e-02   1.981910e-11   41358
  1.976747e+01   5.019746e-09   0.000000e+00   1.978365e-11   40456
  1.978986e+01   4.883109e-09   3.824300e-02   1.939061e-11   41230
  1.981261e+01   4.869133e-09   4.970729e-02   1.962590e-11   39906
  1.983504e+01   4.850782e-09   0.000000e+00   1.992564e-11   38508
  1.985706e+01   4.787441e-09   0.000000e+00   1.959747e-11   37854
  1.987929e+01   4.636151e-09   6.043404e-02   1.960282e-11   38162
  1.990205e+01   4.641995e-09   2.808994e-02   1.950501e-11   37212
  1.992451e+01   4.620941e-09   0.000000e+00   1.953854e-11   36450
  1.994642e+01   4.548077e-09   3.383615e-02   1.996366e-11   34718
  1.996863e+01   4.411332e-09   2.592612e-02   1.860341e-11   35814
  1.999141e+01   4.408104e-09   2.256368e-02   1.932113e-11   34896
  2.001389e+01   4.352514e-09   0.000000e+00   1.902196e-11   33822
  2.003574e+01   4.310930e-09   4.846830e-02   1.915871e-11   32522
  2.005819e+01   4.196241e-09   0.000000e+00   1.869911e-11   33630
  2.008095e+01   4.111615e-09   0.000000e+00   1.843593e-11   32166
  2.010309e+01   4.134069e-09   2.233057e-02   1.882467e-11   31200
  2.012503e+01   4.077850e-09   1.953705e-02   1.877846e-11   30598
  2.014747e+01   3.980474e-09   2.389198e-02   1.824421e-11   31138
  2.017040e+01   3.915392e-09   0.000000e+00   1.809631e-11   30510
  2.019273e+01   3.913116e-09   3.638727e-02   1.844027e-11   28998
  2.021466e+01   3.866721e-09   0.000000e+00   1.839461e-11   28290
  2.023706e+01   3.785430e-09   4.572866e-02   1.809908e-11   29126
  2.026000e+01   3.723713e-09   0.000000e+00   1.809055e-11   28008
  2.028237e+01   3.668885e-09   1.405525e-02   1.801590e-11   27222
  2.030447e+01   3.627365e-09   2.193466e-02   1.799667e-11   26426
  2.032684e+01   3.523152e-09   1.915586e-02   1.727567e-11   26694
  2.034949e+01   3.484359e-09   2.438193e-02   1.770319e-11   25734
  2.037195e+01   3.457264e-09   0.000000e+00   1.731199e-11   25458
  2.039398e+01   3.420677e-09   0.000000e+00   1.741267e-11   24198
  2.041647e+01   3.308079e-09   0.000000e+00   1.671313e-11   25034
  2.043921e+01   3.252394e-09   2.182313e-02   1.719509e-11   23718
  2.046141e+01   3.265568e-09   0.000000e+00   1.777347e-11   23094
  2.048325e+01   3.252710e-09   3.040165e-02   1.777808e-11   22416
  2.050574e+01   3.101791e-09   8.802534e-03   1.653029e-11   23078
  2.052882e+01   3.098478e-09   0.000000e+00   1.660935e-11   22386
  2.055117e+01   2.990086e-09   0.000000e+00   1.656779e-11   21126
  2.057282e+01   2.983560e-09   0.000000e+00   1.643435e-11   20366
  2.059512e+01   2.872741e-09   4.329272e-02   1.575055e-11   21354
  2.061826e+01   2.857815e-09   0.000000e+00   1.608843e-11   20478
  2.064058e+01   2.808875e-09   0.000000e+00   1.614277e-11   19458
  2.066222e+01   2.805595e-09   1.291657e-02   1.624988e-11   18758
  2.068455e+01   2.718204e-09   4.449085e-02   1.567955e-11   19566
  2.070765e+01   2.616386e-09   2.751775e-02   1.528996e-11   18858
  2.073007e+01   2.613652e-09   1.513481e-02   1.578144e-11   17790
  2.075166e+01   2.593129e-09   0.000000e+00   1.591898e-11   17114
  2.077403e+01   2.509580e-09   0.000000e+00   1.528063e-11   17982
  2.079711e+01   2.496260e-09   0.000000e+00   1.570725e-11   17190
  2.081959e+01   2.474637e-09   0.000000e+00   1.526561e-11   16458
  2.084116e+01   2.427169e-09   3.327288e-02   1.580710e-11   15494
  2.086347e+01   2.276878e-09   1.295570e-02   1.434261e-11   16374
  2.088669e+01   2.290402e-09   3.730819e-03   1.484366e-11   15858
  2.090920e+01   2.238288e-09   0.000000e+00   1.458330e-11   14862
  2.093069e+01   2.258989e-09   0.000000e+00   1.486703e-11   14082
  2.095310e+01   2.104570e-09   0.000000e+00   1.372129e-11   14990
  2.097639e+01   2.090139e-09   1.332451e-02   1.391380e-11   14358
  2.099882e+01   2.093505e-09   0.000000e+00   1.436088e-11   13386
  2.102007e+01   2.075873e-09   0.000000e+00   1.456921e-11   12678
  2.104251e+01   1.948555e-09   2.720815e-02   1.354023e-11   13700
  2.106595e+01   1.886681e-09   1.502868e-02   1.323731e-11   12942
  2.108844e+01   1.927293e-09   3.896716e-02   1.381123e-11   12198
  2.110946e+01   1.910569e-09   0.000000e+00   1.430884e-11   11106
  2.113175e+01   1.765153e-09   0.000000e+00   1.296856e-11   12494
  2.115525e+01   1.730766e-09   2.917805e-02   1.281024e-11   11610
  2.117792e+01   1.736005e-09   0.000000e+00   1.288348e-11   11094
  2.119894e+01   1.738768e-09   1.893667e-02   1.411606e-11   9902
  2.122114e+01   1.627698e-09   1.808451e-02   1.262417e-11   11226
  2.124465e+01   1.580621e-09   0.000000e+00   1.211117e-11   10326
  2.126733e+01   1.607451e-09   2.235334e-02   1.287414e-11   10074
  2.128853e+01   1.577004e-09   1.295379e-02   1.338549e-11   8766
  2.131054e+01   1.489037e-09   0.000000e+00   1.228030e-11   9950
  2.133400e+01   1.460249e-09   1.430657e-02   1.224680e-11   9252
  2.135668e+01   1.439382e-09   0.000000e+00   1.233558e-11   8886
  2.137785e+01   1.412403e-09   0.000000e+00   1.231055e-11   7850
  2.140006e+01   1.320012e-09   1.254166e-02   1.123238e-11   8886
  2.142357e+01   1.332777e-09   0.000000e+00   1.186516e-11   8142
  2.144599e+01   1.283213e-09   1.810070e-02   1.145220e-11   7746
  2.146692e+01   1.283690e-09   2.112783e-02   1.206051e-11   6926
  2.148956e+01   1.169932e-09   0.000000e+00   1.068325e-11   7974
  2.151315e+01   1.154206e-09   2.046628e-02   1.097985e-11   7074
  2.153530e+01   1.123749e-09   7.518032e-03   1.081811e-11   6744
  2.155612e+01   1.161505e-09   2.576314e-02   1.146197e-11   6114
  2.157915e+01   1.034143e-09   0.000000e+00   9.960901e-12   7094
  2.160315e+01   1.031433e-09   0.000000e+00   1.070206e-11   6174
  2.162502e+01   1.022856e-09   0.000000e+00   1.079712e-11   5754
  2.164529e+01   1.048186e-09   0.000000e+00   1.133699e-11   5214
  2.166862e+01   9.127813e-10   0.000000e+00   9.051661e-12   6338
  2.169327e+01   8.629847e-10   7.221153e-03   9.615164e-12   5352
  2.171490e+01   8.773832e-10   0.000000e+00   9.790747e-12   4830
  2.173422e+01   9.110568e-10   8.390020e-03   1.061612e-11   4338
  2.175768e+01   7.812889e-10   0.000000e+00   8.041741e-12   5558
  2.178338e+01   7.537650e-10   1.528153e-02   8.576154e-12   4866
  2.180546e+01   7.535862e-10   2.529431e-02   1.010163e-11   3846
  2.182302e+01   7.931069e-10   0.000000e+00   1.025464e-11   3518
  2.184657e+01   6.614574e-10   2.349167e-02   7.595267e-12   4812
  2.187303e+01   6.353402e-10   1.229796e-02   7.495851e-12   4278
  2.189596e+01   6.351825e-10   2.187650e-02   9.461234e-12   3174
  2.191184e+01   7.121090e-10   0.000000e+00   1.020937e-11   2738
  2.193531e+01   5.617917e-10   1.078394e-02   6.970525e-12   4086
  2.196231e+01   5.487910e-10   0.000000e+00   7.544071e-12   3666
  2.198633e+01   5.412499e-10   1.560302e-02   8.588924e-12   2712
  2.200065e+01   6.170749e-10   8.909745e-03   1.010098e-11   1998
  2.202400e+01   4.700514e-10   1.250603e-02   6.146395e-12   3434
  2.205156e+01   4.402277e-10   3.627316e-03   6.187140e-12   3078
  2.207673e+01   4.085443e-10   1.093850e-02   6.807390e-12   2334
  2.208953e+01   4.990917e-10   0.000000e+00   9.179574e-12   1340
  2.211267e+01   3.895897e-10   0.000000e+00   5.640383e-12   2838
  2.214088e+01   3.421818e-10   0.000000e+00   5.080729e-12   2538
  2.216722e+01   3.155101e-10   1.096895e-02   5.749557e-12   1974
  2.217777e+01   4.468035e-10   1.395236e-02   1.176447e-11   774
  2.220101e+01   2.956500e-10   0.000000e+00   4.562859e-12   2300
  2.222993e+01   2.741724e-10   1.583450e-02   4.962467e-12   2046
  2.225746e+01   2.482455e-10   4.801075e-03   5.348803e-12   1626
  2.226602e+01   3.778569e-10   8.346394e-03   1.414356e-11   390
  2.228919e+01   2.361944e-10   8.471547e-03   4.371793e-12   1766
  2.231856e+01   2.125367e-10   0.000000e+00   4.089877e-12   1596
  2.234725e+01   1.791644e-10   0.000000e+00   3.641542e-12   1302
  2.235429e+01   3.287998e-10   0.000000e+00   2.152300e-11   150
  2.237750e+01   1.777597e-10   2.852828e-03   3.838605e-12   1298
  2.240698e+01   1.701323e-10   0.000000e+00   3.919913e-12   1158
  2.243630e+01   1.429760e-10   4.741179e-03   3.510885e-12   996
  2.244707e+01   2.471864e-10   1.161396e-02   2.598552e-11   38
  2.246603e+01   1.221536e-10   0.000000e+00   3.524124e-12   894
  2.249555e+01   1.129088e-10   1.047578e-02   3.264525e-12   786
  2.252511e+01   9.558620e-11   0.000000e+00   3.132489e-12   678
  2.255323e+01   6.643158e-11   0.000000e+00   1.417644e-11   8
  2.255472e+01   7.566089e-11   9.506613e-03   2.531114e-12   570
  2.258430e+01   6.878868e-11   1.020224e-02   2.289261e-12   486
  2.261392e+01   5.742243e-11   0.000000e+00   2.477646e-12   402
  2.264273e+01   2.476295e-11   0.000000e+00   5.297214e-12   8
  2.264359e+01   5.137664e-11   1.179067e-02   2.261723e-12   318
  2.267323e+01   3.241633e-11   0.000000e+00   1.450498e-12   258
  2.270292e+01   2.852844e-11   0.000000e+00   1.464727e-12   198
  2.273223e+01   2.461413e-11   0.000000e+00   5.541498e-12   8
  2.273265e+01   2.310152e-11   0.000000e+00   1.624184e-12   138
  2.276235e+01   1.201851e-11   3.869981e-03   7.924101e-13   102
  2.279209e+01   1.010128e-11   7.048534e-03   1.049546e-12   66
  2.282185e+01   8.413607e-12   0.000000e+00   7.905660e-13   38
  2.285163e+01   2.594037e-12   0.000000e+00   4.208970e-13   18
  2.288143e+01   1.705688e-12   0.000000e+00   1.663836e-13   6
