# power spectrum of delta
# redshift z=1.112200
# k              Pk             sigma(k)       sigma(Pk)      count
  5.167109e-02   1.319452e-02   1.693076e-05   5.009659e-03   6
  7.307396e-02   7.118655e-02   0.000000e+00   1.551786e-02   12
  9.543063e-02   7.696010e-02   6.851560e-03   1.387956e-02   14
  1.210540e-01   1.287580e-01   5.513588e-03   1.437806e-02   48
  1.524803e-01   1.662442e-01   4.005064e-03   1.847225e-02   42
  1.673860e-01   1.544731e-01   3.987272e-03   2.085697e-02   48
  1.897915e-01   2.238373e-01   4.780100e-03   2.337845e-02   80
  2.150919e-01   3.059457e-01   3.711353e-03   2.599431e-02   90
  2.344483e-01   2.763616e-01   5.827848e-03   2.788427e-02   120
  2.619469e-01   3.818746e-01   4.897654e-03   2.793604e-02   158
  2.801601e-01   4.251364e-01   2.324249e-03   4.418812e-02   120
  3.021033e-01   4.581608e-01   5.194979e-03   3.153026e-02   186
  3.263478e-01   5.291125e-01   7.104259e-03   3.112082e-02   264
  3.460484e-01   6.334506e-01   3.835370e-03   4.432613e-02   168
  3.711847e-01   6.740599e-01   6.854707e-03   3.735464e-02   386
  3.922192e-01   5.465285e-01   4.147837e-03   3.969506e-02   192
  4.129151e-01   8.178732e-01   6.800624e-03   4.038093e-02   390
  4.361657e-01   7.470365e-01   7.120246e-03   3.876880e-02   396
  4.580089e-01   8.652354e-01   7.064082e-03   4.436167e-02   398
  4.820215e-01   8.928161e-01   6.923992e-03   3.517822e-02   576
  5.056520e-01   8.821366e-01   7.024453e-03   4.302017e-02   444
  5.263213e-01   1.176333e+00   6.337769e-03   4.620370e-02   590
  5.498572e-01   1.156765e+00   6.940338e-03   4.322848e-02   648
  5.728135e-01   1.240743e+00   6.142360e-03   5.269587e-02   654
  5.932093e-01   1.303736e+00   5.094857e-03   4.909101e-02   636
  6.160086e-01   1.393882e+00   7.638490e-03   4.611214e-02   830
  6.374011e-01   1.528997e+00   5.498339e-03   5.233095e-02   792
  6.592753e-01   1.576100e+00   5.654942e-03   5.957719e-02   804
  6.816774e-01   1.755847e+00   6.979494e-03   5.809020e-02   1038
  7.033658e-01   1.738619e+00   5.466907e-03   5.543499e-02   936
  7.268733e-01   1.718904e+00   6.387959e-03   5.051095e-02   1130
  7.481801e-01   1.949606e+00   5.932183e-03   5.802279e-02   1104
  7.715689e-01   1.970033e+00   6.595546e-03   5.675940e-02   1230
  7.929568e-01   2.162940e+00   6.702668e-03   5.740270e-02   1260
  8.146859e-01   2.259740e+00   5.798096e-03   6.291693e-02   1286
  8.392614e-01   2.197075e+00   7.027488e-03   5.372252e-02   1728
  8.625481e-01   2.410050e+00   6.212888e-03   6.593044e-02   1392
  8.846806e-01   2.616697e+00   5.904316e-03   6.316879e-02   1626
  9.073659e-01   2.525448e+00   6.975646e-03   6.197570e-02   1760
  9.301438e-01   2.684407e+00   5.768668e-03   6.790079e-02   1686
  9.516169e-01   2.745192e+00   5.867806e-03   6.342307e-02   1812
  9.735730e-01   2.945913e+00   6.752246e-03   6.630648e-02   1862
  9.960116e-01   3.080168e+00   6.018286e-03   6.452643e-02   2160
  1.018588e+00   3.212332e+00   6.151975e-03   7.640656e-02   1956
  1.041303e+00   3.197179e+00   6.911344e-03   6.357890e-02   2454
  1.063469e+00   3.458813e+00   5.402925e-03   7.363561e-02   2048
  1.085716e+00   3.571619e+00   7.029288e-03   7.099552e-02   2538
  1.107675e+00   3.838294e+00   5.880830e-03   7.657921e-02   2400
  1.129871e+00   3.993950e+00   6.994229e-03   8.200996e-02   2526
  1.152016e+00   3.814979e+00   6.936203e-03   7.116486e-02   2856
  1.175115e+00   4.078749e+00   6.515669e-03   7.435484e-02   2804
  1.197929e+00   4.405090e+00   6.765387e-03   8.259019e-02   2958
  1.219641e+00   4.658837e+00   6.542999e-03   8.444830e-02   2976
  1.242553e+00   4.650334e+00   6.566272e-03   8.061960e-02   3194
  1.264005e+00   4.955528e+00   6.560423e-03   9.048833e-02   3120
  1.287240e+00   4.958834e+00   6.636612e-03   8.461335e-02   3606
  1.309415e+00   5.180731e+00   6.055094e-03   8.763017e-02   3276
  1.331019e+00   5.062869e+00   6.857598e-03   8.071434e-02   3600
  1.353243e+00   5.549878e+00   6.066651e-03   0.000000e+00   3638
  1.374639e+00   5.848216e+00   6.416366e-03   0.000000e+00   3744
  1.397786e+00   5.797148e+00   6.647095e-03   0.000000e+00   4170
  1.419913e+00   5.920762e+00   6.290961e-03   0.000000e+00   3984
  1.442451e+00   6.201828e+00   6.343240e-03   0.000000e+00   4334
  1.464688e+00   6.323754e+00   5.884242e-03   0.000000e+00   4284
  1.486648e+00   6.584232e+00   7.105982e-03   0.000000e+00   4374
  1.509609e+00   6.937825e+00   6.300470e-03   0.000000e+00   5016
  1.532223e+00   6.729352e+00   6.097142e-03   0.000000e+00   4580
  1.554765e+00   7.105149e+00   7.141335e-03   0.000000e+00   5142
  1.577761e+00   7.321687e+00   6.851023e-03   0.000000e+00   5184
  1.600276e+00   7.471900e+00   5.338187e-03   0.000000e+00   5058
  1.621911e+00   7.494945e+00   6.363006e-03   0.000000e+00   5384
  1.645046e+00   7.599090e+00   7.224314e-03   0.000000e+00   5622
  1.667363e+00   7.652807e+00   6.070707e-03   0.000000e+00   5736
  1.689585e+00   8.289168e+00   5.459726e-03   0.000000e+00   5596
  1.711913e+00   8.405621e+00   6.878032e-03   0.000000e+00   6070
  1.734057e+00   8.535236e+00   5.342686e-03   0.000000e+00   6096
  1.757161e+00   8.605083e+00   6.592580e-03   0.000000e+00   6474
  1.778536e+00   9.055427e+00   6.327436e-03   0.000000e+00   6024
  1.801398e+00   9.031805e+00   6.368825e-03   0.000000e+00   7070
  1.824047e+00   9.414818e+00   5.220653e-03   0.000000e+00   6516
  1.845773e+00   9.568521e+00   6.238668e-03   0.000000e+00   6936
  1.868451e+00   9.807083e+00   6.316038e-03   0.000000e+00   7110
  1.890389e+00   1.011632e+01   4.617207e-03   0.000000e+00   7244
  1.913597e+00   1.029570e+01   6.891100e-03   0.000000e+00   7878
  1.936074e+00   1.027637e+01   6.604878e-03   0.000000e+00   7344
  1.957840e+00   1.054527e+01   6.902792e-03   0.000000e+00   7694
  1.980517e+00   1.079481e+01   6.684202e-03   0.000000e+00   8412
  2.003290e+00   1.086313e+01   6.920777e-03   0.000000e+00   7920
  2.024934e+00   1.113035e+01   5.844710e-03   0.000000e+00   8118
  2.046965e+00   1.119953e+01   6.802747e-03   0.000000e+00   8548
  2.069377e+00   1.160738e+01   6.922817e-03   0.000000e+00   8710
  2.091602e+00   1.206699e+01   5.987986e-03   0.000000e+00   8928
  2.114418e+00   1.221255e+01   6.527190e-03   0.000000e+00   9186
  2.136304e+00   1.253721e+01   7.295475e-03   0.000000e+00   9200
  2.158866e+00   1.212915e+01   6.133491e-03   0.000000e+00   9438
  2.180862e+00   1.245598e+01   8.651508e-03   0.000000e+00   9564
  2.203470e+00   1.246073e+01   6.634452e-03   0.000000e+00   10296
  2.226614e+00   1.296056e+01   5.941438e-03   0.000000e+00   10126
  2.248296e+00   1.329523e+01   7.188876e-03   0.000000e+00   10024
  2.271358e+00   1.360853e+01   5.084344e-03   0.000000e+00   11082
  2.294001e+00   1.349222e+01   7.845643e-03   0.000000e+00   10632
  2.316131e+00   1.393176e+01   5.711452e-03   0.000000e+00   10734
  2.338489e+00   1.392912e+01   6.954415e-03   0.000000e+00   11276
  2.360839e+00   1.438782e+01   6.333443e-03   0.000000e+00   11352
  2.383396e+00   1.457110e+01   6.397218e-03   0.000000e+00   11550
  2.405538e+00   1.498185e+01   6.055939e-03   0.000000e+00   11772
  2.428008e+00   1.498483e+01   7.563585e-03   0.000000e+00   12038
  2.450201e+00   1.551782e+01   9.332218e-03   0.000000e+00   12096
  2.472702e+00   1.539308e+01   7.456409e-03   0.000000e+00   12582
  2.494955e+00   1.563324e+01   2.365359e-03   0.000000e+00   12620
  2.517718e+00   1.580044e+01   7.881026e-03   0.000000e+00   13320
  2.539997e+00   1.599100e+01   7.141919e-03   0.000000e+00   12654
  2.561848e+00   1.641194e+01   1.090617e-03   0.000000e+00   13236
  2.584026e+00   1.618432e+01   1.037225e-02   0.000000e+00   13438
  2.606438e+00   1.635467e+01   1.009196e-02   0.000000e+00   14344
  2.629661e+00   1.690083e+01   6.369978e-03   0.000000e+00   14226
  2.651603e+00   1.740844e+01   5.041668e-03   0.000000e+00   14088
  2.673833e+00   1.745653e+01   0.000000e+00   0.000000e+00   14328
  2.696115e+00   1.788396e+01   6.956107e-03   0.000000e+00   14954
  2.718701e+00   1.823621e+01   5.488578e-03   0.000000e+00   15480
  2.741376e+00   1.825089e+01   7.271952e-03   0.000000e+00   14862
  2.762860e+00   1.832401e+01   8.710260e-03   0.000000e+00   15296
  2.785421e+00   1.843899e+01   8.269002e-03   0.000000e+00   15954
  2.807527e+00   1.857143e+01   7.114069e-03   0.000000e+00   15720
  2.829638e+00   1.919627e+01   3.176325e-03   0.000000e+00   16296
  2.852416e+00   1.954156e+01   4.622625e-03   0.000000e+00   17010
  2.874533e+00   1.983292e+01   3.927232e-03   0.000000e+00   16328
  2.896783e+00   1.978615e+01   3.628579e-03   0.000000e+00   17094
  2.919100e+00   1.998483e+01   9.296477e-03   0.000000e+00   17436
  2.941673e+00   2.007603e+01   9.402752e-03   0.000000e+00   17862
  2.964339e+00   2.062224e+01   7.993321e-03   0.000000e+00   18200
  2.987171e+00   2.041981e+01   1.090516e-03   0.000000e+00   18450
  3.009508e+00   2.112288e+01   3.925634e-03   0.000000e+00   18384
  3.031791e+00   2.083398e+01   6.228464e-03   0.000000e+00   18504
  3.054048e+00   2.133610e+01   4.639899e-03   0.000000e+00   19142
  3.076754e+00   2.114180e+01   6.337019e-03   0.000000e+00   19692
  3.099218e+00   2.127254e+01   6.650568e-03   0.000000e+00   19062
  3.121198e+00   2.191740e+01   0.000000e+00   0.000000e+00   20184
  3.143916e+00   2.260425e+01   7.990639e-03   0.000000e+00   19970
  3.166075e+00   2.197466e+01   0.000000e+00   0.000000e+00   20496
  3.188882e+00   2.244590e+01   9.377489e-03   0.000000e+00   21456
  3.211080e+00   2.251275e+01   6.467129e-03   0.000000e+00   19650
  3.232868e+00   2.290726e+01   1.046425e-02   0.000000e+00   22040
  3.255840e+00   2.300026e+01   1.384875e-02   0.000000e+00   21558
  3.278021e+00   2.314636e+01   0.000000e+00   0.000000e+00   21804
  3.300260e+00   2.349298e+01   8.793069e-03   0.000000e+00   21926
  3.322427e+00   2.353946e+01   1.004507e-02   0.000000e+00   22416
  3.344684e+00   2.375842e+01   9.253473e-03   0.000000e+00   22776
  3.367568e+00   2.412329e+01   7.248312e-03   0.000000e+00   23874
  3.390051e+00   2.434128e+01   0.000000e+00   0.000000e+00   23104
  3.412404e+00   2.443817e+01   0.000000e+00   0.000000e+00   23974
  3.434809e+00   2.431493e+01   1.502734e-02   0.000000e+00   23892
  3.456826e+00   2.474103e+01   0.000000e+00   0.000000e+00   23550
  3.478993e+00   2.491657e+01   7.194786e-03   0.000000e+00   25320
  3.501511e+00   2.539170e+01   1.281902e-02   0.000000e+00   24428
  3.523545e+00   2.544665e+01   8.969809e-03   0.000000e+00   25254
  3.546106e+00   2.575832e+01   0.000000e+00   0.000000e+00   26016
  3.568344e+00   2.566789e+01   0.000000e+00   0.000000e+00   25182
  3.590789e+00   2.648224e+01   4.292497e-03   0.000000e+00   27428
  3.613557e+00   2.620153e+01   5.614938e-03   0.000000e+00   25974
  3.635463e+00   2.620068e+01   9.532201e-03   0.000000e+00   26904
  3.657712e+00   2.626218e+01   3.573340e-03   0.000000e+00   26730
  3.679985e+00   2.621916e+01   0.000000e+00   0.000000e+00   27896
  3.702813e+00   2.699796e+01   1.117100e-02   0.000000e+00   28992
  3.725914e+00   2.745428e+01   2.659043e-03   0.000000e+00   28698
  3.747957e+00   2.718509e+01   0.000000e+00   0.000000e+00   27816
  3.770475e+00   2.713982e+01   0.000000e+00   0.000000e+00   29774
  3.793002e+00   2.763638e+01   7.248386e-03   0.000000e+00   29148
  3.815026e+00   2.733139e+01   0.000000e+00   0.000000e+00   28806
  3.837210e+00   2.765154e+01   1.231794e-02   0.000000e+00   30408
  3.859646e+00   2.803608e+01   0.000000e+00   0.000000e+00   30320
  3.882277e+00   2.810367e+01   0.000000e+00   0.000000e+00   30930
  3.904866e+00   2.854866e+01   0.000000e+00   0.000000e+00   31656
  3.926934e+00   2.859822e+01   5.737048e-04   0.000000e+00   30086
  3.949104e+00   2.897812e+01   1.437623e-02   0.000000e+00   32724
  3.971447e+00   2.846014e+01   8.594857e-03   0.000000e+00   30846
  3.993638e+00   2.924783e+01   2.711567e-03   0.000000e+00   33480
  4.016320e+00   2.923598e+01   1.140323e-02   0.000000e+00   32724
  4.038496e+00   2.950518e+01   7.536107e-03   0.000000e+00   32894
  4.060991e+00   2.952955e+01   0.000000e+00   0.000000e+00   34200
  4.083491e+00   2.950439e+01   9.260721e-03   0.000000e+00   33594
  4.105588e+00   2.985862e+01   0.000000e+00   0.000000e+00   34336
  4.128132e+00   2.997784e+01   2.697887e-03   0.000000e+00   34822
  4.150503e+00   3.026288e+01   0.000000e+00   0.000000e+00   35472
  4.172752e+00   2.976914e+01   0.000000e+00   0.000000e+00   34404
  4.194935e+00   3.038291e+01   0.000000e+00   0.000000e+00   36222
  4.217169e+00   3.043183e+01   6.080796e-03   0.000000e+00   35984
  4.239629e+00   3.051842e+01   9.071253e-03   0.000000e+00   36570
  4.261897e+00   3.063761e+01   0.000000e+00   0.000000e+00   37176
  4.284407e+00   3.064516e+01   0.000000e+00   0.000000e+00   37406
  4.306825e+00   3.140414e+01   0.000000e+00   0.000000e+00   38052
  4.329062e+00   3.052523e+01   0.000000e+00   0.000000e+00   37590
  4.351601e+00   3.143964e+01   1.180454e-02   0.000000e+00   39480
  4.373916e+00   3.136954e+01   0.000000e+00   0.000000e+00   38260
  4.396221e+00   3.103608e+01   1.156022e-02   0.000000e+00   39646
  4.418983e+00   3.151796e+01   4.930996e-03   0.000000e+00   40944
  4.441552e+00   3.189640e+01   0.000000e+00   0.000000e+00   39678
  4.463787e+00   3.165041e+01   0.000000e+00   0.000000e+00   40804
  4.486154e+00   3.199122e+01   0.000000e+00   0.000000e+00   40606
  4.508561e+00   3.221148e+01   1.486152e-02   0.000000e+00   42216
  4.531102e+00   3.223722e+01   0.000000e+00   0.000000e+00   41532
  4.553370e+00   3.219933e+01   0.000000e+00   0.000000e+00   41990
  4.575476e+00   3.259837e+01   1.586546e-02   0.000000e+00   42360
  4.598031e+00   3.294418e+01   6.784855e-03   0.000000e+00   43530
  4.620451e+00   3.295480e+01   8.525670e-03   0.000000e+00   43848
  4.642798e+00   3.295000e+01   0.000000e+00   0.000000e+00   42870
  4.665219e+00   3.280838e+01   1.539937e-02   0.000000e+00   46160
  4.687724e+00   3.314653e+01   6.151026e-03   0.000000e+00   43380
  4.709886e+00   3.305072e+01   0.000000e+00   0.000000e+00   45294
  4.732123e+00   3.337554e+01   1.418281e-02   0.000000e+00   45744
  4.754862e+00   3.367365e+01   0.000000e+00   0.000000e+00   46682
  4.777107e+00   3.355813e+01   7.508207e-03   0.000000e+00   45840
  4.799424e+00   3.366087e+01   0.000000e+00   0.000000e+00   47118
  4.821693e+00   3.354877e+01   2.091455e-02   0.000000e+00   47124
  4.844052e+00   3.329690e+01   4.219306e-03   0.000000e+00   47984
  4.866864e+00   3.378459e+01   9.306244e-03   0.000000e+00   49566
  4.888860e+00   3.384981e+01   5.886604e-03   0.000000e+00   46284
  4.910927e+00   3.394067e+01   1.493917e-02   0.000000e+00   49966
  4.933384e+00   3.452374e+01   1.128255e-02   0.000000e+00   49360
  4.955706e+00   3.455902e+01   1.368992e-03   0.000000e+00   49806
  4.978206e+00   3.451045e+01   1.249352e-02   0.000000e+00   51492
  5.000464e+00   3.429811e+01   1.642994e-02   0.000000e+00   49496
  5.022909e+00   3.451600e+01   1.642253e-02   0.000000e+00   53190
  5.045543e+00   3.475732e+01   0.000000e+00   0.000000e+00   51060
  5.067734e+00   3.481396e+01   0.000000e+00   0.000000e+00   52134
  5.089993e+00   3.481827e+01   1.061113e-02   0.000000e+00   53088
  5.112430e+00   3.490446e+01   6.887630e-03   0.000000e+00   52706
  5.134798e+00   3.520299e+01   1.078350e-02   0.000000e+00   54936
  5.157524e+00   3.517294e+01   0.000000e+00   0.000000e+00   53886
  5.179751e+00   3.513398e+01   0.000000e+00   0.000000e+00   54436
  5.201975e+00   3.498614e+01   0.000000e+00   0.000000e+00   55096
  5.224645e+00   3.500481e+01   0.000000e+00   0.000000e+00   56358
  5.246858e+00   3.495720e+01   0.000000e+00   0.000000e+00   55632
  5.269251e+00   3.533653e+01   2.170511e-02   0.000000e+00   56530
  5.291587e+00   3.509307e+01   0.000000e+00   0.000000e+00   57232
  5.313844e+00   3.524440e+01   0.000000e+00   0.000000e+00   56766
  5.336666e+00   3.543737e+01   0.000000e+00   0.000000e+00   60804
  5.358876e+00   3.549696e+01   0.000000e+00   0.000000e+00   55536
  5.381166e+00   3.576165e+01   2.741935e-02   0.000000e+00   61166
  5.403547e+00   3.572107e+01   0.000000e+00   0.000000e+00   57396
  5.425681e+00   3.574857e+01   1.268051e-02   0.000000e+00   60870
  5.448153e+00   3.560893e+01   0.000000e+00   0.000000e+00   60224
  5.470510e+00   3.556106e+01   1.895045e-02   0.000000e+00   61002
  5.492940e+00   3.531229e+01   1.758445e-02   0.000000e+00   62016
  5.515253e+00   3.583635e+01   0.000000e+00   0.000000e+00   60768
  5.537387e+00   3.567482e+01   2.503125e-02   0.000000e+00   62870
  5.560013e+00   3.583040e+01   9.342798e-03   0.000000e+00   63804
  5.582511e+00   3.611179e+01   1.193899e-02   0.000000e+00   63054
  5.604497e+00   3.572871e+01   9.186109e-03   0.000000e+00   63024
  5.626956e+00   3.562700e+01   0.000000e+00   0.000000e+00   65018
  5.649160e+00   3.621197e+01   1.622511e-02   0.000000e+00   64608
  5.671596e+00   3.602103e+01   0.000000e+00   0.000000e+00   65688
  5.693967e+00   3.613689e+01   2.436681e-02   0.000000e+00   65994
  5.716266e+00   3.596533e+01   0.000000e+00   0.000000e+00   66648
  5.738809e+00   3.588776e+01   1.621293e-02   0.000000e+00   67310
  5.761026e+00   3.632754e+01   0.000000e+00   0.000000e+00   67224
  5.783399e+00   3.624091e+01   7.117824e-03   0.000000e+00   68034
  5.805859e+00   3.634717e+01   0.000000e+00   0.000000e+00   69744
  5.828317e+00   3.630650e+01   1.277731e-02   0.000000e+00   68654
  5.851002e+00   3.635697e+01   1.675221e-02   0.000000e+00   72132
  5.873442e+00   3.635220e+01   1.033734e-02   0.000000e+00   68520
  5.895566e+00   3.654010e+01   1.612223e-02   0.000000e+00   71070
  5.918132e+00   3.669654e+01   0.000000e+00   0.000000e+00   71948
  5.940469e+00   3.608834e+01   2.432101e-02   0.000000e+00   71598
  5.962997e+00   3.642944e+01   0.000000e+00   0.000000e+00   73536
  5.985339e+00   3.623057e+01   2.975313e-02   0.000000e+00   71802
  6.007452e+00   3.671447e+01   0.000000e+00   0.000000e+00   73280
  6.029825e+00   3.672961e+01   0.000000e+00   0.000000e+00   73992
  6.052402e+00   3.644178e+01   1.384234e-02   0.000000e+00   75966
  6.074757e+00   3.670391e+01   0.000000e+00   0.000000e+00   74364
  6.097138e+00   3.646588e+01   1.728982e-02   0.000000e+00   76094
  6.119457e+00   3.675211e+01   0.000000e+00   0.000000e+00   76224
  6.141847e+00   3.640357e+01   9.975960e-03   0.000000e+00   76242
  6.163998e+00   3.644487e+01   0.000000e+00   0.000000e+00   76944
  6.186370e+00   3.674787e+01   0.000000e+00   0.000000e+00   78680
  6.209088e+00   3.651003e+01   1.891421e-02   0.000000e+00   79962
  6.231369e+00   3.672690e+01   1.059750e-02   0.000000e+00   77760
  6.253630e+00   3.690461e+01   2.288546e-02   0.000000e+00   79590
  6.276016e+00   3.668176e+01   0.000000e+00   0.000000e+00   80732
  6.298458e+00   3.654387e+01   2.885001e-02   0.000000e+00   81174
  6.320845e+00   3.660338e+01   1.016810e-02   0.000000e+00   80832
  6.342780e+00   3.654026e+01   2.916316e-02   0.000000e+00   79992
  6.365286e+00   3.640794e+01   0.000000e+00   0.000000e+00   84314
  6.387871e+00   3.669326e+01   0.000000e+00   0.000000e+00   83592
  6.410326e+00   3.663788e+01   2.154685e-02   0.000000e+00   83838
  6.432652e+00   3.670993e+01   0.000000e+00   0.000000e+00   83676
  6.454894e+00   3.651693e+01   1.348350e-02   0.000000e+00   84950
  6.477199e+00   3.644138e+01   0.000000e+00   0.000000e+00   84912
  6.499636e+00   3.668917e+01   2.639054e-02   0.000000e+00   87162
  6.522126e+00   3.655603e+01   0.000000e+00   0.000000e+00   86440
  6.544378e+00   3.633733e+01   0.000000e+00   0.000000e+00   86560
  6.566822e+00   3.698735e+01   2.315815e-03   0.000000e+00   88698
  6.589159e+00   3.686921e+01   3.281521e-02   0.000000e+00   88920
  6.611798e+00   3.680065e+01   0.000000e+00   0.000000e+00   88814
  6.633998e+00   3.661853e+01   8.310338e-03   0.000000e+00   90336
  6.656620e+00   3.635743e+01   0.000000e+00   0.000000e+00   90282
  6.678959e+00   3.701717e+01   0.000000e+00   0.000000e+00   90840
  6.701118e+00   3.640601e+01   2.338760e-02   0.000000e+00   91128
  6.723715e+00   3.657567e+01   0.000000e+00   0.000000e+00   92690
  6.745950e+00   3.633691e+01   0.000000e+00   0.000000e+00   92160
  6.768384e+00   3.644497e+01   0.000000e+00   0.000000e+00   93534
  6.790649e+00   3.635630e+01   0.000000e+00   0.000000e+00   93484
  6.813018e+00   3.682073e+01   5.643917e-03   0.000000e+00   95206
  6.835577e+00   3.646119e+01   1.076862e-02   0.000000e+00   96048
  6.857771e+00   3.655558e+01   9.486003e-03   0.000000e+00   93600
  6.880099e+00   3.650371e+01   0.000000e+00   0.000000e+00   97410
  6.902467e+00   3.645348e+01   2.942556e-02   0.000000e+00   97856
  6.925055e+00   3.653388e+01   0.000000e+00   0.000000e+00   97278
  6.947337e+00   3.642196e+01   1.790247e-02   0.000000e+00   98916
  6.969631e+00   3.635421e+01   0.000000e+00   0.000000e+00   96894
  6.991808e+00   3.634064e+01   0.000000e+00   0.000000e+00   100976
  7.014412e+00   3.632253e+01   0.000000e+00   0.000000e+00   100164
  7.036654e+00   3.642022e+01   0.000000e+00   0.000000e+00   100014
  7.058766e+00   3.624129e+01   2.173999e-02   0.000000e+00   101040
  7.081244e+00   3.646006e+01   0.000000e+00   0.000000e+00   102338
  7.103507e+00   3.656279e+01   1.297844e-02   0.000000e+00   102912
  7.126097e+00   3.616591e+01   0.000000e+00   0.000000e+00   104238
  7.148299e+00   3.631593e+01   2.077395e-02   0.000000e+00   103104
  7.170702e+00   3.622517e+01   1.904307e-02   0.000000e+00   105404
  7.193161e+00   3.619126e+01   0.000000e+00   0.000000e+00   105198
  7.215503e+00   3.608217e+01   0.000000e+00   0.000000e+00   106632
  7.237966e+00   3.575663e+01   2.756075e-02   0.000000e+00   106706
  7.260296e+00   3.625027e+01   0.000000e+00   0.000000e+00   106992
  7.282886e+00   3.619749e+01   0.000000e+00   0.000000e+00   110118
  7.305259e+00   3.600108e+01   3.408011e-02   0.000000e+00   108084
  7.327505e+00   3.600961e+01   1.320527e-02   0.000000e+00   108222
  7.349997e+00   3.598641e+01   0.000000e+00   0.000000e+00   112160
  7.372279e+00   3.586855e+01   1.988828e-02   0.000000e+00   108492
  7.394661e+00   3.624145e+01   2.440414e-02   0.000000e+00   113262
  7.417130e+00   3.589865e+01   0.000000e+00   0.000000e+00   111360
  7.439624e+00   3.571906e+01   0.000000e+00   0.000000e+00   114182
  7.461949e+00   3.579583e+01   3.561454e-02   0.000000e+00   112884
  7.484350e+00   3.556828e+01   6.332920e-03   0.000000e+00   113934
  7.506589e+00   3.581472e+01   0.000000e+00   0.000000e+00   114504
  7.529191e+00   3.577901e+01   0.000000e+00   0.000000e+00   117500
  7.551488e+00   3.566531e+01   2.584126e-02   0.000000e+00   114102
  7.573806e+00   3.537701e+01   9.677885e-03   0.000000e+00   118584
  7.596255e+00   3.536026e+01   0.000000e+00   0.000000e+00   115546
  7.618346e+00   3.538229e+01   2.291622e-02   0.000000e+00   118984
  7.640989e+00   3.542879e+01   5.859112e-03   0.000000e+00   119526
  7.663273e+00   3.551101e+01   0.000000e+00   0.000000e+00   119436
  7.685537e+00   3.545563e+01   0.000000e+00   0.000000e+00   118632
  7.707837e+00   3.552623e+01   2.586909e-02   0.000000e+00   122510
  7.730335e+00   3.562571e+01   0.000000e+00   0.000000e+00   121680
  7.752757e+00   3.563651e+01   0.000000e+00   0.000000e+00   121434
  7.774933e+00   3.526446e+01   0.000000e+00   0.000000e+00   123928
  7.797401e+00   3.538138e+01   0.000000e+00   0.000000e+00   123910
  7.819816e+00   3.517141e+01   0.000000e+00   0.000000e+00   124452
  7.842166e+00   3.509808e+01   0.000000e+00   0.000000e+00   125376
  7.864518e+00   3.532553e+01   2.263666e-02   0.000000e+00   126638
  7.886884e+00   3.512733e+01   7.438083e-03   0.000000e+00   125844
  7.909266e+00   3.504447e+01   0.000000e+00   0.000000e+00   128142
  7.931676e+00   3.491776e+01   3.526170e-03   0.000000e+00   128136
  7.953933e+00   3.483215e+01   9.727604e-03   0.000000e+00   127642
  7.976366e+00   3.503886e+01   0.000000e+00   0.000000e+00   131968
  7.999045e+00   3.503553e+01   0.000000e+00   0.000000e+00   130326
  8.021288e+00   3.496725e+01   2.377048e-02   0.000000e+00   131688
  8.043651e+00   3.452994e+01   1.153975e-02   0.000000e+00   130212
  8.065928e+00   3.477396e+01   0.000000e+00   0.000000e+00   132686
  8.088479e+00   3.455228e+01   0.000000e+00   0.000000e+00   135960
  8.110929e+00   3.445922e+01   1.748880e-02   0.000000e+00   131562
  8.132910e+00   3.477053e+01   1.357731e-02   0.000000e+00   134016
  8.155429e+00   3.439549e+01   0.000000e+00   0.000000e+00   136478
  8.177813e+00   3.429331e+01   3.102297e-02   0.000000e+00   136812
  8.200286e+00   3.451295e+01   1.946758e-02   0.000000e+00   137856
  8.222674e+00   3.447057e+01   0.000000e+00   0.000000e+00   135862
  8.244935e+00   3.444008e+01   0.000000e+00   0.000000e+00   140056
  8.267480e+00   3.425549e+01   2.616643e-02   0.000000e+00   139602
  8.289805e+00   3.420890e+01   0.000000e+00   0.000000e+00   139080
  8.312119e+00   3.406683e+01   0.000000e+00   0.000000e+00   140678
  8.334524e+00   3.427998e+01   1.365509e-02   0.000000e+00   142884
  8.356838e+00   3.378541e+01   1.072497e-02   0.000000e+00   139992
  8.379201e+00   3.393565e+01   0.000000e+00   0.000000e+00   144966
  8.401693e+00   3.404204e+01   0.000000e+00   0.000000e+00   143364
  8.423972e+00   3.374173e+01   2.051812e-02   0.000000e+00   144518
  8.446285e+00   3.373249e+01   2.250821e-02   0.000000e+00   145200
  8.468563e+00   3.364902e+01   0.000000e+00   0.000000e+00   143466
  8.490784e+00   3.380063e+01   0.000000e+00   0.000000e+00   148824
  8.513165e+00   3.358865e+01   1.750656e-02   0.000000e+00   145544
  8.535380e+00   3.340725e+01   0.000000e+00   0.000000e+00   148590
  8.557874e+00   3.341522e+01   0.000000e+00   0.000000e+00   150540
  8.580334e+00   3.358243e+01   3.071534e-02   0.000000e+00   150134
  8.602701e+00   3.334651e+01   0.000000e+00   0.000000e+00   151296
  8.625281e+00   3.349988e+01   0.000000e+00   0.000000e+00   152058
  8.647428e+00   3.307493e+01   1.817299e-02   0.000000e+00   150864
  8.669803e+00   3.326077e+01   1.625338e-02   0.000000e+00   154310
  8.692406e+00   3.321314e+01   0.000000e+00   0.000000e+00   155172
  8.714765e+00   3.298402e+01   0.000000e+00   0.000000e+00   154128
  8.737343e+00   3.301619e+01   1.509946e-02   0.000000e+00   158310
  8.759615e+00   3.273577e+01   1.986313e-02   0.000000e+00   153436
  8.781899e+00   3.283525e+01   0.000000e+00   0.000000e+00   157726
  8.804499e+00   3.268044e+01   0.000000e+00   0.000000e+00   160368
  8.826773e+00   3.259533e+01   1.051284e-02   0.000000e+00   155718
  8.849007e+00   3.267181e+01   0.000000e+00   0.000000e+00   160028
  8.871390e+00   3.258121e+01   0.000000e+00   0.000000e+00   160920
  8.893811e+00   3.272292e+01   1.465324e-02   0.000000e+00   161070
  8.916228e+00   3.250625e+01   3.301450e-02   0.000000e+00   163428
  8.938518e+00   3.244699e+01   0.000000e+00   0.000000e+00   159574
  8.960960e+00   3.223256e+01   0.000000e+00   0.000000e+00   167392
  8.983418e+00   3.225841e+01   2.618937e-02   0.000000e+00   162258
  9.005716e+00   3.200860e+01   1.390873e-02   0.000000e+00   167472
  9.028172e+00   3.218559e+01   0.000000e+00   0.000000e+00   163664
  9.050366e+00   3.220877e+01   0.000000e+00   0.000000e+00   166986
  9.072800e+00   3.189856e+01   1.911890e-02   0.000000e+00   169968
  9.095410e+00   3.218248e+01   0.000000e+00   0.000000e+00   167646
  9.117490e+00   3.200052e+01   0.000000e+00   0.000000e+00   168080
  9.139888e+00   3.167438e+01   1.738854e-02   0.000000e+00   170826
  9.162300e+00   3.175679e+01   0.000000e+00   0.000000e+00   170928
  9.184501e+00   3.145992e+01   1.940819e-02   0.000000e+00   170640
  9.206987e+00   3.150345e+01   0.000000e+00   0.000000e+00   173954
  9.229277e+00   3.151684e+01   2.906011e-02   0.000000e+00   173232
  9.251727e+00   3.137598e+01   0.000000e+00   0.000000e+00   174150
  9.274117e+00   3.139500e+01   3.976747e-03   0.000000e+00   176364
  9.296468e+00   3.149535e+01   1.880641e-02   0.000000e+00   175302
  9.318835e+00   3.123890e+01   8.911075e-03   0.000000e+00   177392
  9.341133e+00   3.113687e+01   1.945220e-02   0.000000e+00   176352
  9.363602e+00   3.108109e+01   0.000000e+00   0.000000e+00   180330
  9.386069e+00   3.094554e+01   8.636092e-03   0.000000e+00   180712
  9.408435e+00   3.108279e+01   1.711383e-02   0.000000e+00   179350
  9.430871e+00   3.101625e+01   1.472617e-02   0.000000e+00   183396
  9.453364e+00   3.086746e+01   0.000000e+00   0.000000e+00   180390
  9.475463e+00   3.074367e+01   0.000000e+00   0.000000e+00   181944
  9.497943e+00   3.075185e+01   0.000000e+00   0.000000e+00   185450
  9.520473e+00   3.073769e+01   7.311204e-03   0.000000e+00   186192
  9.542748e+00   3.057266e+01   2.131816e-02   0.000000e+00   183432
  9.565048e+00   3.054534e+01   0.000000e+00   0.000000e+00   185362
  9.587308e+00   3.049355e+01   5.599349e-03   0.000000e+00   188464
  9.609858e+00   3.035027e+01   0.000000e+00   0.000000e+00   188046
  9.632257e+00   3.043054e+01   1.457464e-02   0.000000e+00   191304
  9.654588e+00   3.030067e+01   2.658524e-02   0.000000e+00   186690
  9.677021e+00   3.022824e+01   0.000000e+00   0.000000e+00   194072
  9.699308e+00   3.024921e+01   2.245333e-02   0.000000e+00   188688
  9.721594e+00   3.007142e+01   0.000000e+00   0.000000e+00   192786
  9.743905e+00   3.001024e+01   1.060256e-02   0.000000e+00   193352
  9.766458e+00   2.979893e+01   0.000000e+00   0.000000e+00   195702
  9.788770e+00   2.973482e+01   3.046976e-02   0.000000e+00   195132
  9.811173e+00   2.963613e+01   0.000000e+00   0.000000e+00   195726
  9.833501e+00   2.963802e+01   0.000000e+00   0.000000e+00   197416
  9.855835e+00   2.962646e+01   8.954572e-03   0.000000e+00   196564
  9.878245e+00   2.971157e+01   2.132993e-02   0.000000e+00   201198
  9.900612e+00   2.947193e+01   7.234466e-03   0.000000e+00   197136
  9.922808e+00   2.946270e+01   0.000000e+00   0.000000e+00   199358
  9.945108e+00   2.936907e+01   2.960711e-02   0.000000e+00   203532
  9.967651e+00   2.933383e+01   0.000000e+00   0.000000e+00   201438
  9.989974e+00   2.921352e+01   0.000000e+00   0.000000e+00   203664
  1.001229e+01   2.919042e+01   2.952586e-02   0.000000e+00   203972
  1.003466e+01   2.915279e+01   2.282188e-02   0.000000e+00   205974
  1.005711e+01   2.901870e+01   0.000000e+00   0.000000e+00   205752
  1.007960e+01   2.907319e+01   0.000000e+00   0.000000e+00   207810
  1.010172e+01   2.885665e+01   3.908702e-02   0.000000e+00   206384
  1.012428e+01   2.869522e+01   0.000000e+00   0.000000e+00   210966
  1.014673e+01   2.870483e+01   0.000000e+00   0.000000e+00   210516
  1.016914e+01   2.861450e+01   0.000000e+00   0.000000e+00   209766
  1.019141e+01   2.852082e+01   4.346869e-02   0.000000e+00   212376
  1.021385e+01   2.857119e+01   0.000000e+00   0.000000e+00   212960
  1.023641e+01   2.858253e+01   0.000000e+00   0.000000e+00   214626
  1.025867e+01   2.825916e+01   3.152964e-02   0.000000e+00   213696
  1.028103e+01   2.833011e+01   3.145380e-02   0.000000e+00   215734
  1.030334e+01   2.821309e+01   0.000000e+00   0.000000e+00   213220
  1.032567e+01   2.806443e+01   0.000000e+00   0.000000e+00   219102
  1.034812e+01   2.806111e+01   3.634360e-02   0.000000e+00   220872
  1.037046e+01   2.801621e+01   5.418226e-02   0.000000e+00   216556
  1.039282e+01   2.796257e+01   4.137480e-02   0.000000e+00   221494
  1.041513e+01   2.790695e+01   4.520405e-02   0.000000e+00   219096
  1.043757e+01   2.780224e+01   3.306727e-02   0.000000e+00   224262
  1.046009e+01   2.774066e+01   0.000000e+00   0.000000e+00   222508
  1.048247e+01   2.757513e+01   0.000000e+00   0.000000e+00   222502
  1.050467e+01   2.755560e+01   4.305209e-02   0.000000e+00   227280
  1.052714e+01   2.734448e+01   2.075434e-02   0.000000e+00   223644
  1.054948e+01   2.756052e+01   0.000000e+00   0.000000e+00   226222
  1.057185e+01   2.739232e+01   0.000000e+00   0.000000e+00   229840
  1.059429e+01   2.742139e+01   2.803632e-02   0.000000e+00   228042
  1.061650e+01   2.725316e+01   0.000000e+00   0.000000e+00   227472
  1.063885e+01   2.732611e+01   0.000000e+00   0.000000e+00   230990
  1.066126e+01   2.716499e+01   9.554341e-03   0.000000e+00   233532
  1.068362e+01   2.704510e+01   3.238711e-02   0.000000e+00   231288
  1.070609e+01   2.701428e+01   0.000000e+00   0.000000e+00   233718
  1.072830e+01   2.701578e+01   0.000000e+00   0.000000e+00   232704
  1.075072e+01   2.700262e+01   3.383158e-02   0.000000e+00   239282
  1.077318e+01   2.687409e+01   4.054925e-02   0.000000e+00   234912
  1.079566e+01   2.682983e+01   0.000000e+00   0.000000e+00   238278
  1.081785e+01   2.664849e+01   4.010840e-02   0.000000e+00   237460
  1.084005e+01   2.656445e+01   2.906132e-02   0.000000e+00   236662
  1.086268e+01   2.672253e+01   0.000000e+00   0.000000e+00   246336
  1.088530e+01   2.652538e+01   0.000000e+00   0.000000e+00   241092
  1.090754e+01   2.640311e+01   3.727406e-02   0.000000e+00   242414
  1.092996e+01   2.643939e+01   1.489062e-02   0.000000e+00   243552
  1.095240e+01   2.634037e+01   0.000000e+00   0.000000e+00   243474
  1.097457e+01   2.636350e+01   2.632944e-02   0.000000e+00   245112
  1.099702e+01   2.620680e+01   2.837269e-02   0.000000e+00   246894
  1.101936e+01   2.622199e+01   2.042501e-02   0.000000e+00   247448
  1.104183e+01   2.600915e+01   0.000000e+00   0.000000e+00   247404
  1.106404e+01   2.606648e+01   4.306489e-02   0.000000e+00   249990
  1.108633e+01   2.595577e+01   4.072017e-02   0.000000e+00   249512
  1.110895e+01   2.589599e+01   0.000000e+00   0.000000e+00   253890
  1.113129e+01   2.580368e+01   0.000000e+00   0.000000e+00   250728
  1.115348e+01   2.580612e+01   5.162211e-02   0.000000e+00   253950
  1.117595e+01   2.575841e+01   0.000000e+00   0.000000e+00   254140
  1.119836e+01   2.558770e+01   0.000000e+00   0.000000e+00   255880
  1.122078e+01   2.560152e+01   3.355305e-02   0.000000e+00   258942
  1.124297e+01   2.555752e+01   4.944773e-02   0.000000e+00   253836
  1.126546e+01   2.531964e+01   0.000000e+00   0.000000e+00   260534
  1.128792e+01   2.538517e+01   0.000000e+00   0.000000e+00   259992
  1.131009e+01   2.545912e+01   5.093620e-02   0.000000e+00   258894
  1.133251e+01   2.528345e+01   4.021497e-02   0.000000e+00   263364
  1.135494e+01   2.520814e+01   0.000000e+00   0.000000e+00   259536
  1.137705e+01   2.519318e+01   2.214425e-02   0.000000e+00   263438
  1.139940e+01   2.519114e+01   4.589739e-02   0.000000e+00   265740
  1.142189e+01   2.507140e+01   0.000000e+00   0.000000e+00   264894
  1.144432e+01   2.505167e+01   0.000000e+00   0.000000e+00   269184
  1.146664e+01   2.488010e+01   4.379398e-02   0.000000e+00   266138
  1.148895e+01   2.491899e+01   3.083469e-02   0.000000e+00   270528
  1.151148e+01   2.478575e+01   0.000000e+00   0.000000e+00   268182
  1.153372e+01   2.464756e+01   0.000000e+00   0.000000e+00   270960
  1.155602e+01   2.456898e+01   5.297044e-02   0.000000e+00   274580
  1.157881e+01   2.477519e+01   0.000000e+00   0.000000e+00   276078
  1.160121e+01   2.462009e+01   0.000000e+00   0.000000e+00   273600
  1.162347e+01   2.461257e+01   4.434757e-02   0.000000e+00   274698
  1.164581e+01   2.449504e+01   4.694926e-02   0.000000e+00   276920
  1.166832e+01   2.438185e+01   0.000000e+00   0.000000e+00   276774
  1.169070e+01   2.440237e+01   0.000000e+00   0.000000e+00   279972
  1.171284e+01   2.441056e+01   3.792040e-02   0.000000e+00   276144
  1.173528e+01   2.439227e+01   1.873047e-02   0.000000e+00   282590
  1.175777e+01   2.429691e+01   0.000000e+00   0.000000e+00   282300
  1.178014e+01   2.414551e+01   0.000000e+00   0.000000e+00   283926
  1.180230e+01   2.408309e+01   5.096947e-02   0.000000e+00   279792
  1.182484e+01   2.410085e+01   0.000000e+00   0.000000e+00   287870
  1.184734e+01   2.405500e+01   0.000000e+00   0.000000e+00   286428
  1.186948e+01   2.412716e+01   4.976979e-02   0.000000e+00   284808
  1.189187e+01   2.406182e+01   1.776902e-02   0.000000e+00   289158
  1.191439e+01   2.387975e+01   0.000000e+00   0.000000e+00   290204
  1.193674e+01   2.388214e+01   0.000000e+00   0.000000e+00   290382
  1.195902e+01   2.384605e+01   3.383060e-02   0.000000e+00   291912
  1.198152e+01   2.380256e+01   0.000000e+00   0.000000e+00   290754
  1.200378e+01   2.377140e+01   1.866386e-02   0.000000e+00   296096
  1.202628e+01   2.375441e+01   2.944559e-02   0.000000e+00   294552
  1.204852e+01   2.371324e+01   5.069573e-02   0.000000e+00   293466
  1.207086e+01   2.362371e+01   0.000000e+00   0.000000e+00   296904
  1.209331e+01   2.354474e+01   0.000000e+00   0.000000e+00   298358
  1.211543e+01   2.349223e+01   4.978668e-02   0.000000e+00   297840
  1.213794e+01   2.354383e+01   1.967667e-02   0.000000e+00   301338
  1.216042e+01   2.352532e+01   0.000000e+00   0.000000e+00   300336
  1.218256e+01   2.337651e+01   5.299587e-02   0.000000e+00   303584
  1.220507e+01   2.353317e+01   4.381549e-02   0.000000e+00   304098
  1.222759e+01   2.332056e+01   0.000000e+00   0.000000e+00   304488
  1.224984e+01   2.329353e+01   4.861744e-02   0.000000e+00   306678
  1.227228e+01   2.324015e+01   0.000000e+00   0.000000e+00   305732
  1.229466e+01   2.318081e+01   1.655663e-02   0.000000e+00   309894
  1.231711e+01   2.325836e+01   2.584402e-02   0.000000e+00   310200
  1.233948e+01   2.310030e+01   0.000000e+00   0.000000e+00   307074
  1.236174e+01   2.308254e+01   5.052233e-02   0.000000e+00   315656
  1.238431e+01   2.300797e+01   0.000000e+00   0.000000e+00   310704
  1.240678e+01   2.312067e+01   0.000000e+00   0.000000e+00   314310
  1.242877e+01   2.289793e+01   5.920914e-02   0.000000e+00   312412
  1.245134e+01   2.302995e+01   0.000000e+00   0.000000e+00   318310
  1.247382e+01   2.294857e+01   0.000000e+00   0.000000e+00   315648
  1.249602e+01   2.294690e+01   4.641744e-02   0.000000e+00   320610
  1.251836e+01   2.292721e+01   0.000000e+00   0.000000e+00   313944
  1.254076e+01   2.289867e+01   0.000000e+00   0.000000e+00   325880
  1.256318e+01   2.284583e+01   4.664384e-02   0.000000e+00   319146
  1.258557e+01   2.282008e+01   0.000000e+00   0.000000e+00   322896
  1.260777e+01   2.281820e+01   5.262780e-02   0.000000e+00   322206
  1.263022e+01   2.279948e+01   0.000000e+00   0.000000e+00   327416
  1.265280e+01   2.280645e+01   0.000000e+00   0.000000e+00   325602
  1.267490e+01   2.278757e+01   6.328814e-02   0.000000e+00   328248
  1.269734e+01   2.280873e+01   0.000000e+00   0.000000e+00   326088
  1.271992e+01   2.270899e+01   0.000000e+00   0.000000e+00   331658
  1.274201e+01   2.263690e+01   5.783469e-02   0.000000e+00   331584
  1.276452e+01   2.274497e+01   2.720394e-02   0.000000e+00   330630
  1.278698e+01   2.277083e+01   0.000000e+00   0.000000e+00   333204
  1.280904e+01   2.270134e+01   6.497254e-02   0.000000e+00   333470
  1.283167e+01   2.259814e+01   0.000000e+00   0.000000e+00   335688
  1.285390e+01   2.267921e+01   2.176752e-02   0.000000e+00   336828
  1.287624e+01   2.271382e+01   2.968388e-02   0.000000e+00   337662
  1.289879e+01   2.265838e+01   0.000000e+00   0.000000e+00   338960
  1.292080e+01   2.264615e+01   5.940134e-02   0.000000e+00   338262
  1.294330e+01   2.261851e+01   4.959869e-02   0.000000e+00   344388
  1.296599e+01   2.256284e+01   0.000000e+00   0.000000e+00   342486
  1.298794e+01   2.262405e+01   7.522810e-02   0.000000e+00   343592
  1.301061e+01   2.253206e+01   0.000000e+00   0.000000e+00   347130
  1.303317e+01   2.259448e+01   0.000000e+00   0.000000e+00   346152
  1.305519e+01   2.242988e+01   7.201517e-02   0.000000e+00   345856
  1.307782e+01   2.261335e+01   0.000000e+00   0.000000e+00   349354
  1.310025e+01   2.260541e+01   0.000000e+00   0.000000e+00   352032
  1.312248e+01   2.254172e+01   5.985691e-02   0.000000e+00   348582
  1.314506e+01   2.260702e+01   0.000000e+00   0.000000e+00   352244
  1.316704e+01   2.249796e+01   7.308057e-02   0.000000e+00   351582
  1.318960e+01   2.264002e+01   1.401147e-02   0.000000e+00   357144
  1.321223e+01   2.255716e+01   0.000000e+00   0.000000e+00   355560
  1.323426e+01   2.256441e+01   6.854951e-02   0.000000e+00   354551
  1.325679e+01   2.247775e+01   1.207011e-02   0.000000e+00   358044
  1.327941e+01   2.247952e+01   0.000000e+00   0.000000e+00   355272
  1.330135e+01   2.246969e+01   7.500277e-02   0.000000e+00   352044
  1.332382e+01   2.224164e+01   0.000000e+00   0.000000e+00   352344
  1.334630e+01   2.218933e+01   0.000000e+00   0.000000e+00   356516
  1.336851e+01   2.199235e+01   5.285563e-02   0.000000e+00   352848
  1.339127e+01   2.203485e+01   0.000000e+00   0.000000e+00   352980
  1.341333e+01   2.193238e+01   4.417644e-02   0.000000e+00   348948
  1.343567e+01   2.196401e+01   3.897941e-02   0.000000e+00   351692
  1.345843e+01   2.185891e+01   0.000000e+00   0.000000e+00   353064
  1.348041e+01   2.176856e+01   6.663711e-02   0.000000e+00   345624
  1.350276e+01   2.163732e+01   0.000000e+00   0.000000e+00   347844
  1.352538e+01   2.162955e+01   0.000000e+00   0.000000e+00   351020
  1.354745e+01   2.154820e+01   6.239353e-02   0.000000e+00   345852
  1.356993e+01   2.144189e+01   1.383275e-02   0.000000e+00   347040
  1.359245e+01   2.140940e+01   0.000000e+00   0.000000e+00   345928
  1.361452e+01   2.129956e+01   6.304095e-02   0.000000e+00   347020
  1.363713e+01   2.122544e+01   0.000000e+00   0.000000e+00   343032
  1.365942e+01   2.122566e+01   0.000000e+00   0.000000e+00   343620
  1.368161e+01   2.102727e+01   6.407242e-02   0.000000e+00   343988
  1.370439e+01   2.103267e+01   0.000000e+00   0.000000e+00   344556
  1.372655e+01   2.091906e+01   4.729780e-02   0.000000e+00   343632
  1.374908e+01   2.095584e+01   0.000000e+00   0.000000e+00   340392
  1.377157e+01   2.087610e+01   0.000000e+00   0.000000e+00   339408
  1.379355e+01   2.078964e+01   8.007632e-02   0.000000e+00   341864
  1.381627e+01   2.066652e+01   0.000000e+00   0.000000e+00   341964
  1.383874e+01   2.059808e+01   0.000000e+00   0.000000e+00   334380
  1.386053e+01   2.053792e+01   7.525604e-02   0.000000e+00   336504
  1.388322e+01   2.049913e+01   1.956840e-02   0.000000e+00   339560
  1.390569e+01   2.051888e+01   0.000000e+00   0.000000e+00   336384
  1.392787e+01   2.027244e+01   7.886767e-02   0.000000e+00   337404
  1.395051e+01   2.021500e+01   0.000000e+00   0.000000e+00   330156
  1.397256e+01   2.022647e+01   6.212373e-02   0.000000e+00   337808
  1.399514e+01   2.013035e+01   0.000000e+00   0.000000e+00   332748
  1.401770e+01   2.014965e+01   0.000000e+00   0.000000e+00   333612
  1.403973e+01   2.001097e+01   6.313203e-02   0.000000e+00   331860
  1.406219e+01   1.996255e+01   2.973398e-02   0.000000e+00   328376
  1.408463e+01   1.987686e+01   0.000000e+00   0.000000e+00   331140
  1.410680e+01   1.989800e+01   7.606930e-02   0.000000e+00   332988
  1.412929e+01   1.987269e+01   2.917233e-02   0.000000e+00   325224
  1.415185e+01   1.967428e+01   0.000000e+00   0.000000e+00   331544
  1.417399e+01   1.966367e+01   7.168124e-02   0.000000e+00   327264
  1.419646e+01   1.960419e+01   0.000000e+00   0.000000e+00   322308
  1.421873e+01   1.958061e+01   2.688790e-02   0.000000e+00   328136
  1.424091e+01   1.948332e+01   5.382604e-02   0.000000e+00   323172
  1.426360e+01   1.946727e+01   0.000000e+00   0.000000e+00   325248
  1.428572e+01   1.938374e+01   6.729043e-02   0.000000e+00   324096
  1.430815e+01   1.931870e+01   0.000000e+00   0.000000e+00   321540
  1.433079e+01   1.914020e+01   0.000000e+00   0.000000e+00   323744
  1.435270e+01   1.916944e+01   7.469923e-02   0.000000e+00   317400
  1.437520e+01   1.907982e+01   1.661293e-02   0.000000e+00   322560
  1.439788e+01   1.904184e+01   0.000000e+00   0.000000e+00   320076
  1.441987e+01   1.893518e+01   7.750285e-02   0.000000e+00   317204
  1.444268e+01   1.894519e+01   0.000000e+00   0.000000e+00   323064
  1.446515e+01   1.878226e+01   0.000000e+00   0.000000e+00   315204
  1.448707e+01   1.880911e+01   8.395294e-02   0.000000e+00   315416
  1.450996e+01   1.875869e+01   0.000000e+00   0.000000e+00   316884
  1.453202e+01   1.866217e+01   5.051384e-02   0.000000e+00   312876
  1.455438e+01   1.859913e+01   5.874244e-02   0.000000e+00   315540
  1.457715e+01   1.857819e+01   0.000000e+00   0.000000e+00   312576
  1.459903e+01   1.850482e+01   8.380914e-02   0.000000e+00   312140
  1.462164e+01   1.845212e+01   2.175379e-02   0.000000e+00   310356
  1.464424e+01   1.837728e+01   0.000000e+00   0.000000e+00   311232
  1.466612e+01   1.836486e+01   7.546421e-02   0.000000e+00   307584
  1.468876e+01   1.820569e+01   3.447095e-02   0.000000e+00   310616
  1.471121e+01   1.825358e+01   0.000000e+00   0.000000e+00   304200
  1.473310e+01   1.811192e+01   8.333208e-02   0.000000e+00   306792
  1.475592e+01   1.813282e+01   0.000000e+00   0.000000e+00   306168
  1.477804e+01   1.806159e+01   0.000000e+00   0.000000e+00   304448
  1.480048e+01   1.797600e+01   7.301072e-02   0.000000e+00   308580
  1.482322e+01   1.798078e+01   0.000000e+00   0.000000e+00   299568
  1.484510e+01   1.793656e+01   7.155161e-02   0.000000e+00   304416
  1.486778e+01   1.788781e+01   3.996889e-02   0.000000e+00   302216
  1.489033e+01   1.776722e+01   0.000000e+00   0.000000e+00   300084
  1.491232e+01   1.776659e+01   9.135427e-02   0.000000e+00   299340
  1.493481e+01   1.760743e+01   0.000000e+00   0.000000e+00   296688
  1.495733e+01   1.768077e+01   0.000000e+00   0.000000e+00   298820
  1.497930e+01   1.757218e+01   8.730718e-02   0.000000e+00   296916
  1.500203e+01   1.764098e+01   0.000000e+00   0.000000e+00   295920
  1.502427e+01   1.748562e+01   6.572439e-03   0.000000e+00   292692
  1.504633e+01   1.747319e+01   8.034964e-02   0.000000e+00   295892
  1.506927e+01   1.733893e+01   0.000000e+00   0.000000e+00   293064
  1.509131e+01   1.731066e+01   4.450738e-02   0.000000e+00   293220
  1.511361e+01   1.734703e+01   3.897707e-02   0.000000e+00   286804
  1.513621e+01   1.717245e+01   0.000000e+00   0.000000e+00   293080
  1.515835e+01   1.713417e+01   7.979268e-02   0.000000e+00   291816
  1.518104e+01   1.710060e+01   0.000000e+00   0.000000e+00   287784
  1.520351e+01   1.708364e+01   0.000000e+00   0.000000e+00   286760
  1.522546e+01   1.707705e+01   8.391292e-02   0.000000e+00   287088
  1.524810e+01   1.706077e+01   0.000000e+00   0.000000e+00   286176
  1.527065e+01   1.692431e+01   0.000000e+00   0.000000e+00   284184
  1.529255e+01   1.680173e+01   7.460377e-02   0.000000e+00   282220
  1.531540e+01   1.686953e+01   0.000000e+00   0.000000e+00   284452
  1.533755e+01   1.681853e+01   0.000000e+00   0.000000e+00   279516
  1.535976e+01   1.670395e+01   8.122988e-02   0.000000e+00   282696
  1.538265e+01   1.662532e+01   0.000000e+00   0.000000e+00   278676
  1.540453e+01   1.660655e+01   8.369257e-02   0.000000e+00   279512
  1.542708e+01   1.661184e+01   1.165767e-02   0.000000e+00   276672
  1.544968e+01   1.658574e+01   0.000000e+00   0.000000e+00   276036
  1.547147e+01   1.642588e+01   8.167762e-02   0.000000e+00   274416
  1.549411e+01   1.644445e+01   3.701621e-02   0.000000e+00   275384
  1.551673e+01   1.638024e+01   0.000000e+00   0.000000e+00   274560
  1.553871e+01   1.639598e+01   8.917093e-02   0.000000e+00   272220
  1.556146e+01   1.628072e+01   0.000000e+00   0.000000e+00   270492
  1.558373e+01   1.625609e+01   0.000000e+00   0.000000e+00   271532
  1.560603e+01   1.620625e+01   5.383890e-02   0.000000e+00   272052
  1.562867e+01   1.621957e+01   0.000000e+00   0.000000e+00   264372
  1.565057e+01   1.607309e+01   4.827362e-02   0.000000e+00   268652
  1.567314e+01   1.614335e+01   5.580693e-02   0.000000e+00   266760
  1.569563e+01   1.602046e+01   0.000000e+00   0.000000e+00   262536
  1.571764e+01   1.605910e+01   8.854137e-02   0.000000e+00   266460
  1.574021e+01   1.597728e+01   0.000000e+00   0.000000e+00   261560
  1.576267e+01   1.590025e+01   0.000000e+00   0.000000e+00   262236
  1.578478e+01   1.579182e+01   7.889112e-02   0.000000e+00   261708
  1.580731e+01   1.592304e+01   0.000000e+00   0.000000e+00   258960
  1.582979e+01   1.579644e+01   0.000000e+00   0.000000e+00   258376
  1.585177e+01   1.579000e+01   7.578557e-02   0.000000e+00   258304
  1.587469e+01   1.573719e+01   0.000000e+00   0.000000e+00   259368
  1.589684e+01   1.562869e+01   3.636578e-02   0.000000e+00   253332
  1.591902e+01   1.562281e+01   7.914789e-02   0.000000e+00   254448
  1.594185e+01   1.559599e+01   0.000000e+00   0.000000e+00   255248
  1.596389e+01   1.560283e+01   8.210961e-02   0.000000e+00   252180
  1.598648e+01   1.550069e+01   3.262004e-02   0.000000e+00   252744
  1.600902e+01   1.544519e+01   0.000000e+00   0.000000e+00   247348
  1.603089e+01   1.541360e+01   9.865084e-02   0.000000e+00   250432
  1.605354e+01   1.543430e+01   0.000000e+00   0.000000e+00   247860
  1.607617e+01   1.540974e+01   0.000000e+00   0.000000e+00   247716
  1.609805e+01   1.531149e+01   8.313599e-02   0.000000e+00   242472
  1.612085e+01   1.527571e+01   0.000000e+00   0.000000e+00   248672
  1.614309e+01   1.524022e+01   3.609269e-02   0.000000e+00   239352
  1.616518e+01   1.519587e+01   6.642055e-02   0.000000e+00   245088
  1.618802e+01   1.518758e+01   0.000000e+00   0.000000e+00   239232
  1.620990e+01   1.518389e+01   8.851879e-02   0.000000e+00   240320
  1.623258e+01   1.509100e+01   0.000000e+00   0.000000e+00   239340
  1.625521e+01   1.504126e+01   0.000000e+00   0.000000e+00   237636
  1.627700e+01   1.512621e+01   8.445185e-02   0.000000e+00   235980
  1.629964e+01   1.501106e+01   0.000000e+00   0.000000e+00   235304
  1.632221e+01   1.493148e+01   0.000000e+00   0.000000e+00   234576
  1.634416e+01   1.491064e+01   7.781346e-02   0.000000e+00   232788
  1.636679e+01   1.496099e+01   0.000000e+00   0.000000e+00   230400
  1.638913e+01   1.491230e+01   0.000000e+00   0.000000e+00   231836
  1.641133e+01   1.475499e+01   8.390506e-02   0.000000e+00   231288
  1.643420e+01   1.484208e+01   0.000000e+00   0.000000e+00   226536
  1.645610e+01   1.474002e+01   6.570073e-02   0.000000e+00   226084
  1.647844e+01   1.466333e+01   5.585620e-02   0.000000e+00   227116
  1.650123e+01   1.467587e+01   0.000000e+00   0.000000e+00   223800
  1.652313e+01   1.463187e+01   9.022865e-02   0.000000e+00   223884
  1.654570e+01   1.462920e+01   0.000000e+00   0.000000e+00   222360
  1.656829e+01   1.460448e+01   0.000000e+00   0.000000e+00   221156
  1.659035e+01   1.452354e+01   9.967682e-02   0.000000e+00   221724
  1.661305e+01   1.452719e+01   0.000000e+00   0.000000e+00   217584
  1.663545e+01   1.446237e+01   0.000000e+00   0.000000e+00   217576
  1.665741e+01   1.451038e+01   1.031482e-01   0.000000e+00   215464
  1.668020e+01   1.448047e+01   0.000000e+00   0.000000e+00   215472
  1.670241e+01   1.437170e+01   2.757082e-02   0.000000e+00   213768
  1.672453e+01   1.450686e+01   8.946181e-02   0.000000e+00   210956
  1.674724e+01   1.443918e+01   0.000000e+00   0.000000e+00   211788
  1.676942e+01   1.436038e+01   4.881088e-02   0.000000e+00   211092
  1.679194e+01   1.429973e+01   3.511796e-02   0.000000e+00   209556
  1.681461e+01   1.436987e+01   0.000000e+00   0.000000e+00   206700
  1.683643e+01   1.424104e+01   8.430168e-02   0.000000e+00   206048
  1.685902e+01   1.423021e+01   0.000000e+00   0.000000e+00   204744
  1.688155e+01   1.414257e+01   0.000000e+00   0.000000e+00   202992
  1.690336e+01   1.419529e+01   9.429944e-02   0.000000e+00   201944
  1.692628e+01   1.426608e+01   0.000000e+00   0.000000e+00   203304
  1.694874e+01   1.415417e+01   0.000000e+00   0.000000e+00   200484
  1.697060e+01   1.414461e+01   1.002949e-01   0.000000e+00   195516
  1.699352e+01   1.408624e+01   0.000000e+00   0.000000e+00   198860
  1.701549e+01   1.415413e+01   4.558752e-02   0.000000e+00   195264
  1.703789e+01   1.405723e+01   6.590408e-02   0.000000e+00   195984
  1.706066e+01   1.408661e+01   0.000000e+00   0.000000e+00   191808
  1.708233e+01   1.401640e+01   7.687538e-02   0.000000e+00   190776
  1.710489e+01   1.405800e+01   1.981550e-02   0.000000e+00   192032
  1.712759e+01   1.397523e+01   0.000000e+00   0.000000e+00   188628
  1.714942e+01   1.385737e+01   1.064403e-01   0.000000e+00   189444
  1.717223e+01   1.399553e+01   0.000000e+00   0.000000e+00   186260
  1.719450e+01   1.398293e+01   0.000000e+00   0.000000e+00   184560
  1.721657e+01   1.391610e+01   9.657387e-02   0.000000e+00   185832
  1.723956e+01   1.392966e+01   0.000000e+00   0.000000e+00   182400
  1.726157e+01   1.396919e+01   4.579633e-02   0.000000e+00   181380
  1.728379e+01   1.390812e+01   8.120998e-02   0.000000e+00   180332
  1.730663e+01   1.393013e+01   0.000000e+00   0.000000e+00   178236
  1.732866e+01   1.378912e+01   5.828993e-02   0.000000e+00   179184
  1.735110e+01   1.385360e+01   7.434145e-02   0.000000e+00   175028
  1.737375e+01   1.380320e+01   0.000000e+00   0.000000e+00   175440
  1.739586e+01   1.377900e+01   7.900392e-02   0.000000e+00   174828
  1.741842e+01   1.374081e+01   0.000000e+00   0.000000e+00   169896
  1.744076e+01   1.382949e+01   0.000000e+00   0.000000e+00   171708
  1.746285e+01   1.368829e+01   1.026448e-01   0.000000e+00   169328
  1.748553e+01   1.377365e+01   0.000000e+00   0.000000e+00   167364
  1.750789e+01   1.374050e+01   3.735937e-02   0.000000e+00   168192
  1.752998e+01   1.372294e+01   9.178898e-02   0.000000e+00   163188
  1.755288e+01   1.366679e+01   0.000000e+00   0.000000e+00   166184
  1.757508e+01   1.362301e+01   4.613429e-02   0.000000e+00   161460
  1.759720e+01   1.380564e+01   8.478845e-02   0.000000e+00   159972
  1.761988e+01   1.372939e+01   0.000000e+00   0.000000e+00   159488
  1.764186e+01   1.365005e+01   7.921161e-02   0.000000e+00   158148
  1.766453e+01   1.361580e+01   0.000000e+00   0.000000e+00   158100
  1.768716e+01   1.368987e+01   0.000000e+00   0.000000e+00   155232
  1.770883e+01   1.357788e+01   9.057558e-02   0.000000e+00   151216
  1.773162e+01   1.350752e+01   0.000000e+00   0.000000e+00   155560
  1.775426e+01   1.352467e+01   0.000000e+00   0.000000e+00   151404
  1.777608e+01   1.360519e+01   1.084922e-01   0.000000e+00   148356
  1.779892e+01   1.359032e+01   0.000000e+00   0.000000e+00   147164
  1.782097e+01   1.352588e+01   2.937053e-02   0.000000e+00   147384
  1.784325e+01   1.349275e+01   7.316779e-02   0.000000e+00   145992
  1.786621e+01   1.354646e+01   0.000000e+00   0.000000e+00   143856
  1.788784e+01   1.359858e+01   7.193723e-02   0.000000e+00   140384
  1.791047e+01   1.357762e+01   3.640966e-02   0.000000e+00   143856
  1.793320e+01   1.340490e+01   0.000000e+00   0.000000e+00   136968
  1.795491e+01   1.351335e+01   1.001236e-01   0.000000e+00   139536
  1.797782e+01   1.358918e+01   0.000000e+00   0.000000e+00   136916
  1.800007e+01   1.345090e+01   0.000000e+00   0.000000e+00   133032
  1.802203e+01   1.361171e+01   1.011546e-01   0.000000e+00   135540
  1.804511e+01   1.340155e+01   0.000000e+00   0.000000e+00   132096
  1.806709e+01   1.339730e+01   0.000000e+00   0.000000e+00   129540
  1.808928e+01   1.349087e+01   9.850320e-02   0.000000e+00   130640
  1.811214e+01   1.335352e+01   0.000000e+00   0.000000e+00   126276
  1.813418e+01   1.345347e+01   5.907516e-02   0.000000e+00   128484
  1.815689e+01   1.342693e+01   1.528044e-02   0.000000e+00   124168
  1.817929e+01   1.334019e+01   0.000000e+00   0.000000e+00   122224
  1.820135e+01   1.333143e+01   8.842933e-02   0.000000e+00   123156
  1.822405e+01   1.332938e+01   0.000000e+00   0.000000e+00   119688
  1.824622e+01   1.336530e+01   0.000000e+00   0.000000e+00   116640
  1.826830e+01   1.336660e+01   1.034606e-01   0.000000e+00   119696
  1.829109e+01   1.318791e+01   0.000000e+00   0.000000e+00   114276
  1.831338e+01   1.334895e+01   0.000000e+00   0.000000e+00   114060
  1.833546e+01   1.327199e+01   9.742142e-02   0.000000e+00   112536
  1.835830e+01   1.310241e+01   0.000000e+00   0.000000e+00   112196
  1.838062e+01   1.319404e+01   4.269931e-02   0.000000e+00   109404
  1.840272e+01   1.303754e+01   5.523930e-02   0.000000e+00   105900
  1.842520e+01   1.313974e+01   0.000000e+00   0.000000e+00   107176
  1.844738e+01   1.307991e+01   7.149929e-02   0.000000e+00   105088
  1.846994e+01   1.290561e+01   2.569515e-02   0.000000e+00   103800
  1.849256e+01   1.309661e+01   0.000000e+00   0.000000e+00   101340
  1.851450e+01   1.299728e+01   8.066698e-02   0.000000e+00   100036
  1.853696e+01   1.287674e+01   0.000000e+00   0.000000e+00   97672
  1.855950e+01   1.284672e+01   0.000000e+00   0.000000e+00   97908
  1.858158e+01   1.269039e+01   8.620090e-02   0.000000e+00   95328
  1.860420e+01   1.288524e+01   0.000000e+00   0.000000e+00   93600
  1.862649e+01   1.265260e+01   0.000000e+00   0.000000e+00   92312
  1.864875e+01   1.264308e+01   7.252087e-02   0.000000e+00   91044
  1.867142e+01   1.265024e+01   0.000000e+00   0.000000e+00   88500
  1.869325e+01   1.260384e+01   5.546230e-02   0.000000e+00   86216
  1.871576e+01   1.231326e+01   0.000000e+00   0.000000e+00   87159
  1.873869e+01   1.240081e+01   0.000000e+00   0.000000e+00   86064
  1.876070e+01   1.221196e+01   8.433452e-02   0.000000e+00   81648
  1.878304e+01   1.235898e+01   1.360228e-02   0.000000e+00   81654
  1.880569e+01   1.218131e+01   0.000000e+00   0.000000e+00   81284
  1.882790e+01   1.224043e+01   6.136369e-02   0.000000e+00   78888
  1.885026e+01   1.200669e+01   2.065556e-02   0.000000e+00   77250
  1.887247e+01   1.217765e+01   0.000000e+00   0.000000e+00   75942
  1.889470e+01   1.198658e+01   6.512783e-02   0.000000e+00   77042
  1.891753e+01   1.191817e+01   0.000000e+00   0.000000e+00   74094
  1.893984e+01   1.193054e+01   3.706992e-02   0.000000e+00   73818
  1.896216e+01   1.200026e+01   0.000000e+00   0.000000e+00   70998
  1.898457e+01   1.182294e+01   0.000000e+00   0.000000e+00   72044
  1.900691e+01   1.174903e+01   7.055180e-02   0.000000e+00   69426
  1.902943e+01   1.180293e+01   0.000000e+00   0.000000e+00   69288
  1.905177e+01   1.174774e+01   0.000000e+00   0.000000e+00   67068
  1.907383e+01   1.174637e+01   7.125460e-02   0.000000e+00   66926
  1.909642e+01   1.176464e+01   5.879205e-02   0.000000e+00   66348
  1.911910e+01   1.163327e+01   0.000000e+00   0.000000e+00   64728
  1.914115e+01   1.150791e+01   0.000000e+00   0.000000e+00   62820
  1.916349e+01   1.148387e+01   0.000000e+00   0.000000e+00   63716
  1.918612e+01   1.156254e+01   7.219646e-03   0.000000e+00   62160
  1.920843e+01   1.158772e+01   0.000000e+00   0.000000e+00   59940
  1.923057e+01   1.136033e+01   1.753922e-02   0.000000e+00   60112
  1.925291e+01   1.152638e+01   6.888410e-02   0.000000e+00   59668
  1.927559e+01   1.143481e+01   0.000000e+00   0.000000e+00   57618
  1.929770e+01   1.132876e+01   1.912111e-02   0.000000e+00   56868
  1.931984e+01   1.154891e+01   6.576603e-02   0.000000e+00   56684
  1.934233e+01   1.137320e+01   2.931007e-02   0.000000e+00   55536
  1.936485e+01   1.129220e+01   0.000000e+00   0.000000e+00   54342
  1.938725e+01   1.143891e+01   2.417444e-02   0.000000e+00   54768
  1.940942e+01   1.129834e+01   6.499016e-02   0.000000e+00   52094
  1.943180e+01   1.122586e+01   0.000000e+00   0.000000e+00   52224
  1.945450e+01   1.138625e+01   0.000000e+00   0.000000e+00   52188
  1.947673e+01   1.134787e+01   5.790146e-02   0.000000e+00   50190
  1.949884e+01   1.117087e+01   4.754070e-02   0.000000e+00   49224
  1.952138e+01   1.117995e+01   0.000000e+00   0.000000e+00   49094
  1.954399e+01   1.124407e+01   1.747810e-02   0.000000e+00   49488
  1.956638e+01   1.110317e+01   6.145756e-02   0.000000e+00   46830
  1.958846e+01   1.116851e+01   1.371781e-02   0.000000e+00   45860
  1.961092e+01   1.115401e+01   0.000000e+00   0.000000e+00   46770
  1.963346e+01   1.115564e+01   2.527181e-02   0.000000e+00   45468
  1.965581e+01   1.115562e+01   4.334842e-02   0.000000e+00   44130
  1.967806e+01   1.113715e+01   0.000000e+00   0.000000e+00   43230
  1.970046e+01   1.103518e+01   0.000000e+00   0.000000e+00   44108
  1.972303e+01   1.106325e+01   4.055962e-02   0.000000e+00   42162
  1.974534e+01   1.099996e+01   4.030746e-02   0.000000e+00   41358
  1.976746e+01   1.111215e+01   0.000000e+00   0.000000e+00   40456
  1.978986e+01   1.087133e+01   3.879749e-02   0.000000e+00   41230
  1.981261e+01   1.087976e+01   5.123911e-02   0.000000e+00   39906
  1.983504e+01   1.109211e+01   0.000000e+00   0.000000e+00   38508
  1.985706e+01   1.092355e+01   0.000000e+00   0.000000e+00   37854
  1.987929e+01   1.085812e+01   5.801481e-02   0.000000e+00   38162
  1.990205e+01   1.094970e+01   2.927521e-02   0.000000e+00   37212
  1.992451e+01   1.082974e+01   0.000000e+00   0.000000e+00   36450
  1.994642e+01   1.092818e+01   3.252847e-02   0.000000e+00   34718
  1.996863e+01   1.082930e+01   2.303534e-02   0.000000e+00   35814
  1.999141e+01   1.077610e+01   2.325666e-02   0.000000e+00   34896
  2.001390e+01   1.088441e+01   0.000000e+00   0.000000e+00   33822
  2.003574e+01   1.103922e+01   4.739400e-02   0.000000e+00   32522
  2.005819e+01   1.086291e+01   0.000000e+00   0.000000e+00   33630
  2.008095e+01   1.070623e+01   0.000000e+00   0.000000e+00   32166
  2.010309e+01   1.087280e+01   2.538268e-02   0.000000e+00   31200
  2.012503e+01   1.085191e+01   1.241558e-02   0.000000e+00   30598
  2.014747e+01   1.058245e+01   2.462543e-02   0.000000e+00   31138
  2.017040e+01   1.070766e+01   0.000000e+00   0.000000e+00   30510
  2.019273e+01   1.084208e+01   3.532155e-02   0.000000e+00   28998
  2.021465e+01   1.082489e+01   0.000000e+00   0.000000e+00   28290
  2.023706e+01   1.090348e+01   4.614275e-02   0.000000e+00   29126
  2.026000e+01   1.068140e+01   0.000000e+00   0.000000e+00   28008
  2.028237e+01   1.074951e+01   1.405525e-02   0.000000e+00   27222
  2.030447e+01   1.079796e+01   2.418915e-02   0.000000e+00   26426
  2.032684e+01   1.080725e+01   1.383713e-02   0.000000e+00   26694
  2.034949e+01   1.056005e+01   2.438193e-02   0.000000e+00   25734
  2.037195e+01   1.071395e+01   0.000000e+00   0.000000e+00   25458
  2.039398e+01   1.078038e+01   5.790034e-03   0.000000e+00   24198
  2.041647e+01   1.091490e+01   0.000000e+00   0.000000e+00   25034
  2.043921e+01   1.093519e+01   2.148961e-02   0.000000e+00   23718
  2.046141e+01   1.063494e+01   0.000000e+00   0.000000e+00   23094
  2.048325e+01   1.102462e+01   3.120402e-02   0.000000e+00   22416
  2.050574e+01   1.077907e+01   8.802534e-03   0.000000e+00   23078
  2.052882e+01   1.078998e+01   0.000000e+00   0.000000e+00   22386
  2.055117e+01   1.063431e+01   0.000000e+00   0.000000e+00   21126
  2.057282e+01   1.056985e+01   0.000000e+00   0.000000e+00   20366
  2.059512e+01   1.070124e+01   4.109826e-02   0.000000e+00   21354
  2.061826e+01   1.058268e+01   0.000000e+00   0.000000e+00   20478
  2.064057e+01   1.066482e+01   0.000000e+00   0.000000e+00   19458
  2.066222e+01   1.075668e+01   1.291657e-02   0.000000e+00   18758
  2.068455e+01   1.055507e+01   4.502063e-02   0.000000e+00   19566
  2.070765e+01   1.083990e+01   3.065536e-02   0.000000e+00   18858
  2.073008e+01   1.075123e+01   7.383462e-03   0.000000e+00   17790
  2.075166e+01   1.097708e+01   0.000000e+00   0.000000e+00   17114
  2.077403e+01   1.070031e+01   0.000000e+00   0.000000e+00   17982
  2.079711e+01   1.075851e+01   0.000000e+00   0.000000e+00   17190
  2.081958e+01   1.077310e+01   0.000000e+00   0.000000e+00   16458
  2.084115e+01   1.107171e+01   3.496529e-02   0.000000e+00   15494
  2.086347e+01   1.059919e+01   8.142649e-03   0.000000e+00   16374
  2.088669e+01   1.072437e+01   0.000000e+00   0.000000e+00   15858
  2.090920e+01   1.081086e+01   0.000000e+00   0.000000e+00   14862
  2.093068e+01   1.095101e+01   0.000000e+00   0.000000e+00   14082
  2.095310e+01   1.061497e+01   0.000000e+00   0.000000e+00   14990
  2.097639e+01   1.088678e+01   1.629737e-02   0.000000e+00   14358
  2.099882e+01   1.088745e+01   0.000000e+00   0.000000e+00   13386
  2.102007e+01   1.093610e+01   0.000000e+00   0.000000e+00   12678
  2.104251e+01   1.105724e+01   2.536847e-02   0.000000e+00   13700
  2.106595e+01   1.081851e+01   1.502868e-02   0.000000e+00   12942
  2.108844e+01   1.097562e+01   4.030960e-02   0.000000e+00   12198
  2.110945e+01   1.088091e+01   0.000000e+00   0.000000e+00   11106
  2.113175e+01   1.090200e+01   5.922807e-03   0.000000e+00   12494
  2.115525e+01   1.100989e+01   2.869253e-02   0.000000e+00   11610
  2.117792e+01   1.117814e+01   0.000000e+00   0.000000e+00   11094
  2.119894e+01   1.125155e+01   2.188947e-02   0.000000e+00   9902
  2.122114e+01   1.107671e+01   1.479895e-02   0.000000e+00   11226
  2.124465e+01   1.111149e+01   0.000000e+00   0.000000e+00   10326
  2.126734e+01   1.102777e+01   1.762141e-02   0.000000e+00   10074
  2.128853e+01   1.136001e+01   1.295379e-02   0.000000e+00   8766
  2.131054e+01   1.145999e+01   0.000000e+00   0.000000e+00   9950
  2.133400e+01   1.116740e+01   1.430657e-02   0.000000e+00   9252
  2.135668e+01   1.109552e+01   0.000000e+00   0.000000e+00   8886
  2.137785e+01   1.118298e+01   0.000000e+00   0.000000e+00   7850
  2.140006e+01   1.163454e+01   0.000000e+00   0.000000e+00   8886
  2.142357e+01   1.122956e+01   0.000000e+00   0.000000e+00   8142
  2.144598e+01   1.115190e+01   2.183711e-02   0.000000e+00   7746
  2.146692e+01   1.143046e+01   2.325937e-02   0.000000e+00   6926
  2.148956e+01   1.132824e+01   0.000000e+00   0.000000e+00   7974
  2.151315e+01   1.141183e+01   2.046628e-02   0.000000e+00   7074
  2.153530e+01   1.132312e+01   0.000000e+00   0.000000e+00   6744
  2.155613e+01   1.173438e+01   2.263665e-02   0.000000e+00   6114
  2.157915e+01   1.162214e+01   0.000000e+00   0.000000e+00   7094
  2.160315e+01   1.153974e+01   0.000000e+00   0.000000e+00   6174
  2.162502e+01   1.198282e+01   8.478616e-03   0.000000e+00   5754
  2.164529e+01   1.186172e+01   0.000000e+00   0.000000e+00   5214
  2.166862e+01   1.146839e+01   0.000000e+00   0.000000e+00   6338
  2.169327e+01   1.197628e+01   7.221153e-03   0.000000e+00   5352
  2.171490e+01   1.140724e+01   0.000000e+00   0.000000e+00   4830
  2.173422e+01   1.212743e+01   3.177754e-03   0.000000e+00   4338
  2.175768e+01   1.179909e+01   0.000000e+00   0.000000e+00   5558
  2.178338e+01   1.173215e+01   1.618607e-02   0.000000e+00   4866
  2.180546e+01   1.189175e+01   2.599644e-02   0.000000e+00   3846
  2.182302e+01   1.187373e+01   0.000000e+00   0.000000e+00   3518
  2.184657e+01   1.180935e+01   2.287084e-02   0.000000e+00   4812
  2.187303e+01   1.171881e+01   1.229796e-02   0.000000e+00   4278
  2.189596e+01   1.183930e+01   2.187650e-02   0.000000e+00   3174
  2.191184e+01   1.248042e+01   0.000000e+00   0.000000e+00   2738
  2.193531e+01   1.213933e+01   9.068074e-03   0.000000e+00   4086
  2.196231e+01   1.189472e+01   5.539909e-03   0.000000e+00   3666
  2.198633e+01   1.229266e+01   1.289652e-02   0.000000e+00   2712
  2.200065e+01   1.197736e+01   8.909745e-03   0.000000e+00   1998
  2.202400e+01   1.233163e+01   1.250603e-02   0.000000e+00   3434
  2.205156e+01   1.207568e+01   3.627316e-03   0.000000e+00   3078
  2.207673e+01   1.232669e+01   1.093850e-02   0.000000e+00   2334
  2.208953e+01   1.227034e+01   0.000000e+00   0.000000e+00   1340
  2.211267e+01   1.282093e+01   0.000000e+00   0.000000e+00   2838
  2.214088e+01   1.262010e+01   0.000000e+00   0.000000e+00   2538
  2.216722e+01   1.259740e+01   1.394374e-02   0.000000e+00   1974
  2.217777e+01   1.334712e+01   1.395236e-02   0.000000e+00   774
  2.220101e+01   1.272626e+01   6.616419e-03   0.000000e+00   2300
  2.222993e+01   1.268200e+01   1.472697e-02   0.000000e+00   2046
  2.225746e+01   1.380236e+01   4.801075e-03   0.000000e+00   1626
  2.226602e+01   1.237179e+01   8.346394e-03   6.419310e-01   390
  2.228919e+01   1.295489e+01   8.471547e-03   0.000000e+00   1766
  2.231856e+01   1.359613e+01   0.000000e+00   0.000000e+00   1596
  2.234725e+01   1.297099e+01   0.000000e+00   0.000000e+00   1302
  2.235429e+01   1.586690e+01   0.000000e+00   1.104871e+00   150
  2.237750e+01   1.204804e+01   2.852828e-03   0.000000e+00   1298
  2.240698e+01   1.320359e+01   0.000000e+00   0.000000e+00   1158
  2.243630e+01   1.283674e+01   0.000000e+00   0.000000e+00   996
  2.244707e+01   1.037694e+01   1.161396e-02   1.797410e+00   38
  2.246603e+01   1.398472e+01   0.000000e+00   0.000000e+00   894
  2.249555e+01   1.463129e+01   1.047578e-02   0.000000e+00   786
  2.252511e+01   1.348854e+01   0.000000e+00   0.000000e+00   678
  2.255323e+01   1.983127e+01   0.000000e+00   8.024307e+00   8
  2.255471e+01   1.499986e+01   1.412475e-02   0.000000e+00   570
  2.258430e+01   1.525978e+01   1.338450e-02   0.000000e+00   486
  2.261392e+01   1.486864e+01   0.000000e+00   7.037348e-01   402
  2.264273e+01   1.535865e+01   0.000000e+00   1.131881e+00   8
  2.264359e+01   1.640746e+01   1.179067e-02   9.195087e-01   318
  2.267323e+01   1.374312e+01   0.000000e+00   1.038122e+00   258
  2.270292e+01   1.451284e+01   0.000000e+00   1.126462e+00   198
  2.273223e+01   1.420945e+01   0.000000e+00   5.285352e+00   8
  2.273265e+01   1.491224e+01   0.000000e+00   1.211788e+00   138
  2.276235e+01   1.547360e+01   3.869981e-03   1.568305e+00   102
  2.279209e+01   1.397897e+01   7.048534e-03   1.582424e+00   66
  2.282185e+01   1.572954e+01   0.000000e+00   1.892391e+00   38
  2.285163e+01   9.834805e+00   0.000000e+00   1.937282e+00   18
  2.288143e+01   1.283588e+01   0.000000e+00   1.555586e+00   6
