# power spectrum of omega (curl v)
# redshift z=1.508800
# k              Pk             sigma(k)       sigma(Pk)      count
  5.167109e-02   4.882311e-18   1.693076e-05   7.488171e-19   6
  7.307396e-02   3.306283e-17   0.000000e+00   5.914436e-18   12
  9.543063e-02   2.310024e-16   6.851560e-03   4.104652e-17   14
  1.210540e-01   4.409002e-16   5.513588e-03   5.215673e-17   48
  1.524803e-01   1.934088e-15   4.005064e-03   2.299112e-16   42
  1.673860e-01   3.453294e-15   3.987272e-03   2.592017e-16   48
  1.897915e-01   5.442573e-15   4.780100e-03   3.749245e-16   80
  2.150919e-01   1.231105e-14   3.711353e-03   9.666281e-16   90
  2.344483e-01   2.138284e-14   5.827848e-03   1.257538e-15   120
  2.619469e-01   4.207569e-14   4.897654e-03   2.460704e-15   158
  2.801601e-01   7.019826e-14   2.324249e-03   3.965678e-15   120
  3.021033e-01   8.640828e-14   5.194979e-03   5.576120e-15   186
  3.263478e-01   1.340078e-13   7.104259e-03   5.816497e-15   264
  3.460484e-01   1.750620e-13   3.835370e-03   8.945354e-15   168
  3.711847e-01   3.241984e-13   6.854707e-03   1.327364e-14   386
  3.922192e-01   4.105282e-13   4.147837e-03   1.819391e-14   192
  4.129151e-01   5.556887e-13   6.800624e-03   2.350717e-14   390
  4.361657e-01   7.182094e-13   7.120246e-03   2.384335e-14   396
  4.580089e-01   9.165047e-13   7.064082e-03   3.374336e-14   398
  4.820215e-01   1.444572e-12   6.923992e-03   4.680302e-14   576
  5.056520e-01   1.870269e-12   7.024453e-03   6.604767e-14   444
  5.263213e-01   2.189708e-12   6.337769e-03   6.751489e-14   590
  5.498572e-01   2.865231e-12   6.940338e-03   7.525016e-14   648
  5.728135e-01   3.281212e-12   6.142360e-03   9.163268e-14   654
  5.932093e-01   4.406080e-12   5.094857e-03   1.234579e-13   636
  6.160086e-01   4.883838e-12   7.638490e-03   1.239782e-13   830
  6.374011e-01   6.172100e-12   5.498339e-03   1.589675e-13   792
  6.592753e-01   6.837392e-12   5.654942e-03   1.702491e-13   804
  6.816774e-01   8.830800e-12   6.979494e-03   1.966873e-13   1038
  7.033658e-01   1.086061e-11   5.466907e-03   2.664905e-13   936
  7.268733e-01   1.246311e-11   6.387959e-03   2.611193e-13   1130
  7.481801e-01   1.390100e-11   5.932183e-03   3.015910e-13   1104
  7.715689e-01   1.638315e-11   6.595546e-03   3.356509e-13   1230
  7.929568e-01   1.875320e-11   6.702668e-03   3.512765e-13   1260
  8.146859e-01   2.234223e-11   5.790870e-03   4.512448e-13   1286
  8.392614e-01   2.585552e-11   7.027488e-03   4.320449e-13   1728
  8.625481e-01   2.926440e-11   6.216797e-03   5.793059e-13   1392
  8.846806e-01   3.385225e-11   5.904316e-03   5.862851e-13   1626
  9.073659e-01   3.841295e-11   6.975646e-03   6.586743e-13   1760
  9.301438e-01   4.383378e-11   5.768668e-03   7.609176e-13   1686
  9.516169e-01   4.972589e-11   5.853410e-03   8.133380e-13   1812
  9.735730e-01   5.700546e-11   6.746865e-03   9.274869e-13   1862
  9.960116e-01   6.197311e-11   6.018286e-03   9.522427e-13   2160
  1.018588e+00   6.750724e-11   6.151975e-03   1.122558e-12   1956
  1.041303e+00   8.051411e-11   6.911344e-03   1.132937e-12   2454
  1.063469e+00   8.668582e-11   5.390687e-03   1.356027e-12   2048
  1.085716e+00   9.679964e-11   7.009443e-03   1.341560e-12   2538
  1.107675e+00   1.059643e-10   5.880830e-03   1.555892e-12   2400
  1.129871e+00   1.195091e-10   7.006632e-03   1.663113e-12   2526
  1.152016e+00   1.316439e-10   6.936203e-03   1.744483e-12   2856
  1.175115e+00   1.402417e-10   6.523069e-03   1.839835e-12   2804
  1.197929e+00   1.535303e-10   6.765387e-03   2.035070e-12   2958
  1.219641e+00   1.668407e-10   6.564698e-03   2.180893e-12   2976
  1.242553e+00   1.845734e-10   6.566272e-03   2.364091e-12   3194
  1.264005e+00   1.967948e-10   6.547194e-03   2.533886e-12   3120
  1.287240e+00   2.199327e-10   6.610882e-03   2.609978e-12   3606
  1.309415e+00   2.342259e-10   6.055094e-03   2.871773e-12   3276
  1.331019e+00   2.493719e-10   6.832617e-03   3.026872e-12   3600
  1.353243e+00   2.710542e-10   6.012754e-03   3.205815e-12   3638
  1.374639e+00   2.909084e-10   6.416366e-03   3.460228e-12   3744
  1.397786e+00   3.183078e-10   6.647095e-03   3.443709e-12   4170
  1.419913e+00   3.389833e-10   6.280159e-03   3.960373e-12   3984
  1.442451e+00   3.497780e-10   6.343240e-03   3.901109e-12   4334
  1.464688e+00   3.958749e-10   5.884242e-03   4.346840e-12   4284
  1.486648e+00   4.086855e-10   7.105982e-03   4.354458e-12   4374
  1.509609e+00   4.430472e-10   6.283327e-03   4.526766e-12   5016
  1.532223e+00   4.637359e-10   6.062388e-03   5.038170e-12   4580
  1.554765e+00   4.986436e-10   7.126587e-03   4.921138e-12   5142
  1.577761e+00   5.548397e-10   6.899001e-03   5.527110e-12   5184
  1.600276e+00   5.860926e-10   5.358187e-03   6.008449e-12   5058
  1.621911e+00   6.091506e-10   6.363006e-03   5.882354e-12   5384
  1.645046e+00   6.564011e-10   7.263032e-03   6.516735e-12   5622
  1.667362e+00   6.983525e-10   6.136916e-03   6.639687e-12   5736
  1.689585e+00   7.221341e-10   5.459726e-03   6.928679e-12   5596
  1.711912e+00   7.766701e-10   6.900016e-03   7.233551e-12   6070
  1.734057e+00   8.065726e-10   5.309358e-03   7.514063e-12   6096
  1.757161e+00   8.557993e-10   6.569772e-03   7.828636e-12   6474
  1.778536e+00   9.064922e-10   6.327436e-03   8.754474e-12   6024
  1.801398e+00   9.504724e-10   6.368825e-03   8.289571e-12   7070
  1.824047e+00   1.020884e-09   5.188747e-03   9.149499e-12   6516
  1.845773e+00   1.068144e-09   6.380209e-03   9.162961e-12   6936
  1.868451e+00   1.077860e-09   6.371322e-03   9.181568e-12   7110
  1.890389e+00   1.187132e-09   4.725690e-03   1.027608e-11   7244
  1.913597e+00   1.207072e-09   6.891100e-03   9.850680e-12   7878
  1.936074e+00   1.266530e-09   6.679112e-03   1.055715e-11   7344
  1.957840e+00   1.284572e-09   6.859269e-03   1.062781e-11   7694
  1.980517e+00   1.395262e-09   6.664929e-03   1.109869e-11   8412
  2.003290e+00   1.477258e-09   6.920777e-03   1.196354e-11   7920
  2.024933e+00   1.530097e-09   5.935641e-03   1.229236e-11   8118
  2.046965e+00   1.557819e-09   6.802747e-03   1.204956e-11   8548
  2.069378e+00   1.632631e-09   6.854972e-03   1.253774e-11   8710
  2.091602e+00   1.695799e-09   6.061818e-03   1.273446e-11   8928
  2.114418e+00   1.815438e-09   6.527190e-03   1.375172e-11   9186
  2.136304e+00   1.878809e-09   7.230700e-03   1.450195e-11   9200
  2.158866e+00   1.920581e-09   6.156028e-03   1.376413e-11   9438
  2.180862e+00   1.998234e-09   8.606585e-03   1.444568e-11   9564
  2.203469e+00   2.066092e-09   6.709648e-03   1.447578e-11   10296
  2.226614e+00   2.194989e-09   5.853483e-03   1.594248e-11   10126
  2.248296e+00   2.283666e-09   7.262133e-03   1.604491e-11   10024
  2.271358e+00   2.341492e-09   5.084344e-03   1.570212e-11   11082
  2.294001e+00   2.429553e-09   7.845643e-03   1.690789e-11   10632
  2.316131e+00   2.500399e-09   5.692841e-03   1.714508e-11   10734
  2.338489e+00   2.592808e-09   7.034156e-03   1.779890e-11   11276
  2.360839e+00   2.709782e-09   6.363473e-03   1.841294e-11   11352
  2.383396e+00   2.778350e-09   6.479782e-03   1.844238e-11   11550
  2.405538e+00   2.853411e-09   5.927835e-03   1.903486e-11   11772
  2.428008e+00   2.946497e-09   7.563585e-03   1.966057e-11   12038
  2.450201e+00   3.077029e-09   9.293796e-03   2.034138e-11   12096
  2.472702e+00   3.132343e-09   7.456409e-03   1.990509e-11   12582
  2.494955e+00   3.221382e-09   1.825518e-03   2.015549e-11   12620
  2.517718e+00   3.292544e-09   7.839685e-03   2.056447e-11   13320
  2.539996e+00   3.439445e-09   7.203663e-03   2.224634e-11   12654
  2.561848e+00   3.570463e-09   1.413863e-03   2.240649e-11   13236
  2.584027e+00   3.600849e-09   1.029625e-02   2.232085e-11   13438
  2.606438e+00   3.852463e-09   1.009196e-02   2.334059e-11   14344
  2.629662e+00   3.838137e-09   6.210193e-03   2.335832e-11   14226
  2.651603e+00   3.958320e-09   5.102242e-03   2.390622e-11   14088
  2.673833e+00   4.056849e-09   0.000000e+00   2.450320e-11   14328
  2.696115e+00   4.197418e-09   7.046693e-03   2.476174e-11   14954
  2.718701e+00   4.222611e-09   5.431387e-03   2.412598e-11   15480
  2.741376e+00   4.337162e-09   7.280150e-03   2.552008e-11   14862
  2.762860e+00   4.453809e-09   8.779580e-03   2.574527e-11   15296
  2.785420e+00   4.571606e-09   8.336992e-03   2.570460e-11   15954
  2.807527e+00   4.746045e-09   6.952518e-03   2.702238e-11   15720
  2.829638e+00   4.775199e-09   2.913213e-03   2.664060e-11   16296
  2.852416e+00   4.932146e-09   4.517414e-03   2.734715e-11   17010
  2.874533e+00   5.036977e-09   3.789831e-03   2.798141e-11   16328
  2.896783e+00   5.088187e-09   3.558114e-03   2.797775e-11   17094
  2.919100e+00   5.238533e-09   9.246157e-03   2.846542e-11   17436
  2.941673e+00   5.373543e-09   9.307719e-03   2.873920e-11   17862
  2.964338e+00   5.480997e-09   8.046711e-03   2.945054e-11   18200
  2.987171e+00   5.651743e-09   1.090516e-03   2.986214e-11   18450
  3.009508e+00   5.753218e-09   4.234205e-03   3.020744e-11   18384
  3.031791e+00   5.929962e-09   6.152895e-03   3.112692e-11   18504
  3.054048e+00   6.018506e-09   4.817391e-03   3.094107e-11   19142
  3.076754e+00   6.156609e-09   6.462856e-03   3.128388e-11   19692
  3.099218e+00   6.307662e-09   6.472102e-03   3.212932e-11   19062
  3.121198e+00   6.409643e-09   0.000000e+00   3.196185e-11   20184
  3.143916e+00   6.509356e-09   8.079162e-03   3.366293e-11   19970
  3.166075e+00   6.628327e-09   0.000000e+00   3.328416e-11   20496
  3.188882e+00   6.749222e-09   9.334364e-03   3.293372e-11   21456
  3.211079e+00   6.804598e-09   6.557450e-03   3.518153e-11   19650
  3.232869e+00   7.026664e-09   1.035204e-02   3.308349e-11   22040
  3.255840e+00   7.178606e-09   1.381972e-02   3.556239e-11   21558
  3.278020e+00   7.308152e-09   0.000000e+00   3.546424e-11   21804
  3.300260e+00   7.368432e-09   8.657826e-03   3.514365e-11   21926
  3.322427e+00   7.503145e-09   1.025002e-02   3.600933e-11   22416
  3.344684e+00   7.665308e-09   9.176037e-03   3.595567e-11   22776
  3.367568e+00   7.813253e-09   7.248312e-03   3.615747e-11   23874
  3.390051e+00   7.902281e-09   0.000000e+00   3.663631e-11   23104
  3.412404e+00   7.958196e-09   0.000000e+00   3.667125e-11   23974
  3.434809e+00   8.167379e-09   1.498525e-02   3.813633e-11   23892
  3.456825e+00   8.325076e-09   0.000000e+00   3.909650e-11   23550
  3.478993e+00   8.433233e-09   7.289204e-03   3.854608e-11   25320
  3.501511e+00   8.530160e-09   1.276294e-02   3.883913e-11   24428
  3.523545e+00   8.645332e-09   8.815625e-03   3.869222e-11   25254
  3.546105e+00   8.808070e-09   0.000000e+00   3.867921e-11   26016
  3.568344e+00   8.977778e-09   0.000000e+00   4.063092e-11   25182
  3.590789e+00   9.112765e-09   3.555054e-03   3.948177e-11   27428
  3.613556e+00   9.225277e-09   6.156791e-03   4.053512e-11   25974
  3.635463e+00   9.340816e-09   9.532201e-03   4.026265e-11   26904
  3.657712e+00   9.542402e-09   3.993095e-03   4.191938e-11   26730
  3.679984e+00   9.545936e-09   0.000000e+00   4.117161e-11   27896
  3.702813e+00   9.757831e-09   1.135081e-02   4.078004e-11   28992
  3.725914e+00   9.914663e-09   3.079555e-03   4.170832e-11   28698
  3.747957e+00   1.006359e-08   0.000000e+00   4.370445e-11   27816
  3.770475e+00   1.013496e-08   0.000000e+00   4.214067e-11   29774
  3.793003e+00   1.021712e-08   6.977119e-03   4.232505e-11   29148
  3.815025e+00   1.037356e-08   0.000000e+00   4.384716e-11   28806
  3.837210e+00   1.043783e-08   1.231794e-02   4.291941e-11   30408
  3.859647e+00   1.065554e-08   0.000000e+00   4.334773e-11   30320
  3.882277e+00   1.079581e-08   0.000000e+00   4.435488e-11   30930
  3.904866e+00   1.088030e-08   0.000000e+00   4.387626e-11   31656
  3.926934e+00   1.101751e-08   1.996762e-03   4.543327e-11   30086
  3.949103e+00   1.120946e-08   1.448631e-02   4.449054e-11   32724
  3.971447e+00   1.124070e-08   8.463241e-03   4.540912e-11   30846
  3.993638e+00   1.146337e-08   1.111374e-03   4.497037e-11   33480
  4.016319e+00   1.152153e-08   1.167854e-02   4.596357e-11   32724
  4.038496e+00   1.162200e-08   7.536642e-03   4.627908e-11   32894
  4.060991e+00   1.175469e-08   0.000000e+00   4.522491e-11   34200
  4.083491e+00   1.192460e-08   9.095024e-03   4.638914e-11   33594
  4.105589e+00   1.210292e-08   0.000000e+00   4.633556e-11   34336
  4.128132e+00   1.223298e-08   2.697887e-03   4.715204e-11   34822
  4.150503e+00   1.231186e-08   0.000000e+00   4.688859e-11   35472
  4.172753e+00   1.241181e-08   0.000000e+00   4.793467e-11   34404
  4.194935e+00   1.234912e-08   0.000000e+00   4.646933e-11   36222
  4.217169e+00   1.261728e-08   6.538324e-03   4.716562e-11   35984
  4.239629e+00   1.278969e-08   9.071253e-03   4.844848e-11   36570
  4.261896e+00   1.282276e-08   0.000000e+00   4.774751e-11   37176
  4.284407e+00   1.295203e-08   0.000000e+00   4.863816e-11   37406
  4.306826e+00   1.319019e-08   0.000000e+00   4.846672e-11   38052
  4.329062e+00   1.337762e-08   0.000000e+00   4.953688e-11   37590
  4.351603e+00   1.337976e-08   1.122256e-02   4.767454e-11   39480
  4.373916e+00   1.350475e-08   0.000000e+00   5.006666e-11   38260
  4.396221e+00   1.357585e-08   1.124366e-02   4.886594e-11   39646
  4.418982e+00   1.384513e-08   6.395015e-03   4.922136e-11   40944
  4.441553e+00   1.383287e-08   0.000000e+00   4.952250e-11   39678
  4.463787e+00   1.398586e-08   0.000000e+00   4.961745e-11   40804
  4.486155e+00   1.399291e-08   0.000000e+00   4.961060e-11   40606
  4.508560e+00   1.418676e-08   1.498948e-02   4.984036e-11   42216
  4.531102e+00   1.429592e-08   0.000000e+00   5.054875e-11   41532
  4.553371e+00   1.455682e-08   0.000000e+00   5.045611e-11   41990
  4.575476e+00   1.450651e-08   1.579727e-02   5.088668e-11   42360
  4.598032e+00   1.471888e-08   6.359216e-03   5.033802e-11   43530
  4.620450e+00   1.481902e-08   9.019319e-03   5.112902e-11   43848
  4.642799e+00   1.493041e-08   0.000000e+00   5.162687e-11   42870
  4.665219e+00   1.501296e-08   1.519047e-02   5.023615e-11   46160
  4.687724e+00   1.507007e-08   6.344045e-03   5.177032e-11   43380
  4.709885e+00   1.524564e-08   0.000000e+00   5.141838e-11   45294
  4.732123e+00   1.540763e-08   1.418281e-02   5.146299e-11   45744
  4.754862e+00   1.527521e-08   0.000000e+00   5.080062e-11   46682
  4.777106e+00   1.555740e-08   8.022686e-03   5.245421e-11   45840
  4.799424e+00   1.571723e-08   0.000000e+00   5.192589e-11   47118
  4.821693e+00   1.572428e-08   2.076746e-02   5.231190e-11   47124
  4.844051e+00   1.592780e-08   5.394590e-03   5.252655e-11   47984
  4.866864e+00   1.582966e-08   9.105574e-03   5.164501e-11   49566
  4.888861e+00   1.597379e-08   5.377603e-03   5.310365e-11   46284
  4.910927e+00   1.617431e-08   1.500290e-02   5.193880e-11   49966
  4.933383e+00   1.630244e-08   1.119863e-02   5.265911e-11   49360
  4.955706e+00   1.630942e-08   3.196374e-03   5.245214e-11   49806
  4.978207e+00   1.642138e-08   1.228628e-02   5.208347e-11   51492
  5.000464e+00   1.645990e-08   1.642994e-02   5.334190e-11   49496
  5.022910e+00   1.659464e-08   1.640412e-02   5.159531e-11   53190
  5.045544e+00   1.664556e-08   0.000000e+00   5.311062e-11   51060
  5.067733e+00   1.694413e-08   0.000000e+00   5.311851e-11   52134
  5.089993e+00   1.687895e-08   1.070483e-02   5.250187e-11   53088
  5.112430e+00   1.707545e-08   7.346740e-03   5.355100e-11   52706
  5.134797e+00   1.707880e-08   1.132760e-02   5.279671e-11   54936
  5.157524e+00   1.715549e-08   0.000000e+00   5.273297e-11   53886
  5.179752e+00   1.714241e-08   0.000000e+00   5.327422e-11   54436
  5.201975e+00   1.739906e-08   0.000000e+00   5.377857e-11   55096
  5.224644e+00   1.732713e-08   0.000000e+00   5.257636e-11   56358
  5.246859e+00   1.740383e-08   0.000000e+00   5.338447e-11   55632
  5.269250e+00   1.757829e-08   2.177941e-02   5.306102e-11   56530
  5.291588e+00   1.766764e-08   0.000000e+00   5.320525e-11   57232
  5.313844e+00   1.783279e-08   0.000000e+00   5.392353e-11   56766
  5.336666e+00   1.775116e-08   0.000000e+00   5.152382e-11   60804
  5.358877e+00   1.801796e-08   0.000000e+00   5.502669e-11   55536
  5.381167e+00   1.791898e-08   2.688921e-02   5.199190e-11   61166
  5.403549e+00   1.803557e-08   0.000000e+00   5.468006e-11   57396
  5.425681e+00   1.815002e-08   1.296707e-02   5.302746e-11   60870
  5.448152e+00   1.821946e-08   0.000000e+00   5.323144e-11   60224
  5.470510e+00   1.822769e-08   1.887704e-02   5.297912e-11   61002
  5.492940e+00   1.843757e-08   1.758445e-02   5.355333e-11   62016
  5.515253e+00   1.831543e-08   0.000000e+00   5.350943e-11   60768
  5.537386e+00   1.845348e-08   2.534663e-02   5.305501e-11   62870
  5.560014e+00   1.859153e-08   9.219502e-03   5.333941e-11   63804
  5.582512e+00   1.861786e-08   1.155769e-02   5.338671e-11   63054
  5.604494e+00   1.876110e-08   1.078381e-02   5.355767e-11   63024
  5.626955e+00   1.884014e-08   0.000000e+00   5.318851e-11   65018
  5.649159e+00   1.876889e-08   1.642398e-02   5.323663e-11   64608
  5.671597e+00   1.879623e-08   0.000000e+00   5.287991e-11   65688
  5.693966e+00   1.890051e-08   2.462238e-02   5.319259e-11   65994
  5.716267e+00   1.902921e-08   0.000000e+00   5.307053e-11   66648
  5.738807e+00   1.893232e-08   1.700038e-02   5.238464e-11   67310
  5.761024e+00   1.909125e-08   0.000000e+00   5.325906e-11   67224
  5.783401e+00   1.911356e-08   5.739254e-03   5.339257e-11   68034
  5.805858e+00   1.914900e-08   0.000000e+00   5.210862e-11   69744
  5.828318e+00   1.929476e-08   1.215195e-02   5.321885e-11   68654
  5.851000e+00   1.923056e-08   1.693850e-02   5.212475e-11   72132
  5.873442e+00   1.920256e-08   1.053107e-02   5.303552e-11   68520
  5.895566e+00   1.925748e-08   1.634365e-02   5.283373e-11   71070
  5.918131e+00   1.941425e-08   0.000000e+00   5.250819e-11   71948
  5.940467e+00   1.946431e-08   2.506463e-02   5.283412e-11   71598
  5.962998e+00   1.948802e-08   0.000000e+00   5.167626e-11   73536
  5.985340e+00   1.969422e-08   2.969389e-02   5.319766e-11   71802
  6.007451e+00   1.963107e-08   0.000000e+00   5.268174e-11   73280
  6.029826e+00   1.972390e-08   0.000000e+00   5.259026e-11   73992
  6.052403e+00   1.964949e-08   1.374646e-02   5.182690e-11   75966
  6.074758e+00   1.982885e-08   0.000000e+00   5.279910e-11   74364
  6.097138e+00   1.981807e-08   1.718423e-02   5.200460e-11   76094
  6.119457e+00   1.985069e-08   0.000000e+00   5.211501e-11   76224
  6.141847e+00   1.987790e-08   1.010607e-02   5.249224e-11   76242
  6.163999e+00   1.979907e-08   0.000000e+00   5.200248e-11   76944
  6.186370e+00   2.010770e-08   0.000000e+00   5.166812e-11   78680
  6.209085e+00   2.006680e-08   1.992882e-02   5.161451e-11   79962
  6.231371e+00   2.009871e-08   9.112946e-03   5.284115e-11   77760
  6.253630e+00   2.012011e-08   2.294799e-02   5.197767e-11   79590
  6.276017e+00   2.024695e-08   0.000000e+00   5.204001e-11   80732
  6.298458e+00   2.035577e-08   2.900424e-02   5.176722e-11   81174
  6.320844e+00   2.004712e-08   1.053931e-02   5.102792e-11   80832
  6.342780e+00   2.027050e-08   2.928167e-02   5.201885e-11   79992
  6.365286e+00   2.008675e-08   0.000000e+00   5.027520e-11   84314
  6.387872e+00   2.038237e-08   0.000000e+00   5.143161e-11   83592
  6.410326e+00   2.022118e-08   2.143642e-02   5.086297e-11   83838
  6.432653e+00   2.029964e-08   0.000000e+00   5.125729e-11   83676
  6.454894e+00   2.040232e-08   1.378757e-02   5.107583e-11   84950
  6.477198e+00   2.040428e-08   0.000000e+00   5.104276e-11   84912
  6.499635e+00   2.037675e-08   2.675027e-02   5.056438e-11   87162
  6.522126e+00   2.040903e-08   0.000000e+00   5.100181e-11   86440
  6.544376e+00   2.053479e-08   0.000000e+00   5.092438e-11   86560
  6.566822e+00   2.045012e-08   2.913086e-03   5.021834e-11   88698
  6.589160e+00   2.062731e-08   3.267497e-02   5.044711e-11   88920
  6.611798e+00   2.045446e-08   0.000000e+00   5.043788e-11   88814
  6.633998e+00   2.057254e-08   7.756500e-03   5.012161e-11   90336
  6.656620e+00   2.054880e-08   0.000000e+00   5.023022e-11   90282
  6.678958e+00   2.061460e-08   0.000000e+00   5.037855e-11   90840
  6.701116e+00   2.058707e-08   2.403300e-02   4.993146e-11   91128
  6.723711e+00   2.063656e-08   0.000000e+00   5.023748e-11   92690
  6.745948e+00   2.073158e-08   0.000000e+00   4.998750e-11   92160
  6.768387e+00   2.051284e-08   0.000000e+00   4.918081e-11   93534
  6.790648e+00   2.066323e-08   0.000000e+00   4.952642e-11   93484
  6.813020e+00   2.068687e-08   4.843936e-03   4.926759e-11   95206
  6.835577e+00   2.060440e-08   1.053450e-02   4.889079e-11   96048
  6.857772e+00   2.062905e-08   8.636652e-03   4.922857e-11   93600
  6.880098e+00   2.053473e-08   0.000000e+00   4.815388e-11   97410
  6.902463e+00   2.077501e-08   3.025153e-02   4.887555e-11   97856
  6.925055e+00   2.067449e-08   0.000000e+00   4.859864e-11   97278
  6.947334e+00   2.068837e-08   1.891050e-02   4.822605e-11   98916
  6.969628e+00   2.073117e-08   0.000000e+00   4.874003e-11   96894
  6.991808e+00   2.056943e-08   0.000000e+00   4.788433e-11   100976
  7.014410e+00   2.074135e-08   8.498749e-04   4.799921e-11   100164
  7.036655e+00   2.061254e-08   0.000000e+00   4.802687e-11   100014
  7.058766e+00   2.065674e-08   2.148629e-02   4.792242e-11   101040
  7.081243e+00   2.069399e-08   0.000000e+00   4.761042e-11   102338
  7.103507e+00   2.081527e-08   1.318421e-02   4.780660e-11   102912
  7.126095e+00   2.077669e-08   0.000000e+00   4.730663e-11   104238
  7.148297e+00   2.071573e-08   2.129572e-02   4.747139e-11   103104
  7.170701e+00   2.078841e-08   1.916211e-02   4.717798e-11   105404
  7.193162e+00   2.065114e-08   0.000000e+00   4.697778e-11   105198
  7.215504e+00   2.090318e-08   0.000000e+00   4.717872e-11   106632
  7.237964e+00   2.043525e-08   2.790570e-02   4.640666e-11   106706
  7.260295e+00   2.070982e-08   0.000000e+00   4.690573e-11   106992
  7.282886e+00   2.059488e-08   0.000000e+00   4.617097e-11   110118
  7.305259e+00   2.062102e-08   3.415523e-02   4.614434e-11   108084
  7.327505e+00   2.054839e-08   1.296838e-02   4.635265e-11   108222
  7.349997e+00   2.060214e-08   0.000000e+00   4.562011e-11   112160
  7.372281e+00   2.054658e-08   1.912485e-02   4.612853e-11   108492
  7.394660e+00   2.061546e-08   2.431954e-02   4.552293e-11   113262
  7.417128e+00   2.053154e-08   0.000000e+00   4.546444e-11   111360
  7.439625e+00   2.048960e-08   0.000000e+00   4.492617e-11   114182
  7.461949e+00   2.052785e-08   3.582065e-02   4.537678e-11   112884
  7.484348e+00   2.056336e-08   9.433436e-03   4.524927e-11   113934
  7.506589e+00   2.053662e-08   0.000000e+00   4.528319e-11   114504
  7.529189e+00   2.052951e-08   0.000000e+00   4.437255e-11   117500
  7.551488e+00   2.051388e-08   2.565267e-02   4.520799e-11   114102
  7.573807e+00   2.050173e-08   8.869136e-03   4.428592e-11   118584
  7.596257e+00   2.045514e-08   0.000000e+00   4.486648e-11   115546
  7.618346e+00   2.055563e-08   2.303813e-02   4.444996e-11   118984
  7.640989e+00   2.046214e-08   6.206174e-03   4.410284e-11   119526
  7.663271e+00   2.040891e-08   2.825180e-03   4.432348e-11   119436
  7.685539e+00   2.041565e-08   0.000000e+00   4.409256e-11   118632
  7.707836e+00   2.032969e-08   2.596852e-02   4.340634e-11   122510
  7.730336e+00   2.041020e-08   0.000000e+00   4.357859e-11   121680
  7.752755e+00   2.028298e-08   0.000000e+00   4.358409e-11   121434
  7.774933e+00   2.022586e-08   0.000000e+00   4.299608e-11   123928
  7.797402e+00   2.036836e-08   0.000000e+00   4.329203e-11   123910
  7.819816e+00   2.016574e-08   0.000000e+00   4.239532e-11   124452
  7.842165e+00   2.030843e-08   0.000000e+00   4.301810e-11   125376
  7.864518e+00   2.015281e-08   2.234488e-02   4.257256e-11   126638
  7.886884e+00   2.017717e-08   7.136010e-03   4.279321e-11   125844
  7.909266e+00   2.003816e-08   0.000000e+00   4.221464e-11   128142
  7.931675e+00   2.014128e-08   5.869292e-03   4.215760e-11   128136
  7.953932e+00   2.010517e-08   1.018694e-02   4.219515e-11   127642
  7.976365e+00   2.007590e-08   0.000000e+00   4.163546e-11   131968
  7.999047e+00   2.012820e-08   0.000000e+00   4.208674e-11   130326
  8.021289e+00   2.005913e-08   2.341636e-02   4.160994e-11   131688
  8.043653e+00   2.003035e-08   9.728733e-03   4.175850e-11   130212
  8.065928e+00   1.992182e-08   0.000000e+00   4.106320e-11   132686
  8.088480e+00   1.997983e-08   0.000000e+00   4.078628e-11   135960
  8.110931e+00   1.984673e-08   1.637327e-02   4.130897e-11   131562
  8.132911e+00   1.979725e-08   1.359068e-02   4.098363e-11   134016
  8.155431e+00   1.986760e-08   0.000000e+00   4.052129e-11   136478
  8.177814e+00   1.981606e-08   3.090316e-02   4.029718e-11   136812
  8.200286e+00   1.980885e-08   1.977481e-02   4.021928e-11   137856
  8.222674e+00   1.973796e-08   0.000000e+00   4.040531e-11   135862
  8.244935e+00   1.979438e-08   0.000000e+00   4.019693e-11   140056
  8.267479e+00   1.969552e-08   2.629923e-02   3.990426e-11   139602
  8.289805e+00   1.955342e-08   0.000000e+00   3.971482e-11   139080
  8.312119e+00   1.960820e-08   0.000000e+00   3.954162e-11   140678
  8.334523e+00   1.966993e-08   1.443758e-02   3.954613e-11   142884
  8.356839e+00   1.960380e-08   1.077189e-02   3.961945e-11   139992
  8.379201e+00   1.959249e-08   0.000000e+00   3.906069e-11   144966
  8.401691e+00   1.939897e-08   0.000000e+00   3.898740e-11   143364
  8.423973e+00   1.942703e-08   2.055286e-02   3.864619e-11   144518
  8.446285e+00   1.944483e-08   2.185361e-02   3.885316e-11   145200
  8.468564e+00   1.939144e-08   0.000000e+00   3.887739e-11   143466
  8.490786e+00   1.925917e-08   0.000000e+00   3.800021e-11   148824
  8.513165e+00   1.938838e-08   1.750656e-02   3.845480e-11   145544
  8.535381e+00   1.909579e-08   0.000000e+00   3.785082e-11   148590
  8.557874e+00   1.928566e-08   0.000000e+00   3.775962e-11   150540
  8.580337e+00   1.918820e-08   2.964792e-02   3.784371e-11   150134
  8.602702e+00   1.914997e-08   0.000000e+00   3.746607e-11   151296
  8.625280e+00   1.905742e-08   0.000000e+00   3.733656e-11   152058
  8.647428e+00   1.900186e-08   1.817299e-02   3.719107e-11   150864
  8.669803e+00   1.903592e-08   1.647280e-02   3.688558e-11   154310
  8.692407e+00   1.882390e-08   0.000000e+00   3.668495e-11   155172
  8.714767e+00   1.893658e-08   0.000000e+00   3.668160e-11   154128
  8.737344e+00   1.880200e-08   1.385712e-02   3.595359e-11   158310
  8.759614e+00   1.883348e-08   2.044913e-02   3.697868e-11   153436
  8.781901e+00   1.869999e-08   0.000000e+00   3.601607e-11   157726
  8.804499e+00   1.869902e-08   0.000000e+00   3.568914e-11   160368
  8.826773e+00   1.876809e-08   1.016878e-02   3.625183e-11   155718
  8.849007e+00   1.859405e-08   0.000000e+00   3.578161e-11   160028
  8.871390e+00   1.863155e-08   0.000000e+00   3.557987e-11   160920
  8.893811e+00   1.856224e-08   1.441659e-02   3.559682e-11   161070
  8.916228e+00   1.850050e-08   3.266289e-02   3.501456e-11   163428
  8.938516e+00   1.842027e-08   0.000000e+00   3.544704e-11   159574
  8.960960e+00   1.849057e-08   0.000000e+00   3.476633e-11   167392
  8.983417e+00   1.846665e-08   2.668618e-02   3.509971e-11   162258
  9.005716e+00   1.830780e-08   1.468345e-02   3.445760e-11   167472
  9.028172e+00   1.839358e-08   0.000000e+00   3.503420e-11   163664
  9.050365e+00   1.824567e-08   0.000000e+00   3.437971e-11   166986
  9.072801e+00   1.818414e-08   1.854539e-02   3.387493e-11   169968
  9.095408e+00   1.817689e-08   0.000000e+00   3.419033e-11   167646
  9.117493e+00   1.811138e-08   0.000000e+00   3.419015e-11   168080
  9.139888e+00   1.815069e-08   1.757407e-02   3.383640e-11   170826
  9.162297e+00   1.796133e-08   0.000000e+00   3.368163e-11   170928
  9.184503e+00   1.805791e-08   1.862126e-02   3.371222e-11   170640
  9.206989e+00   1.788417e-08   0.000000e+00   3.344723e-11   173954
  9.229277e+00   1.785297e-08   2.927939e-02   3.315411e-11   173232
  9.251727e+00   1.789385e-08   0.000000e+00   3.314968e-11   174150
  9.274117e+00   1.781593e-08   6.037374e-04   3.309287e-11   176364
  9.296468e+00   1.781446e-08   1.846726e-02   3.296456e-11   175302
  9.318834e+00   1.779446e-08   9.076977e-03   3.292007e-11   177392
  9.341132e+00   1.776533e-08   1.976827e-02   3.270541e-11   176352
  9.363604e+00   1.755928e-08   0.000000e+00   3.227264e-11   180330
  9.386067e+00   1.759081e-08   1.065498e-02   3.204791e-11   180712
  9.408437e+00   1.752172e-08   1.573953e-02   3.230453e-11   179350
  9.430871e+00   1.745149e-08   1.451959e-02   3.170654e-11   183396
  9.453363e+00   1.743446e-08   0.000000e+00   3.190575e-11   180390
  9.475463e+00   1.741088e-08   0.000000e+00   3.192154e-11   181944
  9.497943e+00   1.743837e-08   0.000000e+00   3.138823e-11   185450
  9.520473e+00   1.729316e-08   7.863354e-03   3.137098e-11   186192
  9.542747e+00   1.734705e-08   2.191716e-02   3.155303e-11   183432
  9.565049e+00   1.718757e-08   0.000000e+00   3.120187e-11   185362
  9.587306e+00   1.723081e-08   6.907126e-03   3.099572e-11   188464
  9.609859e+00   1.719626e-08   0.000000e+00   3.094000e-11   188046
  9.632257e+00   1.702886e-08   1.510940e-02   3.048054e-11   191304
  9.654588e+00   1.701218e-08   2.669663e-02   3.073150e-11   186690
  9.677019e+00   1.696198e-08   0.000000e+00   3.026616e-11   194072
  9.699306e+00   1.697991e-08   2.273506e-02   3.068958e-11   188688
  9.721592e+00   1.690558e-08   0.000000e+00   3.038186e-11   192786
  9.743907e+00   1.690108e-08   8.577086e-03   3.018262e-11   193352
  9.766459e+00   1.686145e-08   0.000000e+00   3.016481e-11   195702
  9.788768e+00   1.676113e-08   3.096366e-02   2.987077e-11   195132
  9.811173e+00   1.674979e-08   0.000000e+00   2.973836e-11   195726
  9.833500e+00   1.663580e-08   0.000000e+00   2.945062e-11   197416
  9.855836e+00   1.664425e-08   7.079081e-03   2.950297e-11   196564
  9.878247e+00   1.655550e-08   2.047166e-02   2.925045e-11   201198
  9.900613e+00   1.656108e-08   3.860879e-03   2.925233e-11   197136
  9.922811e+00   1.647967e-08   0.000000e+00   2.905435e-11   199358
  9.945108e+00   1.636018e-08   2.960711e-02   2.860516e-11   203532
  9.967651e+00   1.642475e-08   0.000000e+00   2.886754e-11   201438
  9.989975e+00   1.638317e-08   0.000000e+00   2.866120e-11   203664
  1.001229e+01   1.632858e-08   2.994335e-02   2.859076e-11   203972
  1.003466e+01   1.619099e-08   2.393065e-02   2.835838e-11   205974
  1.005712e+01   1.626516e-08   0.000000e+00   2.819149e-11   205752
  1.007961e+01   1.610127e-08   0.000000e+00   2.787913e-11   207810
  1.010172e+01   1.613306e-08   3.922414e-02   2.810248e-11   206384
  1.012429e+01   1.603643e-08   0.000000e+00   2.748275e-11   210966
  1.014673e+01   1.605747e-08   0.000000e+00   2.775031e-11   210516
  1.016914e+01   1.605314e-08   0.000000e+00   2.780081e-11   209766
  1.019140e+01   1.583939e-08   4.388304e-02   2.726937e-11   212376
  1.021385e+01   1.594094e-08   0.000000e+00   2.735394e-11   212960
  1.023641e+01   1.577365e-08   0.000000e+00   2.722201e-11   214626
  1.025867e+01   1.579687e-08   3.176776e-02   2.712123e-11   213696
  1.028103e+01   1.573661e-08   3.145380e-02   2.689313e-11   215734
  1.030334e+01   1.570461e-08   0.000000e+00   2.694964e-11   213220
  1.032567e+01   1.573798e-08   0.000000e+00   2.661512e-11   219102
  1.034812e+01   1.552712e-08   3.685724e-02   2.632360e-11   220872
  1.037046e+01   1.558527e-08   5.418226e-02   2.665679e-11   216556
  1.039282e+01   1.554105e-08   4.166001e-02   2.631983e-11   221494
  1.041513e+01   1.554739e-08   4.569288e-02   2.642500e-11   219096
  1.043757e+01   1.544440e-08   3.341476e-02   2.595745e-11   224262
  1.046009e+01   1.534337e-08   0.000000e+00   2.585178e-11   222508
  1.048247e+01   1.541829e-08   0.000000e+00   2.590946e-11   222502
  1.050467e+01   1.531456e-08   4.305209e-02   2.581824e-11   227280
  1.052714e+01   1.534083e-08   2.075434e-02   2.585632e-11   223644
  1.054948e+01   1.519090e-08   0.000000e+00   2.564569e-11   226222
  1.057185e+01   1.526186e-08   0.000000e+00   2.533727e-11   229840
  1.059429e+01   1.519244e-08   2.843198e-02   2.555579e-11   228042
  1.061650e+01   1.518876e-08   0.000000e+00   2.545984e-11   227472
  1.063885e+01   1.515691e-08   0.000000e+00   2.532205e-11   230990
  1.066126e+01   1.498149e-08   8.365486e-03   2.483631e-11   233532
  1.068362e+01   1.501886e-08   3.223885e-02   2.480145e-11   231288
  1.070609e+01   1.492176e-08   0.000000e+00   2.476611e-11   233718
  1.072830e+01   1.495975e-08   0.000000e+00   2.478346e-11   232704
  1.075072e+01   1.486562e-08   3.310007e-02   2.441864e-11   239282
  1.077318e+01   1.481766e-08   4.119318e-02   2.450496e-11   234912
  1.079566e+01   1.482444e-08   0.000000e+00   2.435372e-11   238278
  1.081785e+01   1.474256e-08   4.010840e-02   2.434048e-11   237460
  1.084005e+01   1.476768e-08   2.870220e-02   2.423444e-11   236662
  1.086268e+01   1.468042e-08   0.000000e+00   2.382240e-11   246336
  1.088530e+01   1.472433e-08   0.000000e+00   2.398828e-11   241092
  1.090754e+01   1.455914e-08   3.753834e-02   2.382280e-11   242414
  1.092996e+01   1.463717e-08   1.426649e-02   2.382585e-11   243552
  1.095240e+01   1.449692e-08   0.000000e+00   2.365218e-11   243474
  1.097457e+01   1.442979e-08   2.708877e-02   2.358116e-11   245112
  1.099702e+01   1.444936e-08   2.821407e-02   2.329921e-11   246894
  1.101936e+01   1.435208e-08   2.042501e-02   2.333461e-11   247448
  1.104183e+01   1.437287e-08   0.000000e+00   2.319405e-11   247404
  1.106404e+01   1.433396e-08   4.296185e-02   2.299977e-11   249990
  1.108633e+01   1.435455e-08   4.003241e-02   2.300971e-11   249512
  1.110895e+01   1.426190e-08   0.000000e+00   2.276203e-11   253890
  1.113129e+01   1.420421e-08   0.000000e+00   2.287048e-11   250728
  1.115348e+01   1.428493e-08   5.188320e-02   2.283904e-11   253950
  1.117595e+01   1.408864e-08   0.000000e+00   2.265192e-11   254140
  1.119836e+01   1.419622e-08   0.000000e+00   2.251797e-11   255880
  1.122078e+01   1.409502e-08   3.277085e-02   2.242072e-11   258942
  1.124297e+01   1.412284e-08   4.953593e-02   2.261025e-11   253836
  1.126546e+01   1.399497e-08   0.000000e+00   2.209682e-11   260534
  1.128792e+01   1.399060e-08   0.000000e+00   2.221839e-11   259992
  1.131009e+01   1.398098e-08   5.076788e-02   2.226899e-11   258894
  1.133251e+01   1.388461e-08   3.990135e-02   2.187284e-11   263364
  1.135495e+01   1.395120e-08   0.000000e+00   2.214835e-11   259536
  1.137705e+01   1.383498e-08   2.270419e-02   2.183862e-11   263438
  1.139940e+01   1.385835e-08   4.544461e-02   2.176676e-11   265740
  1.142189e+01   1.377458e-08   0.000000e+00   2.175414e-11   264894
  1.144432e+01   1.380974e-08   0.000000e+00   2.154157e-11   269184
  1.146664e+01   1.377012e-08   4.351215e-02   2.159922e-11   266138
  1.148895e+01   1.373169e-08   3.147975e-02   2.131429e-11   270528
  1.151148e+01   1.375270e-08   0.000000e+00   2.144274e-11   268182
  1.153372e+01   1.360401e-08   0.000000e+00   2.129384e-11   270960
  1.155602e+01   1.367143e-08   5.303967e-02   2.111899e-11   274580
  1.157881e+01   1.358330e-08   0.000000e+00   2.096950e-11   276078
  1.160121e+01   1.357871e-08   0.000000e+00   2.104806e-11   273600
  1.162347e+01   1.354598e-08   4.433925e-02   2.103984e-11   274698
  1.164581e+01   1.348172e-08   4.677850e-02   2.094745e-11   276920
  1.166832e+01   1.357115e-08   0.000000e+00   2.091638e-11   276774
  1.169070e+01   1.343942e-08   0.000000e+00   2.079444e-11   279972
  1.171284e+01   1.342188e-08   3.814211e-02   2.069673e-11   276144
  1.173528e+01   1.340156e-08   1.830700e-02   2.054902e-11   282590
  1.175776e+01   1.342104e-08   0.000000e+00   2.058800e-11   282300
  1.178014e+01   1.332446e-08   0.000000e+00   2.028479e-11   283926
  1.180230e+01   1.324188e-08   5.081384e-02   2.040740e-11   279792
  1.182484e+01   1.335750e-08   0.000000e+00   2.030052e-11   287870
  1.184734e+01   1.330084e-08   0.000000e+00   2.031309e-11   286428
  1.186948e+01   1.330288e-08   4.976979e-02   2.022377e-11   284808
  1.189187e+01   1.314872e-08   1.776902e-02   1.992651e-11   289158
  1.191439e+01   1.328213e-08   0.000000e+00   2.010907e-11   290204
  1.193674e+01   1.318715e-08   0.000000e+00   2.003282e-11   290382
  1.195902e+01   1.314358e-08   3.383060e-02   1.983399e-11   291912
  1.198152e+01   1.317672e-08   0.000000e+00   1.986793e-11   290754
  1.200378e+01   1.312159e-08   1.866386e-02   1.977443e-11   296096
  1.202628e+01   1.312536e-08   2.801852e-02   1.962061e-11   294552
  1.204852e+01   1.298217e-08   5.082861e-02   1.964400e-11   293466
  1.207086e+01   1.304082e-08   0.000000e+00   1.958438e-11   296904
  1.209331e+01   1.304538e-08   0.000000e+00   1.951667e-11   298358
  1.211543e+01   1.296256e-08   4.885724e-02   1.953838e-11   297840
  1.213795e+01   1.298598e-08   1.901528e-02   1.936787e-11   301338
  1.216042e+01   1.292320e-08   0.000000e+00   1.930944e-11   300336
  1.218256e+01   1.293364e-08   5.299587e-02   1.909620e-11   303584
  1.220506e+01   1.285931e-08   4.379254e-02   1.909666e-11   304098
  1.222759e+01   1.297647e-08   0.000000e+00   1.924700e-11   304488
  1.224984e+01   1.285536e-08   4.887088e-02   1.904676e-11   306678
  1.227228e+01   1.289122e-08   0.000000e+00   1.918524e-11   305732
  1.229466e+01   1.283917e-08   1.768109e-02   1.891234e-11   309894
  1.231711e+01   1.286484e-08   2.537251e-02   1.903151e-11   310200
  1.233948e+01   1.281848e-08   0.000000e+00   1.887687e-11   307074
  1.236174e+01   1.273593e-08   5.054589e-02   1.868895e-11   315656
  1.238431e+01   1.276677e-08   0.000000e+00   1.874885e-11   310704
  1.240678e+01   1.275516e-08   0.000000e+00   1.877560e-11   314310
  1.242877e+01   1.275564e-08   5.950996e-02   1.877941e-11   312412
  1.245134e+01   1.272065e-08   0.000000e+00   1.851845e-11   318310
  1.247382e+01   1.268642e-08   0.000000e+00   1.866824e-11   315648
  1.249602e+01   1.276058e-08   4.680822e-02   1.845034e-11   320610
  1.251836e+01   1.265465e-08   0.000000e+00   1.861351e-11   313944
  1.254076e+01   1.266783e-08   0.000000e+00   1.830505e-11   325880
  1.256317e+01   1.260385e-08   4.778360e-02   1.843450e-11   319146
  1.258557e+01   1.263655e-08   0.000000e+00   1.833788e-11   322896
  1.260777e+01   1.261252e-08   5.228333e-02   1.834692e-11   322206
  1.263022e+01   1.262028e-08   0.000000e+00   1.821914e-11   327416
  1.265280e+01   1.257970e-08   0.000000e+00   1.821258e-11   325602
  1.267489e+01   1.258113e-08   6.335182e-02   1.823197e-11   328248
  1.269735e+01   1.258767e-08   0.000000e+00   1.810474e-11   326088
  1.271991e+01   1.253080e-08   0.000000e+00   1.817813e-11   331658
  1.274201e+01   1.261308e-08   5.728392e-02   1.808897e-11   331584
  1.276452e+01   1.247454e-08   2.744922e-02   1.795393e-11   330630
  1.278698e+01   1.250661e-08   0.000000e+00   1.796229e-11   333204
  1.280904e+01   1.255161e-08   6.533690e-02   1.805334e-11   333470
  1.283167e+01   1.253055e-08   0.000000e+00   1.800696e-11   335688
  1.285390e+01   1.256058e-08   2.190114e-02   1.789256e-11   336828
  1.287624e+01   1.246430e-08   2.968388e-02   1.790219e-11   337662
  1.289879e+01   1.252859e-08   0.000000e+00   1.787804e-11   338960
  1.292080e+01   1.246936e-08   5.985180e-02   1.789449e-11   338262
  1.294330e+01   1.247048e-08   4.972827e-02   1.769224e-11   344388
  1.296599e+01   1.245195e-08   0.000000e+00   1.774818e-11   342486
  1.298794e+01   1.242934e-08   7.539937e-02   1.775236e-11   343592
  1.301061e+01   1.249537e-08   7.020253e-03   1.770136e-11   347130
  1.303317e+01   1.239103e-08   0.000000e+00   1.769144e-11   346152
  1.305519e+01   1.249823e-08   7.192614e-02   1.770725e-11   345856
  1.307782e+01   1.243048e-08   0.000000e+00   1.763759e-11   349354
  1.310025e+01   1.245071e-08   0.000000e+00   1.747996e-11   352032
  1.312248e+01   1.237997e-08   6.038648e-02   1.753565e-11   348582
  1.314506e+01   1.243375e-08   0.000000e+00   1.753394e-11   352244
  1.316704e+01   1.248746e-08   7.342325e-02   1.764211e-11   351582
  1.318960e+01   1.241044e-08   1.525638e-02   1.742450e-11   357144
  1.321223e+01   1.244892e-08   0.000000e+00   1.750706e-11   355560
  1.323426e+01   1.246047e-08   6.864449e-02   1.754309e-11   354551
  1.325679e+01   1.248861e-08   1.103692e-02   1.742079e-11   358044
  1.327941e+01   1.258722e-08   0.000000e+00   1.760702e-11   355272
  1.330135e+01   1.266574e-08   7.491879e-02   1.766736e-11   352044
  1.332382e+01   1.266190e-08   0.000000e+00   1.760442e-11   352344
  1.334630e+01   1.267403e-08   0.000000e+00   1.740419e-11   356516
  1.336852e+01   1.277209e-08   5.166401e-02   1.755824e-11   352848
  1.339127e+01   1.280195e-08   0.000000e+00   1.768838e-11   352980
  1.341333e+01   1.282303e-08   4.538368e-02   1.786907e-11   348948
  1.343567e+01   1.290600e-08   3.849442e-02   1.775118e-11   351692
  1.345843e+01   1.287058e-08   0.000000e+00   1.772773e-11   353064
  1.348041e+01   1.292820e-08   6.702412e-02   1.795619e-11   345624
  1.350276e+01   1.297333e-08   0.000000e+00   1.796493e-11   347844
  1.352538e+01   1.292373e-08   0.000000e+00   1.783862e-11   351020
  1.354745e+01   1.302193e-08   6.270086e-02   1.817041e-11   345852
  1.356994e+01   1.296741e-08   1.006960e-02   1.802153e-11   347040
  1.359245e+01   1.302752e-08   0.000000e+00   1.824034e-11   345928
  1.361452e+01   1.309443e-08   6.324541e-02   1.829556e-11   347020
  1.363713e+01   1.299701e-08   0.000000e+00   1.820958e-11   343032
  1.365942e+01   1.308923e-08   0.000000e+00   1.829394e-11   343620
  1.368161e+01   1.305162e-08   6.417289e-02   1.826077e-11   343988
  1.370439e+01   1.308236e-08   0.000000e+00   1.841456e-11   344556
  1.372655e+01   1.309422e-08   4.632637e-02   1.851919e-11   343632
  1.374908e+01   1.309931e-08   0.000000e+00   1.861923e-11   340392
  1.377157e+01   1.307375e-08   0.000000e+00   1.857786e-11   339408
  1.379355e+01   1.309750e-08   8.007632e-02   1.864363e-11   341864
  1.381627e+01   1.308244e-08   0.000000e+00   1.851790e-11   341964
  1.383874e+01   1.308462e-08   0.000000e+00   1.875500e-11   334380
  1.386053e+01   1.307244e-08   7.544100e-02   1.867934e-11   336504
  1.388322e+01   1.308988e-08   1.779073e-02   1.865358e-11   339560
  1.390569e+01   1.313956e-08   0.000000e+00   1.889974e-11   336384
  1.392787e+01   1.302819e-08   7.933776e-02   1.882852e-11   337404
  1.395050e+01   1.307045e-08   0.000000e+00   1.897209e-11   330156
  1.397256e+01   1.297768e-08   6.222924e-02   1.873357e-11   337808
  1.399514e+01   1.298829e-08   0.000000e+00   1.897725e-11   332748
  1.401769e+01   1.304167e-08   0.000000e+00   1.904239e-11   333612
  1.403973e+01   1.298035e-08   6.323772e-02   1.901708e-11   331860
  1.406220e+01   1.298469e-08   2.824730e-02   1.915780e-11   328376
  1.408463e+01   1.298446e-08   0.000000e+00   1.913767e-11   331140
  1.410680e+01   1.290513e-08   7.574284e-02   1.894698e-11   332988
  1.412929e+01   1.291877e-08   2.968729e-02   1.929492e-11   325224
  1.415185e+01   1.288193e-08   0.000000e+00   1.907367e-11   331544
  1.417399e+01   1.287112e-08   7.139727e-02   1.902509e-11   327264
  1.419646e+01   1.283249e-08   0.000000e+00   1.913626e-11   322308
  1.421873e+01   1.282738e-08   2.688790e-02   1.918194e-11   328136
  1.424091e+01   1.277550e-08   5.423782e-02   1.915043e-11   323172
  1.426360e+01   1.278092e-08   0.000000e+00   1.920869e-11   325248
  1.428572e+01   1.279076e-08   6.729043e-02   1.929013e-11   324096
  1.430815e+01   1.270452e-08   0.000000e+00   1.914873e-11   321540
  1.433080e+01   1.269650e-08   0.000000e+00   1.920112e-11   323744
  1.435270e+01   1.266415e-08   7.479264e-02   1.922246e-11   317400
  1.437520e+01   1.261874e-08   1.800286e-02   1.914208e-11   322560
  1.439788e+01   1.263832e-08   0.000000e+00   1.934786e-11   320076
  1.441987e+01   1.258710e-08   7.750285e-02   1.927141e-11   317204
  1.444268e+01   1.255738e-08   0.000000e+00   1.907786e-11   323064
  1.446515e+01   1.250976e-08   0.000000e+00   1.925384e-11   315204
  1.448707e+01   1.247789e-08   8.386922e-02   1.925221e-11   315416
  1.450996e+01   1.237545e-08   0.000000e+00   1.906776e-11   316884
  1.453202e+01   1.245392e-08   5.098161e-02   1.927689e-11   312876
  1.455438e+01   1.235514e-08   5.901953e-02   1.907075e-11   315540
  1.457716e+01   1.237154e-08   0.000000e+00   1.920478e-11   312576
  1.459903e+01   1.226045e-08   8.389381e-02   1.903054e-11   312140
  1.462164e+01   1.225538e-08   2.220169e-02   1.915541e-11   310356
  1.464425e+01   1.220701e-08   0.000000e+00   1.906235e-11   311232
  1.466612e+01   1.212371e-08   7.565492e-02   1.902627e-11   307584
  1.468876e+01   1.214162e-08   3.623703e-02   1.898346e-11   310616
  1.471121e+01   1.217580e-08   0.000000e+00   1.938574e-11   304200
  1.473310e+01   1.202395e-08   8.380038e-02   1.894325e-11   306792
  1.475592e+01   1.202679e-08   0.000000e+00   1.888758e-11   306168
  1.477803e+01   1.197236e-08   0.000000e+00   1.893974e-11   304448
  1.480048e+01   1.194381e-08   7.281373e-02   1.895362e-11   308580
  1.482322e+01   1.190171e-08   0.000000e+00   1.896464e-11   299568
  1.484510e+01   1.190481e-08   7.170969e-02   1.892056e-11   304416
  1.486778e+01   1.181371e-08   3.969836e-02   1.881492e-11   302216
  1.489034e+01   1.173504e-08   0.000000e+00   1.881286e-11   300084
  1.491232e+01   1.167814e-08   9.115121e-02   1.864431e-11   299340
  1.493481e+01   1.170697e-08   0.000000e+00   1.887049e-11   296688
  1.495734e+01   1.164099e-08   0.000000e+00   1.868231e-11   298820
  1.497931e+01   1.154568e-08   8.726172e-02   1.851774e-11   296916
  1.500203e+01   1.153256e-08   0.000000e+00   1.851051e-11   295920
  1.502427e+01   1.150353e-08   0.000000e+00   1.879845e-11   292692
  1.504633e+01   1.145488e-08   8.029894e-02   1.842441e-11   295892
  1.506926e+01   1.138899e-08   0.000000e+00   1.847748e-11   293064
  1.509132e+01   1.136312e-08   4.292515e-02   1.846335e-11   293220
  1.511361e+01   1.134471e-08   3.914088e-02   1.856514e-11   286804
  1.513621e+01   1.125409e-08   0.000000e+00   1.835665e-11   293080
  1.515835e+01   1.119882e-08   7.979268e-02   1.816510e-11   291816
  1.518103e+01   1.118730e-08   0.000000e+00   1.839026e-11   287784
  1.520352e+01   1.113065e-08   0.000000e+00   1.835189e-11   286760
  1.522546e+01   1.113030e-08   8.424824e-02   1.828305e-11   287088
  1.524810e+01   1.099949e-08   0.000000e+00   1.818876e-11   286176
  1.527065e+01   1.098425e-08   0.000000e+00   1.820871e-11   284184
  1.529255e+01   1.095333e-08   7.448344e-02   1.816858e-11   282220
  1.531540e+01   1.088800e-08   0.000000e+00   1.802349e-11   284452
  1.533755e+01   1.085879e-08   0.000000e+00   1.808649e-11   279516
  1.535976e+01   1.075629e-08   8.105071e-02   1.789824e-11   282696
  1.538265e+01   1.081093e-08   0.000000e+00   1.807679e-11   278676
  1.540453e+01   1.071791e-08   8.359777e-02   1.787846e-11   279512
  1.542708e+01   1.062037e-08   1.102561e-02   1.776421e-11   276672
  1.544968e+01   1.063984e-08   0.000000e+00   1.789594e-11   276036
  1.547147e+01   1.056306e-08   8.110895e-02   1.784211e-11   274416
  1.549411e+01   1.049101e-08   3.723298e-02   1.777995e-11   275384
  1.551674e+01   1.052157e-08   0.000000e+00   1.790930e-11   274560
  1.553871e+01   1.037303e-08   8.908635e-02   1.763629e-11   272220
  1.556146e+01   1.044660e-08   0.000000e+00   1.778516e-11   270492
  1.558373e+01   1.038373e-08   0.000000e+00   1.770474e-11   271532
  1.560603e+01   1.026252e-08   5.368739e-02   1.742460e-11   272052
  1.562867e+01   1.027955e-08   0.000000e+00   1.770586e-11   264372
  1.565057e+01   1.015026e-08   4.927201e-02   1.738085e-11   268652
  1.567314e+01   1.012986e-08   5.653616e-02   1.730433e-11   266760
  1.569563e+01   1.009189e-08   0.000000e+00   1.733756e-11   262536
  1.571764e+01   1.005687e-08   8.844739e-02   1.730373e-11   266460
  1.574021e+01   1.001339e-08   0.000000e+00   1.723778e-11   261560
  1.576267e+01   9.957354e-09   0.000000e+00   1.718806e-11   262236
  1.578478e+01   9.940852e-09   7.910622e-02   1.724369e-11   261708
  1.580730e+01   9.920244e-09   0.000000e+00   1.714139e-11   258960
  1.582979e+01   9.760164e-09   0.000000e+00   1.707823e-11   258376
  1.585177e+01   9.803905e-09   7.544012e-02   1.704304e-11   258304
  1.587469e+01   9.745321e-09   0.000000e+00   1.683260e-11   259368
  1.589684e+01   9.718135e-09   3.733187e-02   1.713780e-11   253332
  1.591901e+01   9.718504e-09   7.981529e-02   1.704030e-11   254448
  1.594185e+01   9.569538e-09   0.000000e+00   1.682425e-11   255248
  1.596389e+01   9.558449e-09   8.210961e-02   1.682071e-11   252180
  1.598648e+01   9.571758e-09   3.149549e-02   1.677858e-11   252744
  1.600902e+01   9.431321e-09   0.000000e+00   1.682628e-11   247348
  1.603089e+01   9.522301e-09   9.883007e-02   1.685409e-11   250432
  1.605354e+01   9.414747e-09   0.000000e+00   1.686029e-11   247860
  1.607617e+01   9.374816e-09   0.000000e+00   1.672633e-11   247716
  1.609805e+01   9.351513e-09   8.288005e-02   1.671623e-11   242472
  1.612085e+01   9.224502e-09   0.000000e+00   1.640611e-11   248672
  1.614309e+01   9.263105e-09   3.588442e-02   1.673281e-11   239352
  1.616518e+01   9.221994e-09   6.671112e-02   1.640090e-11   245088
  1.618802e+01   9.161988e-09   0.000000e+00   1.661197e-11   239232
  1.620990e+01   9.162804e-09   8.773884e-02   1.647499e-11   240320
  1.623258e+01   9.046048e-09   0.000000e+00   1.647201e-11   239340
  1.625521e+01   9.051299e-09   0.000000e+00   1.636683e-11   237636
  1.627700e+01   9.036933e-09   8.459990e-02   1.648468e-11   235980
  1.629964e+01   8.886873e-09   0.000000e+00   1.633594e-11   235304
  1.632222e+01   8.969199e-09   0.000000e+00   1.624634e-11   234576
  1.634416e+01   8.840559e-09   7.821032e-02   1.624985e-11   232788
  1.636679e+01   8.785752e-09   0.000000e+00   1.610312e-11   230400
  1.638913e+01   8.859910e-09   0.000000e+00   1.628435e-11   231836
  1.641133e+01   8.698605e-09   8.424696e-02   1.596494e-11   231288
  1.643421e+01   8.748389e-09   0.000000e+00   1.623037e-11   226536
  1.645610e+01   8.697487e-09   6.555137e-02   1.617782e-11   226084
  1.647844e+01   8.619954e-09   5.625802e-02   1.592252e-11   227116
  1.650123e+01   8.635661e-09   0.000000e+00   1.601729e-11   223800
  1.652314e+01   8.553553e-09   8.960297e-02   1.593654e-11   223884
  1.654569e+01   8.562029e-09   0.000000e+00   1.605923e-11   222360
  1.656829e+01   8.481130e-09   0.000000e+00   1.581574e-11   221156
  1.659035e+01   8.426667e-09   9.967682e-02   1.573003e-11   221724
  1.661305e+01   8.487527e-09   0.000000e+00   1.593493e-11   217584
  1.663545e+01   8.345044e-09   0.000000e+00   1.581318e-11   217576
  1.665741e+01   8.375184e-09   1.029486e-01   1.583542e-11   215464
  1.668020e+01   8.345834e-09   0.000000e+00   1.583327e-11   215472
  1.670241e+01   8.255548e-09   2.757082e-02   1.583108e-11   213768
  1.672453e+01   8.284042e-09   8.957916e-02   1.572623e-11   210956
  1.674724e+01   8.170110e-09   0.000000e+00   1.563909e-11   211788
  1.676941e+01   8.233359e-09   4.912895e-02   1.585804e-11   211092
  1.679194e+01   8.203895e-09   3.451044e-02   1.570832e-11   209556
  1.681461e+01   8.118801e-09   0.000000e+00   1.582253e-11   206700
  1.683643e+01   8.114647e-09   8.437112e-02   1.563965e-11   206048
  1.685902e+01   8.063421e-09   0.000000e+00   1.568533e-11   204744
  1.688156e+01   8.033917e-09   0.000000e+00   1.572065e-11   202992
  1.690336e+01   8.054744e-09   9.372815e-02   1.568594e-11   201944
  1.692628e+01   7.952163e-09   0.000000e+00   1.552410e-11   203304
  1.694874e+01   7.920424e-09   0.000000e+00   1.547537e-11   200484
  1.697060e+01   7.890963e-09   9.999139e-02   1.552556e-11   195516
  1.699352e+01   7.872563e-09   0.000000e+00   1.550963e-11   198860
  1.701549e+01   7.925814e-09   4.457358e-02   1.554347e-11   195264
  1.703790e+01   7.807046e-09   6.527047e-02   1.555947e-11   195984
  1.706066e+01   7.849753e-09   0.000000e+00   1.563007e-11   191808
  1.708234e+01   7.816985e-09   7.645900e-02   1.561694e-11   190776
  1.710489e+01   7.714673e-09   1.900386e-02   1.536474e-11   192032
  1.712759e+01   7.764417e-09   0.000000e+00   1.551516e-11   188628
  1.714942e+01   7.644236e-09   1.062036e-01   1.537475e-11   189444
  1.717224e+01   7.627620e-09   0.000000e+00   1.541560e-11   186260
  1.719450e+01   7.638902e-09   0.000000e+00   1.543606e-11   184560
  1.721656e+01   7.569494e-09   9.697214e-02   1.525867e-11   185832
  1.723957e+01   7.600503e-09   0.000000e+00   1.542904e-11   182400
  1.726157e+01   7.545465e-09   4.579633e-02   1.542822e-11   181380
  1.728379e+01   7.519441e-09   8.072726e-02   1.544777e-11   180332
  1.730663e+01   7.518902e-09   0.000000e+00   1.537889e-11   178236
  1.732866e+01   7.458639e-09   5.828993e-02   1.541223e-11   179184
  1.735110e+01   7.481590e-09   7.417095e-02   1.546922e-11   175028
  1.737374e+01   7.444569e-09   0.000000e+00   1.536023e-11   175440
  1.739586e+01   7.372102e-09   7.972238e-02   1.528017e-11   174828
  1.741842e+01   7.466219e-09   0.000000e+00   1.554398e-11   169896
  1.744076e+01   7.343484e-09   0.000000e+00   1.546741e-11   171708
  1.746285e+01   7.346333e-09   1.025172e-01   1.544624e-11   169328
  1.748553e+01   7.368662e-09   0.000000e+00   1.541243e-11   167364
  1.750789e+01   7.226689e-09   3.700501e-02   1.525812e-11   168192
  1.752998e+01   7.316941e-09   9.178898e-02   1.546901e-11   163188
  1.755289e+01   7.188119e-09   0.000000e+00   1.520455e-11   166184
  1.757508e+01   7.212871e-09   4.672552e-02   1.542382e-11   161460
  1.759720e+01   7.224481e-09   8.529291e-02   1.537267e-11   159972
  1.761988e+01   7.175725e-09   0.000000e+00   1.549734e-11   159488
  1.764186e+01   7.199034e-09   7.938831e-02   1.548399e-11   158148
  1.766453e+01   7.154934e-09   0.000000e+00   1.533228e-11   158100
  1.768716e+01   7.127615e-09   0.000000e+00   1.544380e-11   155232
  1.770883e+01   7.164194e-09   9.131688e-02   1.564056e-11   151216
  1.773163e+01   6.998708e-09   0.000000e+00   1.528335e-11   155560
  1.775426e+01   7.078736e-09   0.000000e+00   1.536357e-11   151404
  1.777608e+01   7.024441e-09   1.085977e-01   1.540991e-11   148356
  1.779892e+01   7.033076e-09   0.000000e+00   1.559286e-11   147164
  1.782097e+01   7.047756e-09   2.937053e-02   1.531123e-11   147384
  1.784325e+01   6.964399e-09   7.316779e-02   1.559158e-11   145992
  1.786621e+01   6.993851e-09   0.000000e+00   1.557249e-11   143856
  1.788784e+01   7.025428e-09   7.234584e-02   1.562923e-11   140384
  1.791047e+01   6.890168e-09   3.640966e-02   1.534440e-11   143856
  1.793320e+01   6.994718e-09   0.000000e+00   1.561748e-11   136968
  1.795491e+01   6.904485e-09   9.996489e-02   1.558855e-11   139536
  1.797782e+01   6.915725e-09   0.000000e+00   1.555116e-11   136916
  1.800006e+01   6.978245e-09   0.000000e+00   1.581741e-11   133032
  1.802203e+01   6.839899e-09   1.003700e-01   1.559154e-11   135540
  1.804510e+01   6.911473e-09   0.000000e+00   1.569946e-11   132096
  1.806709e+01   6.914202e-09   0.000000e+00   1.596270e-11   129540
  1.808927e+01   6.825234e-09   9.884816e-02   1.585205e-11   130640
  1.811214e+01   6.952329e-09   0.000000e+00   1.581266e-11   126276
  1.813418e+01   6.767690e-09   5.848831e-02   1.571698e-11   128484
  1.815689e+01   6.808863e-09   1.757416e-02   1.585427e-11   124168
  1.817929e+01   6.886953e-09   0.000000e+00   1.602450e-11   122224
  1.820136e+01   6.806891e-09   8.758520e-02   1.606262e-11   123156
  1.822405e+01   6.876150e-09   0.000000e+00   1.600059e-11   119688
  1.824622e+01   6.790252e-09   0.000000e+00   1.621555e-11   116640
  1.826830e+01   6.783601e-09   1.030679e-01   1.586033e-11   119696
  1.829109e+01   6.860041e-09   0.000000e+00   1.618328e-11   114276
  1.831338e+01   6.712196e-09   0.000000e+00   1.620830e-11   114060
  1.833546e+01   6.824984e-09   9.742142e-02   1.632288e-11   112536
  1.835830e+01   6.753741e-09   0.000000e+00   1.617021e-11   112196
  1.838062e+01   6.702055e-09   4.293585e-02   1.630069e-11   109404
  1.840273e+01   6.849524e-09   5.396232e-02   1.652176e-11   105900
  1.842520e+01   6.714821e-09   0.000000e+00   1.642471e-11   107176
  1.844737e+01   6.734180e-09   7.335266e-02   1.648568e-11   105088
  1.846993e+01   6.761191e-09   2.839460e-02   1.645380e-11   103800
  1.849256e+01   6.697392e-09   0.000000e+00   1.653981e-11   101340
  1.851450e+01   6.762015e-09   8.121437e-02   1.659228e-11   100036
  1.853695e+01   6.712469e-09   0.000000e+00   1.692845e-11   97672
  1.855950e+01   6.743500e-09   0.000000e+00   1.679194e-11   97908
  1.858158e+01   6.767671e-09   8.564289e-02   1.693513e-11   95328
  1.860421e+01   6.688897e-09   0.000000e+00   1.686935e-11   93600
  1.862650e+01   6.681398e-09   0.000000e+00   1.692702e-11   92312
  1.864876e+01   6.706661e-09   7.120693e-02   1.704357e-11   91044
  1.867142e+01   6.732303e-09   0.000000e+00   1.737505e-11   88500
  1.869325e+01   6.718630e-09   5.379643e-02   1.735934e-11   86216
  1.871576e+01   6.693010e-09   0.000000e+00   1.735538e-11   87159
  1.873869e+01   6.680174e-09   0.000000e+00   1.732559e-11   86064
  1.876070e+01   6.673373e-09   8.472112e-02   1.769336e-11   81648
  1.878304e+01   6.636514e-09   0.000000e+00   1.747389e-11   81654
  1.880568e+01   6.622222e-09   0.000000e+00   1.763100e-11   81284
  1.882789e+01   6.545147e-09   6.124735e-02   1.761266e-11   78888
  1.885026e+01   6.572884e-09   1.977443e-02   1.785275e-11   77250
  1.887247e+01   6.530040e-09   0.000000e+00   1.783707e-11   75942
  1.889470e+01   6.485704e-09   6.606040e-02   1.763406e-11   77042
  1.891754e+01   6.435193e-09   0.000000e+00   1.804450e-11   74094
  1.893984e+01   6.463653e-09   3.569740e-02   1.800192e-11   73818
  1.896216e+01   6.421981e-09   0.000000e+00   1.826214e-11   70998
  1.898457e+01   6.346212e-09   0.000000e+00   1.793413e-11   72044
  1.900692e+01   6.321614e-09   6.924578e-02   1.826233e-11   69426
  1.902943e+01   6.346915e-09   0.000000e+00   1.857461e-11   69288
  1.905177e+01   6.261317e-09   0.000000e+00   1.865204e-11   67068
  1.907383e+01   6.181237e-09   7.171780e-02   1.845478e-11   66926
  1.909642e+01   6.147077e-09   5.935745e-02   1.851455e-11   66348
  1.911910e+01   6.081994e-09   0.000000e+00   1.854087e-11   64728
  1.914115e+01   6.057214e-09   0.000000e+00   1.881883e-11   62820
  1.916349e+01   5.975264e-09   0.000000e+00   1.855943e-11   63716
  1.918612e+01   5.982129e-09   1.110971e-02   1.860597e-11   62160
  1.920843e+01   5.885656e-09   0.000000e+00   1.851103e-11   59940
  1.923057e+01   5.903423e-09   1.645474e-02   1.875774e-11   60112
  1.925291e+01   5.861943e-09   6.796315e-02   1.896315e-11   59668
  1.927559e+01   5.689917e-09   0.000000e+00   1.854464e-11   57618
  1.929770e+01   5.727487e-09   2.335062e-02   1.878000e-11   56868
  1.931985e+01   5.773852e-09   6.512199e-02   1.903537e-11   56684
  1.934233e+01   5.609440e-09   3.022175e-02   1.873534e-11   55536
  1.936485e+01   5.541523e-09   0.000000e+00   1.883727e-11   54342
  1.938725e+01   5.560021e-09   2.133210e-02   1.901042e-11   54768
  1.940942e+01   5.468621e-09   6.499016e-02   1.891655e-11   52094
  1.943180e+01   5.365462e-09   0.000000e+00   1.847209e-11   52224
  1.945450e+01   5.374782e-09   0.000000e+00   1.845987e-11   52188
  1.947673e+01   5.328260e-09   5.801792e-02   1.893149e-11   50190
  1.949884e+01   5.284464e-09   4.754070e-02   1.874548e-11   49224
  1.952137e+01   5.212649e-09   0.000000e+00   1.875597e-11   49094
  1.954399e+01   5.250362e-09   1.747810e-02   1.868486e-11   49488
  1.956639e+01   5.097633e-09   5.942253e-02   1.860609e-11   46830
  1.958846e+01   5.064466e-09   1.492334e-02   1.867462e-11   45860
  1.961092e+01   5.000135e-09   0.000000e+00   1.841525e-11   46770
  1.963346e+01   4.973661e-09   2.527181e-02   1.862365e-11   45468
  1.965581e+01   4.898779e-09   4.276527e-02   1.847825e-11   44130
  1.967806e+01   4.919798e-09   0.000000e+00   1.891863e-11   43230
  1.970046e+01   4.841778e-09   0.000000e+00   1.838524e-11   44108
  1.972303e+01   4.759124e-09   3.990641e-02   1.851950e-11   42162
  1.974533e+01   4.725092e-09   4.249277e-02   1.888355e-11   41358
  1.976746e+01   4.697696e-09   0.000000e+00   1.855924e-11   40456
  1.978987e+01   4.608562e-09   3.534033e-02   1.796539e-11   41230
  1.981261e+01   4.576505e-09   4.924648e-02   1.837469e-11   39906
  1.983504e+01   4.482964e-09   0.000000e+00   1.853583e-11   38508
  1.985706e+01   4.442259e-09   0.000000e+00   1.825724e-11   37854
  1.987929e+01   4.341609e-09   6.019334e-02   1.782590e-11   38162
  1.990205e+01   4.297168e-09   3.027525e-02   1.776146e-11   37212
  1.992451e+01   4.281485e-09   0.000000e+00   1.808597e-11   36450
  1.994642e+01   4.279366e-09   3.110841e-02   1.839400e-11   34718
  1.996863e+01   4.134053e-09   2.651608e-02   1.763404e-11   35814
  1.999141e+01   4.159008e-09   2.256368e-02   1.845462e-11   34896
  2.001390e+01   4.064518e-09   0.000000e+00   1.791156e-11   33822
  2.003574e+01   3.994369e-09   4.739400e-02   1.821342e-11   32522
  2.005818e+01   3.924800e-09   0.000000e+00   1.742340e-11   33630
  2.008096e+01   3.897433e-09   0.000000e+00   1.793491e-11   32166
  2.010309e+01   3.834744e-09   2.538268e-02   1.768849e-11   31200
  2.012503e+01   3.838839e-09   1.858719e-02   1.775083e-11   30598
  2.014747e+01   3.716340e-09   2.235301e-02   1.725998e-11   31138
  2.017040e+01   3.695946e-09   0.000000e+00   1.700397e-11   30510
  2.019273e+01   3.644862e-09   3.407718e-02   1.741389e-11   28998
  2.021465e+01   3.677052e-09   0.000000e+00   1.779263e-11   28290
  2.023705e+01   3.531260e-09   4.796200e-02   1.672909e-11   29126
  2.026000e+01   3.480176e-09   0.000000e+00   1.678835e-11   28008
  2.028237e+01   3.431235e-09   8.685541e-03   1.687496e-11   27222
  2.030447e+01   3.420557e-09   2.193466e-02   1.699656e-11   26426
  2.032684e+01   3.282333e-09   1.685020e-02   1.657969e-11   26694
  2.034949e+01   3.277858e-09   2.733476e-02   1.663847e-11   25734
  2.037195e+01   3.238038e-09   0.000000e+00   1.653237e-11   25458
  2.039398e+01   3.215856e-09   5.790034e-03   1.692331e-11   24198
  2.041647e+01   3.100996e-09   0.000000e+00   1.610133e-11   25034
  2.043921e+01   3.079049e-09   1.956565e-02   1.631418e-11   23718
  2.046141e+01   3.064468e-09   0.000000e+00   1.641956e-11   23094
  2.048325e+01   3.015557e-09   3.156768e-02   1.659786e-11   22416
  2.050574e+01   2.930345e-09   8.802534e-03   1.596306e-11   23078
  2.052882e+01   2.819301e-09   0.000000e+00   1.516741e-11   22386
  2.055117e+01   2.837291e-09   0.000000e+00   1.566535e-11   21126
  2.057282e+01   2.773308e-09   0.000000e+00   1.551129e-11   20366
  2.059512e+01   2.676206e-09   4.266826e-02   1.474578e-11   21354
  2.061826e+01   2.708615e-09   0.000000e+00   1.545330e-11   20478
  2.064057e+01   2.651778e-09   0.000000e+00   1.568916e-11   19458
  2.066222e+01   2.648572e-09   1.291657e-02   1.574929e-11   18758
  2.068455e+01   2.510415e-09   4.449085e-02   1.474951e-11   19566
  2.070765e+01   2.499318e-09   2.894225e-02   1.503070e-11   18858
  2.073007e+01   2.445042e-09   1.291426e-02   1.527038e-11   17790
  2.075166e+01   2.439357e-09   0.000000e+00   1.521449e-11   17114
  2.077403e+01   2.349057e-09   0.000000e+00   1.433121e-11   17982
  2.079711e+01   2.332930e-09   0.000000e+00   1.484901e-11   17190
  2.081959e+01   2.297719e-09   0.000000e+00   1.459848e-11   16458
  2.084116e+01   2.222315e-09   3.273114e-02   1.455898e-11   15494
  2.086347e+01   2.177992e-09   1.641396e-02   1.400247e-11   16374
  2.088669e+01   2.166292e-09   0.000000e+00   1.429479e-11   15858
  2.090920e+01   2.126925e-09   0.000000e+00   1.431561e-11   14862
  2.093068e+01   2.100730e-09   0.000000e+00   1.438006e-11   14082
  2.095310e+01   1.961507e-09   0.000000e+00   1.294681e-11   14990
  2.097639e+01   1.950731e-09   1.372705e-02   1.300801e-11   14358
  2.099882e+01   1.944416e-09   0.000000e+00   1.332736e-11   13386
  2.102007e+01   1.900961e-09   0.000000e+00   1.364434e-11   12678
  2.104251e+01   1.816311e-09   2.372089e-02   1.247421e-11   13700
  2.106595e+01   1.775992e-09   1.673482e-02   1.279597e-11   12942
  2.108844e+01   1.794437e-09   4.160875e-02   1.342707e-11   12198
  2.110946e+01   1.769159e-09   0.000000e+00   1.359637e-11   11106
  2.113175e+01   1.666063e-09   5.922807e-03   1.214074e-11   12494
  2.115525e+01   1.633900e-09   2.951238e-02   1.218321e-11   11610
  2.117792e+01   1.687145e-09   0.000000e+00   1.315996e-11   11094
  2.119894e+01   1.590396e-09   2.057179e-02   1.260642e-11   9902
  2.122114e+01   1.509452e-09   1.638171e-02   1.168869e-11   11226
  2.124465e+01   1.474623e-09   0.000000e+00   1.137657e-11   10326
  2.126733e+01   1.478175e-09   2.172958e-02   1.191460e-11   10074
  2.128853e+01   1.453720e-09   4.713105e-03   1.244310e-11   8766
  2.131054e+01   1.356222e-09   0.000000e+00   1.107970e-11   9950
  2.133400e+01   1.328839e-09   1.430657e-02   1.106138e-11   9252
  2.135668e+01   1.329048e-09   0.000000e+00   1.154158e-11   8886
  2.137785e+01   1.345509e-09   0.000000e+00   1.149891e-11   7850
  2.140006e+01   1.206507e-09   6.691151e-03   1.022130e-11   8886
  2.142357e+01   1.194354e-09   6.395340e-03   1.043533e-11   8142
  2.144598e+01   1.184862e-09   2.013296e-02   1.080396e-11   7746
  2.146692e+01   1.175262e-09   2.112783e-02   1.109946e-11   6926
  2.148956e+01   1.079959e-09   0.000000e+00   9.907232e-12   7974
  2.151315e+01   1.042008e-09   2.168882e-02   1.005334e-11   7074
  2.153530e+01   1.040164e-09   0.000000e+00   9.856687e-12   6744
  2.155612e+01   1.033411e-09   2.394002e-02   9.887526e-12   6114
  2.157915e+01   9.457789e-10   0.000000e+00   8.958667e-12   7094
  2.160315e+01   9.437707e-10   0.000000e+00   9.935719e-12   6174
  2.162503e+01   9.536928e-10   0.000000e+00   1.005390e-11   5754
  2.164529e+01   9.394318e-10   0.000000e+00   1.003471e-11   5214
  2.166861e+01   8.350646e-10   0.000000e+00   8.643760e-12   6338
  2.169326e+01   8.340271e-10   1.146161e-02   9.226321e-12   5352
  2.171490e+01   7.983127e-10   0.000000e+00   9.333153e-12   4830
  2.173422e+01   8.303397e-10   8.390020e-03   9.405897e-12   4338
  2.175769e+01   7.296301e-10   0.000000e+00   7.934257e-12   5558
  2.178338e+01   7.056692e-10   1.618607e-02   7.979993e-12   4866
  2.180546e+01   6.904443e-10   2.599644e-02   8.981993e-12   3846
  2.182302e+01   7.455567e-10   0.000000e+00   9.728344e-12   3518
  2.184657e+01   6.180416e-10   2.349167e-02   6.984264e-12   4812
  2.187303e+01   6.055854e-10   1.229796e-02   6.978120e-12   4278
  2.189596e+01   5.969734e-10   2.187650e-02   8.601782e-12   3174
  2.191184e+01   6.603261e-10   0.000000e+00   1.015172e-11   2738
  2.193531e+01   5.308433e-10   1.078394e-02   6.422146e-12   4086
  2.196231e+01   5.052181e-10   0.000000e+00   6.616584e-12   3666
  2.198633e+01   5.010115e-10   1.560302e-02   8.036011e-12   2712
  2.200065e+01   5.546320e-10   8.909745e-03   9.135775e-12   1998
  2.202400e+01   4.465913e-10   7.757772e-03   5.862169e-12   3434
  2.205156e+01   4.156284e-10   0.000000e+00   5.812907e-12   3078
  2.207673e+01   3.930586e-10   1.093850e-02   6.504738e-12   2334
  2.208953e+01   5.025957e-10   0.000000e+00   9.931008e-12   1340
  2.211267e+01   3.781463e-10   0.000000e+00   5.480472e-12   2838
  2.214088e+01   3.453792e-10   0.000000e+00   5.505860e-12   2538
  2.216722e+01   3.094191e-10   9.232306e-03   5.138688e-12   1974
  2.217777e+01   4.469475e-10   1.163967e-02   1.167933e-11   774
  2.220101e+01   2.983659e-10   6.616419e-03   4.872404e-12   2300
  2.222993e+01   2.701299e-10   1.352908e-02   4.527646e-12   2046
  2.225746e+01   2.267996e-10   4.801075e-03   4.537016e-12   1626
  2.226602e+01   3.431962e-10   8.346394e-03   1.328382e-11   390
  2.228919e+01   2.279680e-10   8.471547e-03   4.233229e-12   1766
  2.231856e+01   1.973973e-10   0.000000e+00   3.845706e-12   1596
  2.234725e+01   1.707273e-10   0.000000e+00   3.358638e-12   1302
  2.235429e+01   2.915668e-10   0.000000e+00   1.437148e-11   150
  2.237750e+01   1.733438e-10   2.852828e-03   3.696306e-12   1298
  2.240698e+01   1.446855e-10   0.000000e+00   3.157957e-12   1158
  2.243630e+01   1.369177e-10   4.741179e-03   3.220816e-12   996
  2.244707e+01   1.858329e-10   1.161396e-02   2.079559e-11   38
  2.246603e+01   1.242481e-10   0.000000e+00   3.267080e-12   894
  2.249555e+01   1.030578e-10   1.047578e-02   2.829019e-12   786
  2.252511e+01   8.469987e-11   0.000000e+00   2.652618e-12   678
  2.255323e+01   2.971046e-11   0.000000e+00   4.741864e-12   8
  2.255472e+01   7.256909e-11   9.506613e-03   2.081801e-12   570
  2.258430e+01   6.038631e-11   1.020224e-02   2.092135e-12   486
  2.261392e+01   5.481554e-11   0.000000e+00   2.040517e-12   402
  2.264273e+01   2.814801e-11   0.000000e+00   4.108189e-12   8
  2.264359e+01   4.413120e-11   1.179067e-02   1.677769e-12   318
  2.267323e+01   3.628599e-11   0.000000e+00   1.641663e-12   258
  2.270292e+01   2.920147e-11   0.000000e+00   1.702169e-12   198
  2.273223e+01   3.032960e-11   0.000000e+00   3.412040e-12   8
  2.273265e+01   2.148505e-11   0.000000e+00   1.356136e-12   138
  2.276235e+01   1.468453e-11   3.869981e-03   1.201943e-12   102
  2.279209e+01   8.400327e-12   7.048534e-03   8.519726e-13   66
  2.282185e+01   5.924881e-12   0.000000e+00   6.727493e-13   38
  2.285163e+01   2.187529e-12   0.000000e+00   2.499934e-13   18
  2.288143e+01   1.018296e-12   0.000000e+00   6.391741e-14   6
