# power spectrum of theta (div v)
# redshift z=1.013400
# k              Pk             sigma(k)       sigma(Pk)      count
  5.167109e-02   4.604950e-10   1.693076e-05   1.666848e-10   6
  7.307396e-02   2.355885e-09   0.000000e+00   5.399025e-10   12
  9.543063e-02   2.420276e-09   6.851560e-03   4.562468e-10   14
  1.210540e-01   3.800811e-09   5.513588e-03   4.141699e-10   48
  1.524803e-01   4.899415e-09   4.005064e-03   5.432490e-10   42
  1.673860e-01   4.514318e-09   3.987272e-03   5.965012e-10   48
  1.897915e-01   6.701719e-09   4.780100e-03   7.018282e-10   80
  2.150919e-01   8.822002e-09   3.711353e-03   7.545519e-10   90
  2.344483e-01   7.395750e-09   5.827848e-03   7.494759e-10   120
  2.619469e-01   1.027158e-08   4.897654e-03   7.022264e-10   158
  2.801601e-01   1.086356e-08   2.324249e-03   1.109859e-09   120
  3.021033e-01   1.151995e-08   5.194979e-03   7.683900e-10   186
  3.263478e-01   1.275707e-08   7.104259e-03   7.916015e-10   264
  3.460484e-01   1.557400e-08   3.835370e-03   1.132622e-09   168
  3.711847e-01   1.525497e-08   6.854707e-03   7.944801e-10   386
  3.922192e-01   1.287913e-08   4.147837e-03   8.765670e-10   192
  4.129151e-01   1.774646e-08   6.800624e-03   8.693150e-10   390
  4.361657e-01   1.541249e-08   7.120246e-03   7.908715e-10   396
  4.580089e-01   1.848422e-08   7.064082e-03   9.123081e-10   398
  4.820215e-01   1.755542e-08   6.923992e-03   6.804549e-10   576
  5.056520e-01   1.861778e-08   7.024453e-03   8.814803e-10   444
  5.263213e-01   2.278882e-08   6.337769e-03   8.866144e-10   590
  5.498572e-01   2.029900e-08   6.940338e-03   7.725881e-10   648
  5.728135e-01   2.137676e-08   6.142360e-03   8.813921e-10   654
  5.932093e-01   2.245324e-08   5.094857e-03   8.247177e-10   636
  6.160086e-01   2.307170e-08   7.638490e-03   8.018015e-10   830
  6.374011e-01   2.335098e-08   5.498339e-03   7.839297e-10   792
  6.592753e-01   2.483469e-08   5.654942e-03   9.300188e-10   804
  6.816774e-01   2.575282e-08   6.979494e-03   8.821205e-10   1038
  7.033658e-01   2.493888e-08   5.466907e-03   7.801552e-10   936
  7.268733e-01   2.477183e-08   6.387959e-03   7.410918e-10   1130
  7.481801e-01   2.627377e-08   5.932183e-03   7.848099e-10   1104
  7.715688e-01   2.700185e-08   6.599015e-03   7.862861e-10   1230
  7.929568e-01   2.795328e-08   6.702668e-03   7.598211e-10   1260
  8.146859e-01   2.861291e-08   5.790870e-03   8.092587e-10   1286
  8.392614e-01   2.815268e-08   7.027488e-03   6.698804e-10   1728
  8.625481e-01   2.936524e-08   6.216797e-03   7.851824e-10   1392
  8.846806e-01   3.044154e-08   5.904316e-03   7.755931e-10   1626
  9.073659e-01   2.912418e-08   6.975646e-03   6.902485e-10   1760
  9.301438e-01   3.007642e-08   5.768668e-03   7.231181e-10   1686
  9.516169e-01   2.855887e-08   5.867806e-03   6.319018e-10   1812
  9.735730e-01   3.015893e-08   6.757624e-03   7.031275e-10   1862
  9.960116e-01   2.996854e-08   6.013081e-03   6.152429e-10   2160
  1.018588e+00   3.150664e-08   6.151975e-03   7.648989e-10   1956
  1.041303e+00   3.084109e-08   6.911344e-03   5.998105e-10   2454
  1.063469e+00   3.253443e-08   5.390687e-03   7.078003e-10   2048
  1.085716e+00   3.214376e-08   7.029288e-03   6.380111e-10   2538
  1.107675e+00   3.215212e-08   5.880830e-03   6.444708e-10   2400
  1.129870e+00   3.302349e-08   7.025196e-03   6.783403e-10   2526
  1.152016e+00   2.998071e-08   6.936203e-03   5.698994e-10   2856
  1.175115e+00   3.277140e-08   6.523069e-03   6.183299e-10   2804
  1.197929e+00   3.339548e-08   6.765387e-03   6.256938e-10   2958
  1.219641e+00   3.459119e-08   6.562093e-03   6.264226e-10   2976
  1.242553e+00   3.262629e-08   6.566272e-03   5.805346e-10   3194
  1.264005e+00   3.398759e-08   6.529785e-03   6.010391e-10   3120
  1.287240e+00   3.242002e-08   6.636612e-03   5.408834e-10   3606
  1.309415e+00   3.365480e-08   6.055094e-03   5.718406e-10   3276
  1.331019e+00   3.200924e-08   6.857598e-03   5.355070e-10   3600
  1.353243e+00   3.395117e-08   6.012754e-03   5.715663e-10   3638
  1.374639e+00   3.465610e-08   6.416366e-03   5.666117e-10   3744
  1.397786e+00   3.377272e-08   6.647095e-03   5.178602e-10   4170
  1.419913e+00   3.254658e-08   6.280159e-03   5.221180e-10   3984
  1.442451e+00   3.274126e-08   6.353073e-03   5.078732e-10   4334
  1.464688e+00   3.305960e-08   5.884242e-03   5.122142e-10   4284
  1.486647e+00   3.354531e-08   7.122264e-03   5.048538e-10   4374
  1.509609e+00   3.366306e-08   6.300470e-03   4.707754e-10   5016
  1.532223e+00   3.271201e-08   6.062388e-03   4.957496e-10   4580
  1.554765e+00   3.334544e-08   7.126587e-03   4.743460e-10   5142
  1.577761e+00   3.515300e-08   6.851023e-03   4.866059e-10   5184
  1.600276e+00   3.263733e-08   5.358187e-03   4.540655e-10   5058
  1.621911e+00   3.369440e-08   6.314764e-03   4.572186e-10   5384
  1.645046e+00   3.347588e-08   7.263032e-03   4.447834e-10   5622
  1.667363e+00   3.128299e-08   6.070707e-03   4.147829e-10   5736
  1.689585e+00   3.346235e-08   5.511329e-03   4.465039e-10   5596
  1.711912e+00   3.317173e-08   6.900016e-03   4.290097e-10   6070
  1.734057e+00   3.210936e-08   5.309358e-03   4.065139e-10   6096
  1.757161e+00   3.141484e-08   6.617885e-03   3.773781e-10   6474
  1.778536e+00   3.116075e-08   6.298983e-03   3.944381e-10   6024
  1.801398e+00   3.112723e-08   6.365010e-03   3.871767e-10   7070
  1.824047e+00   3.142085e-08   5.188747e-03   3.874820e-10   6516
  1.845773e+00   3.206425e-08   6.326653e-03   3.827831e-10   6936
  1.868452e+00   3.154983e-08   6.263965e-03   3.730079e-10   7110
  1.890389e+00   3.268357e-08   4.725690e-03   3.807166e-10   7244
  1.913597e+00   3.123597e-08   6.849521e-03   3.520407e-10   7878
  1.936074e+00   3.178527e-08   6.634846e-03   3.737555e-10   7344
  1.957840e+00   3.059947e-08   6.879742e-03   3.501887e-10   7694
  1.980517e+00   3.049131e-08   6.664929e-03   3.312721e-10   8412
  2.003290e+00   3.040701e-08   6.920777e-03   3.375340e-10   7920
  2.024933e+00   3.024096e-08   5.913142e-03   3.314816e-10   8118
  2.046965e+00   3.038073e-08   6.658553e-03   3.324723e-10   8548
  2.069378e+00   2.955179e-08   6.786448e-03   3.162371e-10   8710
  2.091602e+00   3.016375e-08   5.947368e-03   3.208818e-10   8928
  2.114418e+00   3.029072e-08   6.527190e-03   3.192239e-10   9186
  2.136304e+00   2.936821e-08   7.176122e-03   3.030320e-10   9200
  2.158866e+00   2.949672e-08   6.193164e-03   3.073226e-10   9438
  2.180862e+00   2.856046e-08   8.606585e-03   2.888806e-10   9564
  2.203470e+00   2.885072e-08   6.634452e-03   2.831923e-10   10296
  2.226614e+00   2.834314e-08   5.853483e-03   2.783123e-10   10126
  2.248296e+00   2.857219e-08   7.262133e-03   2.902397e-10   10024
  2.271358e+00   2.833928e-08   5.140815e-03   2.680498e-10   11082
  2.294001e+00   2.811204e-08   7.931092e-03   2.761253e-10   10632
  2.316131e+00   2.847932e-08   5.711452e-03   2.762903e-10   10734
  2.338489e+00   2.764600e-08   6.981958e-03   2.608724e-10   11276
  2.360839e+00   2.756615e-08   6.333443e-03   2.592484e-10   11352
  2.383396e+00   2.744344e-08   6.479782e-03   2.576425e-10   11550
  2.405538e+00   2.788674e-08   6.055939e-03   2.604479e-10   11772
  2.428008e+00   2.753280e-08   7.539779e-03   2.509628e-10   12038
  2.450201e+00   2.756680e-08   9.293796e-03   2.484985e-10   12096
  2.472702e+00   2.702923e-08   7.456409e-03   2.429964e-10   12582
  2.494955e+00   2.668178e-08   2.321710e-03   2.376509e-10   12620
  2.517718e+00   2.707210e-08   7.881026e-03   2.342508e-10   13320
  2.539996e+00   2.668594e-08   7.203663e-03   2.311725e-10   12654
  2.561848e+00   2.721377e-08   1.413863e-03   2.409597e-10   13236
  2.584027e+00   2.633671e-08   1.026492e-02   2.293230e-10   13438
  2.606438e+00   2.595898e-08   1.018969e-02   2.154856e-10   14344
  2.629661e+00   2.613871e-08   6.322034e-03   2.226723e-10   14226
  2.651603e+00   2.613800e-08   5.041668e-03   2.196839e-10   14088
  2.673833e+00   2.595360e-08   0.000000e+00   2.163599e-10   14328
  2.696115e+00   2.569957e-08   6.864324e-03   2.119871e-10   14954
  2.718701e+00   2.610422e-08   5.539286e-03   2.083465e-10   15480
  2.741376e+00   2.562338e-08   7.191409e-03   2.093483e-10   14862
  2.762860e+00   2.575072e-08   8.779580e-03   2.096290e-10   15296
  2.785420e+00   2.555898e-08   8.369471e-03   2.054324e-10   15954
  2.807527e+00   2.543616e-08   6.952518e-03   2.052375e-10   15720
  2.829638e+00   2.565675e-08   3.003001e-03   2.027013e-10   16296
  2.852416e+00   2.574867e-08   4.403318e-03   2.022449e-10   17010
  2.874533e+00   2.578255e-08   3.497579e-03   2.009565e-10   16328
  2.896783e+00   2.519837e-08   3.418980e-03   1.960719e-10   17094
  2.919100e+00   2.565178e-08   9.246157e-03   1.932339e-10   17436
  2.941673e+00   2.538473e-08   9.402752e-03   1.901136e-10   17862
  2.964338e+00   2.523170e-08   8.046711e-03   1.886599e-10   18200
  2.987171e+00   2.511247e-08   1.458632e-03   1.870150e-10   18450
  3.009508e+00   2.522400e-08   4.121497e-03   1.854460e-10   18384
  3.031791e+00   2.539177e-08   6.016746e-03   1.830589e-10   18504
  3.054048e+00   2.539293e-08   4.639899e-03   1.821348e-10   19142
  3.076754e+00   2.529450e-08   6.325355e-03   1.811100e-10   19692
  3.099218e+00   2.538475e-08   6.541892e-03   1.827360e-10   19062
  3.121198e+00   2.558895e-08   0.000000e+00   1.810853e-10   20184
  3.143916e+00   2.531688e-08   8.025329e-03   1.786313e-10   19970
  3.166075e+00   2.570277e-08   0.000000e+00   1.768130e-10   20496
  3.188882e+00   2.509846e-08   9.268120e-03   1.730468e-10   21456
  3.211079e+00   2.526329e-08   6.512446e-03   1.796852e-10   19650
  3.232869e+00   2.570575e-08   1.038992e-02   1.736723e-10   22040
  3.255839e+00   2.482619e-08   1.411071e-02   1.717188e-10   21558
  3.278020e+00   2.547963e-08   0.000000e+00   1.723309e-10   21804
  3.300260e+00   2.559341e-08   8.837855e-03   1.710481e-10   21926
  3.322427e+00   2.545122e-08   1.025002e-02   1.721051e-10   22416
  3.344684e+00   2.501348e-08   9.176037e-03   1.634992e-10   22776
  3.367569e+00   2.579884e-08   6.968260e-03   1.661208e-10   23874
  3.390051e+00   2.542425e-08   0.000000e+00   1.696906e-10   23104
  3.412404e+00   2.529394e-08   0.000000e+00   1.634280e-10   23974
  3.434809e+00   2.591139e-08   1.490976e-02   1.731545e-10   23892
  3.456826e+00   2.575453e-08   0.000000e+00   1.709601e-10   23550
  3.478993e+00   2.587288e-08   7.289204e-03   1.624242e-10   25320
  3.501511e+00   2.590076e-08   1.292912e-02   1.643832e-10   24428
  3.523546e+00   2.549840e-08   8.741723e-03   1.640078e-10   25254
  3.546105e+00   2.623541e-08   0.000000e+00   1.660491e-10   26016
  3.568344e+00   2.646199e-08   1.008762e-03   1.681757e-10   25182
  3.590789e+00   2.597570e-08   3.761202e-03   1.577176e-10   27428
  3.613556e+00   2.610209e-08   6.047559e-03   1.642668e-10   25974
  3.635463e+00   2.681612e-08   9.532201e-03   1.647927e-10   26904
  3.657712e+00   2.678611e-08   3.573340e-03   1.650612e-10   26730
  3.679985e+00   2.665439e-08   0.000000e+00   1.588535e-10   27896
  3.702813e+00   2.680570e-08   1.123126e-02   1.562599e-10   28992
  3.725914e+00   2.691732e-08   3.295656e-03   1.585426e-10   28698
  3.747957e+00   2.709140e-08   0.000000e+00   1.621035e-10   27816
  3.770475e+00   2.747010e-08   8.842075e-04   1.600299e-10   29774
  3.793002e+00   2.739669e-08   7.329873e-03   1.619722e-10   29148
  3.815026e+00   2.742678e-08   0.000000e+00   1.606331e-10   28806
  3.837210e+00   2.740363e-08   1.217848e-02   1.567081e-10   30408
  3.859647e+00   2.789373e-08   0.000000e+00   1.626981e-10   30320
  3.882277e+00   2.761490e-08   0.000000e+00   1.566821e-10   30930
  3.904866e+00   2.821643e-08   0.000000e+00   1.617524e-10   31656
  3.926934e+00   2.824011e-08   0.000000e+00   1.622777e-10   30086
  3.949104e+00   2.849889e-08   1.437623e-02   1.589986e-10   32724
  3.971447e+00   2.856285e-08   8.529303e-03   1.623665e-10   30846
  3.993637e+00   2.859221e-08   3.219834e-03   1.566799e-10   33480
  4.016319e+00   2.851029e-08   1.158758e-02   1.592195e-10   32724
  4.038496e+00   2.895481e-08   7.466479e-03   1.595086e-10   32894
  4.060991e+00   2.937139e-08   0.000000e+00   1.593585e-10   34200
  4.083491e+00   2.888520e-08   9.368656e-03   1.603654e-10   33594
  4.105589e+00   2.934669e-08   0.000000e+00   1.617534e-10   34336
  4.128132e+00   2.970303e-08   2.697887e-03   1.603177e-10   34822
  4.150503e+00   2.982897e-08   0.000000e+00   1.597832e-10   35472
  4.172753e+00   2.966240e-08   0.000000e+00   1.598621e-10   34404
  4.194935e+00   2.998400e-08   0.000000e+00   1.573024e-10   36222
  4.217168e+00   2.978243e-08   6.941130e-03   1.583072e-10   35984
  4.239629e+00   3.035540e-08   9.071253e-03   1.585934e-10   36570
  4.261898e+00   3.070084e-08   0.000000e+00   1.609732e-10   37176
  4.284407e+00   3.052476e-08   0.000000e+00   1.581101e-10   37406
  4.306826e+00   3.059918e-08   0.000000e+00   1.582213e-10   38052
  4.329062e+00   3.085147e-08   0.000000e+00   1.625193e-10   37590
  4.351602e+00   3.125928e-08   1.141550e-02   1.562664e-10   39480
  4.373916e+00   3.153305e-08   0.000000e+00   1.613900e-10   38260
  4.396221e+00   3.128496e-08   1.108722e-02   1.595759e-10   39646
  4.418983e+00   3.123458e-08   6.069207e-03   1.561752e-10   40944
  4.441553e+00   3.199209e-08   0.000000e+00   1.626747e-10   39678
  4.463787e+00   3.200005e-08   0.000000e+00   1.610149e-10   40804
  4.486154e+00   3.186921e-08   0.000000e+00   1.588429e-10   40606
  4.508561e+00   3.214781e-08   1.491660e-02   1.580813e-10   42216
  4.531102e+00   3.276169e-08   0.000000e+00   1.619488e-10   41532
  4.553370e+00   3.260068e-08   0.000000e+00   1.605901e-10   41990
  4.575475e+00   3.286357e-08   1.605198e-02   1.611470e-10   42360
  4.598032e+00   3.294427e-08   5.835954e-03   1.602950e-10   43530
  4.620450e+00   3.273666e-08   9.019319e-03   1.572428e-10   43848
  4.642799e+00   3.342889e-08   0.000000e+00   1.631306e-10   42870
  4.665219e+00   3.362014e-08   1.528104e-02   1.586721e-10   46160
  4.687724e+00   3.368920e-08   6.151026e-03   1.632062e-10   43380
  4.709886e+00   3.310824e-08   0.000000e+00   1.575600e-10   45294
  4.732123e+00   3.379855e-08   1.423608e-02   1.589555e-10   45744
  4.754861e+00   3.454365e-08   0.000000e+00   1.634676e-10   46682
  4.777106e+00   3.404004e-08   7.790564e-03   1.604462e-10   45840
  4.799424e+00   3.369488e-08   0.000000e+00   1.573746e-10   47118
  4.821693e+00   3.429208e-08   2.079509e-02   1.613904e-10   47124
  4.844051e+00   3.477813e-08   5.259122e-03   1.608929e-10   47984
  4.866864e+00   3.468089e-08   8.950818e-03   1.561113e-10   49566
  4.888861e+00   3.510464e-08   5.236636e-03   1.648281e-10   46284
  4.910927e+00   3.480556e-08   1.491023e-02   1.574654e-10   49966
  4.933384e+00   3.517728e-08   1.098928e-02   1.620130e-10   49360
  4.955706e+00   3.554693e-08   2.726888e-03   1.633937e-10   49806
  4.978207e+00   3.542982e-08   1.228628e-02   1.595725e-10   51492
  5.000465e+00   3.554479e-08   1.614438e-02   1.617041e-10   49496
  5.022910e+00   3.567852e-08   1.630604e-02   1.580348e-10   53190
  5.045544e+00   3.599821e-08   0.000000e+00   1.626951e-10   51060
  5.067734e+00   3.607177e-08   0.000000e+00   1.587106e-10   52134
  5.089994e+00   3.606306e-08   1.064753e-02   1.585080e-10   53088
  5.112430e+00   3.638979e-08   6.887630e-03   1.612521e-10   52706
  5.134798e+00   3.671380e-08   1.066596e-02   1.587670e-10   54936
  5.157523e+00   3.650008e-08   0.000000e+00   1.600621e-10   53886
  5.179752e+00   3.667191e-08   0.000000e+00   1.590284e-10   54436
  5.201976e+00   3.709633e-08   0.000000e+00   1.596884e-10   55096
  5.224644e+00   3.702132e-08   0.000000e+00   1.571206e-10   56358
  5.246857e+00   3.701346e-08   0.000000e+00   1.591479e-10   55632
  5.269251e+00   3.786297e-08   2.170511e-02   1.602217e-10   56530
  5.291588e+00   3.714490e-08   0.000000e+00   1.588818e-10   57232
  5.313844e+00   3.762775e-08   0.000000e+00   1.600590e-10   56766
  5.336666e+00   3.755337e-08   0.000000e+00   1.552251e-10   60804
  5.358875e+00   3.779946e-08   1.538671e-03   1.637739e-10   55536
  5.381167e+00   3.806894e-08   2.706608e-02   1.545786e-10   61166
  5.403548e+00   3.791320e-08   0.000000e+00   1.608899e-10   57396
  5.425680e+00   3.836156e-08   1.315464e-02   1.577207e-10   60870
  5.448153e+00   3.795828e-08   0.000000e+00   1.565345e-10   60224
  5.470510e+00   3.836909e-08   1.901026e-02   1.574777e-10   61002
  5.492940e+00   3.820820e-08   1.745698e-02   1.550169e-10   62016
  5.515253e+00   3.862505e-08   0.000000e+00   1.598545e-10   60768
  5.537386e+00   3.817564e-08   2.539005e-02   1.551889e-10   62870
  5.560013e+00   3.899285e-08   9.458258e-03   1.577052e-10   63804
  5.582512e+00   3.880699e-08   1.155769e-02   1.560225e-10   63054
  5.604495e+00   3.894265e-08   1.013245e-02   1.565992e-10   63024
  5.626956e+00   3.889652e-08   0.000000e+00   1.555357e-10   65018
  5.649159e+00   3.929793e-08   1.655678e-02   1.568494e-10   64608
  5.671596e+00   3.944151e-08   0.000000e+00   1.558529e-10   65688
  5.693967e+00   3.946317e-08   2.432371e-02   1.565597e-10   65994
  5.716267e+00   3.951710e-08   0.000000e+00   1.554346e-10   66648
  5.738808e+00   3.974234e-08   1.676464e-02   1.553770e-10   67310
  5.761025e+00   3.959455e-08   0.000000e+00   1.544882e-10   67224
  5.783399e+00   4.047170e-08   7.514779e-03   1.576360e-10   68034
  5.805858e+00   3.964713e-08   0.000000e+00   1.535048e-10   69744
  5.828318e+00   3.990200e-08   1.215195e-02   1.552690e-10   68654
  5.851001e+00   3.985512e-08   1.683519e-02   1.497229e-10   72132
  5.873441e+00   3.994707e-08   1.088397e-02   1.546429e-10   68520
  5.895566e+00   4.005294e-08   1.612223e-02   1.532931e-10   71070
  5.918131e+00   4.018602e-08   0.000000e+00   1.520905e-10   71948
  5.940468e+00   4.033563e-08   2.477383e-02   1.520225e-10   71598
  5.962997e+00   4.055174e-08   0.000000e+00   1.530492e-10   73536
  5.985341e+00   4.077490e-08   2.951548e-02   1.558687e-10   71802
  6.007452e+00   4.079844e-08   0.000000e+00   1.552548e-10   73280
  6.029826e+00   4.056116e-08   0.000000e+00   1.507955e-10   73992
  6.052401e+00   4.072189e-08   1.443402e-02   1.498630e-10   75966
  6.074757e+00   4.094733e-08   0.000000e+00   1.519367e-10   74364
  6.097139e+00   4.074299e-08   1.690834e-02   1.514319e-10   76094
  6.119456e+00   4.097126e-08   0.000000e+00   1.508342e-10   76224
  6.141846e+00   4.097903e-08   1.092148e-02   1.510504e-10   76242
  6.163998e+00   4.108959e-08   0.000000e+00   1.512301e-10   76944
  6.186370e+00   4.118845e-08   0.000000e+00   1.486535e-10   78680
  6.209086e+00   4.083243e-08   1.946464e-02   1.478038e-10   79962
  6.231369e+00   4.136755e-08   1.025584e-02   1.524783e-10   77760
  6.253630e+00   4.110282e-08   2.296138e-02   1.490279e-10   79590
  6.276015e+00   4.069860e-08   0.000000e+00   1.459974e-10   80732
  6.298459e+00   4.117082e-08   2.869495e-02   1.476812e-10   81174
  6.320844e+00   4.093902e-08   1.010412e-02   1.473410e-10   80832
  6.342780e+00   4.144136e-08   2.905495e-02   1.495664e-10   79992
  6.365287e+00   4.116692e-08   0.000000e+00   1.454077e-10   84314
  6.387871e+00   4.147569e-08   0.000000e+00   1.475079e-10   83592
  6.410326e+00   4.139077e-08   2.166639e-02   1.450037e-10   83838
  6.432652e+00   4.143687e-08   0.000000e+00   1.466397e-10   83676
  6.454894e+00   4.177159e-08   1.402208e-02   1.462687e-10   84950
  6.477199e+00   4.117950e-08   0.000000e+00   1.444753e-10   84912
  6.499638e+00   4.119769e-08   2.596470e-02   1.437661e-10   87162
  6.522126e+00   4.180001e-08   0.000000e+00   1.472557e-10   86440
  6.544376e+00   4.169549e-08   0.000000e+00   1.449655e-10   86560
  6.566822e+00   4.129884e-08   3.407218e-03   1.421477e-10   88698
  6.589160e+00   4.147804e-08   3.267497e-02   1.436805e-10   88920
  6.611798e+00   4.214468e-08   0.000000e+00   1.459371e-10   88814
  6.633998e+00   4.124245e-08   7.756500e-03   1.409617e-10   90336
  6.656620e+00   4.187658e-08   0.000000e+00   1.441508e-10   90282
  6.678957e+00   4.178943e-08   0.000000e+00   1.437111e-10   90840
  6.701118e+00   4.218353e-08   2.332252e-02   1.434019e-10   91128
  6.723716e+00   4.171298e-08   0.000000e+00   1.421799e-10   92690
  6.745950e+00   4.195500e-08   0.000000e+00   1.415362e-10   92160
  6.768386e+00   4.196301e-08   0.000000e+00   1.412432e-10   93534
  6.790649e+00   4.173901e-08   0.000000e+00   1.389666e-10   93484
  6.813019e+00   4.198855e-08   5.065167e-03   1.394315e-10   95206
  6.835577e+00   4.194079e-08   1.090171e-02   1.387878e-10   96048
  6.857770e+00   4.198107e-08   9.762857e-03   1.410181e-10   93600
  6.880099e+00   4.154789e-08   0.000000e+00   1.362089e-10   97410
  6.902465e+00   4.176889e-08   2.984096e-02   1.367893e-10   97856
  6.925055e+00   4.177060e-08   0.000000e+00   1.383021e-10   97278
  6.947336e+00   4.180030e-08   1.821074e-02   1.374535e-10   98916
  6.969629e+00   4.169977e-08   0.000000e+00   1.379493e-10   96894
  6.991807e+00   4.159110e-08   0.000000e+00   1.350937e-10   100976
  7.014412e+00   4.205741e-08   0.000000e+00   1.381100e-10   100164
  7.036655e+00   4.165684e-08   0.000000e+00   1.367424e-10   100014
  7.058765e+00   4.144184e-08   2.202104e-02   1.342881e-10   101040
  7.081243e+00   4.193645e-08   0.000000e+00   1.357230e-10   102338
  7.103507e+00   4.157781e-08   1.318421e-02   1.336349e-10   102912
  7.126097e+00   4.177910e-08   0.000000e+00   1.326795e-10   104238
  7.148297e+00   4.140875e-08   2.154657e-02   1.334596e-10   103104
  7.170702e+00   4.170588e-08   1.890456e-02   1.325236e-10   105404
  7.193159e+00   4.143162e-08   0.000000e+00   1.322142e-10   105198
  7.215503e+00   4.152945e-08   0.000000e+00   1.318424e-10   106632
  7.237965e+00   4.144987e-08   2.773376e-02   1.312429e-10   106706
  7.260296e+00   4.158190e-08   0.000000e+00   1.315787e-10   106992
  7.282886e+00   4.096728e-08   0.000000e+00   1.274780e-10   110118
  7.305258e+00   4.123909e-08   3.427793e-02   1.309566e-10   108084
  7.327504e+00   4.160622e-08   1.328687e-02   1.302777e-10   108222
  7.349997e+00   4.138076e-08   0.000000e+00   1.288392e-10   112160
  7.372279e+00   4.124944e-08   1.991498e-02   1.295820e-10   108492
  7.394661e+00   4.101726e-08   2.460376e-02   1.279521e-10   113262
  7.417128e+00   4.123421e-08   0.000000e+00   1.282431e-10   111360
  7.439624e+00   4.102387e-08   0.000000e+00   1.259751e-10   114182
  7.461948e+00   4.120075e-08   3.599038e-02   1.264785e-10   112884
  7.484349e+00   4.106685e-08   8.206390e-03   1.259300e-10   113934
  7.506589e+00   4.073545e-08   0.000000e+00   1.256715e-10   114504
  7.529191e+00   4.097262e-08   0.000000e+00   1.239442e-10   117500
  7.551487e+00   4.062307e-08   2.616302e-02   1.244106e-10   114102
  7.573808e+00   4.114209e-08   8.573074e-03   1.246249e-10   118584
  7.596257e+00   4.061200e-08   0.000000e+00   1.239528e-10   115546
  7.618346e+00   4.068448e-08   2.281440e-02   1.235958e-10   118984
  7.640989e+00   4.102126e-08   5.820778e-03   1.234318e-10   119526
  7.663273e+00   4.061188e-08   0.000000e+00   1.225146e-10   119436
  7.685537e+00   4.067499e-08   0.000000e+00   1.230531e-10   118632
  7.707838e+00   4.013161e-08   2.567522e-02   1.194238e-10   122510
  7.730334e+00   4.021186e-08   0.000000e+00   1.202972e-10   121680
  7.752757e+00   4.037651e-08   0.000000e+00   1.209918e-10   121434
  7.774933e+00   4.016690e-08   0.000000e+00   1.191495e-10   123928
  7.797402e+00   4.060191e-08   0.000000e+00   1.199255e-10   123910
  7.819816e+00   3.993993e-08   0.000000e+00   1.185420e-10   124452
  7.842166e+00   4.036965e-08   0.000000e+00   1.190881e-10   125376
  7.864518e+00   4.007371e-08   2.233803e-02   1.187490e-10   126638
  7.886882e+00   3.999111e-08   9.790886e-03   1.183075e-10   125844
  7.909266e+00   3.958264e-08   0.000000e+00   1.163428e-10   128142
  7.931676e+00   3.983876e-08   4.612959e-03   1.167926e-10   128136
  7.953932e+00   3.969342e-08   1.060996e-02   1.159740e-10   127642
  7.976365e+00   3.947315e-08   0.000000e+00   1.140805e-10   131968
  7.999047e+00   3.944297e-08   0.000000e+00   1.146939e-10   130326
  8.021288e+00   3.923629e-08   2.359367e-02   1.137583e-10   131688
  8.043651e+00   3.957171e-08   1.153731e-02   1.147081e-10   130212
  8.065927e+00   3.892415e-08   0.000000e+00   1.121175e-10   132686
  8.088481e+00   3.931265e-08   0.000000e+00   1.113045e-10   135960
  8.110929e+00   3.889954e-08   1.772796e-02   1.130486e-10   131562
  8.132910e+00   3.920271e-08   1.387845e-02   1.122147e-10   134016
  8.155429e+00   3.892442e-08   0.000000e+00   1.110926e-10   136478
  8.177813e+00   3.886841e-08   3.089216e-02   1.107632e-10   136812
  8.200286e+00   3.873210e-08   1.936409e-02   1.093691e-10   137856
  8.222675e+00   3.856875e-08   0.000000e+00   1.098133e-10   135862
  8.244935e+00   3.828460e-08   0.000000e+00   1.071377e-10   140056
  8.267479e+00   3.835531e-08   2.629923e-02   1.085587e-10   139602
  8.289805e+00   3.818380e-08   0.000000e+00   1.079969e-10   139080
  8.312121e+00   3.840111e-08   0.000000e+00   1.077316e-10   140678
  8.334523e+00   3.802031e-08   1.389007e-02   1.050313e-10   142884
  8.356838e+00   3.817400e-08   1.108783e-02   1.080039e-10   139992
  8.379202e+00   3.797757e-08   0.000000e+00   1.048674e-10   144966
  8.401691e+00   3.775357e-08   0.000000e+00   1.051117e-10   143364
  8.423972e+00   3.746377e-08   2.070411e-02   1.043031e-10   144518
  8.446286e+00   3.753615e-08   2.188756e-02   1.032501e-10   145200
  8.468563e+00   3.753554e-08   0.000000e+00   1.049610e-10   143466
  8.490784e+00   3.705682e-08   0.000000e+00   1.016235e-10   148824
  8.513165e+00   3.725706e-08   1.728776e-02   1.027914e-10   145544
  8.535381e+00   3.720690e-08   0.000000e+00   1.015964e-10   148590
  8.557875e+00   3.708488e-08   0.000000e+00   1.012886e-10   150540
  8.580335e+00   3.692466e-08   2.994085e-02   1.009125e-10   150134
  8.602702e+00   3.710877e-08   0.000000e+00   1.009487e-10   151296
  8.625281e+00   3.673657e-08   0.000000e+00   9.943393e-11   152058
  8.647428e+00   3.632275e-08   1.837395e-02   9.856700e-11   150864
  8.669802e+00   3.665653e-08   1.683899e-02   9.928954e-11   154310
  8.692407e+00   3.618255e-08   0.000000e+00   9.770448e-11   155172
  8.714765e+00   3.616059e-08   0.000000e+00   9.805788e-11   154128
  8.737343e+00   3.581599e-08   1.486588e-02   9.551153e-11   158310
  8.759612e+00   3.616232e-08   2.152800e-02   9.865642e-11   153436
  8.781901e+00   3.583337e-08   0.000000e+00   9.607134e-11   157726
  8.804497e+00   3.570270e-08   0.000000e+00   9.467775e-11   160368
  8.826775e+00   3.577025e-08   8.976213e-03   9.703831e-11   155718
  8.849007e+00   3.564500e-08   0.000000e+00   9.477112e-11   160028
  8.871390e+00   3.545644e-08   0.000000e+00   9.455517e-11   160920
  8.893810e+00   3.531702e-08   1.557908e-02   9.407986e-11   161070
  8.916228e+00   3.521234e-08   3.301450e-02   9.343890e-11   163428
  8.938517e+00   3.513243e-08   0.000000e+00   9.398248e-11   159574
  8.960958e+00   3.494105e-08   0.000000e+00   9.114703e-11   167392
  8.983417e+00   3.481721e-08   2.689210e-02   9.251603e-11   162258
  9.005717e+00   3.447368e-08   1.333859e-02   9.030159e-11   167472
  9.028172e+00   3.448232e-08   0.000000e+00   9.165405e-11   163664
  9.050365e+00   3.440740e-08   0.000000e+00   8.974769e-11   166986
  9.072801e+00   3.446486e-08   1.872032e-02   8.993589e-11   169968
  9.095410e+00   3.411824e-08   0.000000e+00   8.938067e-11   167646
  9.117490e+00   3.393213e-08   0.000000e+00   8.870140e-11   168080
  9.139891e+00   3.415809e-08   1.650758e-02   8.823559e-11   170826
  9.162300e+00   3.371369e-08   0.000000e+00   8.756472e-11   170928
  9.184502e+00   3.386994e-08   1.914947e-02   8.819228e-11   170640
  9.206988e+00   3.346276e-08   0.000000e+00   8.569769e-11   173954
  9.229277e+00   3.335843e-08   2.927939e-02   8.658738e-11   173232
  9.251731e+00   3.322633e-08   0.000000e+00   8.573236e-11   174150
  9.274117e+00   3.322670e-08   4.700767e-03   8.499640e-11   176364
  9.296470e+00   3.297257e-08   1.786069e-02   8.500905e-11   175302
  9.318835e+00   3.309368e-08   8.180141e-03   8.501854e-11   177392
  9.341133e+00   3.283560e-08   1.945220e-02   8.425891e-11   176352
  9.363602e+00   3.265708e-08   0.000000e+00   8.302847e-11   180330
  9.386068e+00   3.256713e-08   9.136552e-03   8.311309e-11   180712
  9.408435e+00   3.255347e-08   1.657779e-02   8.330933e-11   179350
  9.430870e+00   3.227094e-08   1.521637e-02   8.170031e-11   183396
  9.453363e+00   3.212098e-08   0.000000e+00   8.204378e-11   180390
  9.475462e+00   3.175580e-08   0.000000e+00   8.089238e-11   181944
  9.497943e+00   3.197044e-08   0.000000e+00   8.076703e-11   185450
  9.520473e+00   3.150961e-08   7.707449e-03   7.929724e-11   186192
  9.542747e+00   3.158918e-08   2.151968e-02   7.993610e-11   183432
  9.565049e+00   3.161198e-08   0.000000e+00   8.025660e-11   185362
  9.587306e+00   3.147284e-08   6.467540e-03   7.902604e-11   188464
  9.609858e+00   3.128223e-08   0.000000e+00   7.855294e-11   188046
  9.632257e+00   3.096567e-08   1.417167e-02   7.717350e-11   191304
  9.654587e+00   3.107630e-08   2.694145e-02   7.868029e-11   186690
  9.677020e+00   3.067952e-08   0.000000e+00   7.650274e-11   194072
  9.699306e+00   3.078562e-08   2.286384e-02   7.721797e-11   188688
  9.721593e+00   3.051878e-08   0.000000e+00   7.574198e-11   192786
  9.743907e+00   3.030058e-08   8.577086e-03   7.508595e-11   193352
  9.766459e+00   3.037339e-08   0.000000e+00   7.497669e-11   195702
  9.788768e+00   3.008052e-08   3.059469e-02   7.462963e-11   195132
  9.811173e+00   3.018000e-08   0.000000e+00   7.461343e-11   195726
  9.833499e+00   2.977279e-08   0.000000e+00   7.322135e-11   197416
  9.855834e+00   2.977167e-08   1.067762e-02   7.391282e-11   196564
  9.878245e+00   2.953596e-08   2.125158e-02   7.248572e-11   201198
  9.900613e+00   2.947444e-08   3.860879e-03   7.281997e-11   197136
  9.922811e+00   2.933828e-08   0.000000e+00   7.276723e-11   199358
  9.945107e+00   2.936354e-08   3.007703e-02   7.188674e-11   203532
  9.967650e+00   2.910485e-08   0.000000e+00   7.148676e-11   201438
  9.989975e+00   2.897319e-08   0.000000e+00   7.094521e-11   203664
  1.001229e+01   2.874747e-08   2.959155e-02   7.060525e-11   203972
  1.003466e+01   2.870800e-08   2.341419e-02   7.057397e-11   205974
  1.005712e+01   2.877030e-08   0.000000e+00   7.010598e-11   205752
  1.007960e+01   2.826141e-08   0.000000e+00   6.859491e-11   207810
  1.010172e+01   2.831471e-08   3.922414e-02   6.876828e-11   206384
  1.012429e+01   2.815226e-08   0.000000e+00   6.769418e-11   210966
  1.014673e+01   2.801334e-08   0.000000e+00   6.817940e-11   210516
  1.016914e+01   2.778098e-08   0.000000e+00   6.718977e-11   209766
  1.019141e+01   2.772747e-08   4.373604e-02   6.709000e-11   212376
  1.021385e+01   2.769912e-08   0.000000e+00   6.666112e-11   212960
  1.023641e+01   2.741349e-08   0.000000e+00   6.561376e-11   214626
  1.025866e+01   2.713601e-08   3.232652e-02   6.585345e-11   213696
  1.028103e+01   2.712265e-08   3.129008e-02   6.508987e-11   215734
  1.030334e+01   2.712405e-08   0.000000e+00   6.540504e-11   213220
  1.032567e+01   2.680077e-08   0.000000e+00   6.379959e-11   219102
  1.034812e+01   2.658912e-08   3.666978e-02   6.331284e-11   220872
  1.037046e+01   2.651753e-08   5.418226e-02   6.371770e-11   216556
  1.039282e+01   2.659568e-08   4.194329e-02   6.344427e-11   221494
  1.041513e+01   2.632269e-08   4.547098e-02   6.275295e-11   219096
  1.043757e+01   2.617389e-08   3.321635e-02   6.156512e-11   224262
  1.046009e+01   2.600295e-08   0.000000e+00   6.199792e-11   222508
  1.048247e+01   2.596896e-08   0.000000e+00   6.176193e-11   222502
  1.050467e+01   2.581156e-08   4.305209e-02   6.109942e-11   227280
  1.052714e+01   2.580317e-08   2.075434e-02   6.139840e-11   223644
  1.054948e+01   2.544937e-08   0.000000e+00   6.043095e-11   226222
  1.057185e+01   2.545375e-08   0.000000e+00   5.980378e-11   229840
  1.059429e+01   2.536467e-08   2.860237e-02   5.998043e-11   228042
  1.061650e+01   2.499226e-08   0.000000e+00   5.951701e-11   227472
  1.063885e+01   2.489108e-08   0.000000e+00   5.825025e-11   230990
  1.066126e+01   2.494621e-08   6.976910e-03   5.860798e-11   233532
  1.068362e+01   2.483616e-08   3.238711e-02   5.829846e-11   231288
  1.070609e+01   2.452619e-08   0.000000e+00   5.704638e-11   233718
  1.072830e+01   2.445054e-08   0.000000e+00   5.710295e-11   232704
  1.075072e+01   2.433324e-08   3.369443e-02   5.641024e-11   239282
  1.077318e+01   2.428019e-08   4.043276e-02   5.723956e-11   234912
  1.079566e+01   2.408434e-08   0.000000e+00   5.588538e-11   238278
  1.081785e+01   2.396832e-08   3.999190e-02   5.596237e-11   237460
  1.084005e+01   2.398537e-08   2.906132e-02   5.600338e-11   236662
  1.086268e+01   2.376840e-08   0.000000e+00   5.478119e-11   246336
  1.088530e+01   2.355131e-08   0.000000e+00   5.462865e-11   241092
  1.090754e+01   2.326258e-08   3.805162e-02   5.376744e-11   242414
  1.092996e+01   2.323218e-08   1.489062e-02   5.348447e-11   243552
  1.095240e+01   2.314396e-08   0.000000e+00   5.367949e-11   243474
  1.097457e+01   2.298959e-08   2.618119e-02   5.354976e-11   245112
  1.099702e+01   2.288751e-08   2.786430e-02   5.237441e-11   246894
  1.101936e+01   2.272839e-08   2.153033e-02   5.254062e-11   247448
  1.104183e+01   2.257601e-08   0.000000e+00   5.204167e-11   247404
  1.106404e+01   2.244774e-08   4.316770e-02   5.153232e-11   249990
  1.108632e+01   2.233887e-08   4.094869e-02   5.122398e-11   249512
  1.110895e+01   2.227150e-08   0.000000e+00   5.086335e-11   253890
  1.113129e+01   2.211855e-08   0.000000e+00   5.093395e-11   250728
  1.115348e+01   2.203685e-08   5.171473e-02   5.038892e-11   253950
  1.117595e+01   2.182335e-08   0.000000e+00   4.997411e-11   254140
  1.119836e+01   2.186991e-08   0.000000e+00   4.981560e-11   255880
  1.122078e+01   2.153392e-08   3.329701e-02   4.866061e-11   258942
  1.124297e+01   2.143396e-08   4.935937e-02   4.900026e-11   253836
  1.126546e+01   2.141165e-08   0.000000e+00   4.872530e-11   260534
  1.128792e+01   2.123830e-08   0.000000e+00   4.848384e-11   259992
  1.131009e+01   2.116861e-08   5.068138e-02   4.804824e-11   258894
  1.133251e+01   2.086423e-08   4.011168e-02   4.707515e-11   263364
  1.135494e+01   2.083657e-08   0.000000e+00   4.715930e-11   259536
  1.137705e+01   2.074754e-08   2.251817e-02   4.716063e-11   263438
  1.139940e+01   2.049637e-08   4.544461e-02   4.624179e-11   265740
  1.142189e+01   2.028044e-08   0.000000e+00   4.590152e-11   264894
  1.144432e+01   2.039796e-08   0.000000e+00   4.575125e-11   269184
  1.146664e+01   2.019325e-08   4.379826e-02   4.594684e-11   266138
  1.148895e+01   1.995798e-08   3.056787e-02   4.469232e-11   270528
  1.151148e+01   2.005155e-08   0.000000e+00   4.513957e-11   268182
  1.153372e+01   1.975729e-08   0.000000e+00   4.451480e-11   270960
  1.155602e+01   1.976117e-08   5.303967e-02   4.419261e-11   274580
  1.157881e+01   1.951466e-08   0.000000e+00   4.374292e-11   276078
  1.160122e+01   1.939510e-08   0.000000e+00   4.346280e-11   273600
  1.162347e+01   1.932851e-08   4.398224e-02   4.306460e-11   274698
  1.164581e+01   1.920552e-08   4.694926e-02   4.291760e-11   276920
  1.166832e+01   1.902290e-08   0.000000e+00   4.246155e-11   276774
  1.169070e+01   1.883814e-08   0.000000e+00   4.222534e-11   279972
  1.171284e+01   1.878338e-08   3.814211e-02   4.189029e-11   276144
  1.173528e+01   1.868331e-08   1.793689e-02   4.162719e-11   282590
  1.175777e+01   1.858745e-08   0.000000e+00   4.125682e-11   282300
  1.178014e+01   1.846132e-08   0.000000e+00   4.089708e-11   283926
  1.180230e+01   1.834324e-08   5.082367e-02   4.103647e-11   279792
  1.182484e+01   1.829384e-08   0.000000e+00   4.044302e-11   287870
  1.184734e+01   1.818676e-08   0.000000e+00   4.039962e-11   286428
  1.186948e+01   1.806933e-08   4.962569e-02   4.018371e-11   284808
  1.189187e+01   1.784489e-08   1.737360e-02   3.936554e-11   289158
  1.191439e+01   1.782925e-08   0.000000e+00   3.938467e-11   290204
  1.193674e+01   1.764768e-08   0.000000e+00   3.915803e-11   290382
  1.195902e+01   1.747340e-08   3.400876e-02   3.859040e-11   291912
  1.198152e+01   1.740712e-08   0.000000e+00   3.825987e-11   290754
  1.200378e+01   1.726903e-08   1.789186e-02   3.800433e-11   296096
  1.202628e+01   1.728490e-08   2.801852e-02   3.804388e-11   294552
  1.204852e+01   1.699335e-08   5.042891e-02   3.775137e-11   293466
  1.207086e+01   1.690504e-08   0.000000e+00   3.705676e-11   296904
  1.209331e+01   1.675719e-08   0.000000e+00   3.672781e-11   298358
  1.211543e+01   1.677856e-08   4.897289e-02   3.702319e-11   297840
  1.213794e+01   1.675009e-08   2.004693e-02   3.667039e-11   301338
  1.216042e+01   1.645751e-08   0.000000e+00   3.611683e-11   300336
  1.218256e+01   1.643223e-08   5.285795e-02   3.586728e-11   303584
  1.220507e+01   1.627255e-08   4.319166e-02   3.573434e-11   304098
  1.222759e+01   1.617965e-08   0.000000e+00   3.532614e-11   304488
  1.224984e+01   1.611939e-08   4.808475e-02   3.516708e-11   306678
  1.227228e+01   1.601872e-08   0.000000e+00   3.491591e-11   305732
  1.229466e+01   1.595943e-08   1.727191e-02   3.481085e-11   309894
  1.231711e+01   1.570146e-08   2.630708e-02   3.399301e-11   310200
  1.233948e+01   1.576074e-08   0.000000e+00   3.451800e-11   307074
  1.236174e+01   1.557486e-08   5.040680e-02   3.371786e-11   315656
  1.238431e+01   1.550207e-08   0.000000e+00   3.365392e-11   310704
  1.240678e+01   1.537717e-08   0.000000e+00   3.341082e-11   314310
  1.242877e+01   1.530495e-08   5.930958e-02   3.315303e-11   312412
  1.245134e+01   1.523289e-08   0.000000e+00   3.294088e-11   318310
  1.247382e+01   1.504717e-08   0.000000e+00   3.241725e-11   315648
  1.249602e+01   1.500205e-08   4.666032e-02   3.210040e-11   320610
  1.251836e+01   1.477051e-08   0.000000e+00   3.209335e-11   313944
  1.254076e+01   1.481951e-08   0.000000e+00   3.176141e-11   325880
  1.256317e+01   1.457215e-08   4.713042e-02   3.143745e-11   319146
  1.258557e+01   1.463614e-08   0.000000e+00   3.142024e-11   322896
  1.260777e+01   1.452679e-08   5.241472e-02   3.121764e-11   322206
  1.263022e+01   1.443359e-08   0.000000e+00   3.092985e-11   327416
  1.265281e+01   1.433115e-08   0.000000e+00   3.073009e-11   325602
  1.267490e+01   1.404760e-08   6.339473e-02   2.998247e-11   328248
  1.269734e+01   1.414185e-08   0.000000e+00   3.015271e-11   326088
  1.271991e+01   1.401594e-08   0.000000e+00   2.998073e-11   331658
  1.274201e+01   1.392068e-08   5.735167e-02   2.975056e-11   331584
  1.276452e+01   1.380888e-08   2.739859e-02   2.948556e-11   330630
  1.278698e+01   1.372524e-08   0.000000e+00   2.923192e-11   333204
  1.280905e+01   1.366490e-08   6.501628e-02   2.902213e-11   333470
  1.283167e+01   1.353023e-08   0.000000e+00   2.880022e-11   335688
  1.285390e+01   1.348905e-08   2.206770e-02   2.849852e-11   336828
  1.287624e+01   1.337359e-08   3.002521e-02   2.838088e-11   337662
  1.289879e+01   1.336921e-08   0.000000e+00   2.825694e-11   338960
  1.292080e+01   1.314466e-08   5.934065e-02   2.786702e-11   338262
  1.294330e+01   1.309413e-08   4.972827e-02   2.743638e-11   344388
  1.296599e+01   1.304393e-08   0.000000e+00   2.738343e-11   342486
  1.298794e+01   1.294718e-08   7.539937e-02   2.727722e-11   343592
  1.301060e+01   1.283122e-08   1.003097e-02   2.686845e-11   347130
  1.303317e+01   1.275158e-08   0.000000e+00   2.691369e-11   346152
  1.305519e+01   1.270446e-08   7.201517e-02   2.652496e-11   345856
  1.307782e+01   1.263989e-08   0.000000e+00   2.646952e-11   349354
  1.310025e+01   1.256098e-08   0.000000e+00   2.624327e-11   352032
  1.312248e+01   1.243593e-08   6.049167e-02   2.588731e-11   348582
  1.314506e+01   1.235345e-08   0.000000e+00   2.571732e-11   352244
  1.316704e+01   1.232530e-08   7.290787e-02   2.560820e-11   351582
  1.318960e+01   1.222980e-08   1.290300e-02   2.534911e-11   357144
  1.321223e+01   1.211497e-08   0.000000e+00   2.517981e-11   355560
  1.323426e+01   1.210390e-08   6.873162e-02   2.497308e-11   354551
  1.325680e+01   1.204986e-08   9.249903e-03   2.477451e-11   358044
  1.327941e+01   1.200033e-08   0.000000e+00   2.463351e-11   355272
  1.330135e+01   1.202630e-08   7.546028e-02   2.475192e-11   352044
  1.332383e+01   1.199308e-08   0.000000e+00   2.444608e-11   352344
  1.334630e+01   1.202819e-08   0.000000e+00   2.432061e-11   356516
  1.336852e+01   1.201263e-08   5.262081e-02   2.444654e-11   352848
  1.339127e+01   1.194080e-08   0.000000e+00   2.414356e-11   352980
  1.341333e+01   1.199337e-08   4.388726e-02   2.424968e-11   348948
  1.343567e+01   1.190520e-08   3.961781e-02   2.396286e-11   351692
  1.345843e+01   1.189030e-08   0.000000e+00   2.385357e-11   353064
  1.348040e+01   1.184943e-08   6.750397e-02   2.382766e-11   345624
  1.350276e+01   1.187540e-08   0.000000e+00   2.373154e-11   347844
  1.352538e+01   1.185099e-08   0.000000e+00   2.343825e-11   351020
  1.354745e+01   1.182589e-08   6.280296e-02   2.350444e-11   345852
  1.356993e+01   1.177576e-08   1.336314e-02   2.329694e-11   347040
  1.359245e+01   1.174400e-08   0.000000e+00   2.319793e-11   345928
  1.361452e+01   1.174361e-08   6.334630e-02   2.311086e-11   347020
  1.363713e+01   1.170765e-08   7.649473e-03   2.308587e-11   343032
  1.365942e+01   1.165156e-08   0.000000e+00   2.277327e-11   343620
  1.368160e+01   1.167393e-08   6.488621e-02   2.277246e-11   343988
  1.370439e+01   1.158528e-08   0.000000e+00   2.262557e-11   344556
  1.372654e+01   1.159239e-08   4.764790e-02   2.260707e-11   343632
  1.374908e+01   1.158114e-08   0.000000e+00   2.268201e-11   340392
  1.377157e+01   1.155757e-08   0.000000e+00   2.260777e-11   339408
  1.379355e+01   1.157150e-08   7.998987e-02   2.242118e-11   341864
  1.381627e+01   1.146716e-08   0.000000e+00   2.217300e-11   341964
  1.383874e+01   1.144353e-08   0.000000e+00   2.233829e-11   334380
  1.386053e+01   1.146868e-08   7.507064e-02   2.234285e-11   336504
  1.388322e+01   1.141591e-08   1.700751e-02   2.217866e-11   339560
  1.390569e+01   1.139260e-08   0.000000e+00   2.218799e-11   336384
  1.392787e+01   1.135703e-08   7.895090e-02   2.179625e-11   337404
  1.395050e+01   1.132147e-08   0.000000e+00   2.214216e-11   330156
  1.397256e+01   1.132017e-08   6.201805e-02   2.185825e-11   337808
  1.399514e+01   1.126231e-08   0.000000e+00   2.172480e-11   332748
  1.401770e+01   1.122231e-08   0.000000e+00   2.160070e-11   333612
  1.403973e+01   1.115826e-08   6.334323e-02   2.154511e-11   331860
  1.406220e+01   1.113326e-08   2.876652e-02   2.156012e-11   328376
  1.408463e+01   1.114005e-08   0.000000e+00   2.144214e-11   331140
  1.410680e+01   1.101114e-08   7.641846e-02   2.106080e-11   332988
  1.412929e+01   1.100930e-08   2.968729e-02   2.133510e-11   325224
  1.415185e+01   1.100163e-08   0.000000e+00   2.108193e-11   331544
  1.417399e+01   1.091728e-08   7.156741e-02   2.091056e-11   327264
  1.419646e+01   1.089389e-08   0.000000e+00   2.111295e-11   322308
  1.421873e+01   1.092208e-08   2.743383e-02   2.101270e-11   328136
  1.424091e+01   1.088189e-08   5.398437e-02   2.104436e-11   323172
  1.426360e+01   1.081523e-08   0.000000e+00   2.079119e-11   325248
  1.428572e+01   1.081900e-08   6.739196e-02   2.093206e-11   324096
  1.430815e+01   1.078521e-08   0.000000e+00   2.086681e-11   321540
  1.433080e+01   1.072724e-08   0.000000e+00   2.060242e-11   323744
  1.435270e+01   1.069401e-08   7.420186e-02   2.080097e-11   317400
  1.437520e+01   1.067988e-08   1.875058e-02   2.049356e-11   322560
  1.439788e+01   1.061067e-08   0.000000e+00   2.049998e-11   320076
  1.441986e+01   1.058763e-08   7.806919e-02   2.044872e-11   317204
  1.444268e+01   1.053915e-08   0.000000e+00   2.024611e-11   323064
  1.446515e+01   1.051885e-08   0.000000e+00   2.034089e-11   315204
  1.448707e+01   1.039332e-08   8.450755e-02   2.011896e-11   315416
  1.450996e+01   1.044668e-08   0.000000e+00   2.017121e-11   316884
  1.453202e+01   1.042959e-08   5.084249e-02   2.032183e-11   312876
  1.455438e+01   1.026992e-08   5.953174e-02   1.988385e-11   315540
  1.457716e+01   1.029429e-08   0.000000e+00   1.990042e-11   312576
  1.459903e+01   1.029735e-08   8.406290e-02   1.999041e-11   312140
  1.462164e+01   1.022720e-08   2.220169e-02   1.992352e-11   310356
  1.464424e+01   1.019480e-08   0.000000e+00   1.980407e-11   311232
  1.466612e+01   1.015893e-08   7.555962e-02   1.992355e-11   307584
  1.468876e+01   1.010040e-08   3.384434e-02   1.964361e-11   310616
  1.471120e+01   1.010680e-08   0.000000e+00   1.992875e-11   304200
  1.473310e+01   9.992149e-09   8.359171e-02   1.952440e-11   306792
  1.475592e+01   1.001720e-08   0.000000e+00   1.954352e-11   306168
  1.477804e+01   9.949475e-09   0.000000e+00   1.950248e-11   304448
  1.480048e+01   9.846677e-09   7.247780e-02   1.934954e-11   308580
  1.482322e+01   9.929987e-09   0.000000e+00   1.958822e-11   299568
  1.484510e+01   9.829573e-09   7.220431e-02   1.928925e-11   304416
  1.486778e+01   9.750257e-09   4.015194e-02   1.933044e-11   302216
  1.489034e+01   9.735939e-09   0.000000e+00   1.938385e-11   300084
  1.491232e+01   9.640853e-09   9.115121e-02   1.917603e-11   299340
  1.493481e+01   9.640569e-09   0.000000e+00   1.924801e-11   296688
  1.495734e+01   9.568948e-09   0.000000e+00   1.903871e-11   298820
  1.497930e+01   9.586054e-09   8.747798e-02   1.892866e-11   296916
  1.500203e+01   9.501882e-09   0.000000e+00   1.896780e-11   295920
  1.502427e+01   9.431283e-09   4.009032e-03   1.883501e-11   292692
  1.504632e+01   9.483565e-09   8.077206e-02   1.893178e-11   295892
  1.506927e+01   9.327708e-09   0.000000e+00   1.860398e-11   293064
  1.509132e+01   9.349733e-09   4.320175e-02   1.877573e-11   293220
  1.511361e+01   9.270501e-09   3.881257e-02   1.862414e-11   286804
  1.513621e+01   9.226065e-09   0.000000e+00   1.847363e-11   293080
  1.515835e+01   9.196635e-09   7.935432e-02   1.851392e-11   291816
  1.518103e+01   9.151552e-09   0.000000e+00   1.846983e-11   287784
  1.520351e+01   9.100928e-09   0.000000e+00   1.860322e-11   286760
  1.522546e+01   9.073353e-09   8.391292e-02   1.844851e-11   287088
  1.524810e+01   9.005404e-09   0.000000e+00   1.833201e-11   286176
  1.527065e+01   8.952864e-09   0.000000e+00   1.829378e-11   284184
  1.529255e+01   8.878319e-09   7.430237e-02   1.820380e-11   282220
  1.531540e+01   8.847445e-09   0.000000e+00   1.807936e-11   284452
  1.533755e+01   8.870822e-09   0.000000e+00   1.834995e-11   279516
  1.535976e+01   8.750897e-09   8.122988e-02   1.790829e-11   282696
  1.538265e+01   8.777278e-09   0.000000e+00   1.819707e-11   278676
  1.540453e+01   8.720756e-09   8.315778e-02   1.800202e-11   279512
  1.542708e+01   8.616587e-09   9.550251e-03   1.789935e-11   276672
  1.544968e+01   8.636591e-09   0.000000e+00   1.793806e-11   276036
  1.547147e+01   8.518867e-09   8.110895e-02   1.775458e-11   274416
  1.549411e+01   8.528388e-09   3.659998e-02   1.780543e-11   275384
  1.551673e+01   8.484657e-09   0.000000e+00   1.766473e-11   274560
  1.553871e+01   8.414228e-09   8.943765e-02   1.771732e-11   272220
  1.556146e+01   8.392612e-09   0.000000e+00   1.768984e-11   270492
  1.558373e+01   8.322989e-09   0.000000e+00   1.757880e-11   271532
  1.560603e+01   8.250161e-09   5.441893e-02   1.743788e-11   272052
  1.562867e+01   8.231491e-09   0.000000e+00   1.758950e-11   264372
  1.565057e+01   8.207121e-09   4.894420e-02   1.744273e-11   268652
  1.567314e+01   8.193129e-09   5.682927e-02   1.749542e-11   266760
  1.569563e+01   8.153274e-09   0.000000e+00   1.749861e-11   262536
  1.571764e+01   8.033286e-09   8.891024e-02   1.722671e-11   266460
  1.574021e+01   8.060867e-09   0.000000e+00   1.741498e-11   261560
  1.576267e+01   7.980261e-09   0.000000e+00   1.719482e-11   262236
  1.578478e+01   7.937123e-09   7.867616e-02   1.713430e-11   261708
  1.580731e+01   7.899597e-09   0.000000e+00   1.726736e-11   258960
  1.582978e+01   7.837481e-09   0.000000e+00   1.716478e-11   258376
  1.585177e+01   7.845397e-09   7.601164e-02   1.720001e-11   258304
  1.587469e+01   7.773980e-09   0.000000e+00   1.689911e-11   259368
  1.589684e+01   7.713312e-09   3.660553e-02   1.704643e-11   253332
  1.591902e+01   7.708193e-09   7.903778e-02   1.709505e-11   254448
  1.594185e+01   7.634583e-09   0.000000e+00   1.682480e-11   255248
  1.596389e+01   7.588313e-09   8.210961e-02   1.685109e-11   252180
  1.598648e+01   7.596832e-09   3.262004e-02   1.690691e-11   252744
  1.600902e+01   7.537141e-09   0.000000e+00   1.706298e-11   247348
  1.603089e+01   7.491796e-09   9.846286e-02   1.672140e-11   250432
  1.605354e+01   7.405242e-09   0.000000e+00   1.646139e-11   247860
  1.607617e+01   7.402029e-09   0.000000e+00   1.670172e-11   247716
  1.609805e+01   7.338660e-09   8.335558e-02   1.675039e-11   242472
  1.612085e+01   7.263551e-09   0.000000e+00   1.644221e-11   248672
  1.614308e+01   7.244622e-09   3.669836e-02   1.663618e-11   239352
  1.616518e+01   7.189227e-09   6.657545e-02   1.640781e-11   245088
  1.618802e+01   7.159501e-09   0.000000e+00   1.663860e-11   239232
  1.620990e+01   7.113524e-09   8.849987e-02   1.632685e-11   240320
  1.623258e+01   7.047804e-09   0.000000e+00   1.631189e-11   239340
  1.625521e+01   7.028745e-09   0.000000e+00   1.623877e-11   237636
  1.627700e+01   6.991160e-09   8.435292e-02   1.625898e-11   235980
  1.629963e+01   6.932353e-09   2.691849e-03   1.619950e-11   235304
  1.632221e+01   6.956039e-09   0.000000e+00   1.630332e-11   234576
  1.634416e+01   6.841431e-09   7.833195e-02   1.618286e-11   232788
  1.636679e+01   6.808694e-09   0.000000e+00   1.614374e-11   230400
  1.638914e+01   6.816753e-09   0.000000e+00   1.605092e-11   231836
  1.641133e+01   6.727007e-09   8.364581e-02   1.592729e-11   231288
  1.643421e+01   6.736122e-09   0.000000e+00   1.605691e-11   226536
  1.645610e+01   6.685374e-09   6.570073e-02   1.594281e-11   226084
  1.647844e+01   6.605623e-09   5.625802e-02   1.588810e-11   227116
  1.650123e+01   6.570862e-09   0.000000e+00   1.584876e-11   223800
  1.652313e+01   6.491172e-09   9.033827e-02   1.579907e-11   223884
  1.654569e+01   6.519408e-09   0.000000e+00   1.573057e-11   222360
  1.656829e+01   6.438062e-09   0.000000e+00   1.570283e-11   221156
  1.659035e+01   6.390992e-09   9.957650e-02   1.562986e-11   221724
  1.661305e+01   6.440874e-09   0.000000e+00   1.581254e-11   217584
  1.663545e+01   6.273463e-09   0.000000e+00   1.547647e-11   217576
  1.665741e+01   6.284611e-09   1.034900e-01   1.555626e-11   215464
  1.668020e+01   6.258396e-09   0.000000e+00   1.549166e-11   215472
  1.670241e+01   6.215744e-09   2.719222e-02   1.553415e-11   213768
  1.672453e+01   6.189699e-09   8.969636e-02   1.542307e-11   210956
  1.674724e+01   6.101569e-09   0.000000e+00   1.533631e-11   211788
  1.676942e+01   6.087299e-09   4.854305e-02   1.525170e-11   211092
  1.679194e+01   6.085464e-09   3.541781e-02   1.533417e-11   209556
  1.681461e+01   5.994661e-09   0.000000e+00   1.530635e-11   206700
  1.683643e+01   5.981804e-09   8.417401e-02   1.520025e-11   206048
  1.685902e+01   5.926787e-09   0.000000e+00   1.517280e-11   204744
  1.688155e+01   5.893244e-09   0.000000e+00   1.510174e-11   202992
  1.690336e+01   5.887950e-09   9.460107e-02   1.511060e-11   201944
  1.692628e+01   5.806357e-09   0.000000e+00   1.506991e-11   203304
  1.694874e+01   5.794559e-09   0.000000e+00   1.498432e-11   200484
  1.697060e+01   5.774202e-09   1.004078e-01   1.516576e-11   195516
  1.699352e+01   5.696729e-09   0.000000e+00   1.501030e-11   198860
  1.701549e+01   5.726704e-09   4.457358e-02   1.496211e-11   195264
  1.703789e+01   5.595885e-09   6.613317e-02   1.471216e-11   195984
  1.706066e+01   5.623505e-09   0.000000e+00   1.491628e-11   191808
  1.708233e+01   5.593638e-09   7.758953e-02   1.493875e-11   190776
  1.710489e+01   5.538142e-09   1.861433e-02   1.476307e-11   192032
  1.712759e+01   5.512694e-09   0.000000e+00   1.473542e-11   188628
  1.714942e+01   5.451200e-09   1.064403e-01   1.458816e-11   189444
  1.717223e+01   5.430531e-09   0.000000e+00   1.471620e-11   186260
  1.719450e+01   5.463836e-09   0.000000e+00   1.485086e-11   184560
  1.721657e+01   5.333215e-09   9.632659e-02   1.441657e-11   185832
  1.723957e+01   5.343109e-09   0.000000e+00   1.447454e-11   182400
  1.726157e+01   5.302955e-09   4.632684e-02   1.461037e-11   181380
  1.728379e+01   5.278577e-09   8.072726e-02   1.460919e-11   180332
  1.730663e+01   5.298972e-09   0.000000e+00   1.464600e-11   178236
  1.732866e+01   5.199383e-09   5.760816e-02   1.453476e-11   179184
  1.735110e+01   5.217325e-09   7.472310e-02   1.458061e-11   175028
  1.737374e+01   5.141088e-09   0.000000e+00   1.432752e-11   175440
  1.739586e+01   5.103256e-09   7.968276e-02   1.436101e-11   174828
  1.741843e+01   5.158550e-09   0.000000e+00   1.453459e-11   169896
  1.744076e+01   5.049292e-09   0.000000e+00   1.440145e-11   171708
  1.746286e+01   5.042406e-09   1.018355e-01   1.434678e-11   169328
  1.748553e+01   4.987756e-09   0.000000e+00   1.410998e-11   167364
  1.750789e+01   4.970924e-09   3.664722e-02   1.420755e-11   168192
  1.752998e+01   5.017397e-09   9.178898e-02   1.448965e-11   163188
  1.755288e+01   4.951508e-09   0.000000e+00   1.422471e-11   166184
  1.757508e+01   4.915143e-09   4.672552e-02   1.439374e-11   161460
  1.759720e+01   4.878595e-09   8.513032e-02   1.425734e-11   159972
  1.761988e+01   4.829094e-09   0.000000e+00   1.415047e-11   159488
  1.764186e+01   4.841006e-09   7.950430e-02   1.416762e-11   158148
  1.766453e+01   4.808533e-09   0.000000e+00   1.408953e-11   158100
  1.768716e+01   4.805739e-09   0.000000e+00   1.433287e-11   155232
  1.770883e+01   4.796306e-09   9.115626e-02   1.426845e-11   151216
  1.773162e+01   4.671535e-09   0.000000e+00   1.395628e-11   155560
  1.775427e+01   4.726116e-09   0.000000e+00   1.413695e-11   151404
  1.777608e+01   4.657640e-09   1.091146e-01   1.412829e-11   148356
  1.779892e+01   4.652311e-09   0.000000e+00   1.421340e-11   147164
  1.782096e+01   4.662339e-09   3.156497e-02   1.410012e-11   147384
  1.784325e+01   4.578476e-09   7.275169e-02   1.403549e-11   145992
  1.786621e+01   4.648402e-09   0.000000e+00   1.434423e-11   143856
  1.788785e+01   4.614486e-09   7.152629e-02   1.428919e-11   140384
  1.791047e+01   4.533618e-09   3.675591e-02   1.398341e-11   143856
  1.793320e+01   4.584142e-09   0.000000e+00   1.416952e-11   136968
  1.795491e+01   4.478374e-09   9.996489e-02   1.389041e-11   139536
  1.797782e+01   4.453471e-09   0.000000e+00   1.408531e-11   136916
  1.800007e+01   4.486507e-09   0.000000e+00   1.417965e-11   133032
  1.802203e+01   4.391580e-09   1.011546e-01   1.383189e-11   135540
  1.804510e+01   4.448823e-09   0.000000e+00   1.414143e-11   132096
  1.806709e+01   4.397093e-09   0.000000e+00   1.397781e-11   129540
  1.808928e+01   4.397740e-09   9.763663e-02   1.402016e-11   130640
  1.811214e+01   4.419783e-09   0.000000e+00   1.406331e-11   126276
  1.813418e+01   4.330378e-09   5.847643e-02   1.400495e-11   128484
  1.815689e+01   4.352184e-09   1.652744e-02   1.410804e-11   124168
  1.817929e+01   4.338764e-09   0.000000e+00   1.415399e-11   122224
  1.820135e+01   4.299145e-09   8.822562e-02   1.397631e-11   123156
  1.822405e+01   4.297143e-09   0.000000e+00   1.397897e-11   119688
  1.824622e+01   4.246619e-09   0.000000e+00   1.407260e-11   116640
  1.826830e+01   4.258378e-09   1.038517e-01   1.405845e-11   119696
  1.829109e+01   4.290476e-09   0.000000e+00   1.412860e-11   114276
  1.831338e+01   4.204953e-09   0.000000e+00   1.412705e-11   114060
  1.833546e+01   4.257858e-09   9.694942e-02   1.409213e-11   112536
  1.835830e+01   4.224697e-09   0.000000e+00   1.413251e-11   112196
  1.838062e+01   4.235224e-09   4.231950e-02   1.437071e-11   109404
  1.840272e+01   4.242515e-09   5.561684e-02   1.438165e-11   105900
  1.842520e+01   4.165272e-09   0.000000e+00   1.415781e-11   107176
  1.844737e+01   4.194192e-09   7.234106e-02   1.428128e-11   105088
  1.846994e+01   4.191169e-09   2.374077e-02   1.423295e-11   103800
  1.849256e+01   4.168576e-09   0.000000e+00   1.436268e-11   101340
  1.851450e+01   4.165609e-09   8.094114e-02   1.420301e-11   100036
  1.853695e+01   4.199062e-09   0.000000e+00   1.451473e-11   97672
  1.855950e+01   4.152274e-09   0.000000e+00   1.428253e-11   97908
  1.858158e+01   4.195686e-09   8.564289e-02   1.462774e-11   95328
  1.860421e+01   4.162654e-09   0.000000e+00   1.474012e-11   93600
  1.862649e+01   4.155435e-09   0.000000e+00   1.453325e-11   92312
  1.864875e+01   4.127751e-09   7.266828e-02   1.453422e-11   91044
  1.867143e+01   4.159648e-09   0.000000e+00   1.470538e-11   88500
  1.869325e+01   4.138425e-09   5.510890e-02   1.484841e-11   86216
  1.871576e+01   4.122226e-09   0.000000e+00   1.455909e-11   87159
  1.873869e+01   4.138681e-09   0.000000e+00   1.469972e-11   86064
  1.876070e+01   4.074538e-09   8.504301e-02   1.492173e-11   81648
  1.878304e+01   4.105040e-09   2.157145e-04   1.482375e-11   81654
  1.880569e+01   4.091076e-09   0.000000e+00   1.474666e-11   81284
  1.882790e+01   4.065452e-09   6.113436e-02   1.476512e-11   78888
  1.885026e+01   4.066740e-09   1.921660e-02   1.501835e-11   77250
  1.887247e+01   4.011828e-09   0.000000e+00   1.493510e-11   75942
  1.889470e+01   4.035428e-09   6.584232e-02   1.498222e-11   77042
  1.891753e+01   4.037632e-09   0.000000e+00   1.522367e-11   74094
  1.893984e+01   4.005612e-09   3.527440e-02   1.485332e-11   73818
  1.896216e+01   3.958011e-09   0.000000e+00   1.504224e-11   70998
  1.898457e+01   3.930395e-09   0.000000e+00   1.491509e-11   72044
  1.900692e+01   3.973892e-09   6.878326e-02   1.543502e-11   69426
  1.902943e+01   3.895939e-09   0.000000e+00   1.499584e-11   69288
  1.905177e+01   3.876799e-09   0.000000e+00   1.516864e-11   67068
  1.907382e+01   3.866730e-09   7.304272e-02   1.507014e-11   66926
  1.909641e+01   3.853391e-09   6.044873e-02   1.519734e-11   66348
  1.911910e+01   3.852651e-09   0.000000e+00   1.533698e-11   64728
  1.914115e+01   3.781397e-09   0.000000e+00   1.543722e-11   62820
  1.916349e+01   3.759937e-09   0.000000e+00   1.509793e-11   63716
  1.918611e+01   3.760391e-09   1.672078e-02   1.531749e-11   62160
  1.920843e+01   3.722584e-09   0.000000e+00   1.549042e-11   59940
  1.923057e+01   3.730832e-09   1.952834e-02   1.546294e-11   60112
  1.925291e+01   3.661952e-09   6.915316e-02   1.512855e-11   59668
  1.927559e+01   3.630370e-09   0.000000e+00   1.535027e-11   57618
  1.929770e+01   3.590037e-09   2.161744e-02   1.523801e-11   56868
  1.931984e+01   3.597249e-09   6.581243e-02   1.531797e-11   56684
  1.934233e+01   3.502710e-09   3.087487e-02   1.490550e-11   55536
  1.936485e+01   3.526276e-09   0.000000e+00   1.523915e-11   54342
  1.938725e+01   3.537862e-09   2.450131e-02   1.522319e-11   54768
  1.940942e+01   3.494387e-09   6.540059e-02   1.551107e-11   52094
  1.943180e+01   3.445650e-09   0.000000e+00   1.513928e-11   52224
  1.945450e+01   3.404027e-09   0.000000e+00   1.507220e-11   52188
  1.947673e+01   3.369176e-09   5.713381e-02   1.537149e-11   50190
  1.949884e+01   3.411813e-09   4.801185e-02   1.554889e-11   49224
  1.952138e+01   3.318983e-09   0.000000e+00   1.505957e-11   49094
  1.954399e+01   3.278738e-09   1.871534e-02   1.498023e-11   49488
  1.956638e+01   3.277344e-09   6.083877e-02   1.533887e-11   46830
  1.958846e+01   3.261600e-09   1.371781e-02   1.541985e-11   45860
  1.961092e+01   3.175859e-09   0.000000e+00   1.500146e-11   46770
  1.963346e+01   3.152080e-09   2.478497e-02   1.514776e-11   45468
  1.965580e+01   3.127705e-09   4.517926e-02   1.513519e-11   44130
  1.967806e+01   3.120541e-09   0.000000e+00   1.512927e-11   43230
  1.970046e+01   3.057527e-09   0.000000e+00   1.481831e-11   44108
  1.972303e+01   3.043987e-09   4.055962e-02   1.490794e-11   42162
  1.974534e+01   3.051082e-09   4.011270e-02   1.521798e-11   41358
  1.976747e+01   3.016753e-09   0.000000e+00   1.535756e-11   40456
  1.978986e+01   2.967925e-09   3.920372e-02   1.506634e-11   41230
  1.981261e+01   2.927192e-09   5.043987e-02   1.496327e-11   39906
  1.983504e+01   2.877011e-09   0.000000e+00   1.494545e-11   38508
  1.985706e+01   2.893103e-09   0.000000e+00   1.502315e-11   37854
  1.987929e+01   2.827526e-09   5.956881e-02   1.483394e-11   38162
  1.990205e+01   2.760336e-09   2.808994e-02   1.472974e-11   37212
  1.992451e+01   2.773878e-09   0.000000e+00   1.495448e-11   36450
  1.994642e+01   2.715007e-09   3.476660e-02   1.512333e-11   34718
  1.996863e+01   2.694692e-09   2.719015e-02   1.466999e-11   35814
  1.999141e+01   2.649017e-09   2.256368e-02   1.449308e-11   34896
  2.001390e+01   2.655338e-09   0.000000e+00   1.491917e-11   33822
  2.003574e+01   2.638056e-09   4.703319e-02   1.517830e-11   32522
  2.005818e+01   2.556646e-09   0.000000e+00   1.435619e-11   33630
  2.008095e+01   2.522440e-09   0.000000e+00   1.450462e-11   32166
  2.010309e+01   2.487939e-09   2.538268e-02   1.467296e-11   31200
  2.012502e+01   2.524317e-09   2.143031e-02   1.486931e-11   30598
  2.014747e+01   2.478157e-09   2.389198e-02   1.450664e-11   31138
  2.017040e+01   2.398933e-09   0.000000e+00   1.404234e-11   30510
  2.019273e+01   2.364189e-09   3.652354e-02   1.436570e-11   28998
  2.021466e+01   2.361548e-09   0.000000e+00   1.479666e-11   28290
  2.023706e+01   2.340951e-09   4.624573e-02   1.421849e-11   29126
  2.026000e+01   2.306598e-09   0.000000e+00   1.436280e-11   28008
  2.028237e+01   2.247522e-09   1.252383e-02   1.394885e-11   27222
  2.030447e+01   2.253412e-09   2.418915e-02   1.443197e-11   26426
  2.032684e+01   2.185503e-09   1.383713e-02   1.410079e-11   26694
  2.034949e+01   2.151079e-09   2.653548e-02   1.397873e-11   25734
  2.037195e+01   2.146982e-09   0.000000e+00   1.413922e-11   25458
  2.039398e+01   2.105214e-09   0.000000e+00   1.403084e-11   24198
  2.041647e+01   2.049098e-09   0.000000e+00   1.335430e-11   25034
  2.043921e+01   2.053066e-09   2.037366e-02   1.405980e-11   23718
  2.046141e+01   2.040258e-09   0.000000e+00   1.419200e-11   23094
  2.048326e+01   1.995066e-09   2.980152e-02   1.399914e-11   22416
  2.050574e+01   1.930430e-09   1.026342e-02   1.354437e-11   23078
  2.052882e+01   1.947584e-09   0.000000e+00   1.402163e-11   22386
  2.055117e+01   1.866227e-09   0.000000e+00   1.354631e-11   21126
  2.057282e+01   1.836165e-09   0.000000e+00   1.322340e-11   20366
  2.059512e+01   1.828048e-09   4.172476e-02   1.302049e-11   21354
  2.061826e+01   1.808525e-09   0.000000e+00   1.339641e-11   20478
  2.064057e+01   1.781522e-09   0.000000e+00   1.335930e-11   19458
  2.066223e+01   1.763255e-09   8.433559e-03   1.379042e-11   18758
  2.068455e+01   1.697595e-09   4.606191e-02   1.288448e-11   19566
  2.070765e+01   1.663646e-09   3.147697e-02   1.271537e-11   18858
  2.073008e+01   1.662933e-09   7.383462e-03   1.342723e-11   17790
  2.075166e+01   1.655607e-09   0.000000e+00   1.325355e-11   17114
  2.077403e+01   1.560322e-09   0.000000e+00   1.226445e-11   17982
  2.079711e+01   1.560244e-09   0.000000e+00   1.275543e-11   17190
  2.081959e+01   1.562596e-09   0.000000e+00   1.364731e-11   16458
  2.084116e+01   1.528107e-09   3.386664e-02   1.288393e-11   15494
  2.086347e+01   1.448562e-09   1.534871e-02   1.198983e-11   16374
  2.088670e+01   1.463840e-09   0.000000e+00   1.258395e-11   15858
  2.090920e+01   1.427150e-09   0.000000e+00   1.237578e-11   14862
  2.093069e+01   1.421026e-09   0.000000e+00   1.247866e-11   14082
  2.095310e+01   1.343748e-09   0.000000e+00   1.160552e-11   14990
  2.097639e+01   1.355522e-09   1.775049e-02   1.186822e-11   14358
  2.099882e+01   1.333339e-09   0.000000e+00   1.215702e-11   13386
  2.102008e+01   1.335771e-09   0.000000e+00   1.241939e-11   12678
  2.104251e+01   1.240016e-09   2.794142e-02   1.151041e-11   13700
  2.106595e+01   1.216266e-09   1.502868e-02   1.149710e-11   12942
  2.108844e+01   1.235074e-09   4.160875e-02   1.172038e-11   12198
  2.110946e+01   1.188664e-09   0.000000e+00   1.197971e-11   11106
  2.113175e+01   1.111090e-09   5.922807e-03   1.019943e-11   12494
  2.115525e+01   1.145791e-09   3.063204e-02   1.120818e-11   11610
  2.117792e+01   1.095086e-09   0.000000e+00   1.108952e-11   11094
  2.119894e+01   1.094016e-09   2.230385e-02   1.168562e-11   9902
  2.122114e+01   1.045674e-09   1.479895e-02   1.043959e-11   11226
  2.124465e+01   1.020975e-09   0.000000e+00   1.086671e-11   10326
  2.126733e+01   1.007992e-09   2.067495e-02   1.101977e-11   10074
  2.128853e+01   9.862615e-10   0.000000e+00   1.105726e-11   8766
  2.131054e+01   9.377114e-10   0.000000e+00   1.020718e-11   9950
  2.133400e+01   9.127838e-10   9.931608e-03   1.048435e-11   9252
  2.135668e+01   9.221610e-10   0.000000e+00   1.027947e-11   8886
  2.137785e+01   8.928476e-10   0.000000e+00   1.036603e-11   7850
  2.140007e+01   8.557469e-10   0.000000e+00   1.007538e-11   8886
  2.142357e+01   8.418229e-10   0.000000e+00   1.005271e-11   8142
  2.144598e+01   8.213781e-10   2.183711e-02   9.876055e-12   7746
  2.146692e+01   8.139362e-10   2.325937e-02   9.838574e-12   6926
  2.148956e+01   7.438002e-10   0.000000e+00   9.219503e-12   7974
  2.151315e+01   7.363103e-10   1.681741e-02   9.170935e-12   7074
  2.153530e+01   7.429825e-10   0.000000e+00   9.787026e-12   6744
  2.155613e+01   7.537277e-10   2.229392e-02   1.041701e-11   6114
  2.157915e+01   6.553351e-10   0.000000e+00   8.491559e-12   7094
  2.160315e+01   6.404186e-10   0.000000e+00   8.878112e-12   6174
  2.162502e+01   6.426357e-10   4.872861e-03   9.176210e-12   5754
  2.164529e+01   6.555921e-10   0.000000e+00   9.374259e-12   5214
  2.166862e+01   5.777232e-10   0.000000e+00   7.801015e-12   6338
  2.169326e+01   5.701181e-10   1.146161e-02   8.293049e-12   5352
  2.171490e+01   5.623986e-10   0.000000e+00   8.804894e-12   4830
  2.173422e+01   5.752629e-10   0.000000e+00   8.810570e-12   4338
  2.175768e+01   5.098552e-10   0.000000e+00   7.373757e-12   5558
  2.178338e+01   4.861502e-10   1.704268e-02   7.563488e-12   4866
  2.180546e+01   4.846424e-10   2.529431e-02   8.353617e-12   3846
  2.182302e+01   5.104954e-10   0.000000e+00   9.303266e-12   3518
  2.184657e+01   4.371509e-10   2.391811e-02   6.897900e-12   4812
  2.187303e+01   4.400085e-10   7.631756e-03   7.566163e-12   4278
  2.189596e+01   4.010378e-10   2.085531e-02   7.884274e-12   3174
  2.191184e+01   4.309033e-10   0.000000e+00   8.732218e-12   2738
  2.193531e+01   3.726215e-10   9.068074e-03   5.908861e-12   4086
  2.196231e+01   3.476973e-10   0.000000e+00   5.857720e-12   3666
  2.198633e+01   3.323115e-10   1.560302e-02   7.028808e-12   2712
  2.200065e+01   3.803355e-10   8.909745e-03   8.987354e-12   1998
  2.202400e+01   3.158400e-10   1.402619e-02   5.558075e-12   3434
  2.205156e+01   2.945906e-10   0.000000e+00   5.785454e-12   3078
  2.207673e+01   2.764518e-10   1.093850e-02   6.442864e-12   2334
  2.208953e+01   3.361350e-10   0.000000e+00   9.549303e-12   1340
  2.211267e+01   2.519382e-10   0.000000e+00   4.924332e-12   2838
  2.214088e+01   2.352329e-10   0.000000e+00   5.066148e-12   2538
  2.216722e+01   2.312551e-10   9.232306e-03   5.947101e-12   1974
  2.217777e+01   2.901388e-10   1.593283e-02   1.069305e-11   774
  2.220101e+01   2.039593e-10   0.000000e+00   4.884475e-12   2300
  2.222993e+01   1.877997e-10   1.583450e-02   4.536770e-12   2046
  2.225746e+01   1.624058e-10   4.801075e-03   4.621038e-12   1626
  2.226602e+01   2.356712e-10   8.346394e-03   1.302132e-11   390
  2.228919e+01   1.641075e-10   8.471547e-03   4.136878e-12   1766
  2.231856e+01   1.489641e-10   0.000000e+00   4.092778e-12   1596
  2.234725e+01   1.208958e-10   0.000000e+00   3.329545e-12   1302
  2.235429e+01   2.082153e-10   0.000000e+00   1.510985e-11   150
  2.237751e+01   1.116710e-10   0.000000e+00   3.051375e-12   1298
  2.240698e+01   1.036989e-10   0.000000e+00   3.287781e-12   1158
  2.243630e+01   9.444958e-11   4.741179e-03   3.098548e-12   996
  2.244707e+01   1.561127e-10   1.161396e-02   2.681718e-11   38
  2.246603e+01   8.357192e-11   0.000000e+00   3.504689e-12   894
  2.249555e+01   7.028622e-11   1.047578e-02   2.553234e-12   786
  2.252511e+01   6.092427e-11   0.000000e+00   2.459317e-12   678
  2.255323e+01   1.374397e-11   0.000000e+00   2.705666e-12   8
  2.255472e+01   5.221452e-11   9.506613e-03   2.459449e-12   570
  2.258430e+01   4.546623e-11   1.338450e-02   2.199474e-12   486
  2.261392e+01   3.544914e-11   0.000000e+00   1.807483e-12   402
  2.264273e+01   3.022671e-11   0.000000e+00   9.535184e-12   8
  2.264359e+01   3.165841e-11   1.179067e-02   1.691132e-12   318
  2.267323e+01   2.454406e-11   0.000000e+00   1.527819e-12   258
  2.270292e+01   1.613015e-11   0.000000e+00   9.229838e-13   198
  2.273223e+01   9.270335e-12   0.000000e+00   3.884595e-12   8
  2.273265e+01   1.502218e-11   0.000000e+00   1.321476e-12   138
  2.276235e+01   8.303531e-12   3.869981e-03   8.313192e-13   102
  2.279209e+01   5.072822e-12   7.048534e-03   4.589702e-13   66
  2.282185e+01   3.837415e-12   0.000000e+00   5.888387e-13   38
  2.285163e+01   2.002300e-12   0.000000e+00   3.975466e-13   18
  2.288143e+01   6.428919e-13   0.000000e+00   1.387112e-13   6
