# power spectrum of velocity
# redshift z=0.100000
# k              Pk             sigma(k)       sigma(Pk)      count
  4.908739e-02   5.029659e-07   1.608418e-05   1.813722e-07   6
  6.942005e-02   1.234464e-06   0.000000e+00   2.882157e-07   12
  9.065882e-02   6.766531e-07   6.508962e-03   1.318405e-07   14
  1.150009e-01   7.046474e-07   5.237893e-03   6.922598e-08   48
  1.448559e-01   5.705560e-07   3.804799e-03   6.406038e-08   42
  1.590162e-01   4.217739e-07   3.787897e-03   5.422092e-08   48
  1.803014e-01   5.067501e-07   4.541081e-03   5.295398e-08   80
  2.043367e-01   4.869019e-07   3.525774e-03   4.554863e-08   90
  2.227252e-01   3.391148e-07   5.536438e-03   3.146451e-08   120
  2.488487e-01   3.599916e-07   4.652757e-03   2.489770e-08   158
  2.661513e-01   3.446771e-07   2.208030e-03   3.572946e-08   120
  2.869973e-01   3.087648e-07   4.935215e-03   2.024788e-08   186
  3.100294e-01   2.845012e-07   6.749025e-03   1.907328e-08   264
  3.287449e-01   3.055394e-07   3.643590e-03   2.176321e-08   168
  3.526244e-01   2.594704e-07   6.511952e-03   1.305700e-08   386
  3.726071e-01   2.192781e-07   3.940433e-03   1.706340e-08   192
  3.922681e-01   2.421002e-07   6.460573e-03   1.300016e-08   390
  4.143561e-01   2.019656e-07   6.764213e-03   9.257146e-09   396
  4.351071e-01   2.006807e-07   6.710857e-03   9.264516e-09   398
  4.579190e-01   1.870117e-07   6.577772e-03   7.484818e-09   576
  4.803679e-01   1.708286e-07   6.673210e-03   7.612746e-09   444
  5.000037e-01   1.821584e-07   6.020862e-03   7.002427e-09   590
  5.223627e-01   1.481190e-07   6.593301e-03   6.100494e-09   648
  5.441711e-01   1.472332e-07   5.835223e-03   5.658338e-09   654
  5.635471e-01   1.404434e-07   4.840100e-03   5.121662e-09   636
  5.852063e-01   1.341659e-07   7.256543e-03   4.617522e-09   830
  6.055292e-01   1.202829e-07   5.223406e-03   4.031328e-09   792
  6.263096e-01   1.229394e-07   5.372178e-03   4.227775e-09   804
  6.475915e-01   1.268417e-07   6.630499e-03   4.338395e-09   1038
  6.681954e-01   9.983552e-08   5.193545e-03   3.212904e-09   936
  6.905274e-01   1.061925e-07   6.076603e-03   3.212616e-09   1130
  7.107689e-01   9.049212e-08   5.635557e-03   2.726701e-09   1104
  7.329882e-01   8.856653e-08   6.265750e-03   2.440442e-09   1230
  7.533066e-01   8.629589e-08   6.367515e-03   2.302819e-09   1260
  7.739493e-01   7.859912e-08   5.501309e-03   2.205037e-09   1286
  7.972959e-01   7.910833e-08   6.676093e-03   1.775324e-09   1728
  8.194182e-01   7.576877e-08   5.905938e-03   1.959494e-09   1392
  8.404441e-01   6.994635e-08   5.596426e-03   1.668332e-09   1626
  8.619949e-01   7.091742e-08   6.632074e-03   1.533884e-09   1760
  8.836339e-01   6.474941e-08   5.480218e-03   1.518003e-09   1686
  9.040332e-01   5.993172e-08   5.574399e-03   1.403113e-09   1812
  9.248916e-01   5.969122e-08   6.408480e-03   1.365845e-09   1862
  9.462082e-01   5.673467e-08   5.707974e-03   1.156001e-09   2160
  9.676557e-01   5.467080e-08   5.844358e-03   1.182606e-09   1956
  9.892345e-01   5.026834e-08   6.565757e-03   9.521266e-10   2454
  1.010292e+00   5.069507e-08   5.121137e-03   1.062369e-09   2048
  1.031427e+00   4.996497e-08   6.658950e-03   9.316777e-10   2538
  1.052288e+00   4.435055e-08   5.586772e-03   8.690854e-10   2400
  1.073374e+00   4.412595e-08   6.656280e-03   7.744026e-10   2526
  1.094412e+00   3.933663e-08   6.589372e-03   6.684139e-10   2856
  1.116356e+00   4.075408e-08   6.155711e-03   7.190157e-10   2804
  1.138029e+00   3.950586e-08   6.420674e-03   6.334614e-10   2958
  1.158655e+00   3.820590e-08   6.233969e-03   6.130853e-10   2976
  1.180422e+00   3.473473e-08   6.237939e-03   5.546640e-10   3194
  1.200801e+00   3.438374e-08   6.219815e-03   5.403138e-10   3120
  1.222874e+00   3.291509e-08   6.255780e-03   4.776867e-10   3606
  1.243940e+00   3.214422e-08   5.765262e-03   4.931850e-10   3276
  1.264464e+00   3.177726e-08   6.490966e-03   4.591762e-10   3600
  1.285577e+00   3.009497e-08   5.751644e-03   4.362059e-10   3638
  1.305903e+00   2.984115e-08   6.106217e-03   4.235170e-10   3744
  1.327893e+00   2.743007e-08   6.341983e-03   3.547626e-10   4170
  1.348913e+00   2.777647e-08   5.966133e-03   3.849326e-10   3984
  1.370324e+00   2.737875e-08   6.078837e-03   3.468376e-10   4334
  1.391449e+00   2.596855e-08   5.590013e-03   3.272014e-10   4284
  1.412311e+00   2.546678e-08   6.749611e-03   3.241695e-10   4374
  1.434124e+00   2.527246e-08   5.982445e-03   2.923326e-10   5016
  1.455607e+00   2.476853e-08   5.759251e-03   3.022768e-10   4580
  1.477022e+00   2.386483e-08   6.781400e-03   2.709076e-10   5142
  1.498869e+00   2.323031e-08   6.508452e-03   2.711297e-10   5184
  1.520258e+00   2.320059e-08   5.109192e-03   2.607919e-10   5058
  1.540811e+00   2.298797e-08   5.999008e-03   2.464968e-10   5384
  1.562789e+00   2.197987e-08   6.863077e-03   2.308960e-10   5622
  1.583990e+00   2.169577e-08   5.767154e-03   2.231739e-10   5736
  1.605101e+00   2.157041e-08   5.186724e-03   2.327193e-10   5596
  1.626312e+00   2.117341e-08   6.567256e-03   2.107921e-10   6070
  1.647349e+00   2.032816e-08   5.043874e-03   1.959239e-10   6096
  1.669298e+00   1.985796e-08   6.265387e-03   1.862474e-10   6474
  1.689604e+00   2.018072e-08   6.011046e-03   1.978854e-10   6024
  1.711322e+00   1.949687e-08   6.050365e-03   1.772833e-10   7070
  1.732840e+00   1.936949e-08   4.929295e-03   1.823091e-10   6516
  1.753479e+00   1.903976e-08   5.954709e-03   1.669206e-10   6936
  1.775024e+00   1.854717e-08   5.973785e-03   1.605119e-10   7110
  1.795864e+00   1.888066e-08   4.324428e-03   1.605132e-10   7244
  1.817911e+00   1.862196e-08   6.546524e-03   1.536905e-10   7878
  1.839265e+00   1.808477e-08   6.345137e-03   1.608660e-10   7344
  1.859942e+00   1.796258e-08   6.557632e-03   1.515043e-10   7694
  1.881485e+00   1.771359e-08   6.313302e-03   1.398953e-10   8412
  1.903119e+00   1.796395e-08   6.574718e-03   1.454821e-10   7920
  1.923681e+00   1.722998e-08   5.574081e-03   1.335018e-10   8118
  1.944611e+00   1.717716e-08   6.462590e-03   1.324592e-10   8548
  1.965903e+00   1.676180e-08   6.546547e-03   1.284390e-10   8710
  1.987016e+00   1.693046e-08   5.720595e-03   1.294011e-10   8928
  2.008691e+00   1.697082e-08   6.261670e-03   1.246900e-10   9186
  2.029483e+00   1.634713e-08   6.817295e-03   1.218901e-10   9200
  2.050916e+00   1.621066e-08   5.848208e-03   1.192329e-10   9438
  2.071812e+00   1.651204e-08   8.218907e-03   1.221413e-10   9564
  2.093290e+00   1.630009e-08   6.302710e-03   1.115677e-10   10296
  2.115277e+00   1.614959e-08   5.595371e-03   1.112977e-10   10126
  2.135875e+00   1.629672e-08   6.899005e-03   1.135990e-10   10024
  2.157783e+00   1.589844e-08   4.883760e-03   1.051981e-10   11082
  2.179294e+00   1.579985e-08   7.510094e-03   1.045860e-10   10632
  2.200318e+00   1.574923e-08   5.425863e-03   1.057811e-10   10734
  2.221558e+00   1.557316e-08   6.682428e-03   1.002692e-10   11276
  2.242790e+00   1.532550e-08   5.933637e-03   9.861897e-11   11352
  2.264219e+00   1.568338e-08   6.271587e-03   1.022852e-10   11550
  2.285254e+00   1.540852e-08   5.753124e-03   9.834091e-11   11772
  2.306600e+00   1.517118e-08   7.299257e-03   9.371862e-11   12038
  2.327684e+00   1.516334e-08   8.914783e-03   9.443099e-11   12096
  2.349060e+00   1.515185e-08   7.083566e-03   9.451263e-11   12582
  2.370199e+00   1.538460e-08   2.060507e-03   9.555410e-11   12620
  2.391825e+00   1.501504e-08   7.486951e-03   8.692116e-11   13320
  2.412989e+00   1.487159e-08   6.725635e-03   9.029625e-11   12654
  2.433748e+00   1.500299e-08   5.855243e-04   8.896203e-11   13236
  2.454817e+00   1.495102e-08   9.853611e-03   8.834153e-11   13438
  2.476108e+00   1.474802e-08   9.587331e-03   8.484751e-11   14344
  2.498171e+00   1.488225e-08   6.051460e-03   8.635419e-11   14226
  2.519016e+00   1.452183e-08   4.789569e-03   8.253322e-11   14088
  2.540133e+00   1.494446e-08   6.780206e-04   8.564314e-11   14328
  2.561301e+00   1.476526e-08   6.694338e-03   8.284850e-11   14954
  2.582758e+00   1.456284e-08   5.165510e-03   8.007383e-11   15480
  2.604300e+00   1.478026e-08   6.908333e-03   8.243277e-11   14862
  2.624709e+00   1.452629e-08   8.174947e-03   8.058471e-11   15296
  2.646142e+00   1.427762e-08   7.824296e-03   7.565114e-11   15954
  2.667142e+00   1.442880e-08   6.604872e-03   7.842190e-11   15720
  2.688148e+00   1.441084e-08   2.767544e-03   7.791816e-11   16296
  2.709787e+00   1.434909e-08   4.291530e-03   7.618754e-11   17010
  2.730798e+00   1.442546e-08   3.600328e-03   7.746673e-11   16328
  2.751935e+00   1.436134e-08   3.748871e-03   7.403283e-11   17094
  2.773136e+00   1.431521e-08   8.783823e-03   7.347254e-11   17436
  2.794580e+00   1.430265e-08   8.977387e-03   7.268104e-11   17862
  2.816113e+00   1.411619e-08   7.649952e-03   7.093801e-11   18200
  2.837804e+00   1.415988e-08   4.758008e-04   7.012105e-11   18450
  2.859024e+00   1.415096e-08   3.494014e-03   7.033460e-11   18384
  2.880193e+00   1.415216e-08   5.789285e-03   6.915156e-11   18504
  2.901337e+00   1.391981e-08   4.407890e-03   6.824305e-11   19142
  2.922907e+00   1.397551e-08   6.074732e-03   6.669005e-11   19692
  2.944248e+00   1.383411e-08   6.196221e-03   6.805047e-11   19062
  2.965129e+00   1.391370e-08   0.000000e+00   6.606710e-11   20184
  2.986711e+00   1.374412e-08   7.675180e-03   6.654093e-11   19970
  3.007762e+00   1.375769e-08   0.000000e+00   6.522406e-11   20496
  3.029429e+00   1.380110e-08   8.908587e-03   6.405479e-11   21456
  3.050516e+00   1.359790e-08   6.186805e-03   6.536151e-11   19650
  3.071216e+00   1.363656e-08   9.941011e-03   6.207423e-11   22040
  3.093039e+00   1.342425e-08   1.315627e-02   6.140136e-11   21558
  3.114110e+00   1.355491e-08   0.000000e+00   6.128131e-11   21804
  3.135237e+00   1.336004e-08   8.268117e-03   6.112376e-11   21926
  3.156295e+00   1.341051e-08   9.944575e-03   6.031513e-11   22416
  3.177440e+00   1.342945e-08   8.643018e-03   6.067843e-11   22776
  3.199180e+00   1.331431e-08   6.705536e-03   5.809819e-11   23874
  3.220538e+00   1.324743e-08   1.599699e-03   5.861631e-11   23104
  3.241774e+00   1.307922e-08   0.000000e+00   5.676562e-11   23974
  3.263058e+00   1.323311e-08   1.432166e-02   5.776479e-11   23892
  3.283975e+00   1.309821e-08   0.000000e+00   5.772439e-11   23550
  3.305033e+00   1.316883e-08   6.924722e-03   5.478942e-11   25320
  3.326425e+00   1.296673e-08   1.217803e-02   5.614810e-11   24428
  3.347358e+00   1.301073e-08   8.304612e-03   5.430532e-11   25254
  3.368790e+00   1.285677e-08   0.000000e+00   5.289462e-11   26016
  3.389916e+00   1.279553e-08   1.827726e-03   5.342866e-11   25182
  3.411239e+00   1.280598e-08   3.729157e-03   5.154657e-11   27428
  3.432868e+00   1.285517e-08   5.543479e-03   5.408379e-11   25974
  3.453680e+00   1.263980e-08   8.897967e-03   5.105756e-11   26904
  3.474817e+00   1.265009e-08   2.687783e-03   5.146763e-11   26730
  3.495975e+00   1.267787e-08   0.000000e+00   4.949539e-11   27896
  3.517661e+00   1.263443e-08   1.083310e-02   4.974332e-11   28992
  3.539607e+00   1.251369e-08   2.761242e-03   4.932869e-11   28698
  3.560548e+00   1.242963e-08   0.000000e+00   4.947592e-11   27816
  3.581940e+00   1.242618e-08   0.000000e+00   4.822494e-11   29774
  3.603341e+00   1.240543e-08   6.963358e-03   4.790308e-11   29148
  3.624264e+00   1.235329e-08   0.000000e+00   4.890608e-11   28806
  3.645338e+00   1.222791e-08   1.184311e-02   4.652718e-11   30408
  3.666653e+00   1.233340e-08   0.000000e+00   4.724344e-11   30320
  3.688152e+00   1.219117e-08   0.000000e+00   4.607988e-11   30930
  3.709612e+00   1.229793e-08   0.000000e+00   4.579450e-11   31656
  3.730576e+00   1.209636e-08   5.450179e-04   4.653224e-11   30086
  3.751637e+00   1.227827e-08   1.372722e-02   4.562885e-11   32724
  3.772863e+00   1.204870e-08   7.976803e-03   4.547139e-11   30846
  3.793944e+00   1.201827e-08   2.387946e-03   4.392608e-11   33480
  3.815491e+00   1.209144e-08   1.100816e-02   4.459276e-11   32724
  3.836559e+00   1.191863e-08   7.159788e-03   4.328729e-11   32894
  3.857929e+00   1.195706e-08   0.000000e+00   4.283007e-11   34200
  3.879304e+00   1.185786e-08   8.847784e-03   4.307477e-11   33594
  3.900297e+00   1.186957e-08   0.000000e+00   4.329888e-11   34336
  3.921714e+00   1.190953e-08   1.309089e-03   4.253687e-11   34822
  3.942966e+00   1.172144e-08   0.000000e+00   4.167315e-11   35472
  3.964103e+00   1.191265e-08   0.000000e+00   4.318610e-11   34404
  3.985175e+00   1.174025e-08   0.000000e+00   4.141804e-11   36222
  4.006298e+00   1.169127e-08   6.069965e-03   4.073590e-11   35984
  4.027635e+00   1.157196e-08   8.890215e-03   3.962169e-11   36570
  4.048789e+00   1.172870e-08   0.000000e+00   4.087995e-11   37176
  4.070174e+00   1.161396e-08   0.000000e+00   3.957871e-11   37406
  4.091471e+00   1.156603e-08   0.000000e+00   3.928285e-11   38052
  4.112596e+00   1.153138e-08   0.000000e+00   3.899637e-11   37590
  4.134009e+00   1.142468e-08   1.077145e-02   3.832815e-11   39480
  4.155207e+00   1.142330e-08   0.000000e+00   3.841284e-11   38260
  4.176397e+00   1.137190e-08   1.080274e-02   3.757874e-11   39646
  4.198020e+00   1.147129e-08   5.765729e-03   3.772443e-11   40944
  4.219461e+00   1.131721e-08   0.000000e+00   3.778570e-11   39678
  4.240585e+00   1.135459e-08   0.000000e+00   3.717998e-11   40804
  4.261834e+00   1.117300e-08   0.000000e+00   3.650762e-11   40606
  4.283118e+00   1.119044e-08   1.441196e-02   3.638623e-11   42216
  4.304535e+00   1.119243e-08   0.000000e+00   3.656605e-11   41532
  4.325688e+00   1.110322e-08   0.000000e+00   3.560874e-11   41990
  4.346688e+00   1.121567e-08   1.507214e-02   3.666742e-11   42360
  4.368117e+00   1.098316e-08   5.672148e-03   3.504277e-11   43530
  4.389413e+00   1.108517e-08   8.972872e-03   3.505335e-11   43848
  4.410645e+00   1.099145e-08   0.000000e+00   3.515215e-11   42870
  4.431944e+00   1.092552e-08   1.456351e-02   3.341334e-11   46160
  4.453324e+00   1.093422e-08   6.489728e-03   3.500696e-11   43380
  4.474378e+00   1.092894e-08   0.000000e+00   3.370082e-11   45294
  4.495503e+00   1.086684e-08   1.347363e-02   3.367221e-11   45744
  4.517104e+00   1.078575e-08   0.000000e+00   3.305135e-11   46682
  4.538237e+00   1.078285e-08   7.621528e-03   3.302610e-11   45840
  4.559439e+00   1.077603e-08   0.000000e+00   3.259743e-11   47118
  4.580594e+00   1.059224e-08   1.978881e-02   3.241954e-11   47124
  4.601834e+00   1.065644e-08   4.765093e-03   3.215254e-11   47984
  4.623507e+00   1.066220e-08   8.650269e-03   3.167487e-11   49566
  4.644403e+00   1.072223e-08   5.345336e-03   3.277002e-11   46284
  4.665366e+00   1.056822e-08   1.439446e-02   3.061835e-11   49966
  4.686700e+00   1.061357e-08   1.087410e-02   3.107502e-11   49360
  4.707905e+00   1.051785e-08   3.868697e-03   3.082535e-11   49806
  4.729282e+00   1.041140e-08   1.187810e-02   3.031797e-11   51492
  4.750426e+00   1.044557e-08   1.571514e-02   3.058688e-11   49496
  4.771749e+00   1.040732e-08   1.558387e-02   2.959215e-11   53190
  4.793252e+00   1.037428e-08   0.000000e+00   3.004777e-11   51060
  4.814332e+00   1.027426e-08   0.000000e+00   2.962908e-11   52134
  4.835479e+00   1.035837e-08   9.907505e-03   2.964388e-11   53088
  4.856793e+00   1.025378e-08   7.311296e-03   2.944856e-11   52706
  4.878043e+00   1.017998e-08   1.024430e-02   2.844164e-11   54936
  4.899633e+00   1.020476e-08   0.000000e+00   2.904155e-11   53886
  4.920749e+00   1.019816e-08   0.000000e+00   2.902178e-11   54436
  4.941862e+00   1.012125e-08   0.000000e+00   2.832208e-11   55096
  4.963397e+00   1.008723e-08   0.000000e+00   2.789498e-11   56358
  4.984500e+00   1.002928e-08   0.000000e+00   2.806067e-11   55632
  5.005774e+00   1.003697e-08   2.027816e-02   2.790493e-11   56530
  5.026992e+00   9.959559e-09   0.000000e+00   2.710756e-11   57232
  5.048136e+00   9.905039e-09   0.000000e+00   2.727909e-11   56766
  5.069817e+00   9.918318e-09   0.000000e+00   2.647867e-11   60804
  5.090916e+00   9.863346e-09   0.000000e+00   2.725510e-11   55536
  5.112092e+00   9.839945e-09   2.591627e-02   2.618459e-11   61166
  5.133355e+00   9.795549e-09   0.000000e+00   2.687499e-11   57396
  5.154382e+00   9.774391e-09   1.159889e-02   2.586387e-11   60870
  5.175730e+00   9.787184e-09   0.000000e+00   2.608688e-11   60224
  5.196969e+00   9.696953e-09   1.776091e-02   2.588296e-11   61002
  5.218278e+00   9.703998e-09   1.632869e-02   2.534318e-11   62016
  5.239474e+00   9.652672e-09   0.000000e+00   2.561962e-11   60768
  5.260501e+00   9.606819e-09   2.403440e-02   2.517199e-11   62870
  5.281996e+00   9.608407e-09   8.764570e-03   2.480575e-11   63804
  5.303370e+00   9.498708e-09   1.079771e-02   2.500328e-11   63054
  5.324256e+00   9.497390e-09   8.364770e-03   2.476479e-11   63024
  5.345591e+00   9.488163e-09   0.000000e+00   2.464639e-11   65018
  5.366685e+00   9.407536e-09   1.541381e-02   2.391423e-11   64608
  5.387999e+00   9.390563e-09   0.000000e+00   2.390119e-11   65688
  5.409252e+00   9.393122e-09   2.322923e-02   2.382777e-11   65994
  5.430436e+00   9.432776e-09   0.000000e+00   2.382044e-11   66648
  5.451849e+00   9.334881e-09   1.626489e-02   2.330199e-11   67310
  5.472959e+00   9.276475e-09   0.000000e+00   2.317931e-11   67224
  5.494213e+00   9.263223e-09   5.767756e-03   2.328182e-11   68034
  5.515547e+00   9.312631e-09   0.000000e+00   2.280320e-11   69744
  5.536884e+00   9.242972e-09   1.198747e-02   2.297170e-11   68654
  5.558434e+00   9.163315e-09   1.601318e-02   2.225111e-11   72132
  5.579753e+00   9.134117e-09   1.000448e-02   2.263127e-11   68520
  5.600770e+00   9.182807e-09   1.586261e-02   2.241713e-11   71070
  5.622206e+00   9.069627e-09   0.000000e+00   2.192902e-11   71948
  5.643427e+00   9.080600e-09   2.360287e-02   2.201465e-11   71598
  5.664832e+00   9.055204e-09   0.000000e+00   2.193344e-11   73536
  5.686055e+00   8.973743e-09   2.820911e-02   2.185560e-11   71802
  5.707061e+00   8.987469e-09   0.000000e+00   2.142852e-11   73280
  5.728316e+00   8.957936e-09   0.000000e+00   2.150781e-11   73992
  5.749763e+00   8.888253e-09   1.371227e-02   2.097426e-11   75966
  5.771002e+00   8.921385e-09   0.000000e+00   2.121735e-11   74364
  5.792264e+00   8.783707e-09   1.635287e-02   2.076938e-11   76094
  5.813465e+00   8.794338e-09   0.000000e+00   2.071345e-11   76224
  5.834737e+00   8.757541e-09   9.648579e-03   2.076095e-11   76242
  5.855782e+00   8.717411e-09   0.000000e+00   2.041762e-11   76944
  5.877033e+00   8.702219e-09   0.000000e+00   2.020536e-11   78680
  5.898615e+00   8.722636e-09   1.828231e-02   2.020992e-11   79962
  5.919784e+00   8.643056e-09   9.169951e-03   2.008027e-11   77760
  5.940930e+00   8.642607e-09   2.162183e-02   1.977802e-11   79590
  5.962195e+00   8.644073e-09   0.000000e+00   1.972015e-11   80732
  5.983517e+00   8.547373e-09   2.746355e-02   1.933635e-11   81174
  6.004784e+00   8.557635e-09   9.758657e-03   1.950773e-11   80832
  6.025622e+00   8.536144e-09   2.788375e-02   1.967476e-11   79992
  6.047003e+00   8.561847e-09   0.000000e+00   1.921923e-11   84314
  6.068459e+00   8.430343e-09   0.000000e+00   1.887890e-11   83592
  6.089790e+00   8.412635e-09   2.053552e-02   1.888443e-11   83838
  6.111002e+00   8.409662e-09   0.000000e+00   1.870166e-11   83676
  6.132129e+00   8.381853e-09   1.365755e-02   1.851421e-11   84950
  6.153319e+00   8.323696e-09   0.000000e+00   1.838113e-11   84912
  6.174636e+00   8.331969e-09   2.484063e-02   1.830398e-11   87162
  6.196002e+00   8.331904e-09   0.000000e+00   1.831344e-11   86440
  6.217139e+00   8.247127e-09   0.000000e+00   1.831436e-11   86560
  6.238460e+00   8.234045e-09   5.594866e-03   1.798165e-11   88698
  6.259683e+00   8.186027e-09   3.095042e-02   1.773094e-11   88920
  6.281189e+00   8.132702e-09   0.000000e+00   1.768551e-11   88814
  6.302280e+00   8.110467e-09   6.500066e-03   1.738873e-11   90336
  6.323769e+00   8.097328e-09   0.000000e+00   1.739044e-11   90282
  6.344990e+00   8.105173e-09   0.000000e+00   1.742500e-11   90840
  6.366042e+00   8.021353e-09   2.263124e-02   1.716345e-11   91128
  6.387508e+00   8.032822e-09   0.000000e+00   1.697104e-11   92690
  6.408633e+00   7.966976e-09   0.000000e+00   1.701640e-11   92160
  6.429945e+00   7.954919e-09   0.000000e+00   1.673056e-11   93534
  6.451096e+00   7.942744e-09   0.000000e+00   1.686314e-11   93484
  6.472349e+00   7.884410e-09   3.990502e-03   1.657302e-11   95206
  6.493778e+00   7.852230e-09   1.035659e-02   1.629367e-11   96048
  6.514863e+00   7.867480e-09   9.011675e-03   1.667213e-11   93600
  6.536073e+00   7.842132e-09   0.000000e+00   1.625248e-11   97410
  6.557322e+00   7.746125e-09   2.816801e-02   1.593474e-11   97856
  6.578783e+00   7.805067e-09   0.000000e+00   1.609523e-11   97278
  6.599949e+00   7.767317e-09   1.730015e-02   1.599652e-11   98916
  6.621129e+00   7.732851e-09   0.000000e+00   1.615069e-11   96894
  6.642200e+00   7.692244e-09   0.000000e+00   1.551826e-11   100976
  6.663669e+00   7.663536e-09   2.375642e-03   1.566481e-11   100164
  6.684802e+00   7.646194e-09   0.000000e+00   1.563292e-11   100014
  6.705806e+00   7.592396e-09   2.091992e-02   1.535188e-11   101040
  6.727161e+00   7.605119e-09   0.000000e+00   1.537603e-11   102338
  6.748311e+00   7.517607e-09   1.232948e-02   1.503887e-11   102912
  6.769770e+00   7.531274e-09   0.000000e+00   1.498871e-11   104238
  6.790863e+00   7.486420e-09   1.985768e-02   1.502520e-11   103104
  6.812144e+00   7.467452e-09   1.831635e-02   1.476009e-11   105404
  6.833482e+00   7.437751e-09   0.000000e+00   1.474448e-11   105198
  6.854708e+00   7.437275e-09   0.000000e+00   1.471674e-11   106632
  6.876046e+00   7.398236e-09   2.652424e-02   1.454167e-11   106706
  6.897261e+00   7.375750e-09   0.000000e+00   1.455050e-11   106992
  6.918719e+00   7.320470e-09   0.000000e+00   1.412983e-11   110118
  6.939975e+00   7.304291e-09   3.244737e-02   1.426622e-11   108084
  6.961109e+00   7.289375e-09   1.228027e-02   1.418481e-11   108222
  6.982478e+00   7.245009e-09   0.000000e+00   1.383462e-11   112160
  7.003643e+00   7.230929e-09   1.867399e-02   1.418688e-11   108492
  7.024907e+00   7.214011e-09   2.276939e-02   1.382928e-11   113262
  7.046250e+00   7.184087e-09   0.000000e+00   1.379470e-11   111360
  7.067622e+00   7.168294e-09   0.000000e+00   1.372279e-11   114182
  7.088829e+00   7.147890e-09   3.421162e-02   1.374311e-11   112884
  7.110110e+00   7.142887e-09   6.803865e-03   1.362682e-11   113934
  7.131236e+00   7.092543e-09   0.000000e+00   1.346160e-11   114504
  7.152708e+00   7.053687e-09   0.000000e+00   1.316693e-11   117500
  7.173894e+00   7.072425e-09   2.384798e-02   1.355413e-11   114102
  7.195092e+00   7.031659e-09   1.118664e-02   1.311956e-11   118584
  7.216420e+00   7.019041e-09   0.000000e+00   1.326630e-11   115546
  7.237406e+00   6.973901e-09   2.200137e-02   1.301746e-11   118984
  7.258916e+00   6.953820e-09   6.658804e-03   1.299266e-11   119526
  7.280086e+00   6.925151e-09   5.304253e-03   1.298961e-11   119436
  7.301238e+00   6.911744e-09   0.000000e+00   1.297768e-11   118632
  7.322422e+00   6.889756e-09   2.467002e-02   1.262561e-11   122510
  7.343795e+00   6.885620e-09   0.000000e+00   1.286281e-11   121680
  7.365095e+00   6.821871e-09   0.000000e+00   1.260742e-11   121434
  7.386163e+00   6.816601e-09   0.000000e+00   1.236072e-11   123928
  7.407509e+00   6.815314e-09   0.000000e+00   1.244075e-11   123910
  7.428803e+00   6.733333e-09   0.000000e+00   1.230518e-11   124452
  7.450035e+00   6.725055e-09   0.000000e+00   1.228843e-11   125376
  7.471268e+00   6.725550e-09   2.142244e-02   1.213518e-11   126638
  7.492516e+00   6.696119e-09   8.845222e-03   1.213906e-11   125844
  7.513782e+00   6.704138e-09   0.000000e+00   1.203408e-11   128142
  7.535068e+00   6.662819e-09   4.422914e-03   1.194686e-11   128136
  7.556214e+00   6.592093e-09   9.015096e-03   1.177239e-11   127642
  7.577523e+00   6.619199e-09   0.000000e+00   1.171965e-11   131968
  7.599068e+00   6.570907e-09   0.000000e+00   1.160344e-11   130326
  7.620201e+00   6.538941e-09   2.224467e-02   1.154553e-11   131688
  7.641446e+00   6.545697e-09   1.041679e-02   1.168822e-11   130212
  7.662609e+00   6.498738e-09   0.000000e+00   1.150828e-11   132686
  7.684033e+00   6.482230e-09   0.000000e+00   1.126478e-11   135960
  7.705359e+00   6.455140e-09   1.695396e-02   1.143110e-11   131562
  7.726241e+00   6.449908e-09   1.333137e-02   1.128441e-11   134016
  7.747633e+00   6.413535e-09   0.000000e+00   1.105553e-11   136478
  7.768900e+00   6.391019e-09   2.886629e-02   1.103954e-11   136812
  7.790247e+00   6.347936e-09   1.849414e-02   1.095456e-11   137856
  7.811516e+00   6.345691e-09   0.000000e+00   1.099172e-11   135862
  7.832665e+00   6.305940e-09   0.000000e+00   1.086490e-11   140056
  7.854080e+00   6.265659e-09   2.538476e-02   1.073736e-11   139602
  7.875290e+00   6.289373e-09   0.000000e+00   1.079671e-11   139080
  7.896488e+00   6.207766e-09   0.000000e+00   1.059700e-11   140678
  7.917774e+00   6.221283e-09   1.218365e-02   1.053624e-11   142884
  7.938971e+00   6.189942e-09   1.115029e-02   1.065282e-11   139992
  7.960217e+00   6.151162e-09   0.000000e+00   1.033854e-11   144966
  7.981584e+00   6.146912e-09   0.000000e+00   1.038348e-11   143364
  8.002748e+00   6.131103e-09   1.949215e-02   1.032596e-11   144518
  8.023948e+00   6.127937e-09   2.032321e-02   1.028354e-11   145200
  8.045112e+00   6.081680e-09   0.000000e+00   1.026476e-11   143466
  8.066220e+00   6.067901e-09   0.000000e+00   1.001014e-11   148824
  8.087482e+00   6.027148e-09   1.663118e-02   1.012201e-11   145544
  8.108586e+00   6.000431e-09   0.000000e+00   1.002842e-11   148590
  8.129956e+00   5.978308e-09   0.000000e+00   9.882546e-12   150540
  8.151294e+00   5.978070e-09   2.847344e-02   9.909376e-12   150134
  8.172543e+00   5.950245e-09   0.000000e+00   9.766605e-12   151296
  8.193992e+00   5.955040e-09   0.000000e+00   9.790503e-12   152058
  8.215031e+00   5.891671e-09   1.745520e-02   9.678117e-12   150864
  8.236287e+00   5.890266e-09   1.544066e-02   9.595744e-12   154310
  8.257761e+00   5.888554e-09   0.000000e+00   9.535427e-12   155172
  8.279002e+00   5.841825e-09   0.000000e+00   9.481021e-12   154128
  8.300451e+00   5.836805e-09   1.292207e-02   9.381775e-12   158310
  8.321608e+00   5.817207e-09   1.930740e-02   9.458744e-12   153436
  8.342781e+00   5.813042e-09   0.000000e+00   9.340697e-12   157726
  8.364250e+00   5.797936e-09   0.000000e+00   9.313866e-12   160368
  8.385410e+00   5.774402e-09   8.142130e-03   9.301803e-12   155718
  8.406532e+00   5.733690e-09   0.000000e+00   9.114822e-12   160028
  8.427794e+00   5.723928e-09   0.000000e+00   9.140280e-12   160920
  8.449095e+00   5.710774e-09   1.369572e-02   9.071094e-12   161070
  8.470389e+00   5.691922e-09   3.159751e-02   9.008323e-12   163428
  8.491564e+00   5.665830e-09   0.000000e+00   9.122594e-12   159574
  8.512887e+00   5.645421e-09   0.000000e+00   8.844143e-12   167392
  8.534221e+00   5.621853e-09   2.505550e-02   8.921672e-12   162258
  8.555404e+00   5.629481e-09   1.437092e-02   8.751939e-12   167472
  8.576736e+00   5.556163e-09   0.000000e+00   8.750670e-12   163664
  8.597822e+00   5.564782e-09   0.000000e+00   8.674583e-12   166986
  8.619134e+00   5.543399e-09   1.761806e-02   8.589755e-12   169968
  8.640614e+00   5.528331e-09   0.000000e+00   8.622416e-12   167646
  8.661590e+00   5.527040e-09   0.000000e+00   8.628984e-12   168080
  8.682868e+00   5.491167e-09   1.624489e-02   8.498515e-12   170826
  8.704156e+00   5.506054e-09   0.000000e+00   8.540417e-12   170928
  8.725249e+00   5.445030e-09   1.819194e-02   8.450086e-12   170640
  8.746614e+00   5.435203e-09   0.000000e+00   8.311973e-12   173954
  8.767787e+00   5.420016e-09   2.749949e-02   8.299071e-12   173232
  8.789115e+00   5.405287e-09   0.000000e+00   8.299279e-12   174150
  8.810385e+00   5.385582e-09   1.756923e-03   8.158521e-12   176364
  8.831618e+00   5.384198e-09   1.738202e-02   8.206930e-12   175302
  8.852866e+00   5.356450e-09   8.125722e-03   8.115826e-12   177392
  8.874050e+00   5.335660e-09   1.762202e-02   8.125880e-12   176352
  8.895394e+00   5.310626e-09   0.000000e+00   7.943243e-12   180330
  8.916738e+00   5.299430e-09   9.295400e-03   7.916960e-12   180712
  8.937985e+00   5.295779e-09   1.627124e-02   7.996223e-12   179350
  8.959300e+00   5.260067e-09   1.418336e-02   7.871949e-12   183396
  8.980668e+00   5.258979e-09   0.000000e+00   7.854091e-12   180390
  9.001662e+00   5.216120e-09   0.000000e+00   7.778241e-12   181944
  9.023016e+00   5.217173e-09   0.000000e+00   7.749406e-12   185450
  9.044421e+00   5.209573e-09   7.470164e-03   7.728734e-12   186192
  9.065581e+00   5.189256e-09   2.068991e-02   7.703189e-12   183432
  9.086769e+00   5.153734e-09   0.000000e+00   7.621849e-12   185362
  9.107914e+00   5.149200e-09   5.319365e-03   7.561397e-12   188464
  9.129336e+00   5.144068e-09   0.000000e+00   7.579702e-12   188046
  9.150617e+00   5.113082e-09   1.365580e-02   7.417930e-12   191304
  9.171830e+00   5.086010e-09   2.536172e-02   7.477586e-12   186690
  9.193141e+00   5.075196e-09   0.000000e+00   7.338739e-12   194072
  9.214314e+00   5.066632e-09   2.145447e-02   7.446003e-12   188688
  9.235484e+00   5.047316e-09   0.000000e+00   7.347573e-12   192786
  9.256682e+00   5.018702e-09   9.622952e-03   7.274787e-12   193352
  9.278106e+00   5.022112e-09   0.000000e+00   7.233441e-12   195702
  9.299301e+00   5.006513e-09   2.941539e-02   7.225999e-12   195132
  9.320586e+00   4.989588e-09   0.000000e+00   7.172813e-12   195726
  9.341795e+00   4.963933e-09   0.000000e+00   7.115769e-12   197416
  9.363016e+00   4.953854e-09   6.200188e-03   7.134984e-12   196564
  9.384306e+00   4.969991e-09   1.962536e-02   7.111861e-12   201198
  9.405553e+00   4.911923e-09   4.857799e-03   7.092206e-12   197136
  9.426640e+00   4.908192e-09   0.000000e+00   7.033071e-12   199358
  9.447824e+00   4.902172e-09   2.812666e-02   6.918184e-12   203532
  9.469240e+00   4.861844e-09   0.000000e+00   6.883374e-12   201438
  9.490449e+00   4.859865e-09   0.000000e+00   6.885926e-12   203664
  9.511649e+00   4.864126e-09   2.827322e-02   6.850193e-12   203972
  9.532896e+00   4.855776e-09   2.251948e-02   6.799462e-12   205974
  9.554229e+00   4.808574e-09   0.000000e+00   6.742772e-12   205752
  9.575594e+00   4.797904e-09   0.000000e+00   6.703253e-12   207810
  9.596605e+00   4.788284e-09   3.726282e-02   6.705406e-12   206384
  9.618042e+00   4.783931e-09   0.000000e+00   6.666238e-12   210966
  9.639364e+00   4.765261e-09   0.000000e+00   6.613467e-12   210516
  9.660654e+00   4.742855e-09   0.000000e+00   6.604003e-12   209766
  9.681807e+00   4.748470e-09   4.140899e-02   6.573213e-12   212376
  9.703126e+00   4.720822e-09   0.000000e+00   6.536431e-12   212960
  9.724558e+00   4.711680e-09   0.000000e+00   6.495297e-12   214626
  9.745701e+00   4.689265e-09   3.086209e-02   6.444155e-12   213696
  9.766948e+00   4.690598e-09   2.972549e-02   6.461066e-12   215734
  9.788144e+00   4.669486e-09   0.000000e+00   6.454325e-12   213220
  9.809355e+00   4.648488e-09   0.000000e+00   6.308150e-12   219102
  9.830684e+00   4.631297e-09   3.514334e-02   6.260682e-12   220872
  9.851911e+00   4.639698e-09   5.052464e-02   6.333051e-12   216556
  9.873148e+00   4.628297e-09   3.957689e-02   6.269433e-12   221494
  9.894338e+00   4.584228e-09   4.388801e-02   6.245487e-12   219096
  9.915662e+00   4.607887e-09   3.174393e-02   6.207954e-12   224262
  9.937057e+00   4.591068e-09   0.000000e+00   6.202111e-12   222508
  9.958312e+00   4.565113e-09   0.000000e+00   6.191265e-12   222502
  9.979405e+00   4.553812e-09   4.075854e-02   6.125057e-12   227280
  1.000075e+01   4.541337e-09   2.049852e-02   6.119245e-12   223644
  1.002198e+01   4.538040e-09   0.000000e+00   6.061675e-12   226222
  1.004323e+01   4.516873e-09   0.000000e+00   6.014837e-12   229840
  1.006454e+01   4.509129e-09   2.717216e-02   5.998573e-12   228042
  1.008564e+01   4.491622e-09   0.000000e+00   6.012643e-12   227472
  1.010687e+01   4.485714e-09   0.000000e+00   5.986655e-12   230990
  1.012816e+01   4.483668e-09   5.947002e-03   5.884809e-12   233532
  1.014941e+01   4.461520e-09   3.062681e-02   5.892915e-12   231288
  1.017075e+01   4.447701e-09   0.000000e+00   5.852598e-12   233718
  1.019186e+01   4.432420e-09   0.000000e+00   5.850299e-12   232704
  1.021315e+01   4.434370e-09   3.200961e-02   5.800463e-12   239282
  1.023449e+01   4.401150e-09   3.841101e-02   5.795954e-12   234912
  1.025585e+01   4.385607e-09   0.000000e+00   5.746578e-12   238278
  1.027692e+01   4.394007e-09   3.821323e-02   5.727402e-12   237460
  1.029802e+01   4.369650e-09   2.726700e-02   5.742781e-12   236662
  1.031951e+01   4.382728e-09   0.000000e+00   5.656116e-12   246336
  1.034100e+01   4.354005e-09   0.000000e+00   5.634237e-12   241092
  1.036213e+01   4.351644e-09   3.566131e-02   5.632235e-12   242414
  1.038343e+01   4.329322e-09   1.443338e-02   5.582253e-12   243552
  1.040475e+01   4.329468e-09   0.000000e+00   5.602687e-12   243474
  1.042581e+01   4.315880e-09   2.503554e-02   5.579095e-12   245112
  1.044713e+01   4.303087e-09   2.759386e-02   5.507468e-12   246894
  1.046836e+01   4.286365e-09   2.005470e-02   5.508533e-12   247448
  1.048971e+01   4.263941e-09   0.000000e+00   5.468809e-12   247404
  1.051081e+01   4.284702e-09   4.039562e-02   5.485629e-12   249990
  1.053198e+01   4.259550e-09   3.835611e-02   5.459365e-12   249512
  1.055347e+01   4.262838e-09   0.000000e+00   5.424227e-12   253890
  1.057469e+01   4.266244e-09   0.000000e+00   5.448297e-12   250728
  1.059578e+01   4.227960e-09   4.896049e-02   5.370132e-12   253950
  1.061712e+01   4.244351e-09   0.000000e+00   5.394803e-12   254140
  1.063841e+01   4.227873e-09   0.000000e+00   5.323740e-12   255880
  1.065971e+01   4.213127e-09   3.100792e-02   5.310135e-12   258942
  1.068079e+01   4.205268e-09   4.671466e-02   5.359120e-12   253836
  1.070216e+01   4.194374e-09   0.000000e+00   5.266371e-12   260534
  1.072349e+01   4.193164e-09   0.000000e+00   5.268547e-12   259992
  1.074455e+01   4.187813e-09   4.822933e-02   5.282389e-12   258894
  1.076585e+01   4.166595e-09   3.830337e-02   5.198242e-12   263364
  1.078716e+01   4.166863e-09   0.000000e+00   5.250775e-12   259536
  1.080816e+01   4.154927e-09   2.049031e-02   5.188870e-12   263438
  1.082940e+01   4.145427e-09   4.359888e-02   5.114347e-12   265740
  1.085076e+01   4.148006e-09   0.000000e+00   5.194725e-12   264894
  1.087207e+01   4.131664e-09   0.000000e+00   5.091337e-12   269184
  1.089327e+01   4.128437e-09   4.160415e-02   5.165445e-12   266138
  1.091447e+01   4.125277e-09   2.940710e-02   5.070875e-12   270528
  1.093587e+01   4.117408e-09   0.000000e+00   5.113768e-12   268182
  1.095700e+01   4.120039e-09   0.000000e+00   5.071169e-12   270960
  1.097818e+01   4.078635e-09   5.031521e-02   4.992453e-12   274580
  1.099984e+01   4.113815e-09   0.000000e+00   5.066047e-12   276078
  1.102112e+01   4.077247e-09   0.000000e+00   5.006817e-12   273600
  1.104227e+01   4.077423e-09   4.145712e-02   4.987235e-12   274698
  1.106348e+01   4.060032e-09   4.475468e-02   4.959184e-12   276920
  1.108487e+01   4.058632e-09   0.000000e+00   4.959146e-12   276774
  1.110613e+01   4.082564e-09   0.000000e+00   4.960241e-12   279972
  1.112717e+01   4.043583e-09   3.603446e-02   4.958940e-12   276144
  1.114849e+01   4.041667e-09   1.739160e-02   4.888827e-12   282590
  1.116984e+01   4.037646e-09   0.000000e+00   4.907652e-12   282300
  1.119110e+01   4.031130e-09   0.000000e+00   4.890287e-12   283926
  1.121215e+01   4.042691e-09   4.855897e-02   4.920835e-12   279792
  1.123356e+01   4.016157e-09   0.000000e+00   4.845946e-12   287870
  1.125494e+01   4.019679e-09   0.000000e+00   4.837089e-12   286428
  1.127597e+01   4.005302e-09   4.729298e-02   4.847464e-12   284808
  1.129724e+01   4.011068e-09   1.608035e-02   4.856869e-12   289158
  1.131864e+01   3.994540e-09   0.000000e+00   4.807403e-12   290204
  1.133987e+01   4.003949e-09   0.000000e+00   4.819414e-12   290382
  1.136103e+01   3.989818e-09   3.213897e-02   4.820364e-12   291912
  1.138241e+01   3.966091e-09   0.000000e+00   4.771917e-12   290754
  1.140356e+01   3.978057e-09   1.699722e-02   4.746992e-12   296096
  1.142493e+01   3.958213e-09   2.661752e-02   4.758834e-12   294552
  1.144606e+01   3.963779e-09   4.792250e-02   4.781346e-12   293466
  1.146728e+01   3.958508e-09   0.000000e+00   4.744981e-12   296904
  1.148861e+01   3.947808e-09   0.000000e+00   4.722713e-12   298358
  1.150962e+01   3.939101e-09   4.692082e-02   4.703767e-12   297840
  1.153101e+01   3.930833e-09   1.806446e-02   4.702923e-12   301338
  1.155236e+01   3.927966e-09   0.000000e+00   4.690538e-12   300336
  1.157339e+01   3.922104e-09   5.081358e-02   4.665414e-12   303584
  1.159478e+01   3.924284e-09   4.130737e-02   4.691528e-12   304098
  1.161618e+01   3.908930e-09   0.000000e+00   4.643113e-12   304488
  1.163731e+01   3.915730e-09   4.582291e-02   4.643442e-12   306678
  1.165863e+01   3.910282e-09   0.000000e+00   4.668122e-12   305732
  1.167989e+01   3.900539e-09   1.673768e-02   4.607062e-12   309894
  1.170121e+01   3.892698e-09   2.567629e-02   4.589563e-12   310200
  1.172247e+01   3.890072e-09   0.000000e+00   4.614091e-12   307074
  1.174361e+01   3.902223e-09   4.788631e-02   4.573638e-12   315656
  1.176506e+01   3.888612e-09   0.000000e+00   4.589487e-12   310704
  1.178640e+01   3.896301e-09   0.000000e+00   4.611388e-12   314310
  1.180730e+01   3.889085e-09   5.661103e-02   4.589704e-12   312412
  1.182874e+01   3.881482e-09   0.000000e+00   4.558537e-12   318310
  1.185010e+01   3.878768e-09   0.000000e+00   4.606324e-12   315648
  1.187118e+01   3.872128e-09   4.432717e-02   4.518944e-12   320610
  1.189241e+01   3.886303e-09   0.000000e+00   4.574452e-12   313944
  1.191368e+01   3.864015e-09   0.000000e+00   4.483096e-12   325880
  1.193498e+01   3.886786e-09   4.468369e-02   4.600200e-12   319146
  1.195626e+01   3.876427e-09   0.000000e+00   4.535965e-12   322896
  1.197734e+01   3.874622e-09   4.979382e-02   4.586478e-12   322206
  1.199867e+01   3.862407e-09   0.000000e+00   4.508131e-12   327416
  1.202013e+01   3.849398e-09   0.000000e+00   4.479793e-12   325602
  1.204111e+01   3.870719e-09   6.028520e-02   4.533084e-12   328248
  1.206244e+01   3.859444e-09   0.000000e+00   4.525165e-12   326088
  1.208388e+01   3.864260e-09   0.000000e+00   4.520873e-12   331658
  1.210487e+01   3.860754e-09   5.415604e-02   4.501275e-12   331584
  1.212625e+01   3.846762e-09   2.698062e-02   4.507804e-12   330630
  1.214760e+01   3.843391e-09   0.000000e+00   4.485301e-12   333204
  1.216856e+01   3.865281e-09   6.206986e-02   4.508008e-12   333470
  1.219005e+01   3.857906e-09   0.000000e+00   4.515080e-12   335688
  1.221117e+01   3.847736e-09   2.124559e-02   4.484964e-12   336828
  1.223239e+01   3.860671e-09   2.787156e-02   4.505873e-12   337662
  1.225381e+01   3.830675e-09   0.000000e+00   4.455052e-12   338960
  1.227473e+01   3.848730e-09   5.643110e-02   4.506553e-12   338262
  1.229610e+01   3.852969e-09   4.674184e-02   4.469814e-12   344388
  1.231765e+01   3.828940e-09   0.000000e+00   4.455728e-12   342486
  1.233850e+01   3.859582e-09   7.154787e-02   4.483681e-12   343592
  1.236004e+01   3.839767e-09   8.231837e-03   4.450822e-12   347130
  1.238147e+01   3.855489e-09   0.000000e+00   4.498456e-12   346152
  1.240239e+01   3.845827e-09   6.790245e-02   4.489987e-12   345856
  1.242389e+01   3.856331e-09   0.000000e+00   4.487417e-12   349354
  1.244520e+01   3.864686e-09   0.000000e+00   4.479802e-12   352032
  1.246632e+01   3.861833e-09   5.696470e-02   4.508370e-12   348582
  1.248777e+01   3.867102e-09   0.000000e+00   4.515022e-12   352244
  1.250865e+01   3.837157e-09   6.918008e-02   4.462546e-12   351582
  1.253008e+01   3.857263e-09   1.451822e-02   4.496363e-12   357144
  1.255158e+01   3.857872e-09   0.000000e+00   4.475179e-12   355560
  1.257251e+01   3.843444e-09   6.520839e-02   4.482901e-12   354551
  1.259391e+01   3.833569e-09   1.096861e-02   4.456332e-12   358044
  1.261540e+01   3.817920e-09   0.000000e+00   4.406763e-12   355272
  1.263624e+01   3.803170e-09   7.208051e-02   4.424283e-12   352044
  1.265759e+01   3.787508e-09   0.000000e+00   4.404266e-12   352344
  1.267894e+01   3.772554e-09   0.000000e+00   4.338286e-12   356516
  1.270005e+01   3.762826e-09   4.998962e-02   4.331647e-12   352848
  1.272166e+01   3.737786e-09   0.000000e+00   4.281728e-12   352980
  1.274263e+01   3.726699e-09   4.264554e-02   4.294037e-12   348948
  1.276385e+01   3.709977e-09   3.718358e-02   4.257874e-12   351692
  1.278547e+01   3.697502e-09   0.000000e+00   4.221316e-12   353064
  1.280635e+01   3.689870e-09   6.367271e-02   4.237619e-12   345624
  1.282758e+01   3.681072e-09   0.000000e+00   4.218828e-12   347844
  1.284907e+01   3.663069e-09   0.000000e+00   4.154786e-12   351020
  1.287004e+01   3.646728e-09   5.946537e-02   4.162519e-12   345852
  1.289140e+01   3.629115e-09   1.016286e-02   4.122865e-12   347040
  1.291279e+01   3.622688e-09   0.000000e+00   4.117359e-12   345928
  1.293376e+01   3.608129e-09   5.959722e-02   4.091631e-12   347020
  1.295523e+01   3.587612e-09   0.000000e+00   4.077333e-12   343032
  1.297641e+01   3.590813e-09   0.000000e+00   4.072838e-12   343620
  1.299748e+01   3.564163e-09   6.163716e-02   4.020743e-12   343988
  1.301913e+01   3.554215e-09   0.000000e+00   4.009759e-12   344556
  1.304018e+01   3.554490e-09   4.552180e-02   3.999013e-12   343632
  1.306159e+01   3.543118e-09   0.000000e+00   4.014722e-12   340392
  1.308295e+01   3.533237e-09   0.000000e+00   4.004950e-12   339408
  1.310383e+01   3.519374e-09   7.599533e-02   3.950424e-12   341864
  1.312541e+01   3.503087e-09   0.000000e+00   3.935616e-12   341964
  1.314677e+01   3.501350e-09   0.000000e+00   3.982560e-12   334380
  1.316746e+01   3.480196e-09   7.140984e-02   3.935562e-12   336504
  1.318902e+01   3.477180e-09   1.651761e-02   3.895131e-12   339560
  1.321037e+01   3.471081e-09   0.000000e+00   3.925920e-12   336384
  1.323144e+01   3.462577e-09   7.500312e-02   3.896368e-12   337404
  1.325294e+01   3.444103e-09   0.000000e+00   3.898602e-12   330156
  1.327389e+01   3.436349e-09   5.901736e-02   3.855428e-12   337808
  1.329534e+01   3.431271e-09   0.000000e+00   3.855280e-12   332748
  1.331677e+01   3.414908e-09   0.000000e+00   3.816309e-12   333612
  1.333770e+01   3.410272e-09   5.975783e-02   3.822964e-12   331860
  1.335905e+01   3.412168e-09   2.710432e-02   3.856867e-12   328376
  1.338036e+01   3.390195e-09   0.000000e+00   3.815089e-12   331140
  1.340142e+01   3.384491e-09   7.243165e-02   3.789665e-12   332988
  1.342278e+01   3.375493e-09   2.798394e-02   3.813027e-12   325224
  1.344422e+01   3.364503e-09   0.000000e+00   3.769918e-12   331544
  1.346525e+01   3.365267e-09   6.809697e-02   3.794861e-12   327264
  1.348660e+01   3.346727e-09   0.000000e+00   3.793844e-12   322308
  1.350776e+01   3.349606e-09   2.530369e-02   3.742406e-12   328136
  1.352882e+01   3.327435e-09   5.021999e-02   3.755799e-12   323172
  1.355038e+01   3.320564e-09   0.000000e+00   3.749533e-12   325248
  1.357139e+01   3.319482e-09   6.421465e-02   3.738570e-12   324096
  1.359269e+01   3.310658e-09   0.000000e+00   3.747620e-12   321540
  1.361421e+01   3.305952e-09   0.000000e+00   3.724535e-12   323744
  1.363503e+01   3.293513e-09   7.087521e-02   3.728384e-12   317400
  1.365640e+01   3.274431e-09   1.781300e-02   3.658234e-12   322560
  1.367794e+01   3.277044e-09   0.000000e+00   3.705258e-12   320076
  1.369883e+01   3.266172e-09   7.373921e-02   3.684919e-12   317204
  1.372050e+01   3.263235e-09   0.000000e+00   3.659587e-12   323064
  1.374185e+01   3.256130e-09   0.000000e+00   3.673956e-12   315204
  1.376267e+01   3.251917e-09   8.001892e-02   3.657577e-12   315416
  1.378442e+01   3.243861e-09   0.000000e+00   3.659866e-12   316884
  1.380538e+01   3.223315e-09   4.798800e-02   3.644579e-12   312876
  1.382662e+01   3.230823e-09   5.580515e-02   3.652754e-12   315540
  1.384825e+01   3.229552e-09   0.000000e+00   3.655212e-12   312576
  1.386904e+01   3.212628e-09   7.977923e-02   3.619382e-12   312140
  1.389052e+01   3.207456e-09   2.066603e-02   3.615085e-12   310356
  1.391199e+01   3.204487e-09   0.000000e+00   3.628312e-12   311232
  1.393277e+01   3.203920e-09   7.187195e-02   3.636369e-12   307584
  1.395428e+01   3.184139e-09   3.301670e-02   3.594201e-12   310616
  1.397560e+01   3.185928e-09   0.000000e+00   3.627662e-12   304200
  1.399640e+01   3.182082e-09   7.980787e-02   3.607336e-12   306792
  1.401808e+01   3.177520e-09   0.000000e+00   3.597048e-12   306168
  1.403909e+01   3.166939e-09   0.000000e+00   3.601512e-12   304448
  1.406042e+01   3.154043e-09   6.917283e-02   3.550529e-12   308580
  1.408202e+01   3.148746e-09   0.000000e+00   3.593027e-12   299568
  1.410280e+01   3.144575e-09   6.849804e-02   3.544413e-12   304416
  1.412435e+01   3.139546e-09   3.797033e-02   3.558966e-12   302216
  1.414578e+01   3.136887e-09   0.000000e+00   3.578022e-12   300084
  1.416667e+01   3.120859e-09   8.659338e-02   3.538305e-12   299340
  1.418803e+01   3.112192e-09   0.000000e+00   3.546652e-12   296688
  1.420943e+01   3.124808e-09   0.000000e+00   3.565814e-12   298820
  1.423030e+01   3.111962e-09   8.249110e-02   3.543375e-12   296916
  1.425188e+01   3.106066e-09   0.000000e+00   3.556506e-12   295920
  1.427301e+01   3.103339e-09   6.243798e-03   3.553304e-12   292692
  1.429397e+01   3.096286e-09   7.583162e-02   3.540293e-12   295892
  1.431576e+01   3.097760e-09   0.000000e+00   3.544104e-12   293064
  1.433671e+01   3.095006e-09   3.921808e-02   3.549984e-12   293220
  1.435788e+01   3.078398e-09   3.774214e-02   3.558170e-12   286804
  1.437936e+01   3.085437e-09   0.000000e+00   3.516041e-12   293080
  1.440039e+01   3.084579e-09   7.580281e-02   3.531888e-12   291816
  1.442194e+01   3.072886e-09   0.000000e+00   3.548084e-12   287784
  1.444329e+01   3.071327e-09   0.000000e+00   3.556013e-12   286760
  1.446414e+01   3.061205e-09   7.971703e-02   3.534500e-12   287088
  1.448565e+01   3.064518e-09   0.000000e+00   3.545481e-12   286176
  1.450707e+01   3.053539e-09   0.000000e+00   3.540766e-12   284184
  1.452787e+01   3.054116e-09   7.047226e-02   3.539663e-12   282220
  1.454959e+01   3.047282e-09   0.000000e+00   3.526492e-12   284452
  1.457063e+01   3.052201e-09   0.000000e+00   3.573610e-12   279516
  1.459173e+01   3.052072e-09   7.690600e-02   3.525578e-12   282696
  1.461347e+01   3.033089e-09   0.000000e+00   3.554739e-12   278676
  1.463426e+01   3.038812e-09   7.941764e-02   3.530975e-12   279512
  1.465568e+01   3.036606e-09   6.360797e-03   3.545613e-12   276672
  1.467715e+01   3.042694e-09   0.000000e+00   3.562000e-12   276036
  1.469785e+01   3.025861e-09   7.723377e-02   3.567300e-12   274416
  1.471936e+01   3.035597e-09   3.394466e-02   3.559356e-12   275384
  1.474085e+01   3.023492e-09   0.000000e+00   3.546311e-12   274560
  1.476173e+01   3.017724e-09   8.463177e-02   3.553391e-12   272220
  1.478334e+01   3.023047e-09   0.000000e+00   3.591007e-12   270492
  1.480450e+01   3.015286e-09   0.000000e+00   3.565137e-12   271532
  1.482568e+01   3.003697e-09   5.198145e-02   3.524330e-12   272052
  1.484719e+01   3.004260e-09   0.000000e+00   3.592018e-12   264372
  1.486800e+01   3.004995e-09   4.680827e-02   3.573551e-12   268652
  1.488944e+01   2.990338e-09   5.245759e-02   3.563473e-12   266760
  1.491080e+01   2.999211e-09   0.000000e+00   3.588867e-12   262536
  1.493171e+01   2.993848e-09   8.402766e-02   3.545470e-12   266460
  1.495315e+01   2.992418e-09   0.000000e+00   3.592792e-12   261560
  1.497449e+01   2.978606e-09   0.000000e+00   3.549391e-12   262236
  1.499549e+01   2.977563e-09   7.545546e-02   3.573307e-12   261708
  1.501689e+01   2.984430e-09   0.000000e+00   3.589152e-12   258960
  1.503825e+01   2.973267e-09   0.000000e+00   3.570263e-12   258376
  1.505913e+01   2.965620e-09   7.210354e-02   3.559533e-12   258304
  1.508091e+01   2.975971e-09   0.000000e+00   3.557232e-12   259368
  1.510195e+01   2.965211e-09   3.407116e-02   3.597608e-12   253332
  1.512302e+01   2.964033e-09   7.508881e-02   3.596459e-12   254448
  1.514471e+01   2.946400e-09   0.000000e+00   3.544927e-12   255248
  1.516564e+01   2.965417e-09   7.780027e-02   3.611991e-12   252180
  1.518711e+01   2.965646e-09   3.151419e-02   3.598942e-12   252744
  1.520852e+01   2.963883e-09   0.000000e+00   3.630178e-12   247348
  1.522930e+01   2.963486e-09   9.371004e-02   3.618666e-12   250432
  1.525082e+01   2.956790e-09   0.000000e+00   3.604671e-12   247860
  1.527231e+01   2.949280e-09   0.000000e+00   3.614721e-12   247716
  1.529310e+01   2.949430e-09   7.896200e-02   3.655749e-12   242472
  1.531476e+01   2.939634e-09   0.000000e+00   3.585306e-12   248672
  1.533588e+01   2.943919e-09   3.404338e-02   3.656938e-12   239352
  1.535687e+01   2.943918e-09   6.350400e-02   3.629026e-12   245088
  1.537857e+01   2.943757e-09   0.000000e+00   3.653545e-12   239232
  1.539935e+01   2.937669e-09   8.399358e-02   3.645944e-12   240320
  1.542090e+01   2.931304e-09   0.000000e+00   3.647738e-12   239340
  1.544240e+01   2.952704e-09   0.000000e+00   3.682036e-12   237636
  1.546310e+01   2.935501e-09   8.013503e-02   3.673672e-12   235980
  1.548461e+01   2.931524e-09   8.499643e-04   3.674300e-12   235304
  1.550606e+01   2.936592e-09   0.000000e+00   3.688318e-12   234576
  1.552690e+01   2.936610e-09   7.392256e-02   3.686477e-12   232788
  1.554840e+01   2.934845e-09   0.000000e+00   3.692549e-12   230400
  1.556963e+01   2.927760e-09   0.000000e+00   3.687977e-12   231836
  1.559071e+01   2.932665e-09   7.918708e-02   3.701372e-12   231288
  1.561245e+01   2.936757e-09   0.000000e+00   3.740769e-12   226536
  1.563325e+01   2.936376e-09   6.257962e-02   3.726572e-12   226084
  1.565446e+01   2.922486e-09   5.311439e-02   3.717272e-12   227116
  1.567612e+01   2.917773e-09   0.000000e+00   3.741949e-12   223800
  1.569693e+01   2.932462e-09   8.520953e-02   3.756739e-12   223884
  1.571836e+01   2.918722e-09   0.000000e+00   3.748914e-12   222360
  1.573983e+01   2.921839e-09   0.000000e+00   3.763006e-12   221156
  1.576078e+01   2.918814e-09   9.469268e-02   3.767357e-12   221724
  1.578235e+01   2.920103e-09   0.000000e+00   3.787595e-12   217584
  1.580363e+01   2.923950e-09   0.000000e+00   3.799810e-12   217576
  1.582449e+01   2.917785e-09   9.831521e-02   3.807838e-12   215464
  1.584614e+01   2.913150e-09   0.000000e+00   3.802372e-12   215472
  1.586724e+01   2.915259e-09   2.546778e-02   3.816530e-12   213768
  1.588826e+01   2.920384e-09   8.521128e-02   3.856588e-12   210956
  1.590983e+01   2.918602e-09   0.000000e+00   3.836456e-12   211788
  1.593090e+01   2.912048e-09   4.652485e-02   3.818959e-12   211092
  1.595229e+01   2.912853e-09   3.278482e-02   3.852291e-12   209556
  1.597383e+01   2.910983e-09   0.000000e+00   3.874545e-12   206700
  1.599456e+01   2.909222e-09   8.054761e-02   3.870517e-12   206048
  1.601602e+01   2.903979e-09   0.000000e+00   3.899392e-12   204744
  1.603743e+01   2.918311e-09   0.000000e+00   3.917785e-12   202992
  1.605814e+01   2.910514e-09   8.921882e-02   3.915610e-12   201944
  1.607992e+01   2.899404e-09   0.000000e+00   3.882464e-12   203304
  1.610126e+01   2.905965e-09   0.000000e+00   3.934178e-12   200484
  1.612202e+01   2.900383e-09   9.563785e-02   3.960508e-12   195516
  1.614380e+01   2.915223e-09   0.000000e+00   3.973545e-12   198860
  1.616467e+01   2.911573e-09   4.234477e-02   3.975964e-12   195264
  1.618595e+01   2.899836e-09   6.277353e-02   3.960295e-12   195984
  1.620757e+01   2.906522e-09   0.000000e+00   4.032149e-12   191808
  1.622817e+01   2.919457e-09   7.274372e-02   4.047670e-12   190776
  1.624959e+01   2.909871e-09   1.805362e-02   4.035079e-12   192032
  1.627116e+01   2.908674e-09   0.000000e+00   4.054732e-12   188628
  1.629190e+01   2.913122e-09   1.012223e-01   4.046029e-12   189444
  1.631357e+01   2.916861e-09   0.000000e+00   4.082911e-12   186260
  1.633472e+01   2.907984e-09   0.000000e+00   4.100902e-12   184560
  1.635569e+01   2.904430e-09   9.188929e-02   4.076585e-12   185832
  1.637754e+01   2.910866e-09   0.000000e+00   4.142000e-12   182400
  1.639844e+01   2.903531e-09   4.437099e-02   4.158001e-12   181380
  1.641955e+01   2.897133e-09   7.777363e-02   4.124481e-12   180332
  1.644125e+01   2.901375e-09   0.000000e+00   4.154927e-12   178236
  1.646218e+01   2.914924e-09   5.513397e-02   4.170172e-12   179184
  1.648349e+01   2.910875e-09   7.046218e-02   4.207611e-12   175028
  1.650501e+01   2.911502e-09   0.000000e+00   4.235820e-12   175440
  1.652602e+01   2.911484e-09   7.603753e-02   4.224848e-12   174828
  1.654745e+01   2.908142e-09   0.000000e+00   4.285202e-12   169896
  1.656867e+01   2.921445e-09   0.000000e+00   4.284046e-12   171708
  1.658966e+01   2.905836e-09   9.757859e-02   4.281543e-12   169328
  1.661120e+01   2.897294e-09   0.000000e+00   4.307212e-12   167364
  1.663245e+01   2.918699e-09   3.481475e-02   4.336605e-12   168192
  1.665343e+01   2.905363e-09   8.685993e-02   4.376532e-12   163188
  1.667519e+01   2.917153e-09   0.000000e+00   4.336281e-12   166184
  1.669627e+01   2.914188e-09   4.438910e-02   4.389114e-12   161460
  1.671729e+01   2.905289e-09   8.080272e-02   4.414204e-12   159972
  1.673883e+01   2.913967e-09   0.000000e+00   4.440243e-12   159488
  1.675972e+01   2.918970e-09   7.455112e-02   4.470017e-12   158148
  1.678125e+01   2.911441e-09   0.000000e+00   4.433357e-12   158100
  1.680275e+01   2.903651e-09   0.000000e+00   4.469872e-12   155232
  1.682334e+01   2.909554e-09   8.644531e-02   4.566977e-12   151216
  1.684499e+01   2.920310e-09   0.000000e+00   4.521856e-12   155560
  1.686650e+01   2.913387e-09   0.000000e+00   4.559442e-12   151404
  1.688722e+01   2.916274e-09   1.031675e-01   4.640124e-12   148356
  1.690892e+01   2.917461e-09   0.000000e+00   4.637861e-12   147164
  1.692987e+01   2.898205e-09   2.790192e-02   4.614139e-12   147384
  1.695103e+01   2.925742e-09   6.950919e-02   4.654431e-12   145992
  1.697285e+01   2.922313e-09   0.000000e+00   4.725774e-12   143856
  1.699340e+01   2.911077e-09   6.778161e-02   4.755591e-12   140384
  1.701490e+01   2.922121e-09   3.347238e-02   4.741762e-12   143856
  1.703649e+01   2.906551e-09   0.000000e+00   4.825046e-12   136968
  1.705711e+01   2.931284e-09   9.496635e-02   4.798183e-12   139536
  1.707887e+01   2.918240e-09   0.000000e+00   4.829467e-12   136916
  1.710001e+01   2.902222e-09   0.000000e+00   4.882411e-12   133032
  1.712087e+01   2.914368e-09   9.549569e-02   4.852421e-12   135540
  1.714279e+01   2.915877e-09   0.000000e+00   4.939740e-12   132096
  1.716368e+01   2.924887e-09   0.000000e+00   4.975278e-12   129540
  1.718476e+01   2.925096e-09   9.324998e-02   4.925553e-12   130640
  1.720648e+01   2.894327e-09   0.000000e+00   4.958583e-12   126276
  1.722742e+01   2.927842e-09   5.556373e-02   5.005382e-12   128484
  1.724899e+01   2.929339e-09   1.669540e-02   5.104994e-12   124168
  1.727028e+01   2.909245e-09   0.000000e+00   5.097098e-12   122224
  1.729123e+01   2.931814e-09   8.400761e-02   5.126061e-12   123156
  1.731280e+01   2.915374e-09   0.000000e+00   5.130058e-12   119688
  1.733386e+01   2.924896e-09   0.000000e+00   5.252815e-12   116640
  1.735484e+01   2.910285e-09   9.791421e-02   5.179938e-12   119696
  1.737648e+01   2.908729e-09   0.000000e+00   5.254876e-12   114276
  1.739766e+01   2.931886e-09   0.000000e+00   5.279489e-12   114060
  1.741864e+01   2.899484e-09   9.248678e-02   5.258928e-12   112536
  1.744033e+01   2.898640e-09   0.000000e+00   5.267499e-12   112196
  1.746153e+01   2.920680e-09   4.119075e-02   5.367157e-12   109404
  1.748253e+01   2.892181e-09   5.212497e-02   5.405914e-12   105900
  1.750389e+01   2.905088e-09   0.000000e+00   5.430287e-12   107176
  1.752495e+01   2.886758e-09   6.934334e-02   5.405888e-12   105088
  1.754638e+01   2.875180e-09   2.461683e-02   5.451519e-12   103800
  1.756788e+01   2.905792e-09   0.000000e+00   5.556303e-12   101340
  1.758872e+01   2.876830e-09   7.766103e-02   5.518234e-12   100036
  1.761006e+01   2.880596e-09   0.000000e+00   5.645813e-12   97672
  1.763147e+01   2.873903e-09   0.000000e+00   5.577567e-12   97908
  1.765245e+01   2.874152e-09   8.100516e-02   5.671910e-12   95328
  1.767394e+01   2.878689e-09   0.000000e+00   5.704489e-12   93600
  1.769511e+01   2.856711e-09   0.000000e+00   5.714865e-12   92312
  1.771626e+01   2.853571e-09   6.956071e-02   5.718641e-12   91044
  1.773780e+01   2.849484e-09   0.000000e+00   5.788885e-12   88500
  1.775853e+01   2.832682e-09   5.190830e-02   5.836545e-12   86216
  1.777991e+01   2.837787e-09   0.000000e+00   5.826028e-12   87159
  1.780170e+01   2.820739e-09   0.000000e+00   5.765770e-12   86064
  1.782261e+01   2.827447e-09   8.079061e-02   5.914444e-12   81648
  1.784383e+01   2.821346e-09   4.953342e-03   5.928795e-12   81654
  1.786535e+01   2.805386e-09   0.000000e+00   5.846387e-12   81284
  1.788644e+01   2.828988e-09   5.883477e-02   6.049193e-12   78888
  1.790769e+01   2.809701e-09   1.659008e-02   6.006145e-12   77250
  1.792879e+01   2.813294e-09   0.000000e+00   6.128638e-12   75942
  1.794991e+01   2.804160e-09   6.296368e-02   5.970735e-12   77042
  1.797160e+01   2.805055e-09   0.000000e+00   6.125309e-12   74094
  1.799279e+01   2.804095e-09   3.351058e-02   6.157112e-12   73818
  1.801399e+01   2.811534e-09   0.000000e+00   6.316232e-12   70998
  1.803529e+01   2.792099e-09   0.000000e+00   6.158027e-12   72044
  1.805651e+01   2.798033e-09   6.661703e-02   6.320249e-12   69426
  1.807790e+01   2.797232e-09   0.000000e+00   6.283653e-12   69288
  1.809912e+01   2.801127e-09   0.000000e+00   6.440825e-12   67068
  1.812008e+01   2.788163e-09   6.832795e-02   6.462838e-12   66926
  1.814154e+01   2.805969e-09   5.691498e-02   6.438217e-12   66348
  1.816309e+01   2.796783e-09   0.000000e+00   6.525289e-12   64728
  1.818404e+01   2.806920e-09   0.000000e+00   6.631039e-12   62820
  1.820526e+01   2.793662e-09   0.000000e+00   6.512594e-12   63716
  1.822675e+01   2.799730e-09   1.769685e-02   6.583838e-12   62160
  1.824795e+01   2.779567e-09   0.000000e+00   6.728147e-12   59940
  1.826899e+01   2.807222e-09   1.855187e-02   6.753067e-12   60112
  1.829021e+01   2.775358e-09   6.482384e-02   6.722743e-12   59668
  1.831176e+01   2.770055e-09   0.000000e+00   6.869083e-12   57618
  1.833276e+01   2.785112e-09   1.924830e-02   6.888156e-12   56868
  1.835379e+01   2.796231e-09   6.308343e-02   6.898150e-12   56684
  1.837515e+01   2.773322e-09   2.933104e-02   6.977332e-12   55536
  1.839655e+01   2.756872e-09   0.000000e+00   6.935344e-12   54342
  1.841783e+01   2.769952e-09   2.131631e-02   6.968956e-12   54768
  1.843889e+01   2.772214e-09   6.227970e-02   7.206656e-12   52094
  1.846015e+01   2.782294e-09   0.000000e+00   7.111794e-12   52224
  1.848171e+01   2.766632e-09   0.000000e+00   7.178068e-12   52188
  1.850284e+01   2.776551e-09   5.547718e-02   7.301644e-12   50190
  1.852384e+01   2.770361e-09   4.516353e-02   7.321856e-12   49224
  1.854525e+01   2.780959e-09   0.000000e+00   7.359636e-12   49094
  1.856674e+01   2.758677e-09   1.660414e-02   7.281292e-12   49488
  1.858801e+01   2.761523e-09   5.761163e-02   7.450035e-12   46830
  1.860898e+01   2.767867e-09   0.000000e+00   7.580761e-12   45860
  1.863032e+01   2.761800e-09   0.000000e+00   7.527151e-12   46770
  1.865173e+01   2.773109e-09   2.286257e-02   7.551586e-12   45468
  1.867296e+01   2.775902e-09   3.993629e-02   7.688254e-12   44130
  1.869410e+01   2.779925e-09   0.000000e+00   7.819607e-12   43230
  1.871538e+01   2.769457e-09   0.000000e+00   7.746166e-12   44108
  1.873682e+01   2.780165e-09   3.994094e-02   8.029308e-12   42162
  1.875801e+01   2.757757e-09   3.676047e-02   7.882243e-12   41358
  1.877903e+01   2.778768e-09   0.000000e+00   8.086248e-12   40456
  1.880032e+01   2.788227e-09   3.357321e-02   7.995044e-12   41230
  1.882192e+01   2.806423e-09   4.765554e-02   8.138191e-12   39906
  1.884323e+01   2.799787e-09   0.000000e+00   8.378516e-12   38508
  1.886415e+01   2.774669e-09   0.000000e+00   8.251802e-12   37854
  1.888527e+01   2.791714e-09   5.718350e-02   8.385572e-12   38162
  1.890689e+01   2.795863e-09   2.829037e-02   8.559583e-12   37212
  1.892823e+01   2.804037e-09   0.000000e+00   8.649194e-12   36450
  1.894904e+01   2.785626e-09   3.084956e-02   8.751706e-12   34718
  1.897014e+01   2.785331e-09   2.519020e-02   8.566317e-12   35814
  1.899178e+01   2.800845e-09   2.385082e-02   8.734752e-12   34896
  1.901314e+01   2.796800e-09   0.000000e+00   8.893241e-12   33822
  1.903389e+01   2.787254e-09   4.537204e-02   9.018034e-12   32522
  1.905522e+01   2.791347e-09   0.000000e+00   8.954176e-12   33630
  1.907685e+01   2.795159e-09   0.000000e+00   9.116505e-12   32166
  1.909788e+01   2.796250e-09   2.411347e-02   9.282347e-12   31200
  1.911872e+01   2.800209e-09   1.856014e-02   9.398497e-12   30598
  1.914003e+01   2.782142e-09   2.197846e-02   9.073424e-12   31138
  1.916182e+01   2.830134e-09   0.000000e+00   9.448750e-12   30510
  1.918304e+01   2.798860e-09   3.355537e-02   9.553810e-12   28998
  1.920386e+01   2.810649e-09   8.861472e-03   9.815576e-12   28290
  1.922515e+01   2.802565e-09   4.304511e-02   9.618100e-12   29126
  1.924694e+01   2.825691e-09   0.000000e+00   9.747315e-12   28008
  1.926819e+01   2.819115e-09   1.189760e-02   9.957093e-12   27222
  1.928919e+01   2.839315e-09   2.193490e-02   1.020976e-11   26426
  1.931044e+01   2.832406e-09   1.087600e-02   1.009908e-11   26694
  1.933196e+01   2.803022e-09   2.596794e-02   1.014878e-11   25734
  1.935329e+01   2.811880e-09   0.000000e+00   1.030728e-11   25458
  1.937422e+01   2.834534e-09   5.500515e-03   1.050623e-11   24198
  1.939559e+01   2.858315e-09   0.000000e+00   1.048854e-11   25034
  1.941719e+01   2.828812e-09   1.858731e-02   1.063733e-11   23718
  1.943829e+01   2.820256e-09   0.000000e+00   1.066236e-11   23094
  1.945903e+01   2.839283e-09   2.998921e-02   1.091321e-11   22416
  1.948039e+01   2.838970e-09   0.000000e+00   1.083479e-11   23078
  1.950232e+01   2.844148e-09   0.000000e+00   1.105097e-11   22386
  1.952355e+01   2.866627e-09   0.000000e+00   1.133908e-11   21126
  1.954412e+01   2.867848e-09   0.000000e+00   1.153972e-11   20366
  1.956530e+01   2.860419e-09   3.995290e-02   1.143551e-11   21354
  1.958729e+01   2.888970e-09   0.000000e+00   1.181843e-11   20478
  1.960849e+01   2.869720e-09   0.000000e+00   1.184647e-11   19458
  1.962905e+01   2.872566e-09   1.227070e-02   1.238176e-11   18758
  1.965026e+01   2.859651e-09   4.336284e-02   1.174274e-11   19566
  1.967221e+01   2.881931e-09   2.912250e-02   1.222494e-11   18858
  1.969351e+01   2.895338e-09   4.592849e-03   1.251794e-11   17790
  1.971402e+01   2.889605e-09   0.000000e+00   1.285345e-11   17114
  1.973526e+01   2.890343e-09   0.000000e+00   1.260477e-11   17982
  1.975719e+01   2.893349e-09   0.000000e+00   1.294192e-11   17190
  1.977855e+01   2.920418e-09   0.000000e+00   1.317522e-11   16458
  1.979904e+01   2.909943e-09   3.321692e-02   1.368192e-11   15494
  1.982023e+01   2.874261e-09   1.458123e-02   1.295290e-11   16374
  1.984230e+01   2.903171e-09   0.000000e+00   1.329778e-11   15858
  1.986368e+01   2.903451e-09   0.000000e+00   1.378621e-11   14862
  1.988409e+01   2.929276e-09   0.000000e+00   1.424284e-11   14082
  1.990539e+01   2.873555e-09   0.000000e+00   1.364607e-11   14990
  1.992750e+01   2.892412e-09   1.686292e-02   1.386000e-11   14358
  1.994881e+01   2.921694e-09   0.000000e+00   1.467237e-11   13386
  1.996901e+01   2.933319e-09   0.000000e+00   1.473502e-11   12678
  1.999033e+01   2.883067e-09   2.221522e-02   1.476426e-11   13700
  2.001259e+01   2.935910e-09   1.557152e-02   1.496230e-11   12942
  2.003395e+01   2.897476e-09   3.900625e-02   1.519267e-11   12198
  2.005392e+01   2.924998e-09   0.000000e+00   1.623377e-11   11106
  2.007510e+01   2.964255e-09   2.328004e-03   1.549322e-11   12494
  2.009743e+01   2.935137e-09   2.803667e-02   1.582569e-11   11610
  2.011896e+01   2.962065e-09   0.000000e+00   1.639564e-11   11094
  2.013893e+01   2.891977e-09   1.798978e-02   1.689075e-11   9902
  2.016002e+01   2.940398e-09   1.237396e-02   1.630441e-11   11226
  2.018236e+01   2.948316e-09   0.000000e+00   1.711645e-11   10326
  2.020391e+01   2.947222e-09   1.816232e-02   1.685397e-11   10074
  2.022404e+01   2.944758e-09   4.477436e-03   1.820780e-11   8766
  2.024495e+01   2.984593e-09   0.000000e+00   1.725249e-11   9950
  2.026724e+01   2.961623e-09   1.359120e-02   1.814240e-11   9252
  2.028878e+01   2.974760e-09   0.000000e+00   1.855870e-11   8886
  2.030890e+01   2.978833e-09   0.000000e+00   1.927756e-11   7850
  2.033000e+01   3.011442e-09   8.278899e-03   1.856576e-11   8886
  2.035233e+01   2.995231e-09   6.075554e-03   1.961795e-11   8142
  2.037362e+01   2.998906e-09   2.074519e-02   1.999016e-11   7746
  2.039351e+01   3.044244e-09   2.007138e-02   2.052888e-11   6926
  2.041501e+01   3.027724e-09   0.000000e+00   2.032283e-11   7974
  2.043743e+01   2.987061e-09   2.144478e-02   1.982217e-11   7074
  2.045847e+01   3.009249e-09   7.142108e-03   2.128210e-11   6744
  2.047826e+01   2.979021e-09   2.019077e-02   2.275591e-11   6114
  2.050012e+01   3.016971e-09   1.030100e-02   2.121265e-11   7094
  2.052293e+01   3.022870e-09   0.000000e+00   2.193721e-11   6174
  2.054371e+01   3.045077e-09   1.125765e-02   2.351746e-11   5754
  2.056296e+01   3.044119e-09   0.000000e+00   2.438631e-11   5214
  2.058512e+01   3.098137e-09   0.000000e+00   2.264603e-11   6338
  2.060854e+01   3.110666e-09   6.860075e-03   2.405268e-11   5352
  2.062909e+01   3.062901e-09   0.000000e+00   2.612449e-11   4830
  2.064745e+01   3.100289e-09   7.970494e-03   2.635678e-11   4338
  2.066974e+01   3.037454e-09   0.000000e+00   2.312014e-11   5558
  2.069415e+01   3.085380e-09   1.451741e-02   2.523722e-11   4866
  2.071512e+01   2.999394e-09   2.610095e-02   2.810024e-11   3846
  2.073181e+01   3.135853e-09   0.000000e+00   2.986669e-11   3518
  2.075418e+01   3.146153e-09   2.172723e-02   2.659906e-11   4812
  2.077931e+01   3.112559e-09   1.168303e-02   2.739273e-11   4278
  2.080110e+01   3.139615e-09   2.078261e-02   3.296836e-11   3174
  2.081618e+01   3.138132e-09   0.000000e+00   3.660437e-11   2738
  2.083848e+01   3.111894e-09   1.164244e-02   2.815244e-11   4086
  2.086413e+01   3.046902e-09   7.860992e-03   2.937784e-11   3666
  2.088695e+01   3.112391e-09   1.400695e-02   3.335758e-11   2712
  2.090056e+01   3.136131e-09   8.464232e-03   4.085730e-11   1998
  2.092274e+01   3.123112e-09   1.188069e-02   3.076184e-11   3434
  2.094892e+01   3.113241e-09   0.000000e+00   3.238699e-11   3078
  2.097282e+01   3.182958e-09   1.244901e-02   3.718249e-11   2334
  2.098499e+01   3.043270e-09   0.000000e+00   5.067966e-11   1340
  2.100697e+01   3.121194e-09   0.000000e+00   3.310427e-11   2838
  2.103377e+01   3.214092e-09   0.000000e+00   3.510092e-11   2538
  2.105879e+01   3.233767e-09   1.324651e-02   4.060695e-11   1974
  2.106882e+01   3.214851e-09   1.325470e-02   6.439504e-11   774
  2.109090e+01   3.245318e-09   0.000000e+00   3.825106e-11   2300
  2.111836e+01   3.218076e-09   1.399058e-02   4.036430e-11   2046
  2.114452e+01   3.185843e-09   7.696796e-03   4.558830e-11   1626
  2.115265e+01   3.438306e-09   7.929049e-03   1.117448e-10   390
  2.117466e+01   3.260697e-09   8.047945e-03   4.476782e-11   1766
  2.120257e+01   3.201396e-09   0.000000e+00   4.878423e-11   1596
  2.122982e+01   3.097629e-09   0.000000e+00   5.112393e-11   1302
  2.123651e+01   3.228337e-09   0.000000e+00   1.893651e-10   150
  2.125856e+01   3.164018e-09   2.710178e-03   5.107394e-11   1298
  2.128657e+01   3.273319e-09   0.000000e+00   5.485359e-11   1158
  2.131442e+01   3.080006e-09   0.000000e+00   5.899060e-11   996
  2.132465e+01   2.792361e-09   1.103323e-02   3.147976e-10   38
  2.134266e+01   3.206635e-09   0.000000e+00   6.337463e-11   894
  2.137071e+01   3.404545e-09   9.951964e-03   6.558293e-11   786
  2.139879e+01   3.308883e-09   0.000000e+00   6.972005e-11   678
  2.142550e+01   1.823180e-09   0.000000e+00   2.871816e-10   8
  2.142691e+01   3.490968e-09   1.341847e-02   8.416638e-11   570
  2.145502e+01   3.310931e-09   1.271523e-02   9.558098e-11   486
  2.148316e+01   3.475227e-09   0.000000e+00   1.148005e-10   402
  2.151053e+01   4.370566e-09   0.000000e+00   1.162029e-09   8
  2.151134e+01   3.587896e-09   1.120111e-02   1.177808e-10   318
  2.153951e+01   3.360515e-09   0.000000e+00   1.189808e-10   258
  2.156771e+01   3.173866e-09   0.000000e+00   1.466393e-10   198
  2.159555e+01   4.043534e-09   0.000000e+00   7.482239e-10   8
  2.159595e+01   3.484640e-09   0.000000e+00   1.587743e-10   138
  2.162416e+01   3.298612e-09   3.676471e-03   1.854141e-10   102
  2.165242e+01   4.021769e-09   6.696087e-03   2.599744e-10   66
  2.168069e+01   3.677875e-09   0.000000e+00   2.799617e-10   38
  2.170899e+01   3.442272e-09   0.000000e+00   4.147654e-10   18
  2.173729e+01   7.806323e-09   0.000000e+00   1.475563e-09   6
