# power spectrum of delta
# redshift z=0.300000
# k              Pk             sigma(k)       sigma(Pk)      count
  4.908739e-02   2.773745e-02   1.608418e-05   1.063285e-02   6
  6.942005e-02   1.495087e-01   0.000000e+00   3.222470e-02   12
  9.065882e-02   1.549060e-01   6.508962e-03   2.666128e-02   14
  1.150009e-01   2.815808e-01   5.237893e-03   2.970423e-02   48
  1.448559e-01   3.704863e-01   3.804799e-03   4.472690e-02   42
  1.590162e-01   3.431322e-01   3.787897e-03   4.398243e-02   48
  1.803014e-01   5.030500e-01   4.541081e-03   4.855539e-02   80
  2.043367e-01   6.691729e-01   3.525774e-03   5.962581e-02   90
  2.227252e-01   6.291299e-01   5.536438e-03   5.890830e-02   120
  2.488487e-01   8.286508e-01   4.652757e-03   5.898735e-02   158
  2.661513e-01   1.005380e+00   2.208030e-03   1.050950e-01   120
  2.869973e-01   1.073167e+00   4.935215e-03   7.670910e-02   186
  3.100294e-01   1.253450e+00   6.749025e-03   7.489765e-02   264
  3.287449e-01   1.474661e+00   3.643590e-03   1.006475e-01   168
  3.526244e-01   1.621130e+00   6.511952e-03   8.467908e-02   386
  3.726071e-01   1.539472e+00   3.940433e-03   1.202111e-01   192
  3.922681e-01   2.163765e+00   6.460573e-03   1.093052e-01   390
  4.143561e-01   2.058212e+00   6.764213e-03   9.800936e-02   396
  4.351071e-01   2.295071e+00   6.710857e-03   1.111091e-01   398
  4.579190e-01   2.545597e+00   6.577772e-03   1.038755e-01   576
  4.803679e-01   2.460939e+00   6.673210e-03   1.170066e-01   444
  5.000037e-01   3.254243e+00   6.020862e-03   1.232400e-01   590
  5.223627e-01   3.174477e+00   6.593301e-03   1.225018e-01   648
  5.441711e-01   3.659316e+00   5.835223e-03   1.411658e-01   654
  5.635471e-01   3.612241e+00   4.840100e-03   1.344569e-01   636
  5.852063e-01   4.153240e+00   7.256543e-03   1.459209e-01   830
  6.055292e-01   4.319887e+00   5.223406e-03   1.469209e-01   792
  6.263096e-01   4.719600e+00   5.372178e-03   1.545410e-01   804
  6.475915e-01   5.548192e+00   6.630499e-03   1.883752e-01   1038
  6.681954e-01   5.347371e+00   5.193545e-03   1.664369e-01   936
  6.905275e-01   5.738355e+00   6.068542e-03   1.583146e-01   1130
  7.107689e-01   5.930105e+00   5.635557e-03   1.739848e-01   1104
  7.329882e-01   6.347383e+00   6.265750e-03   1.865415e-01   1230
  7.533066e-01   7.174679e+00   6.367515e-03   1.948205e-01   1260
  7.739492e-01   7.118972e+00   5.512481e-03   2.022102e-01   1286
  7.972959e-01   7.538946e+00   6.676093e-03   1.753567e-01   1728
  8.194182e-01   8.456726e+00   5.902225e-03   2.154861e-01   1392
  8.404441e-01   8.378652e+00   5.596426e-03   2.045459e-01   1626
  8.619949e-01   9.242350e+00   6.632074e-03   0.000000e+00   1760
  8.836339e-01   9.227044e+00   5.480218e-03   2.163758e-01   1686
  9.040332e-01   9.884994e+00   5.574399e-03   0.000000e+00   1812
  9.248916e-01   1.076109e+01   6.398242e-03   0.000000e+00   1862
  9.462081e-01   1.077887e+01   5.717354e-03   0.000000e+00   2160
  9.676557e-01   1.122976e+01   5.839016e-03   0.000000e+00   1956
  9.892345e-01   1.186438e+01   6.565757e-03   0.000000e+00   2454
  1.010292e+00   1.238453e+01   5.121137e-03   0.000000e+00   2048
  1.031427e+00   1.246998e+01   6.670597e-03   0.000000e+00   2538
  1.052288e+00   1.316126e+01   5.586772e-03   0.000000e+00   2400
  1.073374e+00   1.384822e+01   6.656280e-03   0.000000e+00   2526
  1.094412e+00   1.341240e+01   6.589372e-03   0.000000e+00   2856
  1.116356e+00   1.436997e+01   6.189866e-03   0.000000e+00   2804
  1.138029e+00   1.508762e+01   6.427098e-03   0.000000e+00   2958
  1.158655e+00   1.595929e+01   6.233969e-03   0.000000e+00   2976
  1.180422e+00   1.635706e+01   6.237939e-03   0.000000e+00   3194
  1.200801e+00   1.598082e+01   6.203277e-03   0.000000e+00   3120
  1.222874e+00   1.709249e+01   6.304761e-03   0.000000e+00   3606
  1.243940e+00   1.789766e+01   5.768497e-03   0.000000e+00   3276
  1.264464e+00   1.891799e+01   6.514698e-03   0.000000e+00   3600
  1.285577e+00   1.893389e+01   5.712098e-03   0.000000e+00   3638
  1.305903e+00   1.949100e+01   6.106217e-03   0.000000e+00   3744
  1.327893e+00   1.934383e+01   6.314721e-03   0.000000e+00   4170
  1.348913e+00   2.137400e+01   5.976395e-03   0.000000e+00   3984
  1.370324e+00   2.109454e+01   6.053017e-03   0.000000e+00   4334
  1.391449e+00   2.245499e+01   5.590013e-03   0.000000e+00   4284
  1.412311e+00   2.352622e+01   6.750662e-03   0.000000e+00   4374
  1.434124e+00   2.431516e+01   5.985428e-03   0.000000e+00   5016
  1.455607e+00   2.375127e+01   5.792267e-03   0.000000e+00   4580
  1.477022e+00   2.558703e+01   6.784248e-03   0.000000e+00   5142
  1.498868e+00   2.628072e+01   6.568386e-03   0.000000e+00   5184
  1.520258e+00   2.757737e+01   5.071262e-03   0.000000e+00   5058
  1.540811e+00   2.726873e+01   5.999008e-03   0.000000e+00   5384
  1.562789e+00   2.851328e+01   6.850411e-03   0.000000e+00   5622
  1.583990e+00   2.888511e+01   5.767154e-03   0.000000e+00   5736
  1.605101e+00   2.891744e+01   5.203520e-03   0.000000e+00   5596
  1.626312e+00   2.926605e+01   6.567256e-03   0.000000e+00   6070
  1.647349e+00   2.984121e+01   5.043874e-03   0.000000e+00   6096
  1.669298e+00   3.103942e+01   6.241265e-03   0.000000e+00   6474
  1.689604e+00   3.239684e+01   6.011046e-03   0.000000e+00   6024
  1.711323e+00   3.233071e+01   6.000880e-03   0.000000e+00   7070
  1.732840e+00   3.291639e+01   4.921468e-03   0.000000e+00   6516
  1.753479e+00   3.359520e+01   6.010302e-03   0.000000e+00   6936
  1.775023e+00   3.469197e+01   6.007181e-03   0.000000e+00   7110
  1.795864e+00   3.527896e+01   4.489391e-03   0.000000e+00   7244
  1.817911e+00   3.462479e+01   6.546524e-03   0.000000e+00   7878
  1.839265e+00   3.558568e+01   6.274615e-03   0.000000e+00   7344
  1.859942e+00   3.616909e+01   6.576959e-03   0.000000e+00   7694
  1.881486e+00   3.841967e+01   6.314264e-03   0.000000e+00   8412
  1.903119e+00   3.831447e+01   6.613400e-03   0.000000e+00   7920
  1.923681e+00   3.862564e+01   5.638842e-03   0.000000e+00   8118
  1.944611e+00   3.924754e+01   6.462590e-03   0.000000e+00   8548
  1.965903e+00   4.031835e+01   6.576656e-03   0.000000e+00   8710
  1.987016e+00   4.005029e+01   5.649982e-03   0.000000e+00   8928
  2.008691e+00   4.074862e+01   6.227621e-03   0.000000e+00   9186
  2.029483e+00   4.140558e+01   6.817295e-03   0.000000e+00   9200
  2.050916e+00   4.218472e+01   5.848208e-03   0.000000e+00   9438
  2.071812e+00   4.323796e+01   8.218907e-03   0.000000e+00   9564
  2.093290e+00   4.388097e+01   6.302710e-03   0.000000e+00   10296
  2.115277e+00   4.450541e+01   5.560792e-03   0.000000e+00   10126
  2.135875e+00   4.728080e+01   6.829411e-03   0.000000e+00   10024
  2.157783e+00   4.612059e+01   4.830112e-03   0.000000e+00   11082
  2.179294e+00   4.657198e+01   7.477944e-03   0.000000e+00   10632
  2.200318e+00   4.763852e+01   5.425863e-03   0.000000e+00   10734
  2.221558e+00   4.721982e+01   6.606674e-03   0.000000e+00   11276
  2.242790e+00   4.975760e+01   6.045280e-03   0.000000e+00   11352
  2.264219e+00   4.996661e+01   6.271587e-03   0.000000e+00   11550
  2.285254e+00   4.999643e+01   5.781891e-03   0.000000e+00   11772
  2.306600e+00   4.970016e+01   7.207929e-03   0.000000e+00   12038
  2.327684e+00   5.079742e+01   8.865580e-03   0.000000e+00   12096
  2.349060e+00   5.154288e+01   7.127261e-03   0.000000e+00   12582
  2.370199e+00   5.252525e+01   2.060507e-03   0.000000e+00   12620
  2.391825e+00   5.168282e+01   7.526019e-03   0.000000e+00   13320
  2.412989e+00   5.264155e+01   6.784802e-03   0.000000e+00   12654
  2.433748e+00   5.454837e+01   1.289850e-03   0.000000e+00   13236
  2.454818e+00   5.429123e+01   9.781411e-03   0.000000e+00   13438
  2.476108e+00   5.441765e+01   9.587331e-03   0.000000e+00   14344
  2.498171e+00   5.717319e+01   5.852937e-03   0.000000e+00   14226
  2.519015e+00   5.710045e+01   4.922381e-03   0.000000e+00   14088
  2.540133e+00   5.581334e+01   0.000000e+00   0.000000e+00   14328
  2.561301e+00   5.687223e+01   6.608281e-03   0.000000e+00   14954
  2.582758e+00   5.759436e+01   5.010938e-03   0.000000e+00   15480
  2.604300e+00   5.745440e+01   6.781340e-03   0.000000e+00   14862
  2.624709e+00   5.921326e+01   8.274721e-03   0.000000e+00   15296
  2.646142e+00   6.056721e+01   7.791247e-03   0.000000e+00   15954
  2.667142e+00   6.058406e+01   6.604872e-03   0.000000e+00   15720
  2.688148e+00   6.082087e+01   2.767544e-03   0.000000e+00   16296
  2.709787e+00   6.000113e+01   4.291530e-03   0.000000e+00   17010
  2.730798e+00   6.121481e+01   3.532558e-03   0.000000e+00   16328
  2.751935e+00   6.128749e+01   3.692555e-03   0.000000e+00   17094
  2.773136e+00   6.233477e+01   8.831626e-03   0.000000e+00   17436
  2.794580e+00   6.254485e+01   8.977387e-03   0.000000e+00   17862
  2.816113e+00   6.318279e+01   7.644352e-03   0.000000e+00   18200
  2.837804e+00   6.394508e+01   0.000000e+00   0.000000e+00   18450
  2.859024e+00   6.437345e+01   3.587914e-03   0.000000e+00   18384
  2.880193e+00   6.551075e+01   5.861760e-03   0.000000e+00   18504
  2.901337e+00   6.640214e+01   4.314305e-03   0.000000e+00   19142
  2.922908e+00   6.665110e+01   6.150539e-03   0.000000e+00   19692
  2.944248e+00   6.715827e+01   6.327128e-03   0.000000e+00   19062
  2.965129e+00   6.669608e+01   0.000000e+00   0.000000e+00   20184
  2.986711e+00   6.687428e+01   7.624039e-03   0.000000e+00   19970
  3.007762e+00   6.877158e+01   0.000000e+00   0.000000e+00   20496
  3.029429e+00   6.817869e+01   8.908587e-03   0.000000e+00   21456
  3.050516e+00   6.907374e+01   6.122204e-03   0.000000e+00   19650
  3.071216e+00   6.912618e+01   9.941011e-03   0.000000e+00   22040
  3.093038e+00   6.917887e+01   1.326709e-02   0.000000e+00   21558
  3.114110e+00   7.118298e+01   0.000000e+00   0.000000e+00   21804
  3.135237e+00   7.015439e+01   8.268117e-03   0.000000e+00   21926
  3.156296e+00   7.115060e+01   9.701634e-03   0.000000e+00   22416
  3.177440e+00   7.108422e+01   8.756469e-03   0.000000e+00   22776
  3.199180e+00   7.261098e+01   6.885875e-03   0.000000e+00   23874
  3.220538e+00   7.236600e+01   1.098388e-03   0.000000e+00   23104
  3.241774e+00   7.286173e+01   0.000000e+00   0.000000e+00   23974
  3.263059e+00   7.410891e+01   1.416423e-02   0.000000e+00   23892
  3.283974e+00   7.420228e+01   0.000000e+00   0.000000e+00   23550
  3.305033e+00   7.343863e+01   6.924722e-03   0.000000e+00   25320
  3.326425e+00   7.523152e+01   1.223044e-02   0.000000e+00   24428
  3.347358e+00   7.437618e+01   8.374818e-03   0.000000e+00   25254
  3.368789e+00   7.447403e+01   0.000000e+00   0.000000e+00   26016
  3.389916e+00   7.726922e+01   0.000000e+00   0.000000e+00   25182
  3.411239e+00   7.669149e+01   3.935683e-03   0.000000e+00   27428
  3.432868e+00   7.628538e+01   5.848934e-03   0.000000e+00   25974
  3.453680e+00   7.661421e+01   9.055563e-03   0.000000e+00   26904
  3.474816e+00   7.753262e+01   3.394662e-03   0.000000e+00   26730
  3.495975e+00   7.865001e+01   0.000000e+00   0.000000e+00   27896
  3.517661e+00   7.654575e+01   1.072005e-02   0.000000e+00   28992
  3.539608e+00   7.854608e+01   2.733134e-03   0.000000e+00   28698
  3.560548e+00   7.899079e+01   0.000000e+00   0.000000e+00   27816
  3.581941e+00   7.923020e+01   0.000000e+00   0.000000e+00   29774
  3.603341e+00   7.961044e+01   6.885946e-03   0.000000e+00   29148
  3.624264e+00   8.063264e+01   0.000000e+00   0.000000e+00   28806
  3.645338e+00   8.074432e+01   1.174583e-02   0.000000e+00   30408
  3.666653e+00   8.010743e+01   0.000000e+00   0.000000e+00   30320
  3.688152e+00   8.222851e+01   0.000000e+00   0.000000e+00   30930
  3.709612e+00   8.145737e+01   0.000000e+00   0.000000e+00   31656
  3.730576e+00   8.172234e+01   5.450179e-04   0.000000e+00   30086
  3.751637e+00   8.200533e+01   1.362237e-02   0.000000e+00   32724
  3.772863e+00   8.119263e+01   8.102813e-03   0.000000e+00   30846
  3.793944e+00   8.294842e+01   2.902251e-03   0.000000e+00   33480
  3.815492e+00   8.102080e+01   1.100805e-02   0.000000e+00   32724
  3.836559e+00   8.216748e+01   6.958432e-03   0.000000e+00   32894
  3.857929e+00   8.286623e+01   0.000000e+00   0.000000e+00   34200
  3.879305e+00   8.287570e+01   8.850369e-03   0.000000e+00   33594
  3.900297e+00   8.364669e+01   0.000000e+00   0.000000e+00   34336
  3.921713e+00   8.451028e+01   3.650312e-03   0.000000e+00   34822
  3.942966e+00   8.367439e+01   0.000000e+00   0.000000e+00   35472
  3.964102e+00   8.475359e+01   0.000000e+00   0.000000e+00   34404
  3.985176e+00   8.588630e+01   0.000000e+00   0.000000e+00   36222
  4.006298e+00   8.433814e+01   5.925166e-03   0.000000e+00   35984
  4.027635e+00   8.594865e+01   8.695851e-03   0.000000e+00   36570
  4.048790e+00   8.604517e+01   0.000000e+00   0.000000e+00   37176
  4.070175e+00   8.649075e+01   0.000000e+00   0.000000e+00   37406
  4.091472e+00   8.636993e+01   0.000000e+00   0.000000e+00   38052
  4.112597e+00   8.571763e+01   0.000000e+00   0.000000e+00   37590
  4.134009e+00   8.690803e+01   1.084469e-02   0.000000e+00   39480
  4.155207e+00   8.790097e+01   0.000000e+00   0.000000e+00   38260
  4.176397e+00   8.628658e+01   1.072953e-02   0.000000e+00   39646
  4.198020e+00   8.878617e+01   5.631799e-03   0.000000e+00   40944
  4.219462e+00   8.837862e+01   0.000000e+00   0.000000e+00   39678
  4.240584e+00   8.799760e+01   0.000000e+00   0.000000e+00   40804
  4.261833e+00   8.892946e+01   0.000000e+00   0.000000e+00   40606
  4.283118e+00   8.842707e+01   1.430886e-02   0.000000e+00   42216
  4.304533e+00   8.805729e+01   0.000000e+00   0.000000e+00   41532
  4.325687e+00   8.931547e+01   0.000000e+00   0.000000e+00   41990
  4.346688e+00   8.828007e+01   1.529763e-02   0.000000e+00   42360
  4.368117e+00   8.762824e+01   4.924690e-03   0.000000e+00   43530
  4.389414e+00   9.053786e+01   8.733097e-03   0.000000e+00   43848
  4.410645e+00   8.942654e+01   0.000000e+00   0.000000e+00   42870
  4.431945e+00   8.965367e+01   1.443091e-02   0.000000e+00   46160
  4.453324e+00   9.029917e+01   6.489728e-03   0.000000e+00   43380
  4.474378e+00   8.971630e+01   0.000000e+00   0.000000e+00   45294
  4.495503e+00   8.907793e+01   1.347363e-02   0.000000e+00   45744
  4.517105e+00   9.027455e+01   0.000000e+00   0.000000e+00   46682
  4.538237e+00   9.137296e+01   7.710456e-03   0.000000e+00   45840
  4.559439e+00   9.054226e+01   0.000000e+00   0.000000e+00   47118
  4.580594e+00   9.167108e+01   1.986877e-02   0.000000e+00   47124
  4.601835e+00   9.137340e+01   4.375863e-03   0.000000e+00   47984
  4.623506e+00   9.075604e+01   9.027516e-03   0.000000e+00   49566
  4.644403e+00   9.186098e+01   4.974789e-03   0.000000e+00   46284
  4.665367e+00   9.035785e+01   1.407609e-02   0.000000e+00   49966
  4.686701e+00   9.176309e+01   1.043978e-02   0.000000e+00   49360
  4.707906e+00   9.211974e+01   2.049668e-03   0.000000e+00   49806
  4.729282e+00   9.322003e+01   1.208074e-02   0.000000e+00   51492
  4.750426e+00   9.250538e+01   1.582118e-02   0.000000e+00   49496
  4.771749e+00   9.267357e+01   1.558387e-02   0.000000e+00   53190
  4.793252e+00   9.217255e+01   0.000000e+00   0.000000e+00   51060
  4.814331e+00   9.279110e+01   0.000000e+00   0.000000e+00   52134
  4.835479e+00   9.206447e+01   9.935327e-03   0.000000e+00   53088
  4.856793e+00   9.265115e+01   6.722014e-03   0.000000e+00   52706
  4.878043e+00   9.339994e+01   1.001972e-02   0.000000e+00   54936
  4.899632e+00   9.305728e+01   0.000000e+00   0.000000e+00   53886
  4.920749e+00   9.409017e+01   0.000000e+00   0.000000e+00   54436
  4.941861e+00   9.288985e+01   0.000000e+00   0.000000e+00   55096
  4.963397e+00   9.344196e+01   0.000000e+00   0.000000e+00   56358
  4.984500e+00   9.339960e+01   0.000000e+00   0.000000e+00   55632
  5.005774e+00   9.283337e+01   2.054896e-02   0.000000e+00   56530
  5.026991e+00   9.331259e+01   0.000000e+00   0.000000e+00   57232
  5.048137e+00   9.287691e+01   0.000000e+00   0.000000e+00   56766
  5.069817e+00   9.436821e+01   0.000000e+00   0.000000e+00   60804
  5.090916e+00   9.522280e+01   0.000000e+00   0.000000e+00   55536
  5.112092e+00   9.367381e+01   2.583729e-02   0.000000e+00   61166
  5.133354e+00   9.354750e+01   0.000000e+00   0.000000e+00   57396
  5.154381e+00   9.377468e+01   1.187475e-02   0.000000e+00   60870
  5.175729e+00   9.398746e+01   0.000000e+00   0.000000e+00   60224
  5.196968e+00   9.440192e+01   1.794587e-02   0.000000e+00   61002
  5.218278e+00   9.420698e+01   1.639029e-02   0.000000e+00   62016
  5.239474e+00   9.429128e+01   0.000000e+00   0.000000e+00   60768
  5.260502e+00   9.440704e+01   2.386307e-02   0.000000e+00   62870
  5.281996e+00   9.363094e+01   9.209437e-03   0.000000e+00   63804
  5.303370e+00   9.387608e+01   1.116585e-02   0.000000e+00   63054
  5.324256e+00   9.444782e+01   8.245361e-03   0.000000e+00   63024
  5.345591e+00   9.327818e+01   0.000000e+00   0.000000e+00   65018
  5.366684e+00   9.458255e+01   1.572890e-02   0.000000e+00   64608
  5.387999e+00   9.444798e+01   0.000000e+00   0.000000e+00   65688
  5.409251e+00   9.460847e+01   2.322867e-02   0.000000e+00   65994
  5.430436e+00   9.555360e+01   0.000000e+00   0.000000e+00   66648
  5.451850e+00   9.462323e+01   1.586795e-02   0.000000e+00   67310
  5.472957e+00   9.461406e+01   0.000000e+00   0.000000e+00   67224
  5.494213e+00   9.482099e+01   6.351884e-03   0.000000e+00   68034
  5.515548e+00   9.413092e+01   0.000000e+00   0.000000e+00   69744
  5.536884e+00   9.426839e+01   1.213841e-02   0.000000e+00   68654
  5.558434e+00   9.479590e+01   1.610137e-02   0.000000e+00   72132
  5.579753e+00   9.539850e+01   9.450018e-03   0.000000e+00   68520
  5.600771e+00   9.473884e+01   1.520981e-02   0.000000e+00   71070
  5.622207e+00   9.442706e+01   0.000000e+00   0.000000e+00   71948
  5.643428e+00   9.434476e+01   2.333048e-02   0.000000e+00   71598
  5.664830e+00   9.488718e+01   0.000000e+00   0.000000e+00   73536
  5.686055e+00   9.515874e+01   2.827076e-02   0.000000e+00   71802
  5.707060e+00   9.538144e+01   0.000000e+00   0.000000e+00   73280
  5.728316e+00   9.553445e+01   0.000000e+00   0.000000e+00   73992
  5.749764e+00   9.551988e+01   1.325769e-02   0.000000e+00   75966
  5.771000e+00   9.507562e+01   0.000000e+00   0.000000e+00   74364
  5.792264e+00   9.468414e+01   1.615071e-02   0.000000e+00   76094
  5.813468e+00   9.446838e+01   0.000000e+00   0.000000e+00   76224
  5.834737e+00   9.327883e+01   9.648579e-03   0.000000e+00   76242
  5.855780e+00   9.518543e+01   0.000000e+00   0.000000e+00   76944
  5.877034e+00   9.519731e+01   0.000000e+00   0.000000e+00   78680
  5.898614e+00   9.500474e+01   1.825143e-02   0.000000e+00   79962
  5.919784e+00   9.452213e+01   9.169951e-03   0.000000e+00   77760
  5.940930e+00   9.396955e+01   2.172836e-02   0.000000e+00   79590
  5.962196e+00   9.436002e+01   0.000000e+00   0.000000e+00   80732
  5.983518e+00   9.401877e+01   2.733826e-02   0.000000e+00   81174
  6.004785e+00   9.438551e+01   9.061361e-03   0.000000e+00   80832
  6.025623e+00   9.501518e+01   2.773548e-02   0.000000e+00   79992
  6.047002e+00   9.498436e+01   0.000000e+00   0.000000e+00   84314
  6.068460e+00   9.427191e+01   0.000000e+00   0.000000e+00   83592
  6.089792e+00   9.385275e+01   2.028187e-02   0.000000e+00   83838
  6.111001e+00   9.426237e+01   0.000000e+00   0.000000e+00   83676
  6.132129e+00   9.413216e+01   1.321957e-02   0.000000e+00   84950
  6.153320e+00   9.355490e+01   0.000000e+00   0.000000e+00   84912
  6.174635e+00   9.410641e+01   2.501366e-02   0.000000e+00   87162
  6.196000e+00   9.333354e+01   0.000000e+00   0.000000e+00   86440
  6.217140e+00   9.332802e+01   0.000000e+00   0.000000e+00   86560
  6.238461e+00   9.330260e+01   2.767423e-03   0.000000e+00   88698
  6.259683e+00   9.418620e+01   3.104112e-02   0.000000e+00   88920
  6.281189e+00   9.385701e+01   0.000000e+00   0.000000e+00   88814
  6.302279e+00   9.340748e+01   7.717537e-03   0.000000e+00   90336
  6.323768e+00   9.331737e+01   0.000000e+00   0.000000e+00   90282
  6.344991e+00   9.412232e+01   0.000000e+00   0.000000e+00   90840
  6.366044e+00   9.296979e+01   2.186007e-02   0.000000e+00   91128
  6.387510e+00   9.297869e+01   0.000000e+00   0.000000e+00   92690
  6.408633e+00   9.261223e+01   0.000000e+00   0.000000e+00   92160
  6.429946e+00   9.303162e+01   0.000000e+00   0.000000e+00   93534
  6.451097e+00   9.369183e+01   0.000000e+00   0.000000e+00   93484
  6.472347e+00   9.250539e+01   4.847278e-03   0.000000e+00   95206
  6.493779e+00   9.205257e+01   9.876850e-03   0.000000e+00   96048
  6.514863e+00   9.233218e+01   9.011675e-03   0.000000e+00   93600
  6.536076e+00   9.223199e+01   0.000000e+00   0.000000e+00   97410
  6.557323e+00   9.198299e+01   2.783151e-02   0.000000e+00   97856
  6.578782e+00   9.080611e+01   0.000000e+00   0.000000e+00   97278
  6.599951e+00   9.175520e+01   1.650767e-02   0.000000e+00   98916
  6.621129e+00   9.121840e+01   0.000000e+00   0.000000e+00   96894
  6.642199e+00   9.182146e+01   0.000000e+00   0.000000e+00   100976
  6.663671e+00   9.130422e+01   0.000000e+00   0.000000e+00   100164
  6.684801e+00   9.111675e+01   0.000000e+00   0.000000e+00   100014
  6.705807e+00   9.080267e+01   2.053278e-02   0.000000e+00   101040
  6.727160e+00   9.080514e+01   0.000000e+00   0.000000e+00   102338
  6.748309e+00   9.080507e+01   1.312801e-02   0.000000e+00   102912
  6.769773e+00   9.055170e+01   0.000000e+00   0.000000e+00   104238
  6.790861e+00   9.031583e+01   2.035037e-02   0.000000e+00   103104
  6.812147e+00   9.073723e+01   1.754390e-02   0.000000e+00   105404
  6.833482e+00   9.126260e+01   0.000000e+00   0.000000e+00   105198
  6.854707e+00   8.986909e+01   0.000000e+00   0.000000e+00   106632
  6.876046e+00   8.988538e+01   2.627196e-02   0.000000e+00   106706
  6.897260e+00   9.045055e+01   0.000000e+00   0.000000e+00   106992
  6.918720e+00   8.938538e+01   0.000000e+00   0.000000e+00   110118
  6.939974e+00   8.998241e+01   3.256393e-02   0.000000e+00   108084
  6.961108e+00   8.988071e+01   1.235945e-02   0.000000e+00   108222
  6.982476e+00   8.923219e+01   0.000000e+00   0.000000e+00   112160
  7.003645e+00   8.925542e+01   1.804127e-02   0.000000e+00   108492
  7.024906e+00   8.899978e+01   2.337350e-02   0.000000e+00   113262
  7.046250e+00   8.888844e+01   0.000000e+00   0.000000e+00   111360
  7.067622e+00   8.878656e+01   0.000000e+00   0.000000e+00   114182
  7.088829e+00   8.890932e+01   3.432005e-02   0.000000e+00   112884
  7.110110e+00   8.799933e+01   7.420889e-03   0.000000e+00   113934
  7.131236e+00   8.869224e+01   0.000000e+00   0.000000e+00   114504
  7.152709e+00   8.788140e+01   0.000000e+00   0.000000e+00   117500
  7.173893e+00   8.804911e+01   2.432982e-02   0.000000e+00   114102
  7.195093e+00   8.772879e+01   9.467494e-03   0.000000e+00   118584
  7.216423e+00   8.777375e+01   0.000000e+00   0.000000e+00   115546
  7.237406e+00   8.845825e+01   2.238010e-02   0.000000e+00   118984
  7.258917e+00   8.807355e+01   5.930017e-03   0.000000e+00   119526
  7.280086e+00   8.795389e+01   2.606825e-03   0.000000e+00   119436
  7.301238e+00   8.705932e+01   0.000000e+00   0.000000e+00   118632
  7.322423e+00   8.724584e+01   2.456976e-02   0.000000e+00   122510
  7.343797e+00   8.644341e+01   0.000000e+00   0.000000e+00   121680
  7.365096e+00   8.739353e+01   0.000000e+00   0.000000e+00   121434
  7.386162e+00   8.673067e+01   0.000000e+00   0.000000e+00   123928
  7.407509e+00   8.719572e+01   0.000000e+00   0.000000e+00   123910
  7.428802e+00   8.706734e+01   0.000000e+00   0.000000e+00   124452
  7.450037e+00   8.629686e+01   0.000000e+00   0.000000e+00   125376
  7.471269e+00   8.623908e+01   2.150476e-02   0.000000e+00   126638
  7.492516e+00   8.565976e+01   8.133473e-03   0.000000e+00   125844
  7.513781e+00   8.573550e+01   0.000000e+00   0.000000e+00   128142
  7.535070e+00   8.564848e+01   0.000000e+00   0.000000e+00   128136
  7.556212e+00   8.533469e+01   9.877873e-03   0.000000e+00   127642
  7.577523e+00   8.506519e+01   0.000000e+00   0.000000e+00   131968
  7.599071e+00   8.427186e+01   0.000000e+00   0.000000e+00   130326
  7.620200e+00   8.491645e+01   2.249766e-02   0.000000e+00   131688
  7.641445e+00   8.425876e+01   1.060429e-02   0.000000e+00   130212
  7.662608e+00   8.413111e+01   0.000000e+00   0.000000e+00   132686
  7.684031e+00   8.450033e+01   0.000000e+00   0.000000e+00   135960
  7.705359e+00   8.431926e+01   1.684151e-02   0.000000e+00   131562
  7.726241e+00   8.368307e+01   1.318448e-02   0.000000e+00   134016
  7.747633e+00   8.343127e+01   0.000000e+00   0.000000e+00   136478
  7.768898e+00   8.332410e+01   2.959548e-02   0.000000e+00   136812
  7.790247e+00   8.316188e+01   1.819759e-02   0.000000e+00   137856
  7.811518e+00   8.334167e+01   0.000000e+00   0.000000e+00   135862
  7.832664e+00   8.259158e+01   0.000000e+00   0.000000e+00   140056
  7.854080e+00   8.320673e+01   2.538476e-02   0.000000e+00   139602
  7.875290e+00   8.270538e+01   0.000000e+00   0.000000e+00   139080
  7.896490e+00   8.253029e+01   0.000000e+00   0.000000e+00   140678
  7.917774e+00   8.217474e+01   1.246756e-02   0.000000e+00   142884
  7.938972e+00   8.198286e+01   1.053341e-02   0.000000e+00   139992
  7.960217e+00   8.198269e+01   0.000000e+00   0.000000e+00   144966
  7.981584e+00   8.197542e+01   0.000000e+00   0.000000e+00   143364
  8.002749e+00   8.126165e+01   1.934715e-02   0.000000e+00   144518
  8.023949e+00   8.114663e+01   2.018628e-02   0.000000e+00   145200
  8.045111e+00   8.091299e+01   0.000000e+00   0.000000e+00   143466
  8.066220e+00   8.110413e+01   0.000000e+00   0.000000e+00   148824
  8.087481e+00   8.098502e+01   1.699916e-02   0.000000e+00   145544
  8.108586e+00   8.086090e+01   0.000000e+00   0.000000e+00   148590
  8.129957e+00   8.079884e+01   0.000000e+00   0.000000e+00   150540
  8.151293e+00   8.026587e+01   2.867694e-02   0.000000e+00   150134
  8.172541e+00   7.984288e+01   0.000000e+00   0.000000e+00   151296
  8.193994e+00   7.995252e+01   0.000000e+00   0.000000e+00   152058
  8.215032e+00   7.984972e+01   1.712210e-02   0.000000e+00   150864
  8.236286e+00   7.901554e+01   1.639709e-02   0.000000e+00   154310
  8.257761e+00   7.946223e+01   0.000000e+00   0.000000e+00   155172
  8.279002e+00   7.898963e+01   0.000000e+00   0.000000e+00   154128
  8.300451e+00   7.865344e+01   1.332065e-02   0.000000e+00   158310
  8.321607e+00   7.889938e+01   1.971112e-02   0.000000e+00   153436
  8.342780e+00   7.824678e+01   0.000000e+00   0.000000e+00   157726
  8.364248e+00   7.831284e+01   0.000000e+00   0.000000e+00   160368
  8.385408e+00   7.793703e+01   9.660308e-03   0.000000e+00   155718
  8.406529e+00   7.784240e+01   0.000000e+00   0.000000e+00   160028
  8.427794e+00   7.743920e+01   0.000000e+00   0.000000e+00   160920
  8.449095e+00   7.796919e+01   1.369572e-02   0.000000e+00   161070
  8.470389e+00   7.759835e+01   3.150053e-02   0.000000e+00   163428
  8.491564e+00   7.803067e+01   0.000000e+00   0.000000e+00   159574
  8.512886e+00   7.653081e+01   0.000000e+00   0.000000e+00   167392
  8.534220e+00   7.704005e+01   2.522995e-02   0.000000e+00   162258
  8.555405e+00   7.632391e+01   1.267162e-02   0.000000e+00   167472
  8.576736e+00   7.660749e+01   0.000000e+00   0.000000e+00   163664
  8.597820e+00   7.637898e+01   0.000000e+00   0.000000e+00   166986
  8.619133e+00   7.613486e+01   1.832415e-02   0.000000e+00   169968
  8.640614e+00   7.610789e+01   0.000000e+00   0.000000e+00   167646
  8.661590e+00   7.579767e+01   0.000000e+00   0.000000e+00   168080
  8.682869e+00   7.527776e+01   1.568215e-02   0.000000e+00   170826
  8.704158e+00   7.547994e+01   0.000000e+00   0.000000e+00   170928
  8.725250e+00   7.513349e+01   1.769014e-02   0.000000e+00   170640
  8.746612e+00   7.450668e+01   0.000000e+00   0.000000e+00   173954
  8.767787e+00   7.485477e+01   2.749949e-02   0.000000e+00   173232
  8.789116e+00   7.444941e+01   0.000000e+00   0.000000e+00   174150
  8.810385e+00   7.420953e+01   2.959201e-03   0.000000e+00   176364
  8.831618e+00   7.419894e+01   1.738202e-02   0.000000e+00   175302
  8.852867e+00   7.394790e+01   7.026118e-03   0.000000e+00   177392
  8.874049e+00   7.375468e+01   1.832547e-02   0.000000e+00   176352
  8.895394e+00   7.333585e+01   0.000000e+00   0.000000e+00   180330
  8.916737e+00   7.327778e+01   9.559896e-03   0.000000e+00   180712
  8.937985e+00   7.309955e+01   1.574885e-02   0.000000e+00   179350
  8.959300e+00   7.267783e+01   1.418336e-02   0.000000e+00   183396
  8.980667e+00   7.222957e+01   0.000000e+00   0.000000e+00   180390
  9.001662e+00   7.196333e+01   0.000000e+00   0.000000e+00   181944
  9.023018e+00   7.206612e+01   0.000000e+00   0.000000e+00   185450
  9.044421e+00   7.204602e+01   8.157508e-03   0.000000e+00   186192
  9.065581e+00   7.164008e+01   2.082124e-02   0.000000e+00   183432
  9.086771e+00   7.137316e+01   0.000000e+00   0.000000e+00   185362
  9.107914e+00   7.084486e+01   4.794746e-03   0.000000e+00   188464
  9.129337e+00   7.106329e+01   0.000000e+00   0.000000e+00   188046
  9.150617e+00   7.092085e+01   1.398497e-02   0.000000e+00   191304
  9.171830e+00   7.094364e+01   2.525590e-02   0.000000e+00   186690
  9.193141e+00   7.035426e+01   0.000000e+00   0.000000e+00   194072
  9.214313e+00   7.020800e+01   2.172058e-02   0.000000e+00   188688
  9.235485e+00   7.005676e+01   0.000000e+00   0.000000e+00   192786
  9.256682e+00   6.977249e+01   9.350363e-03   0.000000e+00   193352
  9.278106e+00   6.941321e+01   0.000000e+00   0.000000e+00   195702
  9.299302e+00   6.956516e+01   2.870736e-02   0.000000e+00   195132
  9.320586e+00   6.915852e+01   0.000000e+00   0.000000e+00   195726
  9.341796e+00   6.920538e+01   0.000000e+00   0.000000e+00   197416
  9.363015e+00   6.899921e+01   7.667887e-03   0.000000e+00   196564
  9.384306e+00   6.881051e+01   1.970192e-02   0.000000e+00   201198
  9.405553e+00   6.843024e+01   5.808915e-03   0.000000e+00   197136
  9.426638e+00   6.804915e+01   0.000000e+00   0.000000e+00   199358
  9.447823e+00   6.784818e+01   2.874454e-02   0.000000e+00   203532
  9.469238e+00   6.818768e+01   0.000000e+00   0.000000e+00   201438
  9.490449e+00   6.819345e+01   0.000000e+00   0.000000e+00   203664
  9.511650e+00   6.729542e+01   2.845854e-02   0.000000e+00   203972
  9.532896e+00   6.688662e+01   2.294661e-02   0.000000e+00   205974
  9.554229e+00   6.720920e+01   0.000000e+00   0.000000e+00   205752
  9.575595e+00   6.679771e+01   0.000000e+00   0.000000e+00   207810
  9.596607e+00   6.673275e+01   3.676399e-02   0.000000e+00   206384
  9.618041e+00   6.605963e+01   0.000000e+00   0.000000e+00   210966
  9.639366e+00   6.625157e+01   0.000000e+00   0.000000e+00   210516
  9.660656e+00   6.562732e+01   0.000000e+00   0.000000e+00   209766
  9.681805e+00   6.575604e+01   4.180156e-02   0.000000e+00   212376
  9.703126e+00   6.550610e+01   0.000000e+00   0.000000e+00   212960
  9.724558e+00   6.525465e+01   0.000000e+00   0.000000e+00   214626
  9.745702e+00   6.479291e+01   3.048782e-02   0.000000e+00   213696
  9.766947e+00   6.466031e+01   3.025567e-02   0.000000e+00   215734
  9.788145e+00   6.445175e+01   0.000000e+00   0.000000e+00   213220
  9.809355e+00   6.435467e+01   0.000000e+00   0.000000e+00   219102
  9.830685e+00   6.417986e+01   3.470598e-02   0.000000e+00   220872
  9.851908e+00   6.382460e+01   5.114616e-02   0.000000e+00   216556
  9.873147e+00   6.393834e+01   3.984600e-02   0.000000e+00   221494
  9.894339e+00   6.383617e+01   4.330283e-02   0.000000e+00   219096
  9.915662e+00   6.316314e+01   3.160314e-02   0.000000e+00   224262
  9.937057e+00   6.334408e+01   0.000000e+00   0.000000e+00   222508
  9.958314e+00   6.278456e+01   0.000000e+00   0.000000e+00   222502
  9.979404e+00   6.320427e+01   4.089936e-02   0.000000e+00   227280
  1.000076e+01   6.292479e+01   1.971656e-02   0.000000e+00   223644
  1.002198e+01   6.232927e+01   0.000000e+00   0.000000e+00   226222
  1.004323e+01   6.204713e+01   0.000000e+00   0.000000e+00   229840
  1.006454e+01   6.183443e+01   2.663442e-02   0.000000e+00   228042
  1.008564e+01   6.184106e+01   0.000000e+00   0.000000e+00   227472
  1.010687e+01   6.180156e+01   0.000000e+00   0.000000e+00   230990
  1.012816e+01   6.146839e+01   5.947002e-03   0.000000e+00   233532
  1.014941e+01   6.133070e+01   3.076766e-02   0.000000e+00   231288
  1.017075e+01   6.104001e+01   0.000000e+00   0.000000e+00   233718
  1.019186e+01   6.095502e+01   0.000000e+00   0.000000e+00   232704
  1.021315e+01   6.049641e+01   3.144497e-02   0.000000e+00   239282
  1.023449e+01   6.070211e+01   3.878025e-02   0.000000e+00   234912
  1.025585e+01   6.020583e+01   0.000000e+00   0.000000e+00   238278
  1.027692e+01   6.002887e+01   3.810287e-02   0.000000e+00   237460
  1.029802e+01   5.981313e+01   2.760817e-02   0.000000e+00   236662
  1.031951e+01   5.969669e+01   0.000000e+00   0.000000e+00   246336
  1.034100e+01   5.946185e+01   0.000000e+00   0.000000e+00   241092
  1.036213e+01   5.935051e+01   3.554545e-02   0.000000e+00   242414
  1.038343e+01   5.914375e+01   1.414605e-02   0.000000e+00   243552
  1.040475e+01   5.882565e+01   0.000000e+00   0.000000e+00   243474
  1.042581e+01   5.891030e+01   2.487205e-02   0.000000e+00   245112
  1.044713e+01   5.843312e+01   2.727121e-02   0.000000e+00   246894
  1.046836e+01   5.835614e+01   2.001877e-02   0.000000e+00   247448
  1.048970e+01   5.816857e+01   0.000000e+00   0.000000e+00   247404
  1.051081e+01   5.794914e+01   4.050413e-02   0.000000e+00   249990
  1.053198e+01   5.819758e+01   3.846045e-02   0.000000e+00   249512
  1.055347e+01   5.768209e+01   0.000000e+00   0.000000e+00   253890
  1.057469e+01   5.741864e+01   0.000000e+00   0.000000e+00   250728
  1.059578e+01   5.715761e+01   4.912108e-02   0.000000e+00   253950
  1.061712e+01   5.713902e+01   0.000000e+00   0.000000e+00   254140
  1.063841e+01   5.683492e+01   0.000000e+00   0.000000e+00   255880
  1.065971e+01   5.670419e+01   3.100792e-02   0.000000e+00   258942
  1.068079e+01   5.639825e+01   4.628271e-02   0.000000e+00   253836
  1.070216e+01   5.629466e+01   0.000000e+00   0.000000e+00   260534
  1.072349e+01   5.609461e+01   0.000000e+00   0.000000e+00   259992
  1.074455e+01   5.554496e+01   4.855163e-02   0.000000e+00   258894
  1.076585e+01   5.573898e+01   3.840237e-02   0.000000e+00   263364
  1.078716e+01   5.556738e+01   0.000000e+00   0.000000e+00   259536
  1.080816e+01   5.534964e+01   2.085575e-02   0.000000e+00   263438
  1.082940e+01   5.499570e+01   4.368511e-02   0.000000e+00   265740
  1.085076e+01   5.493345e+01   0.000000e+00   0.000000e+00   264894
  1.087207e+01   5.493841e+01   0.000000e+00   0.000000e+00   269184
  1.089328e+01   5.450439e+01   4.142994e-02   0.000000e+00   266138
  1.091447e+01   5.465973e+01   2.903939e-02   0.000000e+00   270528
  1.093588e+01   5.453260e+01   0.000000e+00   0.000000e+00   268182
  1.095700e+01   5.427758e+01   0.000000e+00   0.000000e+00   270960
  1.097818e+01   5.429857e+01   5.038753e-02   0.000000e+00   274580
  1.099984e+01   5.427036e+01   0.000000e+00   0.000000e+00   276078
  1.102112e+01   5.378259e+01   0.000000e+00   0.000000e+00   273600
  1.104226e+01   5.337305e+01   4.195689e-02   0.000000e+00   274698
  1.106348e+01   5.310919e+01   4.460166e-02   0.000000e+00   276920
  1.108487e+01   5.337096e+01   0.000000e+00   0.000000e+00   276774
  1.110613e+01   5.310484e+01   0.000000e+00   0.000000e+00   279972
  1.112717e+01   5.293518e+01   3.603446e-02   0.000000e+00   276144
  1.114849e+01   5.275910e+01   1.661946e-02   0.000000e+00   282590
  1.116984e+01   5.252608e+01   0.000000e+00   0.000000e+00   282300
  1.119110e+01   5.251858e+01   0.000000e+00   0.000000e+00   283926
  1.121215e+01   5.213179e+01   4.828233e-02   0.000000e+00   279792
  1.123356e+01   5.218723e+01   0.000000e+00   0.000000e+00   287870
  1.125494e+01   5.226453e+01   0.000000e+00   0.000000e+00   286428
  1.127597e+01   5.187452e+01   4.714426e-02   0.000000e+00   284808
  1.129724e+01   5.173538e+01   1.572670e-02   0.000000e+00   289158
  1.131864e+01   5.166157e+01   0.000000e+00   0.000000e+00   290204
  1.133987e+01   5.127797e+01   0.000000e+00   0.000000e+00   290382
  1.136103e+01   5.104164e+01   3.216070e-02   0.000000e+00   291912
  1.138241e+01   5.121042e+01   0.000000e+00   0.000000e+00   290754
  1.140356e+01   5.097368e+01   1.839279e-02   0.000000e+00   296096
  1.142493e+01   5.086812e+01   2.751064e-02   0.000000e+00   294552
  1.144606e+01   5.075740e+01   4.801908e-02   0.000000e+00   293466
  1.146728e+01   5.066702e+01   0.000000e+00   0.000000e+00   296904
  1.148861e+01   5.035231e+01   0.000000e+00   0.000000e+00   298358
  1.150962e+01   5.034055e+01   4.692082e-02   0.000000e+00   297840
  1.153101e+01   5.012404e+01   1.806446e-02   0.000000e+00   301338
  1.155236e+01   5.031029e+01   0.000000e+00   0.000000e+00   300336
  1.157339e+01   5.003119e+01   5.045879e-02   0.000000e+00   303584
  1.159478e+01   4.990261e+01   4.160279e-02   0.000000e+00   304098
  1.161618e+01   4.963221e+01   0.000000e+00   0.000000e+00   304488
  1.163731e+01   4.965265e+01   4.590316e-02   0.000000e+00   306678
  1.165863e+01   4.958984e+01   0.000000e+00   0.000000e+00   305732
  1.167989e+01   4.941819e+01   1.673768e-02   0.000000e+00   309894
  1.170121e+01   4.936716e+01   2.550240e-02   0.000000e+00   310200
  1.172247e+01   4.899449e+01   0.000000e+00   0.000000e+00   307074
  1.174361e+01   4.911311e+01   4.821483e-02   0.000000e+00   315656
  1.176506e+01   4.885317e+01   0.000000e+00   0.000000e+00   310704
  1.178640e+01   4.894918e+01   0.000000e+00   0.000000e+00   314310
  1.180730e+01   4.866540e+01   5.661103e-02   0.000000e+00   312412
  1.182874e+01   4.868608e+01   0.000000e+00   0.000000e+00   318310
  1.185009e+01   4.866017e+01   0.000000e+00   0.000000e+00   315648
  1.187118e+01   4.835541e+01   4.475966e-02   0.000000e+00   320610
  1.189241e+01   4.871836e+01   0.000000e+00   0.000000e+00   313944
  1.191368e+01   4.807592e+01   0.000000e+00   0.000000e+00   325880
  1.193498e+01   4.825155e+01   4.459346e-02   0.000000e+00   319146
  1.195625e+01   4.787739e+01   0.000000e+00   0.000000e+00   322896
  1.197734e+01   4.797111e+01   4.987195e-02   0.000000e+00   322206
  1.199867e+01   4.774623e+01   0.000000e+00   0.000000e+00   327416
  1.202013e+01   4.760176e+01   0.000000e+00   0.000000e+00   325602
  1.204111e+01   4.761854e+01   6.022481e-02   0.000000e+00   328248
  1.206244e+01   4.780185e+01   0.000000e+00   0.000000e+00   326088
  1.208388e+01   4.765831e+01   0.000000e+00   0.000000e+00   331658
  1.210487e+01   4.758958e+01   5.453028e-02   0.000000e+00   331584
  1.212626e+01   4.754313e+01   2.602858e-02   0.000000e+00   330630
  1.214760e+01   4.740561e+01   0.000000e+00   0.000000e+00   333204
  1.216856e+01   4.713112e+01   6.168890e-02   0.000000e+00   333470
  1.219005e+01   4.746529e+01   0.000000e+00   0.000000e+00   335688
  1.221117e+01   4.714413e+01   2.112129e-02   0.000000e+00   336828
  1.223239e+01   4.722653e+01   2.775385e-02   0.000000e+00   337662
  1.225381e+01   4.695971e+01   0.000000e+00   0.000000e+00   338960
  1.227473e+01   4.722358e+01   5.643110e-02   0.000000e+00   338262
  1.229610e+01   4.692383e+01   4.674740e-02   0.000000e+00   344388
  1.231765e+01   4.710002e+01   0.000000e+00   0.000000e+00   342486
  1.233850e+01   4.689935e+01   7.162918e-02   0.000000e+00   343592
  1.236004e+01   4.658481e+01   8.217336e-03   0.000000e+00   347130
  1.238147e+01   4.705465e+01   0.000000e+00   0.000000e+00   346152
  1.240240e+01   4.670601e+01   6.764375e-02   0.000000e+00   345856
  1.242389e+01   4.699818e+01   0.000000e+00   0.000000e+00   349354
  1.244520e+01   4.664386e+01   0.000000e+00   0.000000e+00   352032
  1.246632e+01   4.661481e+01   5.716660e-02   0.000000e+00   348582
  1.248777e+01   4.674953e+01   0.000000e+00   0.000000e+00   352244
  1.250865e+01   4.653678e+01   6.950821e-02   0.000000e+00   351582
  1.253008e+01   4.677763e+01   1.372512e-02   0.000000e+00   357144
  1.255158e+01   4.650704e+01   0.000000e+00   0.000000e+00   355560
  1.257251e+01   4.645646e+01   6.546373e-02   0.000000e+00   354551
  1.259391e+01   4.644188e+01   1.044695e-02   0.000000e+00   358044
  1.261540e+01   4.604658e+01   0.000000e+00   0.000000e+00   355272
  1.263624e+01   4.576688e+01   7.176455e-02   0.000000e+00   352044
  1.265759e+01   4.571417e+01   0.000000e+00   0.000000e+00   352344
  1.267894e+01   4.550774e+01   0.000000e+00   0.000000e+00   356516
  1.270005e+01   4.526728e+01   4.998962e-02   0.000000e+00   352848
  1.272166e+01   4.497898e+01   0.000000e+00   0.000000e+00   352980
  1.274263e+01   4.499887e+01   4.251093e-02   0.000000e+00   348948
  1.276384e+01   4.463104e+01   3.718075e-02   0.000000e+00   351692
  1.278547e+01   4.463583e+01   0.000000e+00   0.000000e+00   353064
  1.280634e+01   4.443985e+01   6.376661e-02   0.000000e+00   345624
  1.282758e+01   4.428738e+01   0.000000e+00   0.000000e+00   347844
  1.284907e+01   4.425768e+01   0.000000e+00   0.000000e+00   351020
  1.287004e+01   4.371421e+01   5.867910e-02   0.000000e+00   345852
  1.289140e+01   4.374271e+01   1.123993e-02   0.000000e+00   347040
  1.291279e+01   4.349941e+01   0.000000e+00   0.000000e+00   345928
  1.293376e+01   4.319749e+01   6.008295e-02   0.000000e+00   347020
  1.295524e+01   4.308285e+01   0.000000e+00   0.000000e+00   343032
  1.297641e+01   4.280744e+01   0.000000e+00   0.000000e+00   343620
  1.299748e+01   4.269668e+01   6.154275e-02   0.000000e+00   343988
  1.301913e+01   4.258759e+01   0.000000e+00   0.000000e+00   344556
  1.304018e+01   4.227346e+01   4.480305e-02   0.000000e+00   343632
  1.306159e+01   4.223557e+01   0.000000e+00   0.000000e+00   340392
  1.308295e+01   4.177597e+01   0.000000e+00   0.000000e+00   339408
  1.310383e+01   4.173439e+01   7.607227e-02   0.000000e+00   341864
  1.312541e+01   4.152114e+01   0.000000e+00   0.000000e+00   341964
  1.314677e+01   4.149508e+01   0.000000e+00   0.000000e+00   334380
  1.316746e+01   4.108690e+01   7.183439e-02   0.000000e+00   336504
  1.318902e+01   4.106126e+01   1.721602e-02   0.000000e+00   339560
  1.321037e+01   4.091506e+01   0.000000e+00   0.000000e+00   336384
  1.323144e+01   4.069954e+01   7.516102e-02   0.000000e+00   337404
  1.325294e+01   4.044688e+01   0.000000e+00   0.000000e+00   330156
  1.327389e+01   4.020749e+01   5.901736e-02   0.000000e+00   337808
  1.329534e+01   4.015662e+01   0.000000e+00   0.000000e+00   332748
  1.331677e+01   3.995662e+01   0.000000e+00   0.000000e+00   333612
  1.333770e+01   3.963735e+01   5.953963e-02   0.000000e+00   331860
  1.335905e+01   3.961052e+01   2.755008e-02   0.000000e+00   328376
  1.338036e+01   3.935793e+01   0.000000e+00   0.000000e+00   331140
  1.340142e+01   3.929456e+01   7.243165e-02   0.000000e+00   332988
  1.342278e+01   3.911045e+01   2.889732e-02   0.000000e+00   325224
  1.344422e+01   3.878682e+01   0.000000e+00   0.000000e+00   331544
  1.346525e+01   3.893651e+01   6.838390e-02   0.000000e+00   327264
  1.348660e+01   3.863345e+01   0.000000e+00   0.000000e+00   322308
  1.350776e+01   3.849955e+01   2.412148e-02   0.000000e+00   328136
  1.352882e+01   3.835413e+01   5.128499e-02   0.000000e+00   323172
  1.355038e+01   3.825788e+01   0.000000e+00   0.000000e+00   325248
  1.357139e+01   3.767134e+01   6.341830e-02   0.000000e+00   324096
  1.359270e+01   3.770415e+01   0.000000e+00   0.000000e+00   321540
  1.361421e+01   3.745398e+01   0.000000e+00   0.000000e+00   323744
  1.363503e+01   3.755417e+01   7.105279e-02   0.000000e+00   317400
  1.365639e+01   3.728987e+01   1.943634e-02   0.000000e+00   322560
  1.367794e+01   3.712757e+01   0.000000e+00   0.000000e+00   320076
  1.369883e+01   3.698222e+01   7.371306e-02   0.000000e+00   317204
  1.372050e+01   3.669051e+01   0.000000e+00   0.000000e+00   323064
  1.374185e+01   3.666255e+01   0.000000e+00   0.000000e+00   315204
  1.376267e+01   3.647968e+01   8.017725e-02   0.000000e+00   315416
  1.378442e+01   3.652054e+01   0.000000e+00   0.000000e+00   316884
  1.380538e+01   3.631028e+01   4.843238e-02   0.000000e+00   312876
  1.382662e+01   3.615906e+01   5.618132e-02   0.000000e+00   315540
  1.384825e+01   3.590017e+01   0.000000e+00   0.000000e+00   312576
  1.386904e+01   3.561176e+01   7.988832e-02   0.000000e+00   312140
  1.389052e+01   3.559097e+01   2.035182e-02   0.000000e+00   310356
  1.391199e+01   3.525077e+01   0.000000e+00   0.000000e+00   311232
  1.393277e+01   3.532169e+01   7.169078e-02   0.000000e+00   307584
  1.395428e+01   3.525554e+01   3.262434e-02   0.000000e+00   310616
  1.397560e+01   3.524262e+01   0.000000e+00   0.000000e+00   304200
  1.399640e+01   3.483866e+01   7.972614e-02   0.000000e+00   306792
  1.401808e+01   3.475536e+01   0.000000e+00   0.000000e+00   306168
  1.403909e+01   3.443984e+01   0.000000e+00   0.000000e+00   304448
  1.406042e+01   3.445767e+01   6.875951e-02   0.000000e+00   308580
  1.408202e+01   3.426094e+01   0.000000e+00   0.000000e+00   299568
  1.410280e+01   3.414034e+01   6.826317e-02   0.000000e+00   304416
  1.412435e+01   3.407858e+01   3.779564e-02   0.000000e+00   302216
  1.414578e+01   3.400547e+01   0.000000e+00   0.000000e+00   300084
  1.416667e+01   3.374155e+01   8.640005e-02   0.000000e+00   299340
  1.418803e+01   3.359740e+01   0.000000e+00   0.000000e+00   296688
  1.420942e+01   3.348970e+01   0.000000e+00   0.000000e+00   298820
  1.423029e+01   3.339572e+01   8.294156e-02   0.000000e+00   296916
  1.425189e+01   3.304367e+01   0.000000e+00   0.000000e+00   295920
  1.427301e+01   3.303608e+01   1.060304e-02   0.000000e+00   292692
  1.429397e+01   3.300523e+01   7.588007e-02   0.000000e+00   295892
  1.431576e+01   3.289188e+01   0.000000e+00   0.000000e+00   293064
  1.433671e+01   3.259396e+01   4.170102e-02   0.000000e+00   293220
  1.435788e+01   3.266996e+01   3.789483e-02   0.000000e+00   286804
  1.437936e+01   3.242437e+01   0.000000e+00   0.000000e+00   293080
  1.440039e+01   3.237581e+01   7.547723e-02   0.000000e+00   291816
  1.442194e+01   3.224648e+01   0.000000e+00   0.000000e+00   287784
  1.444329e+01   3.214725e+01   0.000000e+00   0.000000e+00   286760
  1.446414e+01   3.209347e+01   8.028121e-02   0.000000e+00   287088
  1.448565e+01   3.181543e+01   0.000000e+00   0.000000e+00   286176
  1.450707e+01   3.181851e+01   0.000000e+00   0.000000e+00   284184
  1.452787e+01   3.171746e+01   7.122975e-02   0.000000e+00   282220
  1.454958e+01   3.144841e+01   0.000000e+00   0.000000e+00   284452
  1.457063e+01   3.142541e+01   0.000000e+00   0.000000e+00   279516
  1.459173e+01   3.116754e+01   7.699794e-02   0.000000e+00   282696
  1.461347e+01   3.115367e+01   0.000000e+00   0.000000e+00   278676
  1.463426e+01   3.084957e+01   7.951887e-02   0.000000e+00   279512
  1.465568e+01   3.092990e+01   8.237507e-03   0.000000e+00   276672
  1.467715e+01   3.089755e+01   0.000000e+00   0.000000e+00   276036
  1.469785e+01   3.074885e+01   7.705326e-02   0.000000e+00   274416
  1.471935e+01   3.045044e+01   3.614458e-02   0.000000e+00   275384
  1.474085e+01   3.051854e+01   0.000000e+00   0.000000e+00   274560
  1.476173e+01   3.034387e+01   8.454492e-02   0.000000e+00   272220
  1.478334e+01   3.026502e+01   0.000000e+00   0.000000e+00   270492
  1.480450e+01   3.017890e+01   0.000000e+00   0.000000e+00   271532
  1.482568e+01   2.997585e+01   5.156581e-02   0.000000e+00   272052
  1.484719e+01   3.001860e+01   0.000000e+00   0.000000e+00   264372
  1.486800e+01   2.981916e+01   4.554190e-02   0.000000e+00   268652
  1.488944e+01   2.956516e+01   5.370918e-02   0.000000e+00   266760
  1.491080e+01   2.961173e+01   0.000000e+00   0.000000e+00   262536
  1.493171e+01   2.966628e+01   8.411115e-02   0.000000e+00   266460
  1.495315e+01   2.946092e+01   0.000000e+00   0.000000e+00   261560
  1.497449e+01   2.928707e+01   0.000000e+00   0.000000e+00   262236
  1.499549e+01   2.908002e+01   7.515068e-02   0.000000e+00   261708
  1.501690e+01   2.888321e+01   0.000000e+00   0.000000e+00   258960
  1.503825e+01   2.881717e+01   0.000000e+00   0.000000e+00   258376
  1.505913e+01   2.884355e+01   7.166789e-02   0.000000e+00   258304
  1.508091e+01   2.873165e+01   0.000000e+00   0.000000e+00   259368
  1.510195e+01   2.859314e+01   3.430209e-02   0.000000e+00   253332
  1.512302e+01   2.845786e+01   7.508565e-02   0.000000e+00   254448
  1.514471e+01   2.851608e+01   0.000000e+00   0.000000e+00   255248
  1.516565e+01   2.829956e+01   7.758805e-02   0.000000e+00   252180
  1.518711e+01   2.824305e+01   2.966489e-02   0.000000e+00   252744
  1.520852e+01   2.815495e+01   0.000000e+00   0.000000e+00   247348
  1.522930e+01   2.812579e+01   9.371801e-02   0.000000e+00   250432
  1.525082e+01   2.789156e+01   0.000000e+00   0.000000e+00   247860
  1.527231e+01   2.780227e+01   0.000000e+00   0.000000e+00   247716
  1.529310e+01   2.772450e+01   7.852601e-02   0.000000e+00   242472
  1.531476e+01   2.758640e+01   0.000000e+00   0.000000e+00   248672
  1.533588e+01   2.765945e+01   3.404338e-02   0.000000e+00   239352
  1.535687e+01   2.759223e+01   6.352188e-02   0.000000e+00   245088
  1.537857e+01   2.739197e+01   0.000000e+00   0.000000e+00   239232
  1.539936e+01   2.738060e+01   8.365968e-02   0.000000e+00   240320
  1.542090e+01   2.738294e+01   0.000000e+00   0.000000e+00   239340
  1.544240e+01   2.720499e+01   0.000000e+00   0.000000e+00   237636
  1.546311e+01   2.731298e+01   8.012330e-02   0.000000e+00   235980
  1.548461e+01   2.701915e+01   0.000000e+00   0.000000e+00   235304
  1.550605e+01   2.693649e+01   0.000000e+00   0.000000e+00   234576
  1.552690e+01   2.680223e+01   7.403869e-02   0.000000e+00   232788
  1.554840e+01   2.662625e+01   0.000000e+00   0.000000e+00   230400
  1.556963e+01   2.663449e+01   0.000000e+00   0.000000e+00   231836
  1.559071e+01   2.672761e+01   7.921621e-02   0.000000e+00   231288
  1.561245e+01   2.644473e+01   0.000000e+00   0.000000e+00   226536
  1.563325e+01   2.640839e+01   6.241550e-02   0.000000e+00   226084
  1.565447e+01   2.641330e+01   5.289701e-02   0.000000e+00   227116
  1.567612e+01   2.623720e+01   0.000000e+00   0.000000e+00   223800
  1.569693e+01   2.619232e+01   8.547255e-02   0.000000e+00   223884
  1.571836e+01   2.597115e+01   0.000000e+00   0.000000e+00   222360
  1.573983e+01   2.601921e+01   0.000000e+00   0.000000e+00   221156
  1.576078e+01   2.600937e+01   9.478790e-02   0.000000e+00   221724
  1.578235e+01   2.576940e+01   0.000000e+00   0.000000e+00   217584
  1.580363e+01   2.587399e+01   0.000000e+00   0.000000e+00   217576
  1.582449e+01   2.571854e+01   9.808520e-02   0.000000e+00   215464
  1.584614e+01   2.571784e+01   0.000000e+00   0.000000e+00   215472
  1.586724e+01   2.559101e+01   2.654700e-02   0.000000e+00   213768
  1.588826e+01   2.541547e+01   8.493432e-02   0.000000e+00   210956
  1.590983e+01   2.532015e+01   0.000000e+00   0.000000e+00   211788
  1.593090e+01   2.540238e+01   4.657407e-02   0.000000e+00   211092
  1.595229e+01   2.511524e+01   3.241861e-02   0.000000e+00   209556
  1.597383e+01   2.517617e+01   0.000000e+00   0.000000e+00   206700
  1.599456e+01   2.511861e+01   8.027332e-02   0.000000e+00   206048
  1.601602e+01   2.514291e+01   0.000000e+00   0.000000e+00   204744
  1.603743e+01   2.496413e+01   0.000000e+00   0.000000e+00   202992
  1.605815e+01   2.499619e+01   8.904146e-02   0.000000e+00   201944
  1.607992e+01   2.498436e+01   0.000000e+00   0.000000e+00   203304
  1.610125e+01   2.490269e+01   0.000000e+00   0.000000e+00   200484
  1.612202e+01   2.484060e+01   9.542370e-02   0.000000e+00   195516
  1.614379e+01   2.465272e+01   0.000000e+00   0.000000e+00   198860
  1.616467e+01   2.476305e+01   4.210219e-02   0.000000e+00   195264
  1.618595e+01   2.466842e+01   6.184196e-02   0.000000e+00   195984
  1.620758e+01   2.475845e+01   0.000000e+00   0.000000e+00   191808
  1.622817e+01   2.445556e+01   7.303139e-02   0.000000e+00   190776
  1.624959e+01   2.451094e+01   1.575542e-02   0.000000e+00   192032
  1.627117e+01   2.442377e+01   0.000000e+00   0.000000e+00   188628
  1.629190e+01   2.449719e+01   1.008286e-01   0.000000e+00   189444
  1.631357e+01   2.437510e+01   0.000000e+00   0.000000e+00   186260
  1.633472e+01   2.429529e+01   0.000000e+00   0.000000e+00   184560
  1.635569e+01   2.405264e+01   9.200634e-02   0.000000e+00   185832
  1.637754e+01   2.419198e+01   0.000000e+00   0.000000e+00   182400
  1.639844e+01   2.415797e+01   4.291029e-02   0.000000e+00   181380
  1.641955e+01   2.405884e+01   7.654590e-02   0.000000e+00   180332
  1.644125e+01   2.391540e+01   0.000000e+00   0.000000e+00   178236
  1.646218e+01   2.383890e+01   5.427817e-02   0.000000e+00   179184
  1.648350e+01   2.378956e+01   7.009691e-02   0.000000e+00   175028
  1.650500e+01   2.376379e+01   0.000000e+00   0.000000e+00   175440
  1.652602e+01   2.377883e+01   7.554711e-02   0.000000e+00   174828
  1.654745e+01   2.360927e+01   0.000000e+00   0.000000e+00   169896
  1.656867e+01   2.363897e+01   0.000000e+00   0.000000e+00   171708
  1.658966e+01   2.338610e+01   9.726965e-02   0.000000e+00   169328
  1.661120e+01   2.361811e+01   0.000000e+00   0.000000e+00   167364
  1.663245e+01   2.349408e+01   3.481475e-02   0.000000e+00   168192
  1.665343e+01   2.352497e+01   8.705860e-02   0.000000e+00   163188
  1.667519e+01   2.336959e+01   0.000000e+00   0.000000e+00   166184
  1.669627e+01   2.332830e+01   4.382744e-02   0.000000e+00   161460
  1.671729e+01   2.328316e+01   8.118215e-02   0.000000e+00   159972
  1.673883e+01   2.328681e+01   0.000000e+00   0.000000e+00   159488
  1.675972e+01   2.321515e+01   7.525080e-02   0.000000e+00   158148
  1.678125e+01   2.319387e+01   0.000000e+00   0.000000e+00   158100
  1.680275e+01   2.312919e+01   0.000000e+00   0.000000e+00   155232
  1.682334e+01   2.309281e+01   8.577966e-02   0.000000e+00   151216
  1.684499e+01   2.320475e+01   0.000000e+00   0.000000e+00   155560
  1.686650e+01   2.300863e+01   0.000000e+00   0.000000e+00   151404
  1.688722e+01   2.309434e+01   1.031675e-01   0.000000e+00   148356
  1.690892e+01   2.289425e+01   0.000000e+00   0.000000e+00   147164
  1.692986e+01   2.282688e+01   2.822491e-02   0.000000e+00   147384
  1.695104e+01   2.295208e+01   6.915439e-02   0.000000e+00   145992
  1.697285e+01   2.287648e+01   0.000000e+00   0.000000e+00   143856
  1.699340e+01   2.283428e+01   6.914166e-02   0.000000e+00   140384
  1.701489e+01   2.290271e+01   3.531392e-02   0.000000e+00   143856
  1.703649e+01   2.263288e+01   0.000000e+00   0.000000e+00   136968
  1.705711e+01   2.265780e+01   9.483363e-02   0.000000e+00   139536
  1.707888e+01   2.277186e+01   0.000000e+00   0.000000e+00   136916
  1.710001e+01   2.231528e+01   0.000000e+00   0.000000e+00   133032
  1.712088e+01   2.270432e+01   9.550587e-02   0.000000e+00   135540
  1.714280e+01   2.247672e+01   0.000000e+00   0.000000e+00   132096
  1.716368e+01   2.266996e+01   0.000000e+00   0.000000e+00   129540
  1.718476e+01   2.234338e+01   9.258822e-02   0.000000e+00   130640
  1.720648e+01   2.205292e+01   0.000000e+00   0.000000e+00   126276
  1.722742e+01   2.245917e+01   5.527152e-02   0.000000e+00   128484
  1.724899e+01   2.226286e+01   1.763380e-02   0.000000e+00   124168
  1.727028e+01   2.201793e+01   0.000000e+00   0.000000e+00   122224
  1.729123e+01   2.220825e+01   8.362009e-02   0.000000e+00   123156
  1.731279e+01   2.198817e+01   0.000000e+00   0.000000e+00   119688
  1.733386e+01   2.207186e+01   0.000000e+00   0.000000e+00   116640
  1.735483e+01   2.207932e+01   9.850547e-02   0.000000e+00   119696
  1.737649e+01   2.186792e+01   0.000000e+00   0.000000e+00   114276
  1.739766e+01   2.213779e+01   0.000000e+00   0.000000e+00   114060
  1.741863e+01   2.172860e+01   9.271032e-02   0.000000e+00   112536
  1.744033e+01   2.173631e+01   0.000000e+00   0.000000e+00   112196
  1.746153e+01   2.192249e+01   4.123468e-02   0.000000e+00   109404
  1.748254e+01   2.154552e+01   5.015593e-02   0.000000e+00   105900
  1.750389e+01   2.197976e+01   0.000000e+00   0.000000e+00   107176
  1.752495e+01   2.158466e+01   6.813470e-02   0.000000e+00   105088
  1.754638e+01   2.134164e+01   2.678646e-02   0.000000e+00   103800
  1.756788e+01   2.142865e+01   0.000000e+00   0.000000e+00   101340
  1.758872e+01   2.116454e+01   7.710423e-02   0.000000e+00   100036
  1.761006e+01   2.127576e+01   0.000000e+00   0.000000e+00   97672
  1.763147e+01   2.130090e+01   0.000000e+00   0.000000e+00   97908
  1.765246e+01   2.091154e+01   8.019174e-02   0.000000e+00   95328
  1.767394e+01   2.105871e+01   0.000000e+00   0.000000e+00   93600
  1.769511e+01   2.070941e+01   0.000000e+00   0.000000e+00   92312
  1.771626e+01   2.053068e+01   6.987581e-02   0.000000e+00   91044
  1.773780e+01   2.067550e+01   0.000000e+00   0.000000e+00   88500
  1.775853e+01   2.038296e+01   5.345835e-02   0.000000e+00   86216
  1.777991e+01   2.034214e+01   0.000000e+00   0.000000e+00   87159
  1.780170e+01   2.006021e+01   0.000000e+00   0.000000e+00   86064
  1.782261e+01   2.005769e+01   8.072874e-02   0.000000e+00   81648
  1.784383e+01   2.016781e+01   7.682325e-03   0.000000e+00   81654
  1.786535e+01   1.972883e+01   0.000000e+00   0.000000e+00   81284
  1.788644e+01   1.967759e+01   5.886787e-02   0.000000e+00   78888
  1.790770e+01   1.968709e+01   1.197690e-02   0.000000e+00   77250
  1.792879e+01   1.951311e+01   0.000000e+00   0.000000e+00   75942
  1.794991e+01   1.941254e+01   6.275719e-02   0.000000e+00   77042
  1.797160e+01   1.940616e+01   0.000000e+00   0.000000e+00   74094
  1.799279e+01   1.933580e+01   3.470216e-02   0.000000e+00   73818
  1.801400e+01   1.952877e+01   0.000000e+00   0.000000e+00   70998
  1.803529e+01   1.906178e+01   0.000000e+00   0.000000e+00   72044
  1.805652e+01   1.900891e+01   6.534389e-02   0.000000e+00   69426
  1.807790e+01   1.910266e+01   0.000000e+00   0.000000e+00   69288
  1.809912e+01   1.891805e+01   0.000000e+00   0.000000e+00   67068
  1.812008e+01   1.878397e+01   6.769166e-02   0.000000e+00   66926
  1.814154e+01   1.879582e+01   5.743574e-02   0.000000e+00   66348
  1.816309e+01   1.893270e+01   0.000000e+00   0.000000e+00   64728
  1.818404e+01   1.855243e+01   0.000000e+00   0.000000e+00   62820
  1.820526e+01   1.869107e+01   0.000000e+00   0.000000e+00   63716
  1.822675e+01   1.866910e+01   1.769685e-02   0.000000e+00   62160
  1.824795e+01   1.839017e+01   0.000000e+00   0.000000e+00   59940
  1.826899e+01   1.850163e+01   1.666221e-02   0.000000e+00   60112
  1.829021e+01   1.843232e+01   6.430469e-02   0.000000e+00   59668
  1.831176e+01   1.827234e+01   0.000000e+00   0.000000e+00   57618
  1.833276e+01   1.801382e+01   1.845775e-02   0.000000e+00   56868
  1.835379e+01   1.821405e+01   6.252161e-02   0.000000e+00   56684
  1.837515e+01   1.810820e+01   2.730910e-02   0.000000e+00   55536
  1.839655e+01   1.783737e+01   0.000000e+00   0.000000e+00   54342
  1.841784e+01   1.814342e+01   1.915699e-02   0.000000e+00   54768
  1.843889e+01   1.813573e+01   6.213036e-02   0.000000e+00   52094
  1.846015e+01   1.788949e+01   0.000000e+00   0.000000e+00   52224
  1.848171e+01   1.780189e+01   0.000000e+00   0.000000e+00   52188
  1.850284e+01   1.779131e+01   5.547718e-02   0.000000e+00   50190
  1.852384e+01   1.782338e+01   4.516353e-02   0.000000e+00   49224
  1.854525e+01   1.762629e+01   0.000000e+00   0.000000e+00   49094
  1.856674e+01   1.776692e+01   1.395957e-02   0.000000e+00   49488
  1.858801e+01   1.744590e+01   5.849423e-02   0.000000e+00   46830
  1.860898e+01   1.730878e+01   1.460962e-02   0.000000e+00   45860
  1.863032e+01   1.727481e+01   0.000000e+00   0.000000e+00   46770
  1.865173e+01   1.743760e+01   2.400815e-02   0.000000e+00   45468
  1.867296e+01   1.732633e+01   3.993629e-02   0.000000e+00   44130
  1.869410e+01   1.755306e+01   0.000000e+00   0.000000e+00   43230
  1.871538e+01   1.730299e+01   0.000000e+00   0.000000e+00   44108
  1.873682e+01   1.703488e+01   3.994094e-02   0.000000e+00   42162
  1.875801e+01   1.729365e+01   3.829197e-02   0.000000e+00   41358
  1.877904e+01   1.735620e+01   0.000000e+00   0.000000e+00   40456
  1.880031e+01   1.697401e+01   3.525362e-02   0.000000e+00   41230
  1.882193e+01   1.727538e+01   4.705106e-02   0.000000e+00   39906
  1.884323e+01   1.722815e+01   0.000000e+00   0.000000e+00   38508
  1.886415e+01   1.737433e+01   0.000000e+00   0.000000e+00   37854
  1.888527e+01   1.681597e+01   5.741216e-02   0.000000e+00   38162
  1.890689e+01   1.704241e+01   2.922484e-02   0.000000e+00   37212
  1.892823e+01   1.686591e+01   0.000000e+00   0.000000e+00   36450
  1.894904e+01   1.673469e+01   3.084956e-02   0.000000e+00   34718
  1.897014e+01   1.695746e+01   2.134749e-02   0.000000e+00   35814
  1.899178e+01   1.696341e+01   2.209376e-02   0.000000e+00   34896
  1.901314e+01   1.702488e+01   0.000000e+00   0.000000e+00   33822
  1.903390e+01   1.687901e+01   4.468139e-02   0.000000e+00   32522
  1.905522e+01   1.666841e+01   0.000000e+00   0.000000e+00   33630
  1.907685e+01   1.667936e+01   0.000000e+00   0.000000e+00   32166
  1.909787e+01   1.687598e+01   2.486651e-02   0.000000e+00   31200
  1.911872e+01   1.661331e+01   1.446083e-02   0.000000e+00   30598
  1.914003e+01   1.667064e+01   2.346583e-02   0.000000e+00   31138
  1.916182e+01   1.659289e+01   0.000000e+00   0.000000e+00   30510
  1.918304e+01   1.661882e+01   3.342149e-02   0.000000e+00   28998
  1.920386e+01   1.676493e+01   8.861472e-03   0.000000e+00   28290
  1.922515e+01   1.653549e+01   4.393331e-02   0.000000e+00   29126
  1.924694e+01   1.642960e+01   0.000000e+00   0.000000e+00   28008
  1.926819e+01   1.654399e+01   1.189760e-02   0.000000e+00   27222
  1.928919e+01   1.658384e+01   2.083787e-02   0.000000e+00   26426
  1.931044e+01   1.648249e+01   1.450030e-02   0.000000e+00   26694
  1.933196e+01   1.630144e+01   2.316276e-02   0.000000e+00   25734
  1.935329e+01   1.656839e+01   0.000000e+00   0.000000e+00   25458
  1.937422e+01   1.658193e+01   0.000000e+00   0.000000e+00   24198
  1.939559e+01   1.630274e+01   0.000000e+00   0.000000e+00   25034
  1.941719e+01   1.683769e+01   1.741625e-02   0.000000e+00   23718
  1.943828e+01   1.662678e+01   0.000000e+00   0.000000e+00   23094
  1.945903e+01   1.666667e+01   2.888148e-02   0.000000e+00   22416
  1.948039e+01   1.654686e+01   2.898991e-03   0.000000e+00   23078
  1.950232e+01   1.632877e+01   0.000000e+00   0.000000e+00   22386
  1.952355e+01   1.626726e+01   0.000000e+00   0.000000e+00   21126
  1.954412e+01   1.648781e+01   0.000000e+00   0.000000e+00   20366
  1.956530e+01   1.656820e+01   3.934194e-02   0.000000e+00   21354
  1.958729e+01   1.624560e+01   0.000000e+00   0.000000e+00   20478
  1.960848e+01   1.620395e+01   0.000000e+00   0.000000e+00   19458
  1.962905e+01   1.598882e+01   1.703705e-02   0.000000e+00   18758
  1.965026e+01   1.637704e+01   4.256741e-02   0.000000e+00   19566
  1.967221e+01   1.589891e+01   2.912250e-02   0.000000e+00   18858
  1.969351e+01   1.658310e+01   4.592849e-03   0.000000e+00   17790
  1.971402e+01   1.628278e+01   0.000000e+00   0.000000e+00   17114
  1.973526e+01   1.670230e+01   0.000000e+00   0.000000e+00   17982
  1.975719e+01   1.633739e+01   0.000000e+00   0.000000e+00   17190
  1.977855e+01   1.632431e+01   0.000000e+00   0.000000e+00   16458
  1.979904e+01   1.628255e+01   3.115404e-02   0.000000e+00   15494
  1.982024e+01   1.622717e+01   5.413099e-03   0.000000e+00   16374
  1.984230e+01   1.601913e+01   0.000000e+00   0.000000e+00   15858
  1.986368e+01   1.615107e+01   0.000000e+00   0.000000e+00   14862
  1.988409e+01   1.670648e+01   0.000000e+00   0.000000e+00   14082
  1.990539e+01   1.617164e+01   0.000000e+00   0.000000e+00   14990
  1.992751e+01   1.589997e+01   1.304066e-02   0.000000e+00   14358
  1.994881e+01   1.647023e+01   0.000000e+00   0.000000e+00   13386
  1.996901e+01   1.618970e+01   0.000000e+00   0.000000e+00   12678
  1.999033e+01   1.651666e+01   2.253477e-02   0.000000e+00   13700
  2.001259e+01   1.650580e+01   1.589803e-02   0.000000e+00   12942
  2.003395e+01   1.648173e+01   3.900625e-02   0.000000e+00   12198
  2.005392e+01   1.644713e+01   0.000000e+00   0.000000e+00   11106
  2.007510e+01   1.611716e+01   5.626650e-03   0.000000e+00   12494
  2.009743e+01   1.611771e+01   3.012649e-02   0.000000e+00   11610
  2.011896e+01   1.634292e+01   0.000000e+00   0.000000e+00   11094
  2.013893e+01   1.675331e+01   2.118859e-02   0.000000e+00   9902
  2.016002e+01   1.651721e+01   1.405896e-02   0.000000e+00   11226
  2.018236e+01   1.655216e+01   0.000000e+00   0.000000e+00   10326
  2.020391e+01   1.657169e+01   1.746578e-02   0.000000e+00   10074
  2.022404e+01   1.696510e+01   0.000000e+00   0.000000e+00   8766
  2.024495e+01   1.654218e+01   0.000000e+00   0.000000e+00   9950
  2.026724e+01   1.636568e+01   1.455135e-02   0.000000e+00   9252
  2.028878e+01   1.674253e+01   0.000000e+00   0.000000e+00   8886
  2.030890e+01   1.678744e+01   0.000000e+00   0.000000e+00   7850
  2.033000e+01   1.676534e+01   8.278899e-03   0.000000e+00   8886
  2.035233e+01   1.733650e+01   0.000000e+00   0.000000e+00   8142
  2.037362e+01   1.695029e+01   2.074519e-02   0.000000e+00   7746
  2.039351e+01   1.747397e+01   2.289856e-02   0.000000e+00   6926
  2.041502e+01   1.700958e+01   0.000000e+00   0.000000e+00   7974
  2.043743e+01   1.719287e+01   2.033143e-02   0.000000e+00   7074
  2.045847e+01   1.662981e+01   0.000000e+00   0.000000e+00   6744
  2.047825e+01   1.736328e+01   2.362480e-02   0.000000e+00   6114
  2.050012e+01   1.687878e+01   1.030100e-02   0.000000e+00   7094
  2.052293e+01   1.682669e+01   0.000000e+00   0.000000e+00   6174
  2.054371e+01   1.753007e+01   4.629204e-03   0.000000e+00   5754
  2.056296e+01   1.801762e+01   0.000000e+00   0.000000e+00   5214
  2.058512e+01   1.738730e+01   0.000000e+00   0.000000e+00   6338
  2.060854e+01   1.714742e+01   8.476305e-03   0.000000e+00   5352
  2.062909e+01   1.675197e+01   0.000000e+00   0.000000e+00   4830
  2.064745e+01   1.776194e+01   5.891829e-03   0.000000e+00   4338
  2.066973e+01   1.775483e+01   0.000000e+00   0.000000e+00   5558
  2.069415e+01   1.775670e+01   1.537672e-02   0.000000e+00   4866
  2.071512e+01   1.771822e+01   2.469654e-02   0.000000e+00   3846
  2.073181e+01   1.819244e+01   0.000000e+00   0.000000e+00   3518
  2.075418e+01   1.795772e+01   1.842290e-02   0.000000e+00   4812
  2.077931e+01   1.789205e+01   1.168303e-02   0.000000e+00   4278
  2.080110e+01   1.815028e+01   1.981248e-02   0.000000e+00   3174
  2.081618e+01   1.835894e+01   0.000000e+00   0.000000e+00   2738
  2.083848e+01   1.796913e+01   1.164244e-02   0.000000e+00   4086
  2.086413e+01   1.840069e+01   0.000000e+00   0.000000e+00   3666
  2.088695e+01   1.809848e+01   1.482282e-02   0.000000e+00   2712
  2.090056e+01   1.893059e+01   8.464232e-03   0.000000e+00   1998
  2.092274e+01   1.817292e+01   1.188069e-02   0.000000e+00   3434
  2.094892e+01   1.825757e+01   0.000000e+00   0.000000e+00   3078
  2.097282e+01   1.764003e+01   1.039155e-02   0.000000e+00   2334
  2.098499e+01   1.999646e+01   0.000000e+00   0.000000e+00   1340
  2.100697e+01   1.900671e+01   0.000000e+00   0.000000e+00   2838
  2.103377e+01   1.881486e+01   0.000000e+00   0.000000e+00   2538
  2.105880e+01   1.881385e+01   8.770663e-03   0.000000e+00   1974
  2.106882e+01   1.771371e+01   1.513614e-02   0.000000e+00   774
  2.109090e+01   1.879261e+01   0.000000e+00   0.000000e+00   2300
  2.111836e+01   1.944630e+01   1.285258e-02   0.000000e+00   2046
  2.114452e+01   2.001275e+01   0.000000e+00   0.000000e+00   1626
  2.115265e+01   1.882291e+01   7.929049e-03   9.656280e-01   390
  2.117466e+01   2.033121e+01   5.420212e-03   0.000000e+00   1766
  2.120257e+01   1.991584e+01   0.000000e+00   0.000000e+00   1596
  2.122982e+01   1.940333e+01   0.000000e+00   0.000000e+00   1302
  2.123651e+01   1.777823e+01   0.000000e+00   1.330745e+00   150
  2.125856e+01   2.053412e+01   2.710178e-03   0.000000e+00   1298
  2.128657e+01   1.968260e+01   0.000000e+00   0.000000e+00   1158
  2.131442e+01   1.907427e+01   4.504106e-03   0.000000e+00   996
  2.132465e+01   1.958233e+01   1.103323e-02   2.511103e+00   38
  2.134266e+01   1.982710e+01   0.000000e+00   0.000000e+00   894
  2.137071e+01   2.100813e+01   9.951964e-03   0.000000e+00   786
  2.139879e+01   2.267931e+01   0.000000e+00   0.000000e+00   678
  2.142550e+01   1.604055e+01   0.000000e+00   4.083108e+00   8
  2.142691e+01   2.077917e+01   9.031255e-03   0.000000e+00   570
  2.145502e+01   2.321919e+01   9.692101e-03   0.000000e+00   486
  2.148316e+01   2.090274e+01   0.000000e+00   0.000000e+00   402
  2.151053e+01   1.936737e+01   0.000000e+00   4.492982e+00   8
  2.151134e+01   2.269689e+01   1.120111e-02   0.000000e+00   318
  2.153951e+01   2.487753e+01   0.000000e+00   1.358511e+00   258
  2.156771e+01   2.143417e+01   0.000000e+00   1.477630e+00   198
  2.159555e+01   3.343641e+01   0.000000e+00   1.378153e+01   8
  2.159595e+01   2.056085e+01   0.000000e+00   1.563096e+00   138
  2.162416e+01   1.875024e+01   3.676471e-03   1.755204e+00   102
  2.165242e+01   2.242118e+01   6.696087e-03   2.552324e+00   66
  2.168069e+01   2.998242e+01   0.000000e+00   4.696869e+00   38
  2.170899e+01   2.629999e+01   0.000000e+00   4.763722e+00   18
  2.173729e+01   2.282456e+01   0.000000e+00   8.870287e+00   6
