# power spectrum of omega (curl v)
# redshift z=0.500000
# k              Pk             sigma(k)       sigma(Pk)      count
  4.908739e-02   1.102462e-16   1.608418e-05   1.660935e-17   6
  6.942005e-02   3.777425e-16   0.000000e+00   5.260435e-17   12
  9.065882e-02   2.148253e-15   6.508962e-03   4.723164e-16   14
  1.150009e-01   6.113411e-15   5.237893e-03   4.584144e-16   48
  1.448559e-01   2.305482e-14   3.804799e-03   1.818519e-15   42
  1.590162e-01   4.762423e-14   3.787897e-03   4.723010e-15   48
  1.803014e-01   7.075514e-14   4.541081e-03   4.628101e-15   80
  2.043367e-01   1.929718e-13   3.525774e-03   1.147354e-14   90
  2.227252e-01   2.621348e-13   5.536438e-03   1.633742e-14   120
  2.488487e-01   5.701641e-13   4.652757e-03   3.694839e-14   158
  2.661513e-01   8.954413e-13   2.208030e-03   6.319074e-14   120
  2.869973e-01   1.010136e-12   4.935215e-03   5.081964e-14   186
  3.100294e-01   1.831890e-12   6.749025e-03   7.556992e-14   264
  3.287449e-01   2.388883e-12   3.643590e-03   1.542826e-13   168
  3.526244e-01   4.277360e-12   6.511952e-03   1.743550e-13   386
  3.726071e-01   5.264256e-12   3.940433e-03   2.677972e-13   192
  3.922681e-01   6.773051e-12   6.460573e-03   2.568883e-13   390
  4.143561e-01   8.746000e-12   6.764213e-03   2.846176e-13   396
  4.351071e-01   1.202290e-11   6.710857e-03   4.452567e-13   398
  4.579190e-01   1.730440e-11   6.577772e-03   5.525392e-13   576
  4.803679e-01   2.177627e-11   6.673210e-03   8.524927e-13   444
  5.000037e-01   2.477629e-11   6.020862e-03   7.095062e-13   590
  5.223627e-01   3.297606e-11   6.593301e-03   9.583914e-13   648
  5.441711e-01   4.214237e-11   5.835223e-03   1.251235e-12   654
  5.635471e-01   5.189234e-11   4.840100e-03   1.542242e-12   636
  5.852063e-01   5.711885e-11   7.256543e-03   1.559814e-12   830
  6.055292e-01   7.097795e-11   5.223406e-03   1.781954e-12   792
  6.263096e-01   7.888388e-11   5.372178e-03   1.945468e-12   804
  6.475915e-01   9.822785e-11   6.630499e-03   2.168507e-12   1038
  6.681954e-01   1.156847e-10   5.193545e-03   2.860921e-12   936
  6.905274e-01   1.302668e-10   6.076603e-03   3.053926e-12   1130
  7.107689e-01   1.527628e-10   5.635557e-03   3.207617e-12   1104
  7.329882e-01   1.665242e-10   6.265750e-03   3.356059e-12   1230
  7.533066e-01   2.111854e-10   6.367515e-03   4.000486e-12   1260
  7.739492e-01   2.347170e-10   5.508175e-03   4.931341e-12   1286
  7.972959e-01   2.573541e-10   6.676093e-03   4.283367e-12   1728
  8.194182e-01   2.922038e-10   5.905938e-03   5.918765e-12   1392
  8.404442e-01   3.488434e-10   5.594685e-03   6.419856e-12   1626
  8.619949e-01   3.744599e-10   6.626843e-03   6.563622e-12   1760
  8.836339e-01   4.263955e-10   5.480218e-03   7.270712e-12   1686
  9.040333e-01   4.715586e-10   5.560723e-03   8.178704e-12   1812
  9.248916e-01   5.095681e-10   6.398242e-03   8.924631e-12   1862
  9.462081e-01   5.683617e-10   5.726718e-03   8.693062e-12   2160
  9.676557e-01   6.272404e-10   5.844358e-03   1.100172e-11   1956
  9.892345e-01   7.015410e-10   6.565757e-03   1.023990e-11   2454
  1.010292e+00   7.330618e-10   5.121137e-03   1.156313e-11   2048
  1.031427e+00   8.025946e-10   6.670597e-03   1.156926e-11   2538
  1.052288e+00   9.205430e-10   5.577661e-03   1.394592e-11   2400
  1.073374e+00   9.565467e-10   6.656280e-03   1.339297e-11   2526
  1.094412e+00   1.028620e-09   6.589372e-03   1.423130e-11   2856
  1.116356e+00   1.139760e-09   6.176338e-03   1.630037e-11   2804
  1.138029e+00   1.229056e-09   6.427098e-03   1.648223e-11   2958
  1.158655e+00   1.289893e-09   6.243018e-03   1.703587e-11   2976
  1.180422e+00   1.422319e-09   6.237939e-03   1.866975e-11   3194
  1.200801e+00   1.479647e-09   6.219815e-03   1.955916e-11   3120
  1.222874e+00   1.640074e-09   6.280319e-03   1.963196e-11   3606
  1.243940e+00   1.685911e-09   5.752321e-03   2.154683e-11   3276
  1.264464e+00   1.832041e-09   6.514698e-03   2.171542e-11   3600
  1.285577e+00   1.930470e-09   5.751644e-03   2.340763e-11   3638
  1.305903e+00   2.053718e-09   6.106217e-03   2.524026e-11   3744
  1.327893e+00   2.198288e-09   6.314721e-03   2.505662e-11   4170
  1.348913e+00   2.275283e-09   5.966133e-03   2.598254e-11   3984
  1.370324e+00   2.464537e-09   6.088096e-03   2.669073e-11   4334
  1.391449e+00   2.503599e-09   5.590013e-03   2.602601e-11   4284
  1.412311e+00   2.610901e-09   6.767179e-03   2.873645e-11   4374
  1.434124e+00   2.724800e-09   5.985428e-03   2.750232e-11   5016
  1.455607e+00   2.980624e-09   5.759251e-03   3.137826e-11   4580
  1.477022e+00   3.025850e-09   6.770237e-03   2.995890e-11   5142
  1.498869e+00   3.213848e-09   6.508452e-03   3.142693e-11   5184
  1.520258e+00   3.405623e-09   5.071262e-03   3.412580e-11   5058
  1.540811e+00   3.547967e-09   5.999008e-03   3.527462e-11   5384
  1.562789e+00   3.725937e-09   6.887260e-03   3.494302e-11   5622
  1.583990e+00   3.881158e-09   5.767154e-03   3.739529e-11   5736
  1.605101e+00   3.898395e-09   5.186724e-03   3.742100e-11   5596
  1.626312e+00   4.086288e-09   6.509441e-03   3.748484e-11   6070
  1.647349e+00   4.363603e-09   5.117775e-03   4.056610e-11   6096
  1.669298e+00   4.442869e-09   6.286971e-03   4.066869e-11   6474
  1.689604e+00   4.698534e-09   6.011046e-03   4.225871e-11   6024
  1.711322e+00   4.834847e-09   6.050365e-03   4.220629e-11   7070
  1.732840e+00   4.987407e-09   4.959606e-03   4.392843e-11   6516
  1.753479e+00   5.170862e-09   6.010302e-03   4.325996e-11   6936
  1.775023e+00   5.439101e-09   6.000218e-03   4.442243e-11   7110
  1.795864e+00   5.581040e-09   4.386333e-03   4.664390e-11   7244
  1.817911e+00   5.681817e-09   6.547280e-03   4.502763e-11   7878
  1.839265e+00   6.003212e-09   6.274615e-03   4.825219e-11   7344
  1.859942e+00   6.215860e-09   6.576959e-03   5.060340e-11   7694
  1.881485e+00   6.324215e-09   6.349972e-03   4.871387e-11   8412
  1.903119e+00   6.488271e-09   6.574718e-03   5.174054e-11   7920
  1.923681e+00   6.657427e-09   5.617468e-03   5.142891e-11   8118
  1.944611e+00   6.873983e-09   6.376573e-03   5.342754e-11   8548
  1.965903e+00   7.175489e-09   6.542471e-03   5.361138e-11   8710
  1.987016e+00   7.284430e-09   5.828006e-03   5.344480e-11   8928
  2.008691e+00   7.376272e-09   6.261670e-03   5.475209e-11   9186
  2.029483e+00   7.581353e-09   6.869144e-03   5.587967e-11   9200
  2.050916e+00   7.815767e-09   5.883488e-03   5.632670e-11   9438
  2.071812e+00   8.021602e-09   8.243716e-03   5.916140e-11   9564
  2.093290e+00   8.474839e-09   6.302710e-03   5.966875e-11   10296
  2.115277e+00   8.520598e-09   5.418669e-03   5.970828e-11   10126
  2.135875e+00   8.558411e-09   6.927189e-03   6.086562e-11   10024
  2.157783e+00   9.021416e-09   4.830112e-03   6.025869e-11   11082
  2.179294e+00   9.059894e-09   7.534514e-03   6.212615e-11   10632
  2.200318e+00   9.347517e-09   5.560111e-03   6.598439e-11   10734
  2.221558e+00   9.374588e-09   6.658902e-03   6.247291e-11   11276
  2.242790e+00   9.703631e-09   5.962563e-03   6.507383e-11   11352
  2.264219e+00   9.825587e-09   6.233221e-03   6.548279e-11   11550
  2.285254e+00   1.025955e-08   5.753124e-03   6.749985e-11   11772
  2.306600e+00   1.029898e-08   7.148280e-03   6.623683e-11   12038
  2.327684e+00   1.065051e-08   8.865580e-03   6.900457e-11   12096
  2.349060e+00   1.073294e-08   7.140412e-03   6.893447e-11   12582
  2.370199e+00   1.087103e-08   2.060507e-03   6.902271e-11   12620
  2.391825e+00   1.118943e-08   7.447678e-03   6.964656e-11   13320
  2.412989e+00   1.154690e-08   6.784802e-03   7.333983e-11   12654
  2.433748e+00   1.155602e-08   1.343166e-03   7.275741e-11   13236
  2.454817e+00   1.168388e-08   9.853611e-03   7.113671e-11   13438
  2.476108e+00   1.195621e-08   9.623746e-03   7.028612e-11   14344
  2.498171e+00   1.233481e-08   6.005914e-03   7.352429e-11   14226
  2.519016e+00   1.259601e-08   4.789569e-03   7.572138e-11   14088
  2.540133e+00   1.271775e-08   0.000000e+00   7.572893e-11   14328
  2.561301e+00   1.289878e-08   6.694338e-03   7.545741e-11   14954
  2.582758e+00   1.317398e-08   5.165510e-03   7.552106e-11   15480
  2.604300e+00   1.321438e-08   6.908333e-03   7.671178e-11   14862
  2.624709e+00   1.356412e-08   8.340575e-03   7.708259e-11   15296
  2.646141e+00   1.379007e-08   7.920118e-03   7.723557e-11   15954
  2.667142e+00   1.390959e-08   6.604872e-03   7.824780e-11   15720
  2.688148e+00   1.412594e-08   2.852842e-03   8.033728e-11   16296
  2.709787e+00   1.428620e-08   4.021380e-03   7.775358e-11   17010
  2.730798e+00   1.440301e-08   3.666175e-03   8.104166e-11   16328
  2.751935e+00   1.473597e-08   3.624910e-03   7.955899e-11   17094
  2.773136e+00   1.489491e-08   8.783823e-03   7.986199e-11   17436
  2.794580e+00   1.522206e-08   9.066326e-03   8.106240e-11   17862
  2.816113e+00   1.530887e-08   7.644352e-03   8.135120e-11   18200
  2.837804e+00   1.567447e-08   1.385696e-03   8.382299e-11   18450
  2.859024e+00   1.582769e-08   3.704464e-03   8.389125e-11   18384
  2.880192e+00   1.614888e-08   5.917022e-03   8.430876e-11   18504
  2.901337e+00   1.625067e-08   4.499529e-03   8.450674e-11   19142
  2.922907e+00   1.660151e-08   6.139694e-03   8.430919e-11   19692
  2.944248e+00   1.650088e-08   6.148478e-03   8.505100e-11   19062
  2.965129e+00   1.697660e-08   0.000000e+00   8.541389e-11   20184
  2.986711e+00   1.717719e-08   7.539371e-03   8.666585e-11   19970
  3.007762e+00   1.728793e-08   0.000000e+00   8.662757e-11   20496
  3.029429e+00   1.739322e-08   8.970790e-03   8.354858e-11   21456
  3.050516e+00   1.772483e-08   6.078696e-03   8.993833e-11   19650
  3.071216e+00   1.772883e-08   9.941011e-03   8.488868e-11   22040
  3.093038e+00   1.811126e-08   1.326709e-02   8.716865e-11   21558
  3.114110e+00   1.833753e-08   0.000000e+00   8.820453e-11   21804
  3.135237e+00   1.839048e-08   8.395936e-03   8.952228e-11   21926
  3.156296e+00   1.858946e-08   9.701634e-03   8.760018e-11   22416
  3.177440e+00   1.882650e-08   8.563275e-03   8.878223e-11   22776
  3.199180e+00   1.884017e-08   6.790163e-03   8.720974e-11   23874
  3.220538e+00   1.916897e-08   0.000000e+00   8.995912e-11   23104
  3.241774e+00   1.921238e-08   0.000000e+00   8.820270e-11   23974
  3.263058e+00   1.957422e-08   1.423595e-02   8.998967e-11   23892
  3.283975e+00   1.989258e-08   0.000000e+00   9.209196e-11   23550
  3.305033e+00   1.998380e-08   6.924722e-03   8.922715e-11   25320
  3.326425e+00   2.011262e-08   1.217803e-02   9.346078e-11   24428
  3.347358e+00   2.001761e-08   8.374818e-03   8.998170e-11   25254
  3.368790e+00   2.045816e-08   0.000000e+00   8.988601e-11   26016
  3.389916e+00   2.061549e-08   1.572722e-03   9.259362e-11   25182
  3.411239e+00   2.083749e-08   4.077860e-03   8.813555e-11   27428
  3.432868e+00   2.114140e-08   5.445783e-03   9.320648e-11   25974
  3.453680e+00   2.135530e-08   9.055563e-03   9.320933e-11   26904
  3.474816e+00   2.135831e-08   3.394662e-03   9.349847e-11   26730
  3.495975e+00   2.147899e-08   0.000000e+00   9.164521e-11   27896
  3.517661e+00   2.165856e-08   1.083310e-02   9.051028e-11   28992
  3.539608e+00   2.197523e-08   2.526083e-03   9.113596e-11   28698
  3.560548e+00   2.198280e-08   0.000000e+00   9.186435e-11   27816
  3.581941e+00   2.225103e-08   0.000000e+00   9.165374e-11   29774
  3.603341e+00   2.233553e-08   7.049371e-03   9.268106e-11   29148
  3.624263e+00   2.273692e-08   0.000000e+00   9.438451e-11   28806
  3.645338e+00   2.265558e-08   1.178950e-02   9.299533e-11   30408
  3.666653e+00   2.292870e-08   0.000000e+00   9.430004e-11   30320
  3.688152e+00   2.297483e-08   0.000000e+00   9.242816e-11   30930
  3.709612e+00   2.327974e-08   0.000000e+00   9.399247e-11   31656
  3.730576e+00   2.338780e-08   0.000000e+00   9.482661e-11   30086
  3.751637e+00   2.384484e-08   1.365738e-02   9.347558e-11   32724
  3.772863e+00   2.405203e-08   7.905064e-03   9.765285e-11   30846
  3.793944e+00   2.385176e-08   1.968552e-03   9.216907e-11   33480
  3.815491e+00   2.431684e-08   1.105145e-02   9.476125e-11   32724
  3.836559e+00   2.412333e-08   7.159788e-03   9.590242e-11   32894
  3.857930e+00   2.452889e-08   0.000000e+00   9.500188e-11   34200
  3.879304e+00   2.455391e-08   8.900196e-03   9.498814e-11   33594
  3.900298e+00   2.481516e-08   0.000000e+00   9.567812e-11   34336
  3.921714e+00   2.500347e-08   0.000000e+00   9.647026e-11   34822
  3.942966e+00   2.508016e-08   3.452709e-04   9.506773e-11   35472
  3.964102e+00   2.553283e-08   0.000000e+00   9.834903e-11   34404
  3.985176e+00   2.527121e-08   0.000000e+00   9.587811e-11   36222
  4.006297e+00   2.566173e-08   6.570471e-03   9.753839e-11   35984
  4.027635e+00   2.584671e-08   8.966025e-03   9.609775e-11   36570
  4.048789e+00   2.576503e-08   0.000000e+00   9.476422e-11   37176
  4.070174e+00   2.622177e-08   0.000000e+00   9.660759e-11   37406
  4.091471e+00   2.586344e-08   0.000000e+00   9.433796e-11   38052
  4.112597e+00   2.658252e-08   0.000000e+00   9.703410e-11   37590
  4.134010e+00   2.627249e-08   1.080887e-02   9.526066e-11   39480
  4.155207e+00   2.689587e-08   0.000000e+00   9.697753e-11   38260
  4.176397e+00   2.701145e-08   1.072953e-02   9.710076e-11   39646
  4.198020e+00   2.685556e-08   5.765729e-03   9.458038e-11   40944
  4.219462e+00   2.695177e-08   0.000000e+00   9.684073e-11   39678
  4.240584e+00   2.724666e-08   0.000000e+00   9.659947e-11   40804
  4.261834e+00   2.733180e-08   0.000000e+00   9.618472e-11   40606
  4.283119e+00   2.765828e-08   1.411840e-02   9.579152e-11   42216
  4.304534e+00   2.793254e-08   0.000000e+00   9.777273e-11   41532
  4.325688e+00   2.782492e-08   0.000000e+00   9.611949e-11   41990
  4.346689e+00   2.797392e-08   1.498044e-02   9.620431e-11   42360
  4.368117e+00   2.826100e-08   5.544139e-03   9.742670e-11   43530
  4.389414e+00   2.845002e-08   8.315053e-03   9.756823e-11   43848
  4.410645e+00   2.845396e-08   0.000000e+00   9.777523e-11   42870
  4.431945e+00   2.859534e-08   1.438392e-02   9.474625e-11   46160
  4.453325e+00   2.890672e-08   5.458275e-03   9.932342e-11   43380
  4.474378e+00   2.890144e-08   0.000000e+00   9.693767e-11   45294
  4.495503e+00   2.903732e-08   1.354607e-02   9.718545e-11   45744
  4.517105e+00   2.917597e-08   0.000000e+00   9.624486e-11   46682
  4.538237e+00   2.918471e-08   7.621528e-03   9.714443e-11   45840
  4.559440e+00   2.934626e-08   0.000000e+00   9.538865e-11   47118
  4.580595e+00   2.926868e-08   1.969538e-02   9.638071e-11   47124
  4.601835e+00   2.955789e-08   4.522245e-03   9.608830e-11   47984
  4.623506e+00   2.959192e-08   9.027516e-03   9.403860e-11   49566
  4.644403e+00   2.967614e-08   5.086442e-03   9.741874e-11   46284
  4.665367e+00   3.011805e-08   1.407609e-02   9.597626e-11   49966
  4.686700e+00   3.015508e-08   1.047945e-02   9.655794e-11   49360
  4.707906e+00   3.019605e-08   2.432743e-03   9.666574e-11   49806
  4.729282e+00   3.033606e-08   1.187810e-02   9.458016e-11   51492
  4.750426e+00   3.067153e-08   1.571514e-02   9.790549e-11   49496
  4.771749e+00   3.051322e-08   1.580845e-02   9.515424e-11   53190
  4.793252e+00   3.079962e-08   0.000000e+00   9.736959e-11   51060
  4.814331e+00   3.066664e-08   0.000000e+00   9.641208e-11   52134
  4.835479e+00   3.085617e-08   1.016956e-02   9.614028e-11   53088
  4.856792e+00   3.090888e-08   7.350672e-03   9.513637e-11   52706
  4.878043e+00   3.102046e-08   1.050592e-02   9.403713e-11   54936
  4.899632e+00   3.123520e-08   0.000000e+00   9.563959e-11   53886
  4.920749e+00   3.098951e-08   0.000000e+00   9.558632e-11   54436
  4.941862e+00   3.166161e-08   0.000000e+00   9.561701e-11   55096
  4.963396e+00   3.134978e-08   0.000000e+00   9.475810e-11   56358
  4.984500e+00   3.163849e-08   0.000000e+00   9.527424e-11   55632
  5.005773e+00   3.186907e-08   2.069037e-02   9.635683e-11   56530
  5.026994e+00   3.190795e-08   0.000000e+00   9.508763e-11   57232
  5.048137e+00   3.186527e-08   0.000000e+00   9.573393e-11   56766
  5.069818e+00   3.213371e-08   0.000000e+00   9.376900e-11   60804
  5.090915e+00   3.220905e-08   2.279918e-03   9.835720e-11   55536
  5.112092e+00   3.228908e-08   2.587681e-02   9.346185e-11   61166
  5.133354e+00   3.248183e-08   0.000000e+00   9.701929e-11   57396
  5.154381e+00   3.231920e-08   1.223504e-02   9.420706e-11   60870
  5.175730e+00   3.240291e-08   0.000000e+00   9.437403e-11   60224
  5.196969e+00   3.251756e-08   1.769453e-02   9.395267e-11   61002
  5.218277e+00   3.247602e-08   1.664474e-02   9.337771e-11   62016
  5.239476e+00   3.275656e-08   0.000000e+00   9.470504e-11   60768
  5.260500e+00   3.266743e-08   2.412572e-02   9.325004e-11   62870
  5.281996e+00   3.281466e-08   9.093682e-03   9.279168e-11   63804
  5.303370e+00   3.277284e-08   1.116585e-02   9.324860e-11   63054
  5.324255e+00   3.292263e-08   9.298857e-03   9.381387e-11   63024
  5.345592e+00   3.307237e-08   0.000000e+00   9.295612e-11   65018
  5.366685e+00   3.328068e-08   1.560273e-02   9.402514e-11   64608
  5.388000e+00   3.312640e-08   0.000000e+00   9.269673e-11   65688
  5.409252e+00   3.330111e-08   2.302534e-02   9.299296e-11   65994
  5.430437e+00   3.314687e-08   0.000000e+00   9.218534e-11   66648
  5.451850e+00   3.368824e-08   1.592636e-02   9.378027e-11   67310
  5.472957e+00   3.354756e-08   0.000000e+00   9.355416e-11   67224
  5.494214e+00   3.364864e-08   5.779440e-03   9.315930e-11   68034
  5.515548e+00   3.354562e-08   0.000000e+00   9.154774e-11   69744
  5.536884e+00   3.379806e-08   1.198747e-02   9.266189e-11   68654
  5.558434e+00   3.385599e-08   1.569526e-02   9.001002e-11   72132
  5.579752e+00   3.367458e-08   1.069421e-02   9.224596e-11   68520
  5.600771e+00   3.387953e-08   1.543048e-02   9.129615e-11   71070
  5.622207e+00   3.386795e-08   0.000000e+00   9.150722e-11   71948
  5.643427e+00   3.397381e-08   2.360913e-02   9.069179e-11   71598
  5.664831e+00   3.405488e-08   0.000000e+00   9.027891e-11   73536
  5.686055e+00   3.410901e-08   2.833227e-02   9.203698e-11   71802
  5.707060e+00   3.426669e-08   0.000000e+00   9.217926e-11   73280
  5.728316e+00   3.433339e-08   0.000000e+00   9.088031e-11   73992
  5.749764e+00   3.434380e-08   1.302445e-02   8.992164e-11   75966
  5.771002e+00   3.446852e-08   0.000000e+00   9.044142e-11   74364
  5.792263e+00   3.422161e-08   1.629702e-02   8.987049e-11   76094
  5.813465e+00   3.425082e-08   0.000000e+00   9.006056e-11   76224
  5.834736e+00   3.464294e-08   1.021613e-02   9.065310e-11   76242
  5.855781e+00   3.441058e-08   0.000000e+00   8.919246e-11   76944
  5.877033e+00   3.458265e-08   0.000000e+00   8.894563e-11   78680
  5.898614e+00   3.483486e-08   1.825143e-02   8.917786e-11   79962
  5.919784e+00   3.481519e-08   8.812375e-03   9.073235e-11   77760
  5.940930e+00   3.463674e-08   2.188512e-02   8.871831e-11   79590
  5.962196e+00   3.472164e-08   0.000000e+00   8.830103e-11   80732
  5.983518e+00   3.475598e-08   2.716875e-02   8.861912e-11   81174
  6.004784e+00   3.491916e-08   9.598883e-03   8.958246e-11   80832
  6.025622e+00   3.493318e-08   2.765867e-02   8.906530e-11   79992
  6.047004e+00   3.479107e-08   0.000000e+00   8.659253e-11   84314
  6.068459e+00   3.494905e-08   0.000000e+00   8.751965e-11   83592
  6.089790e+00   3.495818e-08   2.053552e-02   8.778479e-11   83838
  6.111002e+00   3.509512e-08   0.000000e+00   8.806852e-11   83676
  6.132129e+00   3.510052e-08   1.354938e-02   8.760239e-11   84950
  6.153320e+00   3.493263e-08   0.000000e+00   8.709136e-11   84912
  6.174635e+00   3.508320e-08   2.512807e-02   8.587670e-11   87162
  6.196002e+00   3.484248e-08   0.000000e+00   8.539769e-11   86440
  6.217139e+00   3.498034e-08   0.000000e+00   8.623716e-11   86560
  6.238461e+00   3.513019e-08   3.646332e-03   8.603649e-11   88698
  6.259684e+00   3.509406e-08   3.081623e-02   8.580847e-11   88920
  6.281187e+00   3.498497e-08   0.000000e+00   8.554309e-11   88814
  6.302279e+00   3.491370e-08   8.404176e-03   8.459571e-11   90336
  6.323771e+00   3.518475e-08   0.000000e+00   8.529702e-11   90282
  6.344991e+00   3.505628e-08   0.000000e+00   8.463569e-11   90840
  6.366040e+00   3.504587e-08   2.306302e-02   8.440502e-11   91128
  6.387507e+00   3.520063e-08   0.000000e+00   8.466847e-11   92690
  6.408633e+00   3.514114e-08   0.000000e+00   8.414493e-11   92160
  6.429946e+00   3.516114e-08   0.000000e+00   8.370739e-11   93534
  6.451095e+00   3.511541e-08   0.000000e+00   8.386645e-11   93484
  6.472350e+00   3.514211e-08   0.000000e+00   8.283248e-11   95206
  6.493778e+00   3.534168e-08   1.010214e-02   8.299210e-11   96048
  6.514862e+00   3.524475e-08   9.697042e-03   8.425988e-11   93600
  6.536074e+00   3.505655e-08   0.000000e+00   8.232151e-11   97410
  6.557322e+00   3.530949e-08   2.813721e-02   8.272922e-11   97856
  6.578782e+00   3.502333e-08   0.000000e+00   8.164429e-11   97278
  6.599949e+00   3.499990e-08   1.730015e-02   8.173710e-11   98916
  6.621128e+00   3.516009e-08   0.000000e+00   8.279907e-11   96894
  6.642197e+00   3.519004e-08   0.000000e+00   8.128101e-11   100976
  6.663669e+00   3.537258e-08   8.073786e-04   8.181089e-11   100164
  6.684801e+00   3.493521e-08   0.000000e+00   8.179348e-11   100014
  6.705806e+00   3.510615e-08   2.092633e-02   8.102796e-11   101040
  6.727159e+00   3.517522e-08   0.000000e+00   8.055042e-11   102338
  6.748308e+00   3.512353e-08   1.352612e-02   8.089588e-11   102912
  6.769770e+00   3.519999e-08   0.000000e+00   7.957012e-11   104238
  6.790862e+00   3.505210e-08   2.000102e-02   8.036433e-11   103104
  6.812145e+00   3.522764e-08   1.782672e-02   7.988464e-11   105404
  6.833482e+00   3.487994e-08   0.000000e+00   7.919354e-11   105198
  6.854706e+00   3.493383e-08   0.000000e+00   7.820414e-11   106632
  6.876045e+00   3.511271e-08   2.668650e-02   7.926047e-11   106706
  6.897260e+00   3.509460e-08   0.000000e+00   7.891016e-11   106992
  6.918720e+00   3.495527e-08   0.000000e+00   7.687866e-11   110118
  6.939974e+00   3.483668e-08   3.254882e-02   7.781756e-11   108084
  6.961108e+00   3.487328e-08   1.235945e-02   7.777795e-11   108222
  6.982478e+00   3.501104e-08   0.000000e+00   7.726072e-11   112160
  7.003643e+00   3.499777e-08   1.879698e-02   7.800758e-11   108492
  7.024906e+00   3.502626e-08   2.337350e-02   7.664013e-11   113262
  7.046251e+00   3.481678e-08   0.000000e+00   7.703755e-11   111360
  7.067621e+00   3.489188e-08   0.000000e+00   7.621304e-11   114182
  7.088829e+00   3.473671e-08   3.425546e-02   7.652706e-11   112884
  7.110111e+00   3.468144e-08   6.370544e-03   7.521735e-11   113934
  7.131236e+00   3.472234e-08   0.000000e+00   7.611391e-11   114504
  7.152708e+00   3.478229e-08   0.000000e+00   7.494773e-11   117500
  7.173892e+00   3.471105e-08   2.465143e-02   7.571191e-11   114102
  7.195094e+00   3.471436e-08   9.641669e-03   7.463178e-11   118584
  7.216420e+00   3.461177e-08   0.000000e+00   7.494767e-11   115546
  7.237409e+00   3.447305e-08   2.133083e-02   7.372264e-11   118984
  7.258917e+00   3.454693e-08   6.878269e-03   7.409901e-11   119526
  7.280087e+00   3.436542e-08   3.188443e-03   7.397200e-11   119436
  7.301239e+00   3.432476e-08   0.000000e+00   7.381211e-11   118632
  7.322422e+00   3.433231e-08   2.491694e-02   7.262453e-11   122510
  7.343795e+00   3.439529e-08   0.000000e+00   7.373136e-11   121680
  7.365097e+00   3.439783e-08   0.000000e+00   7.351368e-11   121434
  7.386163e+00   3.423357e-08   0.000000e+00   7.201394e-11   123928
  7.407508e+00   3.429749e-08   0.000000e+00   7.275941e-11   123910
  7.428802e+00   3.421585e-08   0.000000e+00   7.214459e-11   124452
  7.450037e+00   3.432092e-08   0.000000e+00   7.208430e-11   125376
  7.471269e+00   3.417585e-08   2.141276e-02   7.128282e-11   126638
  7.492516e+00   3.427835e-08   8.143613e-03   7.164331e-11   125844
  7.513780e+00   3.395499e-08   0.000000e+00   7.078256e-11   128142
  7.535069e+00   3.410581e-08   5.915384e-03   7.092873e-11   128136
  7.556213e+00   3.374609e-08   9.867211e-03   7.036944e-11   127642
  7.577523e+00   3.392588e-08   0.000000e+00   6.991303e-11   131968
  7.599070e+00   3.383923e-08   0.000000e+00   6.966607e-11   130326
  7.620201e+00   3.358026e-08   2.207332e-02   6.918956e-11   131688
  7.641447e+00   3.395134e-08   9.240896e-03   7.035030e-11   130212
  7.662607e+00   3.366202e-08   0.000000e+00   6.908515e-11   132686
  7.684031e+00   3.348823e-08   0.000000e+00   6.812370e-11   135960
  7.705360e+00   3.349219e-08   1.615122e-02   6.897839e-11   131562
  7.726241e+00   3.322300e-08   1.289840e-02   6.778214e-11   134016
  7.747633e+00   3.364970e-08   0.000000e+00   6.794276e-11   136478
  7.768899e+00   3.338547e-08   2.917058e-02   6.774361e-11   136812
  7.790248e+00   3.343198e-08   1.811738e-02   6.743455e-11   137856
  7.811516e+00   3.334526e-08   0.000000e+00   6.770905e-11   135862
  7.832664e+00   3.326490e-08   0.000000e+00   6.657182e-11   140056
  7.854082e+00   3.309162e-08   2.500170e-02   6.605257e-11   139602
  7.875291e+00   3.311181e-08   0.000000e+00   6.709043e-11   139080
  7.896489e+00   3.315009e-08   0.000000e+00   6.668616e-11   140678
  7.917773e+00   3.283767e-08   1.269967e-02   6.551293e-11   142884
  7.938972e+00   3.286140e-08   1.053341e-02   6.646513e-11   139992
  7.960217e+00   3.285320e-08   0.000000e+00   6.499868e-11   144966
  7.981585e+00   3.286126e-08   0.000000e+00   6.556233e-11   143364
  8.002749e+00   3.271795e-08   1.916749e-02   6.508444e-11   144518
  8.023948e+00   3.261279e-08   2.015305e-02   6.456444e-11   145200
  8.045111e+00   3.265610e-08   0.000000e+00   6.491918e-11   143466
  8.066220e+00   3.243499e-08   0.000000e+00   6.357934e-11   148824
  8.087482e+00   3.247007e-08   1.663118e-02   6.395722e-11   145544
  8.108588e+00   3.236936e-08   0.000000e+00   6.387708e-11   148590
  8.129956e+00   3.239887e-08   0.000000e+00   6.290549e-11   150540
  8.151295e+00   3.226250e-08   2.828343e-02   6.300224e-11   150134
  8.172541e+00   3.229079e-08   0.000000e+00   6.313471e-11   151296
  8.193993e+00   3.210200e-08   0.000000e+00   6.217300e-11   152058
  8.215032e+00   3.201149e-08   1.692743e-02   6.256856e-11   150864
  8.236286e+00   3.198153e-08   1.579314e-02   6.162862e-11   154310
  8.257761e+00   3.172430e-08   0.000000e+00   6.142073e-11   155172
  8.279003e+00   3.208858e-08   0.000000e+00   6.156153e-11   154128
  8.300451e+00   3.177275e-08   1.363562e-02   6.096700e-11   158310
  8.321608e+00   3.172139e-08   1.930740e-02   6.152176e-11   153436
  8.342779e+00   3.184963e-08   0.000000e+00   6.090846e-11   157726
  8.364248e+00   3.165952e-08   0.000000e+00   6.006626e-11   160368
  8.385408e+00   3.187599e-08   9.322001e-03   6.172738e-11   155718
  8.406529e+00   3.137906e-08   0.000000e+00   6.037809e-11   160028
  8.427794e+00   3.133681e-08   0.000000e+00   5.964168e-11   160920
  8.449095e+00   3.128968e-08   1.401859e-02   5.961687e-11   161070
  8.470390e+00   3.125876e-08   3.112809e-02   5.924496e-11   163428
  8.491564e+00   3.118607e-08   0.000000e+00   5.937795e-11   159574
  8.512886e+00   3.117909e-08   0.000000e+00   5.844916e-11   167392
  8.534222e+00   3.106381e-08   2.475566e-02   5.908280e-11   162258
  8.555405e+00   3.085945e-08   1.267162e-02   5.778124e-11   167472
  8.576736e+00   3.087294e-08   0.000000e+00   5.836557e-11   163664
  8.597821e+00   3.070833e-08   0.000000e+00   5.771758e-11   166986
  8.619134e+00   3.066791e-08   1.745029e-02   5.716464e-11   169968
  8.640613e+00   3.059077e-08   0.000000e+00   5.716324e-11   167646
  8.661590e+00   3.045693e-08   0.000000e+00   5.706254e-11   168080
  8.682867e+00   3.065510e-08   1.651907e-02   5.671393e-11   170826
  8.704157e+00   3.022802e-08   0.000000e+00   5.638629e-11   170928
  8.725250e+00   3.033720e-08   1.769014e-02   5.648909e-11   170640
  8.746612e+00   3.021288e-08   0.000000e+00   5.611919e-11   173954
  8.767788e+00   3.016506e-08   2.723443e-02   5.597615e-11   173232
  8.789116e+00   3.005789e-08   0.000000e+00   5.557881e-11   174150
  8.810384e+00   2.992887e-08   4.465715e-03   5.510158e-11   176364
  8.831619e+00   2.988180e-08   1.713488e-02   5.489562e-11   175302
  8.852867e+00   2.978501e-08   7.787221e-03   5.472819e-11   177392
  8.874049e+00   3.001047e-08   1.847953e-02   5.522788e-11   176352
  8.895394e+00   2.972976e-08   0.000000e+00   5.400331e-11   180330
  8.916738e+00   2.960255e-08   9.295400e-03   5.372349e-11   180712
  8.937985e+00   2.968273e-08   1.574885e-02   5.448812e-11   179350
  8.959299e+00   2.955141e-08   1.445551e-02   5.333365e-11   183396
  8.980668e+00   2.947650e-08   0.000000e+00   5.355605e-11   180390
  9.001663e+00   2.936153e-08   0.000000e+00   5.319499e-11   181944
  9.023018e+00   2.929264e-08   0.000000e+00   5.297363e-11   185450
  9.044420e+00   2.912940e-08   9.037050e-03   5.261338e-11   186192
  9.065581e+00   2.915168e-08   2.055774e-02   5.302046e-11   183432
  9.086768e+00   2.882445e-08   0.000000e+00   5.189561e-11   185362
  9.107913e+00   2.899475e-08   6.561750e-03   5.176647e-11   188464
  9.129336e+00   2.899391e-08   0.000000e+00   5.183099e-11   188046
  9.150616e+00   2.881053e-08   1.519258e-02   5.139426e-11   191304
  9.171829e+00   2.866605e-08   2.569873e-02   5.165144e-11   186690
  9.193141e+00   2.857093e-08   0.000000e+00   5.076088e-11   194072
  9.214314e+00   2.855334e-08   2.095460e-02   5.115101e-11   188688
  9.235485e+00   2.841949e-08   0.000000e+00   5.087497e-11   192786
  9.256681e+00   2.842801e-08   1.032595e-02   5.040503e-11   193352
  9.278106e+00   2.828136e-08   0.000000e+00   4.978412e-11   195702
  9.299301e+00   2.814789e-08   2.924065e-02   4.977945e-11   195132
  9.320587e+00   2.817923e-08   0.000000e+00   4.956492e-11   195726
  9.341796e+00   2.794121e-08   0.000000e+00   4.954994e-11   197416
  9.363017e+00   2.805576e-08   4.987273e-03   4.972651e-11   196564
  9.384306e+00   2.785468e-08   1.995260e-02   4.874816e-11   201198
  9.405554e+00   2.787498e-08   2.600360e-03   4.938308e-11   197136
  9.426639e+00   2.770001e-08   0.000000e+00   4.868699e-11   199358
  9.447824e+00   2.749655e-08   2.812666e-02   4.772632e-11   203532
  9.469238e+00   2.754533e-08   0.000000e+00   4.807960e-11   201438
  9.490447e+00   2.748315e-08   0.000000e+00   4.825238e-11   203664
  9.511649e+00   2.735212e-08   2.861792e-02   4.722970e-11   203972
  9.532896e+00   2.722772e-08   2.251948e-02   4.720939e-11   205974
  9.554229e+00   2.727590e-08   0.000000e+00   4.716139e-11   205752
  9.575594e+00   2.704803e-08   0.000000e+00   4.654573e-11   207810
  9.596605e+00   2.710297e-08   3.709729e-02   4.709710e-11   206384
  9.618042e+00   2.703086e-08   0.000000e+00   4.648347e-11   210966
  9.639366e+00   2.695038e-08   0.000000e+00   4.666542e-11   210516
  9.660654e+00   2.692034e-08   0.000000e+00   4.633614e-11   209766
  9.681806e+00   2.668884e-08   4.154911e-02   4.579741e-11   212376
  9.703126e+00   2.682097e-08   0.000000e+00   4.561022e-11   212960
  9.724559e+00   2.669213e-08   0.000000e+00   4.548062e-11   214626
  9.745703e+00   2.668770e-08   3.029894e-02   4.542448e-11   213696
  9.766949e+00   2.652229e-08   2.950161e-02   4.540236e-11   215734
  9.788146e+00   2.635963e-08   0.000000e+00   4.515685e-11   213220
  9.809355e+00   2.635581e-08   0.000000e+00   4.457252e-11   219102
  9.830684e+00   2.626054e-08   3.514334e-02   4.459751e-11   220872
  9.851909e+00   2.611012e-08   5.092710e-02   4.442689e-11   216556
  9.873148e+00   2.603134e-08   3.946265e-02   4.391735e-11   221494
  9.894339e+00   2.606823e-08   4.330283e-02   4.409276e-11   219096
  9.915662e+00   2.595583e-08   3.160314e-02   4.356522e-11   224262
  9.937057e+00   2.581886e-08   0.000000e+00   4.337184e-11   222508
  9.958314e+00   2.583563e-08   0.000000e+00   4.328912e-11   222502
  9.979404e+00   2.566499e-08   4.089936e-02   4.311114e-11   227280
  1.000076e+01   2.572838e-08   1.971656e-02   4.311347e-11   223644
  1.002198e+01   2.547684e-08   0.000000e+00   4.281686e-11   226222
  1.004323e+01   2.550084e-08   0.000000e+00   4.215909e-11   229840
  1.006454e+01   2.537697e-08   2.679856e-02   4.235526e-11   228042
  1.008564e+01   2.537657e-08   0.000000e+00   4.226135e-11   227472
  1.010687e+01   2.527761e-08   0.000000e+00   4.188926e-11   230990
  1.012816e+01   2.518046e-08   5.947002e-03   4.166608e-11   233532
  1.014941e+01   2.524949e-08   2.997996e-02   4.167551e-11   231288
  1.017075e+01   2.501734e-08   0.000000e+00   4.133745e-11   233718
  1.019186e+01   2.497536e-08   0.000000e+00   4.115757e-11   232704
  1.021315e+01   2.485515e-08   3.170966e-02   4.066271e-11   239282
  1.023449e+01   2.478502e-08   3.878025e-02   4.097099e-11   234912
  1.025585e+01   2.476785e-08   0.000000e+00   4.058209e-11   238278
  1.027692e+01   2.467337e-08   3.810287e-02   4.046976e-11   237460
  1.029801e+01   2.482295e-08   2.811216e-02   4.066971e-11   236662
  1.031952e+01   2.462895e-08   0.000000e+00   3.979944e-11   246336
  1.034100e+01   2.453483e-08   0.000000e+00   3.962139e-11   241092
  1.036213e+01   2.432758e-08   3.552655e-02   3.968051e-11   242414
  1.038343e+01   2.443100e-08   1.355312e-02   3.952194e-11   243552
  1.040475e+01   2.428559e-08   0.000000e+00   3.932552e-11   243474
  1.042581e+01   2.419860e-08   2.506949e-02   3.927382e-11   245112
  1.044713e+01   2.417546e-08   2.725285e-02   3.878945e-11   246894
  1.046836e+01   2.404807e-08   2.086819e-02   3.887144e-11   247448
  1.048971e+01   2.403190e-08   0.000000e+00   3.879176e-11   247404
  1.051081e+01   2.395191e-08   4.029648e-02   3.856151e-11   249990
  1.053198e+01   2.408833e-08   3.804134e-02   3.862786e-11   249512
  1.055347e+01   2.389301e-08   0.000000e+00   3.813302e-11   253890
  1.057469e+01   2.360235e-08   0.000000e+00   3.801836e-11   250728
  1.059578e+01   2.377418e-08   4.912108e-02   3.784628e-11   253950
  1.061712e+01   2.357818e-08   0.000000e+00   3.770605e-11   254140
  1.063841e+01   2.361747e-08   0.000000e+00   3.732878e-11   255880
  1.065971e+01   2.337509e-08   3.175391e-02   3.712589e-11   258942
  1.068079e+01   2.349971e-08   4.680717e-02   3.751791e-11   253836
  1.070216e+01   2.337501e-08   0.000000e+00   3.692003e-11   260534
  1.072349e+01   2.329168e-08   0.000000e+00   3.686358e-11   259992
  1.074455e+01   2.322983e-08   4.798645e-02   3.676137e-11   258894
  1.076585e+01   2.312415e-08   3.810598e-02   3.628477e-11   263364
  1.078716e+01   2.314541e-08   0.000000e+00   3.642070e-11   259536
  1.080816e+01   2.293161e-08   2.208805e-02   3.598696e-11   263438
  1.082940e+01   2.294803e-08   4.351600e-02   3.571955e-11   265740
  1.085076e+01   2.288547e-08   0.000000e+00   3.586581e-11   264894
  1.087207e+01   2.279636e-08   0.000000e+00   3.555613e-11   269184
  1.089328e+01   2.285370e-08   4.169843e-02   3.572614e-11   266138
  1.091447e+01   2.266147e-08   2.941879e-02   3.518441e-11   270528
  1.093587e+01   2.269374e-08   0.000000e+00   3.520172e-11   268182
  1.095700e+01   2.253053e-08   0.000000e+00   3.506399e-11   270960
  1.097818e+01   2.266861e-08   5.003143e-02   3.494588e-11   274580
  1.099984e+01   2.244976e-08   0.000000e+00   3.465097e-11   276078
  1.102112e+01   2.241041e-08   0.000000e+00   3.450917e-11   273600
  1.104226e+01   2.243574e-08   4.178300e-02   3.463821e-11   274698
  1.106348e+01   2.227679e-08   4.460166e-02   3.423130e-11   276920
  1.108487e+01   2.228517e-08   0.000000e+00   3.419105e-11   276774
  1.110613e+01   2.208142e-08   0.000000e+00   3.381500e-11   279972
  1.112717e+01   2.216451e-08   3.623490e-02   3.396980e-11   276144
  1.114849e+01   2.206484e-08   1.703999e-02   3.354076e-11   282590
  1.116984e+01   2.201742e-08   0.000000e+00   3.359609e-11   282300
  1.119110e+01   2.199806e-08   0.000000e+00   3.336071e-11   283926
  1.121215e+01   2.188658e-08   4.855897e-02   3.356724e-11   279792
  1.123356e+01   2.190282e-08   0.000000e+00   3.292329e-11   287870
  1.125494e+01   2.176769e-08   0.000000e+00   3.299324e-11   286428
  1.127597e+01   2.188413e-08   4.740588e-02   3.300283e-11   284808
  1.129724e+01   2.170930e-08   1.528057e-02   3.276106e-11   289158
  1.131864e+01   2.172995e-08   0.000000e+00   3.264490e-11   290204
  1.133987e+01   2.168506e-08   0.000000e+00   3.258203e-11   290382
  1.136103e+01   2.155522e-08   3.213897e-02   3.226765e-11   291912
  1.138241e+01   2.163064e-08   0.000000e+00   3.239355e-11   290754
  1.140356e+01   2.144045e-08   1.734547e-02   3.193173e-11   296096
  1.142493e+01   2.151860e-08   2.592749e-02   3.202385e-11   294552
  1.144606e+01   2.140009e-08   4.752457e-02   3.220408e-11   293466
  1.146728e+01   2.138480e-08   0.000000e+00   3.166005e-11   296904
  1.148861e+01   2.135329e-08   0.000000e+00   3.158613e-11   298358
  1.150963e+01   2.129335e-08   4.614142e-02   3.173779e-11   297840
  1.153101e+01   2.136248e-08   1.847499e-02   3.141713e-11   301338
  1.155236e+01   2.115507e-08   0.000000e+00   3.142235e-11   300336
  1.157339e+01   2.125370e-08   5.045879e-02   3.114901e-11   303584
  1.159478e+01   2.108678e-08   4.146628e-02   3.108861e-11   304098
  1.161618e+01   2.116252e-08   0.000000e+00   3.106669e-11   304488
  1.163731e+01   2.096610e-08   4.594440e-02   3.072486e-11   306678
  1.165863e+01   2.107516e-08   0.000000e+00   3.094365e-11   305732
  1.167989e+01   2.100028e-08   1.634755e-02   3.054082e-11   309894
  1.170122e+01   2.090766e-08   2.455174e-02   3.050941e-11   310200
  1.172247e+01   2.096335e-08   0.000000e+00   3.055813e-11   307074
  1.174361e+01   2.077566e-08   4.766604e-02   2.996016e-11   315656
  1.176506e+01   2.086324e-08   0.000000e+00   3.029971e-11   310704
  1.178640e+01   2.075446e-08   0.000000e+00   3.014367e-11   314310
  1.180730e+01   2.080522e-08   5.642094e-02   3.021362e-11   312412
  1.182874e+01   2.066824e-08   0.000000e+00   2.973091e-11   318310
  1.185009e+01   2.068900e-08   0.000000e+00   2.986856e-11   315648
  1.187118e+01   2.077343e-08   4.418622e-02   2.967422e-11   320610
  1.189241e+01   2.057174e-08   0.000000e+00   3.001504e-11   313944
  1.191368e+01   2.065557e-08   0.000000e+00   2.930635e-11   325880
  1.193498e+01   2.059138e-08   4.477376e-02   2.959370e-11   319146
  1.195625e+01   2.056415e-08   0.000000e+00   2.941054e-11   322896
  1.197734e+01   2.050868e-08   4.966901e-02   2.931334e-11   322206
  1.199867e+01   2.052233e-08   0.000000e+00   2.927688e-11   327416
  1.202013e+01   2.051889e-08   0.000000e+00   2.912433e-11   325602
  1.204111e+01   2.041047e-08   6.038618e-02   2.893525e-11   328248
  1.206244e+01   2.046323e-08   0.000000e+00   2.903835e-11   326088
  1.208388e+01   2.034216e-08   0.000000e+00   2.874940e-11   331658
  1.210487e+01   2.039406e-08   5.459452e-02   2.858258e-11   331584
  1.212626e+01   2.017246e-08   2.602858e-02   2.856064e-11   330630
  1.214760e+01   2.037315e-08   0.000000e+00   2.880379e-11   333204
  1.216856e+01   2.031247e-08   6.206986e-02   2.844402e-11   333470
  1.219005e+01   2.023442e-08   0.000000e+00   2.850222e-11   335688
  1.221117e+01   2.027142e-08   2.182818e-02   2.826728e-11   336828
  1.223239e+01   2.014571e-08   2.819960e-02   2.836977e-11   337662
  1.225381e+01   2.021470e-08   0.000000e+00   2.818730e-11   338960
  1.227473e+01   2.008312e-08   5.669764e-02   2.819184e-11   338262
  1.229610e+01   2.010600e-08   4.686592e-02   2.800261e-11   344388
  1.231765e+01   2.019912e-08   0.000000e+00   2.806243e-11   342486
  1.233850e+01   2.005058e-08   7.187676e-02   2.782874e-11   343592
  1.236004e+01   2.014714e-08   5.740682e-03   2.774864e-11   347130
  1.238147e+01   1.998428e-08   0.000000e+00   2.775254e-11   346152
  1.240239e+01   2.009194e-08   6.850136e-02   2.784221e-11   345856
  1.242389e+01   2.001996e-08   0.000000e+00   2.764716e-11   349354
  1.244520e+01   2.003229e-08   0.000000e+00   2.746115e-11   352032
  1.246632e+01   2.002215e-08   5.706615e-02   2.758284e-11   348582
  1.248777e+01   2.004197e-08   0.000000e+00   2.758270e-11   352244
  1.250865e+01   1.999878e-08   6.950678e-02   2.733643e-11   351582
  1.253008e+01   1.996685e-08   1.412724e-02   2.727935e-11   357144
  1.255158e+01   2.001800e-08   0.000000e+00   2.721369e-11   355560
  1.257251e+01   1.996390e-08   6.529484e-02   2.717312e-11   354551
  1.259392e+01   2.002767e-08   9.359085e-03   2.690636e-11   358044
  1.261540e+01   2.015728e-08   0.000000e+00   2.728204e-11   355272
  1.263624e+01   2.021585e-08   7.192270e-02   2.723067e-11   352044
  1.265759e+01   2.033281e-08   0.000000e+00   2.722027e-11   352344
  1.267894e+01   2.033854e-08   0.000000e+00   2.708649e-11   356516
  1.270005e+01   2.044812e-08   4.987931e-02   2.732083e-11   352848
  1.272166e+01   2.050388e-08   0.000000e+00   2.730421e-11   352980
  1.274263e+01   2.053728e-08   4.271369e-02   2.740220e-11   348948
  1.276385e+01   2.065125e-08   3.594510e-02   2.746852e-11   351692
  1.278547e+01   2.061512e-08   0.000000e+00   2.721760e-11   353064
  1.280634e+01   2.073782e-08   6.394785e-02   2.772010e-11   345624
  1.282758e+01   2.076719e-08   0.000000e+00   2.756318e-11   347844
  1.284907e+01   2.071802e-08   0.000000e+00   2.731490e-11   351020
  1.287004e+01   2.089233e-08   5.956872e-02   2.779313e-11   345852
  1.289140e+01   2.084277e-08   5.799333e-03   2.774132e-11   347040
  1.291279e+01   2.082331e-08   0.000000e+00   2.772712e-11   345928
  1.293376e+01   2.101393e-08   5.950043e-02   2.795317e-11   347020
  1.295523e+01   2.083901e-08   0.000000e+00   2.783811e-11   343032
  1.297641e+01   2.091882e-08   0.000000e+00   2.786142e-11   343620
  1.299748e+01   2.103895e-08   6.183006e-02   2.800018e-11   343988
  1.301913e+01   2.103921e-08   0.000000e+00   2.808636e-11   344556
  1.304018e+01   2.102307e-08   4.440488e-02   2.809097e-11   343632
  1.306159e+01   2.103693e-08   0.000000e+00   2.835458e-11   340392
  1.308295e+01   2.106023e-08   0.000000e+00   2.851171e-11   339408
  1.310383e+01   2.104657e-08   7.607227e-02   2.825439e-11   341864
  1.312541e+01   2.104743e-08   0.000000e+00   2.839089e-11   341964
  1.314677e+01   2.103219e-08   0.000000e+00   2.855012e-11   334380
  1.316746e+01   2.102507e-08   7.131689e-02   2.853582e-11   336504
  1.318902e+01   2.106566e-08   1.890411e-02   2.851785e-11   339560
  1.321037e+01   2.105013e-08   0.000000e+00   2.868179e-11   336384
  1.323144e+01   2.098392e-08   7.500312e-02   2.860487e-11   337404
  1.325294e+01   2.099685e-08   0.000000e+00   2.896294e-11   330156
  1.327389e+01   2.100403e-08   5.911760e-02   2.872179e-11   337808
  1.329534e+01   2.094067e-08   0.000000e+00   2.883849e-11   332748
  1.331677e+01   2.101891e-08   0.000000e+00   2.884924e-11   333612
  1.333770e+01   2.085250e-08   5.985860e-02   2.873388e-11   331860
  1.335904e+01   2.091297e-08   2.828882e-02   2.915047e-11   328376
  1.338036e+01   2.088303e-08   0.000000e+00   2.891915e-11   331140
  1.340142e+01   2.082738e-08   7.285737e-02   2.878159e-11   332988
  1.342278e+01   2.085675e-08   2.868372e-02   2.924243e-11   325224
  1.344422e+01   2.076315e-08   0.000000e+00   2.885152e-11   331544
  1.346525e+01   2.071107e-08   6.762832e-02   2.910075e-11   327264
  1.348660e+01   2.069336e-08   0.000000e+00   2.921767e-11   322308
  1.350776e+01   2.072892e-08   2.506166e-02   2.914601e-11   328136
  1.352882e+01   2.063517e-08   5.037314e-02   2.918143e-11   323172
  1.355038e+01   2.061961e-08   0.000000e+00   2.914381e-11   325248
  1.357139e+01   2.062190e-08   6.382910e-02   2.936933e-11   324096
  1.359270e+01   2.058042e-08   0.000000e+00   2.919074e-11   321540
  1.361421e+01   2.043607e-08   0.000000e+00   2.903478e-11   323744
  1.363502e+01   2.050876e-08   7.143344e-02   2.937062e-11   317400
  1.365640e+01   2.046661e-08   1.710267e-02   2.939518e-11   322560
  1.367794e+01   2.033431e-08   0.000000e+00   2.914501e-11   320076
  1.369883e+01   2.039609e-08   7.371306e-02   2.925964e-11   317204
  1.372050e+01   2.021118e-08   0.000000e+00   2.906423e-11   323064
  1.374185e+01   2.029588e-08   0.000000e+00   2.943291e-11   315204
  1.376267e+01   2.015618e-08   8.009812e-02   2.916833e-11   315416
  1.378442e+01   2.015972e-08   0.000000e+00   2.928930e-11   316884
  1.380538e+01   2.012823e-08   4.843238e-02   2.946106e-11   312876
  1.382662e+01   2.000934e-08   5.557752e-02   2.927130e-11   315540
  1.384825e+01   2.013210e-08   0.000000e+00   2.944299e-11   312576
  1.386904e+01   2.006851e-08   7.988832e-02   2.940107e-11   312140
  1.389052e+01   1.988067e-08   1.970837e-02   2.928406e-11   310356
  1.391199e+01   1.992868e-08   0.000000e+00   2.930399e-11   311232
  1.393277e+01   1.980657e-08   7.128976e-02   2.947256e-11   307584
  1.395428e+01   1.983191e-08   3.255009e-02   2.927059e-11   310616
  1.397560e+01   1.977853e-08   0.000000e+00   2.952935e-11   304200
  1.399640e+01   1.971950e-08   7.969197e-02   2.950167e-11   306792
  1.401808e+01   1.971346e-08   0.000000e+00   2.931871e-11   306168
  1.403909e+01   1.954237e-08   0.000000e+00   2.928807e-11   304448
  1.406041e+01   1.952277e-08   6.939716e-02   2.903716e-11   308580
  1.408202e+01   1.948384e-08   0.000000e+00   2.930683e-11   299568
  1.410280e+01   1.933175e-08   6.868960e-02   2.910943e-11   304416
  1.412435e+01   1.934680e-08   3.857030e-02   2.916620e-11   302216
  1.414578e+01   1.936145e-08   0.000000e+00   2.932878e-11   300084
  1.416667e+01   1.922669e-08   8.651619e-02   2.926642e-11   299340
  1.418803e+01   1.927278e-08   0.000000e+00   2.937554e-11   296688
  1.420942e+01   1.905228e-08   0.000000e+00   2.908208e-11   298820
  1.423030e+01   1.906545e-08   8.252934e-02   2.897552e-11   296916
  1.425188e+01   1.905699e-08   0.000000e+00   2.925180e-11   295920
  1.427301e+01   1.885588e-08   7.785382e-03   2.905029e-11   292692
  1.429397e+01   1.887971e-08   7.650881e-02   2.891107e-11   295892
  1.431576e+01   1.881102e-08   0.000000e+00   2.915132e-11   293064
  1.433671e+01   1.867834e-08   4.153712e-02   2.872206e-11   293220
  1.435788e+01   1.876098e-08   3.733869e-02   2.921674e-11   286804
  1.437936e+01   1.861308e-08   0.000000e+00   2.882665e-11   293080
  1.440039e+01   1.854828e-08   7.589317e-02   2.865802e-11   291816
  1.442194e+01   1.856249e-08   0.000000e+00   2.887230e-11   287784
  1.444329e+01   1.845440e-08   0.000000e+00   2.883689e-11   286760
  1.446414e+01   1.841451e-08   7.939720e-02   2.863233e-11   287088
  1.448565e+01   1.828123e-08   0.000000e+00   2.871980e-11   286176
  1.450707e+01   1.821607e-08   0.000000e+00   2.852690e-11   284184
  1.452787e+01   1.818424e-08   7.067309e-02   2.859821e-11   282220
  1.454958e+01   1.809328e-08   0.000000e+00   2.840396e-11   284452
  1.457063e+01   1.810079e-08   0.000000e+00   2.877458e-11   279516
  1.459173e+01   1.794856e-08   7.684073e-02   2.837249e-11   282696
  1.461348e+01   1.800090e-08   0.000000e+00   2.869298e-11   278676
  1.463426e+01   1.786861e-08   7.951887e-02   2.845869e-11   279512
  1.465568e+01   1.768822e-08   1.040156e-02   2.832209e-11   276672
  1.467715e+01   1.780717e-08   0.000000e+00   2.863598e-11   276036
  1.469785e+01   1.757696e-08   7.741385e-02   2.819756e-11   274416
  1.471935e+01   1.761641e-08   3.632573e-02   2.837728e-11   275384
  1.474085e+01   1.764222e-08   0.000000e+00   2.843195e-11   274560
  1.476173e+01   1.743349e-08   8.513188e-02   2.839353e-11   272220
  1.478334e+01   1.734238e-08   0.000000e+00   2.824899e-11   270492
  1.480450e+01   1.741521e-08   0.000000e+00   2.816523e-11   271532
  1.482569e+01   1.721850e-08   5.100286e-02   2.810886e-11   272052
  1.484719e+01   1.728234e-08   0.000000e+00   2.837442e-11   264372
  1.486800e+01   1.709404e-08   4.585980e-02   2.815791e-11   268652
  1.488944e+01   1.710535e-08   5.343898e-02   2.801103e-11   266760
  1.491080e+01   1.706064e-08   0.000000e+00   2.825105e-11   262536
  1.493171e+01   1.692541e-08   8.411404e-02   2.799872e-11   266460
  1.495315e+01   1.689562e-08   0.000000e+00   2.807272e-11   261560
  1.497449e+01   1.675998e-08   0.000000e+00   2.771711e-11   262236
  1.499549e+01   1.677390e-08   7.555702e-02   2.788183e-11   261708
  1.501690e+01   1.672289e-08   0.000000e+00   2.777617e-11   258960
  1.503825e+01   1.653961e-08   0.000000e+00   2.787407e-11   258376
  1.505913e+01   1.655537e-08   7.188684e-02   2.773245e-11   258304
  1.508091e+01   1.654113e-08   0.000000e+00   2.772423e-11   259368
  1.510195e+01   1.638838e-08   3.454738e-02   2.777141e-11   253332
  1.512302e+01   1.645644e-08   7.561668e-02   2.790799e-11   254448
  1.514471e+01   1.627316e-08   0.000000e+00   2.760198e-11   255248
  1.516564e+01   1.616908e-08   7.811351e-02   2.741218e-11   252180
  1.518711e+01   1.624974e-08   3.126209e-02   2.759556e-11   252744
  1.520852e+01   1.604748e-08   0.000000e+00   2.764051e-11   247348
  1.522930e+01   1.617103e-08   9.388828e-02   2.754445e-11   250432
  1.525082e+01   1.595176e-08   0.000000e+00   2.734756e-11   247860
  1.527231e+01   1.591632e-08   0.000000e+00   2.741008e-11   247716
  1.529310e+01   1.601089e-08   7.873581e-02   2.781555e-11   242472
  1.531476e+01   1.576289e-08   0.000000e+00   2.733897e-11   248672
  1.533588e+01   1.575468e-08   3.457684e-02   2.751058e-11   239352
  1.535687e+01   1.564259e-08   6.309932e-02   2.709215e-11   245088
  1.537857e+01   1.565092e-08   0.000000e+00   2.752408e-11   239232
  1.539936e+01   1.560994e-08   8.365968e-02   2.733516e-11   240320
  1.542090e+01   1.549654e-08   0.000000e+00   2.739324e-11   239340
  1.544240e+01   1.539665e-08   0.000000e+00   2.695693e-11   237636
  1.546310e+01   1.543489e-08   7.992323e-02   2.733393e-11   235980
  1.548461e+01   1.528924e-08   0.000000e+00   2.721780e-11   235304
  1.550606e+01   1.539678e-08   0.000000e+00   2.723229e-11   234576
  1.552690e+01   1.515293e-08   7.392256e-02   2.730421e-11   232788
  1.554840e+01   1.517581e-08   0.000000e+00   2.727575e-11   230400
  1.556963e+01   1.521319e-08   0.000000e+00   2.698328e-11   231836
  1.559071e+01   1.504121e-08   7.992624e-02   2.703554e-11   231288
  1.561245e+01   1.503068e-08   0.000000e+00   2.702409e-11   226536
  1.563325e+01   1.491041e-08   6.269833e-02   2.697907e-11   226084
  1.565446e+01   1.485814e-08   5.327993e-02   2.670434e-11   227116
  1.567612e+01   1.485760e-08   0.000000e+00   2.697980e-11   223800
  1.569693e+01   1.476917e-08   8.547255e-02   2.704911e-11   223884
  1.571836e+01   1.480402e-08   0.000000e+00   2.703316e-11   222360
  1.573983e+01   1.461142e-08   0.000000e+00   2.683108e-11   221156
  1.576078e+01   1.455794e-08   9.512483e-02   2.676317e-11   221724
  1.578235e+01   1.465822e-08   0.000000e+00   2.695837e-11   217584
  1.580363e+01   1.440396e-08   0.000000e+00   2.687476e-11   217576
  1.582449e+01   1.448949e-08   9.831521e-02   2.698594e-11   215464
  1.584614e+01   1.439145e-08   0.000000e+00   2.678741e-11   215472
  1.586724e+01   1.434984e-08   2.619220e-02   2.693886e-11   213768
  1.588826e+01   1.436084e-08   8.521128e-02   2.694670e-11   210956
  1.590983e+01   1.419554e-08   0.000000e+00   2.666609e-11   211788
  1.593090e+01   1.420411e-08   4.580991e-02   2.652325e-11   211092
  1.595229e+01   1.425222e-08   3.219734e-02   2.683572e-11   209556
  1.597383e+01   1.405904e-08   0.000000e+00   2.678828e-11   206700
  1.599456e+01   1.408679e-08   7.953365e-02   2.663067e-11   206048
  1.601602e+01   1.399235e-08   0.000000e+00   2.662963e-11   204744
  1.603743e+01   1.396557e-08   0.000000e+00   2.684282e-11   202992
  1.605814e+01   1.399863e-08   8.958419e-02   2.672644e-11   201944
  1.607992e+01   1.383516e-08   0.000000e+00   2.651882e-11   203304
  1.610126e+01   1.384540e-08   0.000000e+00   2.641482e-11   200484
  1.612202e+01   1.374777e-08   9.542370e-02   2.672740e-11   195516
  1.614380e+01   1.375102e-08   0.000000e+00   2.657160e-11   198860
  1.616467e+01   1.385817e-08   4.266826e-02   2.664861e-11   195264
  1.618595e+01   1.355095e-08   6.266368e-02   2.646712e-11   195984
  1.620757e+01   1.361800e-08   0.000000e+00   2.677659e-11   191808
  1.622817e+01   1.360932e-08   7.274372e-02   2.679045e-11   190776
  1.624959e+01   1.344917e-08   1.640314e-02   2.656323e-11   192032
  1.627116e+01   1.353338e-08   0.000000e+00   2.643303e-11   188628
  1.629190e+01   1.335575e-08   1.006836e-01   2.638277e-11   189444
  1.631358e+01   1.339778e-08   0.000000e+00   2.674997e-11   186260
  1.633473e+01   1.341261e-08   0.000000e+00   2.662798e-11   184560
  1.635569e+01   1.324596e-08   9.184118e-02   2.653018e-11   185832
  1.637754e+01   1.331968e-08   0.000000e+00   2.679561e-11   182400
  1.639844e+01   1.318028e-08   4.265255e-02   2.655895e-11   181380
  1.641955e+01   1.319082e-08   7.654590e-02   2.660612e-11   180332
  1.644125e+01   1.324355e-08   0.000000e+00   2.664522e-11   178236
  1.646218e+01   1.302483e-08   5.497065e-02   2.653183e-11   179184
  1.648349e+01   1.305405e-08   7.029983e-02   2.655706e-11   175028
  1.650501e+01   1.305409e-08   0.000000e+00   2.676709e-11   175440
  1.652602e+01   1.292420e-08   7.554711e-02   2.657521e-11   174828
  1.654745e+01   1.304851e-08   0.000000e+00   2.674772e-11   169896
  1.656867e+01   1.286833e-08   0.000000e+00   2.669592e-11   171708
  1.658966e+01   1.290332e-08   9.745746e-02   2.668641e-11   169328
  1.661120e+01   1.287154e-08   0.000000e+00   2.675005e-11   167364
  1.663245e+01   1.275294e-08   3.515465e-02   2.651575e-11   168192
  1.665343e+01   1.288427e-08   8.719926e-02   2.703588e-11   163188
  1.667519e+01   1.271932e-08   0.000000e+00   2.659724e-11   166184
  1.669627e+01   1.270346e-08   4.382744e-02   2.663049e-11   161460
  1.671729e+01   1.274190e-08   8.087356e-02   2.686429e-11   159972
  1.673883e+01   1.259389e-08   0.000000e+00   2.684510e-11   159488
  1.675972e+01   1.262518e-08   7.541866e-02   2.664791e-11   158148
  1.678124e+01   1.258070e-08   0.000000e+00   2.662391e-11   158100
  1.680275e+01   1.262529e-08   0.000000e+00   2.702427e-11   155232
  1.682334e+01   1.263527e-08   8.659818e-02   2.713077e-11   151216
  1.684499e+01   1.243684e-08   0.000000e+00   2.681008e-11   155560
  1.686650e+01   1.253820e-08   0.000000e+00   2.694108e-11   151404
  1.688722e+01   1.250671e-08   1.035284e-01   2.714037e-11   148356
  1.690892e+01   1.239054e-08   0.000000e+00   2.698826e-11   147164
  1.692986e+01   1.247877e-08   3.008663e-02   2.678605e-11   147384
  1.695103e+01   1.229455e-08   6.984214e-02   2.707971e-11   145992
  1.697285e+01   1.240396e-08   0.000000e+00   2.721298e-11   143856
  1.699339e+01   1.241142e-08   6.932016e-02   2.757538e-11   140384
  1.701490e+01   1.217487e-08   3.270674e-02   2.700862e-11   143856
  1.703649e+01   1.238927e-08   0.000000e+00   2.734168e-11   136968
  1.705711e+01   1.214570e-08   9.470074e-02   2.704715e-11   139536
  1.707887e+01   1.227627e-08   0.000000e+00   2.745784e-11   136916
  1.710001e+01   1.227212e-08   0.000000e+00   2.721542e-11   133032
  1.712087e+01   1.204104e-08   9.625001e-02   2.729198e-11   135540
  1.714280e+01   1.226348e-08   0.000000e+00   2.745389e-11   132096
  1.716368e+01   1.216627e-08   0.000000e+00   2.771475e-11   129540
  1.718476e+01   1.204821e-08   9.357775e-02   2.735995e-11   130640
  1.720648e+01   1.224333e-08   0.000000e+00   2.738994e-11   126276
  1.722742e+01   1.192308e-08   5.640903e-02   2.736185e-11   128484
  1.724899e+01   1.213108e-08   1.669540e-02   2.798269e-11   124168
  1.727028e+01   1.209642e-08   0.000000e+00   2.764321e-11   122224
  1.729123e+01   1.196018e-08   8.359513e-02   2.784392e-11   123156
  1.731280e+01   1.219568e-08   0.000000e+00   2.815397e-11   119688
  1.733386e+01   1.194872e-08   0.000000e+00   2.821443e-11   116640
  1.735484e+01   1.203300e-08   9.810091e-02   2.811467e-11   119696
  1.737648e+01   1.210125e-08   0.000000e+00   2.812739e-11   114276
  1.739766e+01   1.189320e-08   0.000000e+00   2.840101e-11   114060
  1.741864e+01   1.200429e-08   9.229442e-02   2.840844e-11   112536
  1.744033e+01   1.199789e-08   0.000000e+00   2.826298e-11   112196
  1.746153e+01   1.186311e-08   4.051957e-02   2.848432e-11   109404
  1.748253e+01   1.204038e-08   5.265681e-02   2.856751e-11   105900
  1.750389e+01   1.186793e-08   0.000000e+00   2.870031e-11   107176
  1.752495e+01   1.187747e-08   6.900017e-02   2.849514e-11   105088
  1.754638e+01   1.197379e-08   2.642436e-02   2.874008e-11   103800
  1.756788e+01   1.190563e-08   0.000000e+00   2.914599e-11   101340
  1.758872e+01   1.199192e-08   7.761216e-02   2.930415e-11   100036
  1.761005e+01   1.195291e-08   0.000000e+00   2.961470e-11   97672
  1.763147e+01   1.190181e-08   0.000000e+00   2.922148e-11   97908
  1.765245e+01   1.198524e-08   8.072952e-02   2.954626e-11   95328
  1.767394e+01   1.194291e-08   0.000000e+00   2.965455e-11   93600
  1.769511e+01   1.193590e-08   0.000000e+00   2.971345e-11   92312
  1.771626e+01   1.201212e-08   6.820258e-02   3.007207e-11   91044
  1.773780e+01   1.196362e-08   0.000000e+00   3.029565e-11   88500
  1.775853e+01   1.201872e-08   5.268903e-02   3.049641e-11   86216
  1.777991e+01   1.198462e-08   0.000000e+00   3.052382e-11   87159
  1.780170e+01   1.191640e-08   0.000000e+00   3.022790e-11   86064
  1.782261e+01   1.195765e-08   8.042271e-02   3.127564e-11   81648
  1.784382e+01   1.200436e-08   1.583573e-02   3.093756e-11   81654
  1.786535e+01   1.184387e-08   0.000000e+00   3.118554e-11   81284
  1.788644e+01   1.182153e-08   5.861891e-02   3.116723e-11   78888
  1.790769e+01   1.176588e-08   1.494827e-02   3.141427e-11   77250
  1.792879e+01   1.179691e-08   0.000000e+00   3.186377e-11   75942
  1.794990e+01   1.161989e-08   6.400720e-02   3.144462e-11   77042
  1.797161e+01   1.154933e-08   0.000000e+00   3.172199e-11   74094
  1.799279e+01   1.166201e-08   3.430956e-02   3.228117e-11   73818
  1.801400e+01   1.155506e-08   0.000000e+00   3.244590e-11   70998
  1.803529e+01   1.142834e-08   0.000000e+00   3.198856e-11   72044
  1.805651e+01   1.135939e-08   6.637615e-02   3.268271e-11   69426
  1.807790e+01   1.140822e-08   0.000000e+00   3.259262e-11   69288
  1.809912e+01   1.130481e-08   0.000000e+00   3.298666e-11   67068
  1.812008e+01   1.100568e-08   6.769166e-02   3.193012e-11   66926
  1.814154e+01   1.119714e-08   5.717273e-02   3.317486e-11   66348
  1.816309e+01   1.107647e-08   0.000000e+00   3.357661e-11   64728
  1.818404e+01   1.091987e-08   0.000000e+00   3.302860e-11   62820
  1.820526e+01   1.089867e-08   0.000000e+00   3.322996e-11   63716
  1.822675e+01   1.080374e-08   1.471915e-02   3.295719e-11   62160
  1.824795e+01   1.064037e-08   0.000000e+00   3.333302e-11   59940
  1.826899e+01   1.062903e-08   1.666221e-02   3.333471e-11   60112
  1.829021e+01   1.054652e-08   6.518309e-02   3.319570e-11   59668
  1.831176e+01   1.040831e-08   0.000000e+00   3.331358e-11   57618
  1.833276e+01   1.037008e-08   2.455513e-02   3.314654e-11   56868
  1.835379e+01   1.031303e-08   6.275927e-02   3.352626e-11   56684
  1.837515e+01   1.016465e-08   2.807640e-02   3.352791e-11   55536
  1.839655e+01   1.006215e-08   0.000000e+00   3.336166e-11   54342
  1.841784e+01   1.019781e-08   1.896867e-02   3.396091e-11   54768
  1.843889e+01   9.984380e-09   6.134806e-02   3.386724e-11   52094
  1.846015e+01   9.761920e-09   0.000000e+00   3.307914e-11   52224
  1.848172e+01   9.709749e-09   0.000000e+00   3.303766e-11   52188
  1.850284e+01   9.693444e-09   5.547718e-02   3.369165e-11   50190
  1.852384e+01   9.573231e-09   4.486309e-02   3.337448e-11   49224
  1.854525e+01   9.374397e-09   0.000000e+00   3.304111e-11   49094
  1.856674e+01   9.437383e-09   1.490564e-02   3.329707e-11   49488
  1.858801e+01   9.276136e-09   5.761163e-02   3.370732e-11   46830
  1.860898e+01   9.232175e-09   1.338602e-02   3.344895e-11   45860
  1.863032e+01   9.132796e-09   0.000000e+00   3.355474e-11   46770
  1.865174e+01   9.069836e-09   2.143119e-02   3.328936e-11   45468
  1.867296e+01   8.937644e-09   4.118087e-02   3.361444e-11   44130
  1.869410e+01   8.971665e-09   0.000000e+00   3.369257e-11   43230
  1.871538e+01   8.719857e-09   0.000000e+00   3.272895e-11   44108
  1.873682e+01   8.578933e-09   3.642308e-02   3.263923e-11   42162
  1.875801e+01   8.630913e-09   3.989062e-02   3.356451e-11   41358
  1.877904e+01   8.569987e-09   0.000000e+00   3.393523e-11   40456
  1.880031e+01   8.332463e-09   3.525362e-02   3.247655e-11   41230
  1.882192e+01   8.240336e-09   4.739189e-02   3.274113e-11   39906
  1.884323e+01   8.252621e-09   0.000000e+00   3.333115e-11   38508
  1.886415e+01   8.185780e-09   0.000000e+00   3.354622e-11   37854
  1.888527e+01   7.986256e-09   5.718350e-02   3.213864e-11   38162
  1.890689e+01   7.884757e-09   2.829037e-02   3.226284e-11   37212
  1.892823e+01   7.958939e-09   0.000000e+00   3.324084e-11   36450
  1.894904e+01   7.835772e-09   3.266358e-02   3.325727e-11   34718
  1.897014e+01   7.664656e-09   2.372033e-02   3.218012e-11   35814
  1.899178e+01   7.558696e-09   2.437259e-02   3.244570e-11   34896
  1.901314e+01   7.514021e-09   0.000000e+00   3.257956e-11   33822
  1.903390e+01   7.383594e-09   4.502416e-02   3.249770e-11   32522
  1.905522e+01   7.252564e-09   0.000000e+00   3.091615e-11   33630
  1.907685e+01   7.178834e-09   0.000000e+00   3.201113e-11   32166
  1.909787e+01   7.088816e-09   2.486651e-02   3.188448e-11   31200
  1.911872e+01   7.094715e-09   1.765777e-02   3.232096e-11   30598
  1.914003e+01   6.833860e-09   2.197846e-02   3.036519e-11   31138
  1.916182e+01   6.854670e-09   0.000000e+00   3.133514e-11   30510
  1.918304e+01   6.745541e-09   3.342149e-02   3.177505e-11   28998
  1.920386e+01   6.706859e-09   0.000000e+00   3.141647e-11   28290
  1.922515e+01   6.485529e-09   4.304511e-02   3.098342e-11   29126
  1.924694e+01   6.432255e-09   0.000000e+00   3.095259e-11   28008
  1.926819e+01   6.302576e-09   8.251239e-03   3.032253e-11   27222
  1.928919e+01   6.333912e-09   2.193490e-02   3.106206e-11   26426
  1.931044e+01   6.136646e-09   1.507670e-02   3.004559e-11   26694
  1.933196e+01   6.015650e-09   2.670567e-02   2.973879e-11   25734
  1.935329e+01   6.006965e-09   0.000000e+00   2.996534e-11   25458
  1.937422e+01   5.927630e-09   5.500515e-03   3.021739e-11   24198
  1.939559e+01   5.792575e-09   0.000000e+00   2.940413e-11   25034
  1.941719e+01   5.726035e-09   1.935492e-02   2.999765e-11   23718
  1.943828e+01   5.651127e-09   0.000000e+00   2.951832e-11   23094
  1.945903e+01   5.608449e-09   2.888148e-02   2.944050e-11   22416
  1.948039e+01   5.418580e-09   1.064240e-02   2.835363e-11   23078
  1.950232e+01   5.361651e-09   0.000000e+00   2.877662e-11   22386
  1.952355e+01   5.313303e-09   0.000000e+00   2.944053e-11   21126
  1.954412e+01   5.232915e-09   0.000000e+00   2.928755e-11   20366
  1.956530e+01   5.022758e-09   3.934194e-02   2.754862e-11   21354
  1.958729e+01   4.947754e-09   0.000000e+00   2.783681e-11   20478
  1.960849e+01   4.974722e-09   0.000000e+00   2.820397e-11   19458
  1.962905e+01   4.896444e-09   1.427868e-02   2.812883e-11   18758
  1.965026e+01   4.726204e-09   4.256741e-02   2.702055e-11   19566
  1.967221e+01   4.619757e-09   2.797305e-02   2.674012e-11   18858
  1.969351e+01   4.616586e-09   1.226851e-02   2.775604e-11   17790
  1.971402e+01   4.552630e-09   0.000000e+00   2.723693e-11   17114
  1.973526e+01   4.356226e-09   0.000000e+00   2.568770e-11   17982
  1.975719e+01   4.384951e-09   0.000000e+00   2.684925e-11   17190
  1.977855e+01   4.258345e-09   0.000000e+00   2.623689e-11   16458
  1.979904e+01   4.233355e-09   3.109449e-02   2.710082e-11   15494
  1.982023e+01   4.042523e-09   1.559322e-02   2.533540e-11   16374
  1.984230e+01   3.981942e-09   0.000000e+00   2.506645e-11   15858
  1.986368e+01   3.967511e-09   0.000000e+00   2.634441e-11   14862
  1.988409e+01   3.966370e-09   0.000000e+00   2.571806e-11   14082
  1.990539e+01   3.661949e-09   0.000000e+00   2.373538e-11   14990
  1.992751e+01   3.660638e-09   1.304066e-02   2.401703e-11   14358
  1.994881e+01   3.736834e-09   0.000000e+00   2.518960e-11   13386
  1.996901e+01   3.699869e-09   0.000000e+00   2.568573e-11   12678
  1.999033e+01   3.461625e-09   2.333050e-02   2.373234e-11   13700
  2.001259e+01   3.445762e-09   1.427720e-02   2.423435e-11   12942
  2.003395e+01   3.350446e-09   3.900625e-02   2.400577e-11   12198
  2.005392e+01   3.392552e-09   0.000000e+00   2.543721e-11   11106
  2.007510e+01   3.146291e-09   0.000000e+00   2.216103e-11   12494
  2.009743e+01   3.109789e-09   2.803667e-02   2.285670e-11   11610
  2.011896e+01   3.050417e-09   0.000000e+00   2.338053e-11   11094
  2.013893e+01   3.063551e-09   1.954314e-02   2.449145e-11   9902
  2.016002e+01   2.868422e-09   1.362413e-02   2.209388e-11   11226
  2.018236e+01   2.842255e-09   0.000000e+00   2.247141e-11   10326
  2.020391e+01   2.847071e-09   1.674028e-02   2.250252e-11   10074
  2.022404e+01   2.749295e-09   1.000015e-02   2.332980e-11   8766
  2.024495e+01   2.586408e-09   0.000000e+00   2.093942e-11   9950
  2.026724e+01   2.458036e-09   1.255785e-02   2.049097e-11   9252
  2.028878e+01   2.536188e-09   0.000000e+00   2.162569e-11   8886
  2.030890e+01   2.474801e-09   0.000000e+00   2.188266e-11   7850
  2.032999e+01   2.322891e-09   1.304187e-02   2.122202e-11   8886
  2.035233e+01   2.272591e-09   0.000000e+00   2.018436e-11   8142
  2.037362e+01   2.223051e-09   1.995215e-02   2.026650e-11   7746
  2.039351e+01   2.223897e-09   2.095128e-02   2.125374e-11   6926
  2.041502e+01   2.076815e-09   0.000000e+00   1.873659e-11   7974
  2.043743e+01   2.031184e-09   2.144478e-02   1.923510e-11   7074
  2.045847e+01   1.982494e-09   0.000000e+00   1.856188e-11   6744
  2.047826e+01   2.018904e-09   2.117916e-02   2.054814e-11   6114
  2.050013e+01   1.749003e-09   7.382811e-03   1.626932e-11   7094
  2.052293e+01   1.752433e-09   0.000000e+00   1.815333e-11   6174
  2.054371e+01   1.793097e-09   0.000000e+00   1.967337e-11   5754
  2.056296e+01   1.763187e-09   0.000000e+00   1.917827e-11   5214
  2.058512e+01   1.546123e-09   0.000000e+00   1.557221e-11   6338
  2.060854e+01   1.513346e-09   6.860075e-03   1.578274e-11   5352
  2.062909e+01   1.503413e-09   0.000000e+00   1.686817e-11   4830
  2.064745e+01   1.615065e-09   7.970494e-03   1.925900e-11   4338
  2.066973e+01   1.332550e-09   0.000000e+00   1.407236e-11   5558
  2.069415e+01   1.278376e-09   1.619049e-02   1.468672e-11   4866
  2.071512e+01   1.273485e-09   2.671631e-02   1.668035e-11   3846
  2.073181e+01   1.336238e-09   0.000000e+00   1.694791e-11   3518
  2.075418e+01   1.147299e-09   2.172723e-02   1.293455e-11   4812
  2.077931e+01   1.114752e-09   1.168303e-02   1.373878e-11   4278
  2.080110e+01   1.077068e-09   1.981248e-02   1.496071e-11   3174
  2.081618e+01   1.168646e-09   0.000000e+00   1.653617e-11   2738
  2.083848e+01   9.898566e-10   6.604529e-03   1.163397e-11   4086
  2.086413e+01   9.486022e-10   0.000000e+00   1.170587e-11   3666
  2.088695e+01   9.233374e-10   1.630361e-02   1.388164e-11   2712
  2.090056e+01   1.056231e-09   8.464232e-03   1.777821e-11   1998
  2.092274e+01   8.537797e-10   1.188069e-02   1.163711e-11   3434
  2.094892e+01   7.963027e-10   0.000000e+00   1.102123e-11   3078
  2.097282e+01   7.175984e-10   1.039155e-02   1.192513e-11   2334
  2.098499e+01   9.207137e-10   0.000000e+00   1.810960e-11   1340
  2.100697e+01   6.640460e-10   0.000000e+00   9.076036e-12   2838
  2.103377e+01   6.353585e-10   0.000000e+00   9.584129e-12   2538
  2.105879e+01   5.890312e-10   1.545294e-02   1.091522e-11   1974
  2.106882e+01   7.883105e-10   1.325470e-02   2.003527e-11   774
  2.109090e+01   5.653625e-10   0.000000e+00   8.992861e-12   2300
  2.111837e+01   5.000830e-10   1.019972e-02   8.258557e-12   2046
  2.114452e+01   4.449795e-10   7.696796e-03   7.583544e-12   1626
  2.115265e+01   6.942819e-10   7.929049e-03   2.977573e-11   390
  2.117466e+01   4.415580e-10   8.047945e-03   8.531555e-12   1766
  2.120257e+01   4.028169e-10   0.000000e+00   7.963303e-12   1596
  2.122982e+01   3.275780e-10   0.000000e+00   6.792609e-12   1302
  2.123651e+01   5.272177e-10   0.000000e+00   3.066905e-11   150
  2.125856e+01   3.175200e-10   2.710178e-03   6.944247e-12   1298
  2.128657e+01   3.048499e-10   0.000000e+00   7.178318e-12   1158
  2.131442e+01   2.504663e-10   0.000000e+00   6.135586e-12   996
  2.132465e+01   5.566198e-10   1.103323e-02   7.688515e-11   38
  2.134266e+01   2.293790e-10   0.000000e+00   6.163224e-12   894
  2.137071e+01   1.936809e-10   9.951964e-03   5.496258e-12   786
  2.139879e+01   1.612984e-10   0.000000e+00   4.375285e-12   678
  2.142550e+01   4.626786e-11   0.000000e+00   8.187878e-12   8
  2.142691e+01   1.538667e-10   9.031255e-03   4.875931e-12   570
  2.145502e+01   1.125471e-10   9.692101e-03   3.966436e-12   486
  2.148316e+01   1.065090e-10   0.000000e+00   3.768813e-12   402
  2.151053e+01   5.943329e-11   0.000000e+00   1.411629e-11   8
  2.151134e+01   8.794588e-11   1.120111e-02   3.760593e-12   318
  2.153951e+01   6.870239e-11   0.000000e+00   3.118707e-12   258
  2.156771e+01   5.620309e-11   0.000000e+00   2.910652e-12   198
  2.159555e+01   3.414261e-11   0.000000e+00   6.138301e-12   8
  2.159595e+01   4.051575e-11   0.000000e+00   2.963706e-12   138
  2.162416e+01   3.127919e-11   3.676471e-03   2.567379e-12   102
  2.165242e+01   2.166446e-11   6.696087e-03   1.928300e-12   66
  2.168069e+01   9.594300e-12   0.000000e+00   1.381026e-12   38
  2.170899e+01   3.735940e-12   0.000000e+00   8.209893e-13   18
  2.173729e+01   1.515967e-12   0.000000e+00   3.266507e-13   6
