# power spectrum of theta (div v)
# redshift z=1.500000
# k              Pk             sigma(k)       sigma(Pk)      count
  4.908739e-02   3.859208e-10   1.608418e-05   1.401059e-10   6
  6.942005e-02   1.997344e-09   0.000000e+00   4.553627e-10   12
  9.065882e-02   2.116018e-09   6.508962e-03   4.046086e-10   14
  1.150009e-01   3.269613e-09   5.237893e-03   3.673295e-10   48
  1.448559e-01   4.186425e-09   3.804799e-03   4.652529e-10   42
  1.590162e-01   3.899864e-09   3.787897e-03   5.217051e-10   48
  1.803014e-01   5.725687e-09   4.541081e-03   6.124592e-10   80
  2.043367e-01   7.722633e-09   3.525774e-03   6.502259e-10   90
  2.227252e-01   6.542483e-09   5.536438e-03   6.705363e-10   120
  2.488487e-01   9.152171e-09   4.652757e-03   6.272644e-10   158
  2.661513e-01   9.473025e-09   2.208030e-03   9.752737e-10   120
  2.869973e-01   1.020518e-08   4.935215e-03   6.944697e-10   186
  3.100294e-01   1.133668e-08   6.749025e-03   7.046502e-10   264
  3.287449e-01   1.377197e-08   3.643590e-03   1.014369e-09   168
  3.526244e-01   1.359645e-08   6.511952e-03   7.101869e-10   386
  3.726071e-01   1.130176e-08   3.940433e-03   7.440655e-10   192
  3.922681e-01   1.544550e-08   6.460573e-03   7.296620e-10   390
  4.143561e-01   1.313403e-08   6.764213e-03   6.864141e-10   396
  4.351071e-01   1.649448e-08   6.710857e-03   8.327480e-10   398
  4.579190e-01   1.585938e-08   6.577772e-03   6.254285e-10   576
  4.803679e-01   1.712186e-08   6.673210e-03   8.206502e-10   444
  5.000037e-01   2.029091e-08   6.020862e-03   7.996690e-10   590
  5.223627e-01   1.862088e-08   6.593301e-03   7.276823e-10   648
  5.441711e-01   1.946973e-08   5.835223e-03   8.084471e-10   654
  5.635471e-01   2.059325e-08   4.840100e-03   7.610433e-10   636
  5.852063e-01   2.057692e-08   7.256543e-03   7.170755e-10   830
  6.055292e-01   2.115079e-08   5.223406e-03   7.121851e-10   792
  6.263096e-01   2.260570e-08   5.372178e-03   8.424323e-10   804
  6.475915e-01   2.266715e-08   6.630499e-03   7.683452e-10   1038
  6.681954e-01   2.325978e-08   5.193545e-03   7.317180e-10   936
  6.905275e-01   2.300932e-08   6.068542e-03   6.640933e-10   1130
  7.107689e-01   2.414548e-08   5.635557e-03   7.212280e-10   1104
  7.329882e-01   2.543240e-08   6.265750e-03   7.457069e-10   1230
  7.533066e-01   2.676105e-08   6.367515e-03   7.570780e-10   1260
  7.739492e-01   2.619412e-08   5.508175e-03   7.277272e-10   1286
  7.972959e-01   2.546440e-08   6.676093e-03   6.087144e-10   1728
  8.194182e-01   2.727774e-08   5.905938e-03   7.541003e-10   1392
  8.404441e-01   2.788744e-08   5.596426e-03   7.072039e-10   1626
  8.619949e-01   2.710559e-08   6.626843e-03   6.375556e-10   1760
  8.836339e-01   2.776014e-08   5.480218e-03   6.593301e-10   1686
  9.040332e-01   2.717500e-08   5.568353e-03   6.259039e-10   1812
  9.248915e-01   2.850813e-08   6.414614e-03   6.546055e-10   1862
  9.462082e-01   2.843130e-08   5.693618e-03   5.919777e-10   2160
  9.676557e-01   2.985301e-08   5.849945e-03   7.409391e-10   1956
  9.892345e-01   2.894200e-08   6.565757e-03   5.694495e-10   2454
  1.010292e+00   3.197703e-08   5.121137e-03   6.944212e-10   2048
  1.031427e+00   3.087055e-08   6.658950e-03   6.199770e-10   2538
  1.052288e+00   3.164227e-08   5.586772e-03   6.334396e-10   2400
  1.073374e+00   3.242672e-08   6.644497e-03   6.483625e-10   2526
  1.094412e+00   3.145995e-08   6.570741e-03   6.091842e-10   2856
  1.116356e+00   3.204612e-08   6.155711e-03   6.178400e-10   2804
  1.138029e+00   3.194559e-08   6.427098e-03   5.762040e-10   2958
  1.158655e+00   3.353397e-08   6.243018e-03   5.855004e-10   2976
  1.180422e+00   3.239812e-08   6.225673e-03   5.835897e-10   3194
  1.200801e+00   3.417540e-08   6.215878e-03   6.054689e-10   3120
  1.222874e+00   3.328974e-08   6.280319e-03   5.572262e-10   3606
  1.243940e+00   3.320569e-08   5.781402e-03   5.990600e-10   3276
  1.264464e+00   3.279450e-08   6.514698e-03   5.535216e-10   3600
  1.285577e+00   3.428351e-08   5.712098e-03   5.605760e-10   3638
  1.305903e+00   3.552265e-08   6.095529e-03   5.702677e-10   3744
  1.327893e+00   3.526116e-08   6.314721e-03   5.475590e-10   4170
  1.348913e+00   3.348070e-08   5.934368e-03   5.322738e-10   3984
  1.370324e+00   3.467170e-08   6.053017e-03   5.281978e-10   4334
  1.391449e+00   3.410937e-08   5.590013e-03   5.257709e-10   4284
  1.412311e+00   3.472671e-08   6.750662e-03   5.377588e-10   4374
  1.434124e+00   3.523901e-08   5.982445e-03   4.931130e-10   5016
  1.455607e+00   3.550775e-08   5.759251e-03   5.380809e-10   4580
  1.477022e+00   3.533471e-08   6.781400e-03   4.939977e-10   5142
  1.498869e+00   3.625682e-08   6.508452e-03   5.103196e-10   5184
  1.520258e+00   3.543520e-08   5.071262e-03   4.936652e-10   5058
  1.540811e+00   3.656917e-08   6.044837e-03   4.799987e-10   5384
  1.562789e+00   3.578483e-08   6.850411e-03   4.680609e-10   5622
  1.583990e+00   3.471910e-08   5.767154e-03   4.596693e-10   5736
  1.605101e+00   3.599098e-08   5.235747e-03   4.797543e-10   5596
  1.626312e+00   3.570860e-08   6.567256e-03   4.634978e-10   6070
  1.647349e+00   3.603936e-08   5.075536e-03   4.486012e-10   6096
  1.669298e+00   3.552012e-08   6.262932e-03   4.354862e-10   6474
  1.689604e+00   3.509928e-08   5.984016e-03   4.393847e-10   6024
  1.711323e+00   3.587305e-08   6.023854e-03   4.371094e-10   7070
  1.732840e+00   3.576459e-08   4.959606e-03   4.445557e-10   6516
  1.753479e+00   3.577886e-08   5.931017e-03   4.357100e-10   6936
  1.775023e+00   3.561860e-08   6.052737e-03   4.207175e-10   7110
  1.795864e+00   3.638931e-08   4.586291e-03   4.289537e-10   7244
  1.817911e+00   3.591312e-08   6.546524e-03   4.125462e-10   7878
  1.839264e+00   3.578154e-08   6.349975e-03   4.068242e-10   7344
  1.859942e+00   3.433324e-08   6.576959e-03   3.839348e-10   7694
  1.881485e+00   3.599880e-08   6.331664e-03   3.921945e-10   8412
  1.903119e+00   3.549083e-08   6.613400e-03   3.957794e-10   7920
  1.923681e+00   3.532933e-08   5.617468e-03   3.916638e-10   8118
  1.944611e+00   3.422277e-08   6.462590e-03   3.658563e-10   8548
  1.965903e+00   3.471291e-08   6.447106e-03   3.637386e-10   8710
  1.987016e+00   3.497205e-08   5.688570e-03   3.769473e-10   8928
  2.008691e+00   3.457677e-08   6.200811e-03   3.673797e-10   9186
  2.029483e+00   3.375414e-08   6.792935e-03   3.485485e-10   9200
  2.050916e+00   3.419282e-08   5.848208e-03   3.440815e-10   9438
  2.071812e+00   3.356372e-08   8.307128e-03   3.402286e-10   9564
  2.093290e+00   3.430145e-08   6.302710e-03   3.359342e-10   10296
  2.115277e+00   3.344547e-08   5.418669e-03   3.308480e-10   10126
  2.135875e+00   3.383678e-08   6.800821e-03   3.411799e-10   10024
  2.157783e+00   3.350891e-08   4.830112e-03   3.195207e-10   11082
  2.179294e+00   3.334415e-08   7.428650e-03   3.191087e-10   10632
  2.200318e+00   3.282994e-08   5.492524e-03   3.196220e-10   10734
  2.221558e+00   3.241497e-08   6.606674e-03   3.035670e-10   11276
  2.242790e+00   3.286645e-08   5.933637e-03   3.064851e-10   11352
  2.264220e+00   3.215361e-08   6.155774e-03   3.012894e-10   11550
  2.285254e+00   3.241561e-08   5.753124e-03   2.892131e-10   11772
  2.306600e+00   3.279975e-08   7.276996e-03   2.966215e-10   12038
  2.327684e+00   3.218814e-08   8.914783e-03   2.948976e-10   12096
  2.349060e+00   3.135962e-08   7.183759e-03   2.828041e-10   12582
  2.370199e+00   3.095256e-08   2.205617e-03   2.703991e-10   12620
  2.391825e+00   3.178377e-08   7.486951e-03   2.815842e-10   13320
  2.412989e+00   3.091926e-08   6.784802e-03   2.724839e-10   12654
  2.433748e+00   3.178284e-08   1.343166e-03   2.810599e-10   13236
  2.454817e+00   3.051896e-08   9.853611e-03   2.582415e-10   13438
  2.476108e+00   3.021754e-08   9.587331e-03   2.550072e-10   14344
  2.498171e+00   3.031265e-08   5.946025e-03   2.553428e-10   14226
  2.519016e+00   3.036957e-08   4.789569e-03   2.547785e-10   14088
  2.540133e+00   3.018936e-08   6.780206e-04   2.498167e-10   14328
  2.561301e+00   2.985827e-08   6.608281e-03   2.434762e-10   14954
  2.582758e+00   2.960379e-08   5.159801e-03   2.333514e-10   15480
  2.604300e+00   2.962651e-08   6.908333e-03   2.396474e-10   14862
  2.624709e+00   2.990804e-08   8.206126e-03   2.424230e-10   15296
  2.646142e+00   2.930731e-08   7.855527e-03   2.300705e-10   15954
  2.667142e+00   2.947876e-08   6.604872e-03   2.306514e-10   15720
  2.688148e+00   2.861408e-08   2.587527e-03   2.227791e-10   16296
  2.709787e+00   2.868935e-08   4.134014e-03   2.216624e-10   17010
  2.730798e+00   2.925038e-08   3.666175e-03   2.287697e-10   16328
  2.751935e+00   2.831409e-08   3.380198e-03   2.147864e-10   17094
  2.773136e+00   2.871546e-08   8.783823e-03   2.179153e-10   17436
  2.794580e+00   2.848246e-08   8.977387e-03   2.130024e-10   17862
  2.816113e+00   2.823302e-08   7.700300e-03   2.082818e-10   18200
  2.837804e+00   2.796184e-08   9.891599e-04   2.084219e-10   18450
  2.859024e+00   2.732234e-08   3.915410e-03   1.996728e-10   18384
  2.880192e+00   2.704593e-08   5.917022e-03   1.985497e-10   18504
  2.901337e+00   2.756153e-08   4.314305e-03   2.001886e-10   19142
  2.922907e+00   2.711607e-08   6.139694e-03   1.963598e-10   19692
  2.944248e+00   2.722293e-08   6.148478e-03   2.021053e-10   19062
  2.965129e+00   2.696441e-08   0.000000e+00   1.883482e-10   20184
  2.986711e+00   2.711336e-08   7.487302e-03   1.903364e-10   19970
  3.007761e+00   2.655896e-08   0.000000e+00   1.836920e-10   20496
  3.029429e+00   2.659276e-08   8.908587e-03   1.848887e-10   21456
  3.050516e+00   2.672645e-08   6.229558e-03   1.914756e-10   19650
  3.071216e+00   2.594137e-08   9.941011e-03   1.762538e-10   22040
  3.093038e+00   2.613070e-08   1.321235e-02   1.752242e-10   21558
  3.114110e+00   2.594917e-08   0.000000e+00   1.776012e-10   21804
  3.135237e+00   2.620659e-08   8.181473e-03   1.767805e-10   21926
  3.156296e+00   2.529813e-08   9.773219e-03   1.679445e-10   22416
  3.177440e+00   2.556471e-08   8.756469e-03   1.700659e-10   22776
  3.199180e+00   2.543780e-08   6.705536e-03   1.643546e-10   23874
  3.220538e+00   2.502140e-08   0.000000e+00   1.674110e-10   23104
  3.241774e+00   2.547649e-08   0.000000e+00   1.632934e-10   23974
  3.263059e+00   2.518765e-08   1.411798e-02   1.637990e-10   23892
  3.283975e+00   2.510493e-08   0.000000e+00   1.635612e-10   23550
  3.305033e+00   2.477006e-08   6.924722e-03   1.562804e-10   25320
  3.326425e+00   2.474220e-08   1.217739e-02   1.590949e-10   24428
  3.347358e+00   2.504479e-08   8.374818e-03   1.599256e-10   25254
  3.368790e+00   2.492472e-08   0.000000e+00   1.538981e-10   26016
  3.389916e+00   2.453470e-08   9.583213e-04   1.534922e-10   25182
  3.411239e+00   2.466371e-08   3.935683e-03   1.497531e-10   27428
  3.432868e+00   2.405549e-08   5.650954e-03   1.481622e-10   25974
  3.453680e+00   2.428005e-08   9.055563e-03   1.460237e-10   26904
  3.474816e+00   2.417317e-08   3.176562e-03   1.475550e-10   26730
  3.495975e+00   2.404558e-08   0.000000e+00   1.423108e-10   27896
  3.517661e+00   2.433400e-08   1.078324e-02   1.411784e-10   28992
  3.539607e+00   2.427641e-08   3.130864e-03   1.434962e-10   28698
  3.560548e+00   2.417858e-08   0.000000e+00   1.464137e-10   27816
  3.581941e+00   2.378101e-08   0.000000e+00   1.384623e-10   29774
  3.603341e+00   2.377378e-08   6.866582e-03   1.410900e-10   29148
  3.624264e+00   2.392801e-08   0.000000e+00   1.431691e-10   28806
  3.645338e+00   2.398407e-08   1.174583e-02   1.377867e-10   30408
  3.666653e+00   2.421459e-08   0.000000e+00   1.408004e-10   30320
  3.688152e+00   2.347143e-08   0.000000e+00   1.343497e-10   30930
  3.709612e+00   2.371527e-08   0.000000e+00   1.327120e-10   31656
  3.730576e+00   2.337427e-08   0.000000e+00   1.367706e-10   30086
  3.751637e+00   2.349925e-08   1.372722e-02   1.302876e-10   32724
  3.772863e+00   2.337512e-08   8.040055e-03   1.343445e-10   30846
  3.793944e+00   2.352923e-08   2.183779e-03   1.290464e-10   33480
  3.815491e+00   2.338095e-08   1.109457e-02   1.299757e-10   32724
  3.836559e+00   2.345259e-08   7.225324e-03   1.299685e-10   32894
  3.857930e+00   2.356288e-08   0.000000e+00   1.276578e-10   34200
  3.879305e+00   2.341596e-08   8.747246e-03   1.275138e-10   33594
  3.900297e+00   2.318460e-08   0.000000e+00   1.269307e-10   34336
  3.921713e+00   2.351907e-08   3.153860e-03   1.282359e-10   34822
  3.942966e+00   2.340074e-08   0.000000e+00   1.247431e-10   35472
  3.964102e+00   2.352193e-08   0.000000e+00   1.263316e-10   34404
  3.985175e+00   2.340627e-08   0.000000e+00   1.237714e-10   36222
  4.006298e+00   2.341959e-08   6.186347e-03   1.263848e-10   35984
  4.027635e+00   2.356679e-08   9.060832e-03   1.249368e-10   36570
  4.048790e+00   2.326897e-08   0.000000e+00   1.197913e-10   37176
  4.070174e+00   2.345240e-08   0.000000e+00   1.213485e-10   37406
  4.091472e+00   2.342664e-08   0.000000e+00   1.208140e-10   38052
  4.112596e+00   2.362909e-08   0.000000e+00   1.237993e-10   37590
  4.134009e+00   2.365840e-08   1.110861e-02   1.190315e-10   39480
  4.155207e+00   2.342609e-08   0.000000e+00   1.215629e-10   38260
  4.176397e+00   2.361590e-08   1.065581e-02   1.203051e-10   39646
  4.198021e+00   2.343343e-08   5.267577e-03   1.169904e-10   40944
  4.219462e+00   2.349358e-08   0.000000e+00   1.195885e-10   39678
  4.240585e+00   2.371607e-08   0.000000e+00   1.187848e-10   40804
  4.261833e+00   2.379442e-08   0.000000e+00   1.185251e-10   40606
  4.283119e+00   2.332838e-08   1.422287e-02   1.145970e-10   42216
  4.304534e+00   2.360439e-08   0.000000e+00   1.176360e-10   41532
  4.325688e+00   2.378628e-08   0.000000e+00   1.189853e-10   41990
  4.346688e+00   2.385531e-08   1.512101e-02   1.181688e-10   42360
  4.368117e+00   2.391532e-08   5.478288e-03   1.161519e-10   43530
  4.389414e+00   2.388062e-08   8.442185e-03   1.148545e-10   43848
  4.410645e+00   2.426006e-08   0.000000e+00   1.174059e-10   42870
  4.431945e+00   2.409553e-08   1.443091e-02   1.143443e-10   46160
  4.453324e+00   2.397807e-08   6.145189e-03   1.174760e-10   43380
  4.474378e+00   2.418877e-08   0.000000e+00   1.162922e-10   45294
  4.495503e+00   2.381826e-08   1.347363e-02   1.131966e-10   45744
  4.517105e+00   2.377053e-08   0.000000e+00   1.109508e-10   46682
  4.538237e+00   2.420377e-08   7.621528e-03   1.134974e-10   45840
  4.559439e+00   2.405954e-08   0.000000e+00   1.117098e-10   47118
  4.580594e+00   2.395776e-08   1.978881e-02   1.104254e-10   47124
  4.601834e+00   2.419246e-08   4.626401e-03   1.121478e-10   47984
  4.623506e+00   2.467752e-08   8.840905e-03   1.119402e-10   49566
  4.644403e+00   2.477699e-08   4.974789e-03   1.165130e-10   46284
  4.665367e+00   2.454298e-08   1.389723e-02   1.113112e-10   49966
  4.686701e+00   2.482928e-08   1.043978e-02   1.143062e-10   49360
  4.707906e+00   2.476579e-08   3.424960e-03   1.130231e-10   49806
  4.729282e+00   2.509858e-08   1.187810e-02   1.123928e-10   51492
  4.750427e+00   2.504288e-08   1.560839e-02   1.129530e-10   49496
  4.771749e+00   2.524100e-08   1.597350e-02   1.108497e-10   53190
  4.793252e+00   2.510147e-08   0.000000e+00   1.125915e-10   51060
  4.814332e+00   2.522939e-08   0.000000e+00   1.112937e-10   52134
  4.835479e+00   2.520603e-08   1.028467e-02   1.117165e-10   53088
  4.856793e+00   2.531165e-08   7.147266e-03   1.116087e-10   52706
  4.878042e+00   2.534299e-08   1.054763e-02   1.096545e-10   54936
  4.899632e+00   2.545090e-08   0.000000e+00   1.115069e-10   53886
  4.920749e+00   2.575977e-08   0.000000e+00   1.122100e-10   54436
  4.941861e+00   2.568089e-08   0.000000e+00   1.114263e-10   55096
  4.963397e+00   2.572189e-08   0.000000e+00   1.103719e-10   56358
  4.984500e+00   2.593225e-08   0.000000e+00   1.114075e-10   55632
  5.005772e+00   2.580619e-08   2.086695e-02   1.105241e-10   56530
  5.026992e+00   2.593601e-08   0.000000e+00   1.106696e-10   57232
  5.048138e+00   2.578488e-08   0.000000e+00   1.091995e-10   56766
  5.069817e+00   2.629669e-08   0.000000e+00   1.080774e-10   60804
  5.090915e+00   2.615583e-08   3.572250e-03   1.124208e-10   55536
  5.112092e+00   2.623011e-08   2.579772e-02   1.080128e-10   61166
  5.133354e+00   2.632217e-08   0.000000e+00   1.121810e-10   57396
  5.154380e+00   2.628694e-08   1.241444e-02   1.084622e-10   60870
  5.175730e+00   2.649927e-08   0.000000e+00   1.108206e-10   60224
  5.196968e+00   2.660761e-08   1.783132e-02   1.088624e-10   61002
  5.218278e+00   2.667461e-08   1.657373e-02   1.083258e-10   62016
  5.239475e+00   2.683147e-08   0.000000e+00   1.100761e-10   60768
  5.260501e+00   2.661569e-08   2.412047e-02   1.100169e-10   62870
  5.281996e+00   2.714801e-08   9.209437e-03   1.098713e-10   63804
  5.303370e+00   2.705910e-08   1.116585e-02   1.100303e-10   63054
  5.324255e+00   2.711036e-08   9.298857e-03   1.094124e-10   63024
  5.345591e+00   2.730136e-08   0.000000e+00   1.095716e-10   65018
  5.366684e+00   2.719904e-08   1.572890e-02   1.083092e-10   64608
  5.388000e+00   2.731694e-08   0.000000e+00   1.071442e-10   65688
  5.409253e+00   2.746142e-08   2.282048e-02   1.092807e-10   65994
  5.430436e+00   2.730825e-08   0.000000e+00   1.074942e-10   66648
  5.451850e+00   2.758451e-08   1.609728e-02   1.080256e-10   67310
  5.472957e+00   2.759189e-08   0.000000e+00   1.082712e-10   67224
  5.494212e+00   2.806022e-08   6.624662e-03   1.088128e-10   68034
  5.515548e+00   2.782514e-08   0.000000e+00   1.078172e-10   69744
  5.536885e+00   2.793508e-08   1.154432e-02   1.088079e-10   68654
  5.558434e+00   2.799015e-08   1.568516e-02   1.058255e-10   72132
  5.579753e+00   2.787535e-08   9.828529e-03   1.086174e-10   68520
  5.600770e+00   2.810977e-08   1.552641e-02   1.088236e-10   71070
  5.622207e+00   2.841240e-08   0.000000e+00   1.075235e-10   71948
  5.643427e+00   2.789296e-08   2.368296e-02   1.060536e-10   71598
  5.664830e+00   2.822069e-08   0.000000e+00   1.062801e-10   73536
  5.686056e+00   2.866510e-08   2.828150e-02   1.097554e-10   71802
  5.707061e+00   2.822562e-08   0.000000e+00   1.069625e-10   73280
  5.728316e+00   2.838133e-08   0.000000e+00   1.069603e-10   73992
  5.749764e+00   2.849132e-08   1.325769e-02   1.062220e-10   75966
  5.771001e+00   2.852724e-08   0.000000e+00   1.066858e-10   74364
  5.792264e+00   2.860787e-08   1.606287e-02   1.061087e-10   76094
  5.813467e+00   2.874076e-08   0.000000e+00   1.076444e-10   76224
  5.834737e+00   2.880722e-08   9.982642e-03   1.055096e-10   76242
  5.855781e+00   2.890222e-08   0.000000e+00   1.070441e-10   76944
  5.877033e+00   2.897286e-08   0.000000e+00   1.051259e-10   78680
  5.898615e+00   2.881157e-08   1.819660e-02   1.050441e-10   79962
  5.919784e+00   2.899246e-08   9.514097e-03   1.056755e-10   77760
  5.940930e+00   2.899688e-08   2.154907e-02   1.052154e-10   79590
  5.962197e+00   2.906167e-08   0.000000e+00   1.046421e-10   80732
  5.983518e+00   2.908019e-08   2.722537e-02   1.042445e-10   81174
  6.004785e+00   2.902408e-08   9.396485e-03   1.032036e-10   80832
  6.025623e+00   2.939152e-08   2.767908e-02   1.063501e-10   79992
  6.047003e+00   2.936147e-08   0.000000e+00   1.035395e-10   84314
  6.068458e+00   2.948681e-08   0.000000e+00   1.044294e-10   83592
  6.089791e+00   2.933127e-08   2.043762e-02   1.033914e-10   83838
  6.111002e+00   2.958048e-08   0.000000e+00   1.053110e-10   83676
  6.132130e+00   2.931054e-08   1.327035e-02   1.029697e-10   84950
  6.153320e+00   2.955735e-08   0.000000e+00   1.040263e-10   84912
  6.174635e+00   2.938287e-08   2.507093e-02   1.026696e-10   87162
  6.196002e+00   2.958488e-08   0.000000e+00   1.028663e-10   86440
  6.217138e+00   2.993648e-08   0.000000e+00   1.038851e-10   86560
  6.238461e+00   2.968255e-08   2.200017e-03   1.019713e-10   88698
  6.259682e+00   2.996831e-08   3.117435e-02   1.032174e-10   88920
  6.281188e+00   2.983706e-08   0.000000e+00   1.032719e-10   88814
  6.302280e+00   2.986397e-08   5.849792e-03   1.026387e-10   90336
  6.323770e+00   3.004799e-08   0.000000e+00   1.027724e-10   90282
  6.344992e+00   2.948082e-08   0.000000e+00   1.002708e-10   90840
  6.366042e+00   2.998112e-08   2.251721e-02   1.019073e-10   91128
  6.387509e+00   2.965476e-08   0.000000e+00   9.964493e-11   92690
  6.408634e+00   2.995075e-08   0.000000e+00   1.004295e-10   92160
  6.429946e+00   2.993805e-08   0.000000e+00   1.016614e-10   93534
  6.451095e+00   2.984941e-08   0.000000e+00   1.001303e-10   93484
  6.472349e+00   3.019854e-08   4.601725e-03   1.011422e-10   95206
  6.493777e+00   3.015359e-08   1.061646e-02   9.993259e-11   96048
  6.514861e+00   3.025096e-08   9.941938e-03   1.015509e-10   93600
  6.536076e+00   2.998868e-08   0.000000e+00   9.878783e-11   97410
  6.557322e+00   3.015260e-08   2.813721e-02   9.922425e-11   97856
  6.578783e+00   2.999700e-08   0.000000e+00   9.873475e-11   97278
  6.599950e+00   3.003692e-08   1.680923e-02   9.762919e-11   98916
  6.621128e+00   2.995295e-08   0.000000e+00   9.999743e-11   96894
  6.642197e+00   3.013404e-08   0.000000e+00   9.833439e-11   100976
  6.663671e+00   3.005506e-08   0.000000e+00   9.698787e-11   100164
  6.684802e+00   3.029671e-08   0.000000e+00   9.840061e-11   100014
  6.705807e+00   3.021781e-08   2.041192e-02   9.783769e-11   101040
  6.727161e+00   3.022200e-08   0.000000e+00   9.784943e-11   102338
  6.748309e+00   3.025206e-08   1.312801e-02   9.748447e-11   102912
  6.769770e+00   3.019132e-08   0.000000e+00   9.717388e-11   104238
  6.790859e+00   3.009709e-08   2.094749e-02   9.694580e-11   103104
  6.812145e+00   3.022961e-08   1.820395e-02   9.617645e-11   105404
  6.833482e+00   3.006481e-08   0.000000e+00   9.550871e-11   105198
  6.854708e+00   3.022656e-08   0.000000e+00   9.578695e-11   106632
  6.876046e+00   3.016339e-08   2.634699e-02   9.510699e-11   106706
  6.897262e+00   3.041216e-08   0.000000e+00   9.604012e-11   106992
  6.918721e+00   3.029814e-08   0.000000e+00   9.524695e-11   110118
  6.939974e+00   3.011660e-08   3.263488e-02   9.464452e-11   108084
  6.961107e+00   3.029990e-08   1.319708e-02   9.574188e-11   108222
  6.982477e+00   3.004256e-08   0.000000e+00   9.275992e-11   112160
  7.003644e+00   3.030370e-08   1.847246e-02   9.510739e-11   108492
  7.024907e+00   2.989371e-08   2.305838e-02   9.201519e-11   113262
  7.046250e+00   3.037893e-08   0.000000e+00   9.475297e-11   111360
  7.067621e+00   3.036857e-08   0.000000e+00   9.279375e-11   114182
  7.088829e+00   3.024213e-08   3.412592e-02   9.388003e-11   112884
  7.110110e+00   3.045654e-08   7.420889e-03   9.408095e-11   113934
  7.131236e+00   2.993137e-08   0.000000e+00   9.180557e-11   114504
  7.152708e+00   3.031509e-08   0.000000e+00   9.157737e-11   117500
  7.173892e+00   3.024801e-08   2.454912e-02   9.364561e-11   114102
  7.195094e+00   3.030251e-08   8.672258e-03   9.150942e-11   118584
  7.216421e+00   3.021705e-08   0.000000e+00   9.223106e-11   115546
  7.237407e+00   3.007160e-08   2.157645e-02   9.024272e-11   118984
  7.258919e+00   3.001387e-08   3.496957e-03   9.083184e-11   119526
  7.280085e+00   3.007452e-08   4.048676e-03   9.170813e-11   119436
  7.301239e+00   3.005335e-08   0.000000e+00   9.097883e-11   118632
  7.322423e+00   3.002497e-08   2.431931e-02   8.964737e-11   122510
  7.343796e+00   2.986300e-08   0.000000e+00   8.890760e-11   121680
  7.365098e+00   3.022534e-08   0.000000e+00   9.037382e-11   121434
  7.386163e+00   3.004885e-08   0.000000e+00   8.956144e-11   123928
  7.407508e+00   3.019262e-08   0.000000e+00   8.960394e-11   123910
  7.428803e+00   2.969081e-08   0.000000e+00   8.778177e-11   124452
  7.450037e+00   2.977404e-08   0.000000e+00   8.815259e-11   125376
  7.471269e+00   2.984266e-08   2.159636e-02   8.771800e-11   126638
  7.492517e+00   2.978724e-08   7.066157e-03   8.786441e-11   125844
  7.513780e+00   2.980162e-08   0.000000e+00   8.665822e-11   128142
  7.535070e+00   2.973283e-08   2.672186e-03   8.671557e-11   128136
  7.556213e+00   2.970241e-08   9.666678e-03   8.688983e-11   127642
  7.577523e+00   2.972292e-08   0.000000e+00   8.598016e-11   131968
  7.599070e+00   2.980850e-08   0.000000e+00   8.652492e-11   130326
  7.620200e+00   2.955746e-08   2.258189e-02   8.517551e-11   131688
  7.641445e+00   2.978695e-08   1.023330e-02   8.644518e-11   130212
  7.662606e+00   2.936255e-08   0.000000e+00   8.479824e-11   132686
  7.684032e+00   2.961395e-08   0.000000e+00   8.403668e-11   135960
  7.705360e+00   2.947721e-08   1.626931e-02   8.520613e-11   131562
  7.726240e+00   2.946921e-08   1.359027e-02   8.426962e-11   134016
  7.747635e+00   2.960564e-08   0.000000e+00   8.417461e-11   136478
  7.768898e+00   2.942232e-08   2.947173e-02   8.386618e-11   136812
  7.790247e+00   2.922763e-08   1.859194e-02   8.228505e-11   137856
  7.811516e+00   2.924265e-08   0.000000e+00   8.310128e-11   135862
  7.832664e+00   2.938269e-08   0.000000e+00   8.263441e-11   140056
  7.854080e+00   2.916395e-08   2.538476e-02   8.233491e-11   139602
  7.875289e+00   2.932895e-08   0.000000e+00   8.282468e-11   139080
  7.896490e+00   2.903288e-08   0.000000e+00   8.177466e-11   140678
  7.917772e+00   2.884688e-08   1.371566e-02   8.029331e-11   142884
  7.938972e+00   2.898680e-08   1.086720e-02   8.242826e-11   139992
  7.960218e+00   2.894160e-08   0.000000e+00   8.052042e-11   144966
  7.981584e+00   2.904087e-08   0.000000e+00   8.129019e-11   143364
  8.002748e+00   2.894588e-08   1.949215e-02   8.024343e-11   144518
  8.023948e+00   2.883849e-08   2.049194e-02   8.015586e-11   145200
  8.045110e+00   2.877202e-08   0.000000e+00   8.006254e-11   143466
  8.066220e+00   2.876310e-08   0.000000e+00   7.901248e-11   148824
  8.087482e+00   2.847298e-08   1.683648e-02   7.867001e-11   145544
  8.108587e+00   2.832434e-08   0.000000e+00   7.768229e-11   148590
  8.129954e+00   2.862824e-08   0.000000e+00   7.760345e-11   150540
  8.151294e+00   2.855383e-08   2.847344e-02   7.829433e-11   150134
  8.172542e+00   2.841835e-08   0.000000e+00   7.755742e-11   151296
  8.193992e+00   2.831903e-08   0.000000e+00   7.699245e-11   152058
  8.215032e+00   2.824811e-08   1.712210e-02   7.801358e-11   150864
  8.236286e+00   2.818287e-08   1.619828e-02   7.606492e-11   154310
  8.257761e+00   2.808880e-08   0.000000e+00   7.613102e-11   155172
  8.279001e+00   2.839581e-08   0.000000e+00   7.681936e-11   154128
  8.300451e+00   2.792321e-08   1.316422e-02   7.480115e-11   158310
  8.321607e+00   2.793491e-08   1.971112e-02   7.543558e-11   153436
  8.342780e+00   2.785788e-08   0.000000e+00   7.478320e-11   157726
  8.364249e+00   2.775274e-08   0.000000e+00   7.430761e-11   160368
  8.385408e+00   2.778647e-08   9.987162e-03   7.501532e-11   155718
  8.406529e+00   2.766054e-08   0.000000e+00   7.417579e-11   160028
  8.427794e+00   2.777726e-08   0.000000e+00   7.387419e-11   160920
  8.449095e+00   2.756851e-08   1.323465e-02   7.367893e-11   161070
  8.470389e+00   2.755318e-08   3.150053e-02   7.309661e-11   163428
  8.491564e+00   2.730070e-08   0.000000e+00   7.265382e-11   159574
  8.512885e+00   2.724200e-08   0.000000e+00   7.128414e-11   167392
  8.534220e+00   2.710183e-08   2.522995e-02   7.238653e-11   162258
  8.555405e+00   2.719684e-08   1.267162e-02   7.134505e-11   167472
  8.576738e+00   2.715422e-08   0.000000e+00   7.188654e-11   163664
  8.597821e+00   2.674656e-08   0.000000e+00   7.002289e-11   166986
  8.619133e+00   2.693033e-08   1.800020e-02   6.986246e-11   169968
  8.640614e+00   2.665399e-08   0.000000e+00   6.973574e-11   167646
  8.661590e+00   2.664148e-08   0.000000e+00   6.968654e-11   168080
  8.682867e+00   2.669306e-08   1.651907e-02   6.932464e-11   170826
  8.704158e+00   2.656846e-08   0.000000e+00   6.900995e-11   170928
  8.725249e+00   2.663636e-08   1.819194e-02   6.935358e-11   170640
  8.746612e+00   2.635832e-08   0.000000e+00   6.797769e-11   173954
  8.767787e+00   2.632643e-08   2.728877e-02   6.826801e-11   173232
  8.789116e+00   2.614379e-08   0.000000e+00   6.738055e-11   174150
  8.810385e+00   2.610042e-08   0.000000e+00   6.727956e-11   176364
  8.831617e+00   2.605731e-08   1.786603e-02   6.761816e-11   175302
  8.852865e+00   2.602911e-08   8.289792e-03   6.708506e-11   177392
  8.874049e+00   2.585473e-08   1.847953e-02   6.667305e-11   176352
  8.895395e+00   2.568681e-08   0.000000e+00   6.510768e-11   180330
  8.916737e+00   2.551558e-08   1.012220e-02   6.493662e-11   180712
  8.937985e+00   2.544592e-08   1.574885e-02   6.517976e-11   179350
  8.959300e+00   2.544344e-08   1.418336e-02   6.450455e-11   183396
  8.980667e+00   2.537961e-08   0.000000e+00   6.478864e-11   180390
  9.001663e+00   2.531580e-08   0.000000e+00   6.390980e-11   181944
  9.023017e+00   2.536470e-08   0.000000e+00   6.383927e-11   185450
  9.044422e+00   2.509640e-08   6.123730e-03   6.355400e-11   186192
  9.065582e+00   2.510370e-08   2.057653e-02   6.382279e-11   183432
  9.086769e+00   2.478937e-08   0.000000e+00   6.279802e-11   185362
  9.107915e+00   2.482479e-08   4.340598e-03   6.210338e-11   188464
  9.129336e+00   2.489123e-08   0.000000e+00   6.229209e-11   188046
  9.150618e+00   2.457380e-08   1.319434e-02   6.180119e-11   191304
  9.171829e+00   2.464905e-08   2.580274e-02   6.227000e-11   186690
  9.193140e+00   2.445277e-08   0.000000e+00   6.055422e-11   194072
  9.214313e+00   2.444313e-08   2.196322e-02   6.168086e-11   188688
  9.235484e+00   2.431616e-08   0.000000e+00   6.079643e-11   192786
  9.256682e+00   2.414875e-08   8.567688e-03   6.025904e-11   193352
  9.278107e+00   2.417528e-08   0.000000e+00   5.979988e-11   195702
  9.299301e+00   2.393946e-08   2.924065e-02   5.945086e-11   195132
  9.320586e+00   2.393718e-08   0.000000e+00   5.952089e-11   195726
  9.341795e+00   2.368859e-08   0.000000e+00   5.862010e-11   197416
  9.363014e+00   2.371850e-08   9.628891e-03   5.864951e-11   196564
  9.384304e+00   2.350149e-08   2.018894e-02   5.764344e-11   201198
  9.405554e+00   2.347311e-08   0.000000e+00   5.817339e-11   197136
  9.426640e+00   2.341090e-08   0.000000e+00   5.789879e-11   199358
  9.447823e+00   2.337735e-08   2.874454e-02   5.718097e-11   203532
  9.469238e+00   2.325375e-08   0.000000e+00   5.676202e-11   201438
  9.490447e+00   2.306638e-08   0.000000e+00   5.637311e-11   203664
  9.511649e+00   2.308970e-08   2.844610e-02   5.661378e-11   203972
  9.532898e+00   2.295423e-08   2.190350e-02   5.649144e-11   205974
  9.554229e+00   2.290683e-08   0.000000e+00   5.571989e-11   205752
  9.575594e+00   2.261025e-08   0.000000e+00   5.516977e-11   207810
  9.596606e+00   2.255208e-08   3.679958e-02   5.504033e-11   206384
  9.618042e+00   2.250920e-08   0.000000e+00   5.460925e-11   210966
  9.639365e+00   2.250552e-08   0.000000e+00   5.485218e-11   210516
  9.660655e+00   2.236403e-08   0.000000e+00   5.433920e-11   209766
  9.681805e+00   2.211419e-08   4.180156e-02   5.343551e-11   212376
  9.703125e+00   2.215435e-08   0.000000e+00   5.368391e-11   212960
  9.724559e+00   2.192235e-08   0.000000e+00   5.245162e-11   214626
  9.745703e+00   2.169536e-08   2.998846e-02   5.241683e-11   213696
  9.766948e+00   2.168725e-08   2.956914e-02   5.211425e-11   215734
  9.788145e+00   2.165742e-08   0.000000e+00   5.259342e-11   213220
  9.809355e+00   2.155000e-08   0.000000e+00   5.111515e-11   219102
  9.830684e+00   2.122864e-08   3.501427e-02   5.075381e-11   220872
  9.851907e+00   2.140516e-08   5.147298e-02   5.111746e-11   216556
  9.873149e+00   2.124427e-08   3.907554e-02   5.096669e-11   221494
  9.894340e+00   2.112441e-08   4.304987e-02   5.069238e-11   219096
  9.915662e+00   2.102947e-08   3.174393e-02   5.019653e-11   224262
  9.937058e+00   2.092114e-08   0.000000e+00   4.979832e-11   222508
  9.958313e+00   2.087669e-08   0.000000e+00   4.970647e-11   222502
  9.979403e+00   2.068940e-08   4.114677e-02   4.883267e-11   227280
  1.000075e+01   2.070033e-08   2.049852e-02   4.941514e-11   223644
  1.002198e+01   2.042711e-08   0.000000e+00   4.858620e-11   226222
  1.004323e+01   2.043193e-08   0.000000e+00   4.804548e-11   229840
  1.006454e+01   2.028745e-08   2.684746e-02   4.792395e-11   228042
  1.008564e+01   2.011052e-08   0.000000e+00   4.790879e-11   227472
  1.010687e+01   2.010869e-08   0.000000e+00   4.732386e-11   230990
  1.012816e+01   1.994148e-08   5.947002e-03   4.683007e-11   233532
  1.014941e+01   1.988118e-08   3.062681e-02   4.687324e-11   231288
  1.017075e+01   1.970964e-08   0.000000e+00   4.657094e-11   233718
  1.019186e+01   1.973733e-08   0.000000e+00   4.641394e-11   232704
  1.021315e+01   1.972661e-08   3.200961e-02   4.606222e-11   239282
  1.023449e+01   1.943258e-08   3.841101e-02   4.585639e-11   234912
  1.025585e+01   1.934925e-08   0.000000e+00   4.492360e-11   238278
  1.027692e+01   1.920449e-08   3.821323e-02   4.501210e-11   237460
  1.029802e+01   1.927674e-08   2.745469e-02   4.543863e-11   236662
  1.031952e+01   1.901128e-08   0.000000e+00   4.375931e-11   246336
  1.034100e+01   1.900433e-08   0.000000e+00   4.425272e-11   241092
  1.036213e+01   1.872163e-08   3.591997e-02   4.358896e-11   242414
  1.038343e+01   1.871891e-08   1.532444e-02   4.339787e-11   243552
  1.040475e+01   1.866752e-08   0.000000e+00   4.377190e-11   243474
  1.042581e+01   1.837066e-08   2.487205e-02   4.253460e-11   245112
  1.044713e+01   1.845507e-08   2.665175e-02   4.269756e-11   246894
  1.046836e+01   1.831932e-08   2.025521e-02   4.228855e-11   247448
  1.048971e+01   1.822330e-08   0.000000e+00   4.199934e-11   247404
  1.051081e+01   1.808956e-08   4.091152e-02   4.212486e-11   249990
  1.053198e+01   1.799590e-08   3.813591e-02   4.146785e-11   249512
  1.055347e+01   1.783280e-08   0.000000e+00   4.086625e-11   253890
  1.057469e+01   1.786456e-08   0.000000e+00   4.148964e-11   250728
  1.059578e+01   1.769282e-08   4.912884e-02   4.090055e-11   253950
  1.061712e+01   1.756369e-08   0.000000e+00   4.058229e-11   254140
  1.063840e+01   1.754067e-08   0.000000e+00   3.998904e-11   255880
  1.065971e+01   1.740308e-08   3.125602e-02   4.005684e-11   258942
  1.068079e+01   1.727382e-08   4.679891e-02   3.990339e-11   253836
  1.070216e+01   1.719348e-08   0.000000e+00   3.910116e-11   260534
  1.072349e+01   1.709250e-08   0.000000e+00   3.915273e-11   259992
  1.074455e+01   1.697340e-08   4.838924e-02   3.920486e-11   258894
  1.076585e+01   1.685839e-08   3.800621e-02   3.827673e-11   263364
  1.078716e+01   1.680276e-08   0.000000e+00   3.829956e-11   259536
  1.080816e+01   1.666032e-08   2.208805e-02   3.791129e-11   263438
  1.082940e+01   1.654984e-08   4.317225e-02   3.765839e-11   265740
  1.085076e+01   1.643091e-08   0.000000e+00   3.757480e-11   264894
  1.087207e+01   1.641409e-08   0.000000e+00   3.699947e-11   269184
  1.089328e+01   1.638782e-08   4.151782e-02   3.755485e-11   266138
  1.091447e+01   1.609074e-08   2.891974e-02   3.640742e-11   270528
  1.093588e+01   1.612047e-08   0.000000e+00   3.649261e-11   268182
  1.095700e+01   1.603083e-08   0.000000e+00   3.631422e-11   270960
  1.097818e+01   1.593536e-08   5.032176e-02   3.567475e-11   274580
  1.099984e+01   1.575365e-08   0.000000e+00   3.561063e-11   276078
  1.102112e+01   1.576421e-08   0.000000e+00   3.558763e-11   273600
  1.104226e+01   1.557800e-08   4.213006e-02   3.506601e-11   274698
  1.106348e+01   1.546529e-08   4.489860e-02   3.472216e-11   276920
  1.108487e+01   1.545455e-08   0.000000e+00   3.478789e-11   276774
  1.110613e+01   1.521893e-08   0.000000e+00   3.447684e-11   279972
  1.112717e+01   1.510457e-08   3.603446e-02   3.405644e-11   276144
  1.114849e+01   1.516620e-08   1.779389e-02   3.399895e-11   282590
  1.116984e+01   1.506151e-08   0.000000e+00   3.367476e-11   282300
  1.119110e+01   1.496518e-08   0.000000e+00   3.349142e-11   283926
  1.121215e+01   1.479545e-08   4.843016e-02   3.336176e-11   279792
  1.123356e+01   1.477241e-08   0.000000e+00   3.281715e-11   287870
  1.125494e+01   1.460368e-08   0.000000e+00   3.261574e-11   286428
  1.127597e+01   1.450617e-08   4.714426e-02   3.247586e-11   284808
  1.129724e+01   1.436803e-08   1.688051e-02   3.220431e-11   289158
  1.131864e+01   1.443296e-08   0.000000e+00   3.205704e-11   290204
  1.133987e+01   1.429321e-08   0.000000e+00   3.194007e-11   290382
  1.136104e+01   1.416659e-08   3.177578e-02   3.158354e-11   291912
  1.138241e+01   1.413551e-08   0.000000e+00   3.161826e-11   290754
  1.140356e+01   1.397263e-08   1.734547e-02   3.088297e-11   296096
  1.142493e+01   1.391034e-08   2.661752e-02   3.093427e-11   294552
  1.144606e+01   1.373467e-08   4.778008e-02   3.064119e-11   293466
  1.146728e+01   1.366485e-08   0.000000e+00   3.030877e-11   296904
  1.148861e+01   1.372281e-08   0.000000e+00   3.041203e-11   298358
  1.150962e+01   1.354046e-08   4.626933e-02   3.011007e-11   297840
  1.153101e+01   1.345345e-08   1.811218e-02   2.950948e-11   301338
  1.155236e+01   1.331063e-08   0.000000e+00   2.934264e-11   300336
  1.157339e+01   1.336408e-08   5.032806e-02   2.940147e-11   303584
  1.159478e+01   1.319422e-08   4.146628e-02   2.920393e-11   304098
  1.161618e+01   1.306692e-08   0.000000e+00   2.873157e-11   304488
  1.163731e+01   1.298250e-08   4.594440e-02   2.855478e-11   306678
  1.165863e+01   1.297882e-08   0.000000e+00   2.862689e-11   305732
  1.167989e+01   1.287136e-08   1.572875e-02   2.814939e-11   309894
  1.170121e+01   1.272074e-08   2.567629e-02   2.794201e-11   310200
  1.172247e+01   1.268019e-08   0.000000e+00   2.799314e-11   307074
  1.174361e+01   1.256979e-08   4.788631e-02   2.749889e-11   315656
  1.176506e+01   1.245308e-08   0.000000e+00   2.730412e-11   310704
  1.178640e+01   1.234333e-08   0.000000e+00   2.728758e-11   314310
  1.180730e+01   1.228934e-08   5.683675e-02   2.698845e-11   312412
  1.182874e+01   1.220022e-08   0.000000e+00   2.661239e-11   318310
  1.185009e+01   1.210961e-08   0.000000e+00   2.644182e-11   315648
  1.187118e+01   1.212169e-08   4.489881e-02   2.632706e-11   320610
  1.189241e+01   1.190389e-08   0.000000e+00   2.613622e-11   313944
  1.191368e+01   1.194783e-08   0.000000e+00   2.572637e-11   325880
  1.193498e+01   1.178272e-08   4.431151e-02   2.580243e-11   319146
  1.195625e+01   1.171959e-08   0.000000e+00   2.529963e-11   322896
  1.197734e+01   1.166888e-08   4.954388e-02   2.548756e-11   322206
  1.199867e+01   1.153668e-08   0.000000e+00   2.497979e-11   327416
  1.202013e+01   1.148547e-08   0.000000e+00   2.472801e-11   325602
  1.204111e+01   1.140680e-08   6.022481e-02   2.464682e-11   328248
  1.206244e+01   1.136946e-08   0.000000e+00   2.459176e-11   326088
  1.208388e+01   1.119031e-08   0.000000e+00   2.412775e-11   331658
  1.210487e+01   1.119654e-08   5.470489e-02   2.405417e-11   331584
  1.212626e+01   1.112033e-08   2.584366e-02   2.407094e-11   330630
  1.214760e+01   1.098469e-08   0.000000e+00   2.355046e-11   333204
  1.216856e+01   1.095589e-08   6.176528e-02   2.361862e-11   333470
  1.219005e+01   1.083034e-08   0.000000e+00   2.334213e-11   335688
  1.221117e+01   1.076218e-08   2.124559e-02   2.297415e-11   336828
  1.223239e+01   1.066891e-08   2.819960e-02   2.274346e-11   337662
  1.225381e+01   1.069151e-08   0.000000e+00   2.287149e-11   338960
  1.227473e+01   1.050157e-08   5.674455e-02   2.244268e-11   338262
  1.229610e+01   1.046826e-08   4.649269e-02   2.231021e-11   344388
  1.231765e+01   1.045137e-08   0.000000e+00   2.219683e-11   342486
  1.233850e+01   1.031490e-08   7.154787e-02   2.192202e-11   343592
  1.236004e+01   1.033438e-08   6.669220e-03   2.187324e-11   347130
  1.238147e+01   1.011664e-08   0.000000e+00   2.145427e-11   346152
  1.240239e+01   1.011453e-08   6.816016e-02   2.135162e-11   345856
  1.242389e+01   1.005842e-08   0.000000e+00   2.131627e-11   349354
  1.244520e+01   9.992842e-09   0.000000e+00   2.113995e-11   352032
  1.246632e+01   9.922625e-09   5.686389e-02   2.096794e-11   348582
  1.248777e+01   9.826786e-09   0.000000e+00   2.056489e-11   352244
  1.250865e+01   9.817440e-09   6.958856e-02   2.064136e-11   351582
  1.253008e+01   9.715952e-09   1.133891e-02   2.030900e-11   357144
  1.255158e+01   9.677338e-09   0.000000e+00   2.028195e-11   355560
  1.257251e+01   9.610113e-09   6.503884e-02   2.016004e-11   354551
  1.259392e+01   9.606696e-09   8.741890e-03   1.994778e-11   358044
  1.261540e+01   9.536519e-09   0.000000e+00   1.976991e-11   355272
  1.263624e+01   9.623453e-09   7.152837e-02   1.999958e-11   352044
  1.265759e+01   9.541251e-09   0.000000e+00   1.979164e-11   352344
  1.267894e+01   9.529013e-09   0.000000e+00   1.957440e-11   356516
  1.270005e+01   9.491314e-09   4.953722e-02   1.947168e-11   352848
  1.272166e+01   9.490896e-09   0.000000e+00   1.929354e-11   352980
  1.274263e+01   9.479612e-09   4.264554e-02   1.950088e-11   348948
  1.276385e+01   9.441024e-09   3.703032e-02   1.925414e-11   351692
  1.278547e+01   9.411159e-09   0.000000e+00   1.898636e-11   353064
  1.280635e+01   9.370654e-09   6.330506e-02   1.907526e-11   345624
  1.282758e+01   9.409683e-09   0.000000e+00   1.899641e-11   347844
  1.284907e+01   9.354370e-09   0.000000e+00   1.881340e-11   351020
  1.287004e+01   9.347165e-09   5.946847e-02   1.872747e-11   345852
  1.289140e+01   9.346967e-09   1.223257e-02   1.866686e-11   347040
  1.291279e+01   9.251221e-09   0.000000e+00   1.852500e-11   345928
  1.293376e+01   9.307850e-09   6.017880e-02   1.863388e-11   347020
  1.295523e+01   9.284444e-09   0.000000e+00   1.860946e-11   343032
  1.297641e+01   9.219674e-09   0.000000e+00   1.826599e-11   343620
  1.299748e+01   9.228507e-09   6.125868e-02   1.837576e-11   343988
  1.301913e+01   9.218217e-09   0.000000e+00   1.832282e-11   344556
  1.304018e+01   9.141435e-09   4.480305e-02   1.798026e-11   343632
  1.306159e+01   9.120779e-09   0.000000e+00   1.802956e-11   340392
  1.308295e+01   9.061005e-09   0.000000e+00   1.781205e-11   339408
  1.310383e+01   9.124652e-09   7.622593e-02   1.794340e-11   341864
  1.312541e+01   9.083594e-09   0.000000e+00   1.780969e-11   341964
  1.314677e+01   9.061490e-09   0.000000e+00   1.792572e-11   334380
  1.316746e+01   9.056847e-09   7.131689e-02   1.790710e-11   336504
  1.318902e+01   8.952608e-09   1.724611e-02   1.748471e-11   339560
  1.321037e+01   9.052958e-09   0.000000e+00   1.783263e-11   336384
  1.323144e+01   8.922608e-09   7.508212e-02   1.735358e-11   337404
  1.325294e+01   8.917445e-09   0.000000e+00   1.765066e-11   330156
  1.327389e+01   8.859460e-09   5.911760e-02   1.731631e-11   337808
  1.329534e+01   8.828349e-09   0.000000e+00   1.729369e-11   332748
  1.331677e+01   8.860281e-09   0.000000e+00   1.729036e-11   333612
  1.333770e+01   8.759789e-09   6.039178e-02   1.708105e-11   331860
  1.335904e+01   8.737217e-09   2.781261e-02   1.718866e-11   328376
  1.338036e+01   8.744008e-09   0.000000e+00   1.704465e-11   331140
  1.340142e+01   8.675729e-09   7.226561e-02   1.690615e-11   332988
  1.342278e+01   8.696355e-09   2.825168e-02   1.703994e-11   325224
  1.344422e+01   8.659653e-09   0.000000e+00   1.680984e-11   331544
  1.346525e+01   8.625985e-09   6.800716e-02   1.676076e-11   327264
  1.348660e+01   8.620929e-09   0.000000e+00   1.685261e-11   322308
  1.350776e+01   8.504676e-09   2.506166e-02   1.655130e-11   328136
  1.352882e+01   8.536007e-09   5.152577e-02   1.662844e-11   323172
  1.355038e+01   8.496352e-09   0.000000e+00   1.650652e-11   325248
  1.357139e+01   8.462500e-09   6.402217e-02   1.650503e-11   324096
  1.359270e+01   8.453393e-09   0.000000e+00   1.648442e-11   321540
  1.361421e+01   8.413947e-09   0.000000e+00   1.636611e-11   323744
  1.363503e+01   8.390474e-09   7.096405e-02   1.647723e-11   317400
  1.365639e+01   8.326539e-09   2.037091e-02   1.623291e-11   322560
  1.367794e+01   8.284167e-09   0.000000e+00   1.616763e-11   320076
  1.369883e+01   8.257284e-09   7.351558e-02   1.622223e-11   317204
  1.372050e+01   8.259403e-09   0.000000e+00   1.599887e-11   323064
  1.374185e+01   8.192828e-09   0.000000e+00   1.610394e-11   315204
  1.376267e+01   8.193531e-09   7.993963e-02   1.611076e-11   315416
  1.378442e+01   8.117851e-09   0.000000e+00   1.582031e-11   316884
  1.380538e+01   8.093375e-09   4.882672e-02   1.590672e-11   312876
  1.382662e+01   8.013190e-09   5.606838e-02   1.566902e-11   315540
  1.384825e+01   8.052086e-09   0.000000e+00   1.578061e-11   312576
  1.386904e+01   7.996699e-09   7.961844e-02   1.570232e-11   312140
  1.389051e+01   7.973064e-09   2.109154e-02   1.568024e-11   310356
  1.391199e+01   7.954304e-09   0.000000e+00   1.559979e-11   311232
  1.393277e+01   7.887833e-09   7.138091e-02   1.558071e-11   307584
  1.395428e+01   7.870110e-09   3.301670e-02   1.546212e-11   310616
  1.397560e+01   7.839287e-09   0.000000e+00   1.554766e-11   304200
  1.399640e+01   7.834158e-09   7.972614e-02   1.541256e-11   306792
  1.401808e+01   7.718376e-09   0.000000e+00   1.521344e-11   306168
  1.403909e+01   7.725443e-09   0.000000e+00   1.536799e-11   304448
  1.406042e+01   7.715200e-09   6.907906e-02   1.527623e-11   308580
  1.408202e+01   7.676018e-09   0.000000e+00   1.535964e-11   299568
  1.410280e+01   7.624169e-09   6.816685e-02   1.504799e-11   304416
  1.412435e+01   7.556811e-09   3.771332e-02   1.504624e-11   302216
  1.414577e+01   7.588052e-09   0.000000e+00   1.519865e-11   300084
  1.416666e+01   7.511804e-09   8.686325e-02   1.491527e-11   299340
  1.418802e+01   7.436650e-09   0.000000e+00   1.488620e-11   296688
  1.420942e+01   7.419687e-09   0.000000e+00   1.490563e-11   298820
  1.423030e+01   7.413589e-09   8.257272e-02   1.482021e-11   296916
  1.425189e+01   7.367919e-09   0.000000e+00   1.486194e-11   295920
  1.427301e+01   7.298754e-09   9.377881e-03   1.470547e-11   292692
  1.429397e+01   7.313763e-09   7.646076e-02   1.473342e-11   295892
  1.431576e+01   7.281628e-09   0.000000e+00   1.477198e-11   293064
  1.433671e+01   7.237924e-09   4.137259e-02   1.464137e-11   293220
  1.435788e+01   7.178755e-09   3.702810e-02   1.470735e-11   286804
  1.437936e+01   7.152305e-09   0.000000e+00   1.451519e-11   293080
  1.440039e+01   7.135641e-09   7.571234e-02   1.451553e-11   291816
  1.442194e+01   7.086500e-09   0.000000e+00   1.451013e-11   287784
  1.444329e+01   7.038540e-09   0.000000e+00   1.443821e-11   286760
  1.446414e+01   7.008202e-09   8.013768e-02   1.432107e-11   287088
  1.448565e+01   6.940142e-09   0.000000e+00   1.415990e-11   286176
  1.450707e+01   6.907727e-09   0.000000e+00   1.423803e-11   284184
  1.452787e+01   6.859480e-09   7.095908e-02   1.423471e-11   282220
  1.454959e+01   6.804545e-09   0.000000e+00   1.406561e-11   284452
  1.457063e+01   6.820942e-09   0.000000e+00   1.425526e-11   279516
  1.459173e+01   6.742888e-09   7.725977e-02   1.389019e-11   282696
  1.461348e+01   6.698970e-09   0.000000e+00   1.387487e-11   278676
  1.463426e+01   6.732647e-09   7.924847e-02   1.397837e-11   279512
  1.465568e+01   6.654014e-09   7.307460e-03   1.397422e-11   276672
  1.467715e+01   6.663257e-09   0.000000e+00   1.396036e-11   276036
  1.469785e+01   6.562545e-09   7.723377e-02   1.378923e-11   274416
  1.471935e+01   6.554639e-09   3.574045e-02   1.378322e-11   275384
  1.474085e+01   6.507971e-09   0.000000e+00   1.367441e-11   274560
  1.476173e+01   6.479096e-09   8.488540e-02   1.368021e-11   272220
  1.478334e+01   6.452844e-09   0.000000e+00   1.376549e-11   270492
  1.480450e+01   6.400022e-09   0.000000e+00   1.355639e-11   271532
  1.482568e+01   6.350998e-09   5.183983e-02   1.342016e-11   272052
  1.484719e+01   6.311536e-09   0.000000e+00   1.353307e-11   264372
  1.486800e+01   6.264573e-09   4.585980e-02   1.338390e-11   268652
  1.488944e+01   6.269577e-09   5.384859e-02   1.345711e-11   266760
  1.491080e+01   6.245579e-09   0.000000e+00   1.347209e-11   262536
  1.493171e+01   6.184858e-09   8.393539e-02   1.337982e-11   266460
  1.495315e+01   6.167369e-09   0.000000e+00   1.339131e-11   261560
  1.497449e+01   6.119014e-09   0.000000e+00   1.327132e-11   262236
  1.499549e+01   6.066609e-09   7.515068e-02   1.322527e-11   261708
  1.501689e+01   6.069247e-09   0.000000e+00   1.336707e-11   258960
  1.503825e+01   5.962050e-09   0.000000e+00   1.308958e-11   258376
  1.505913e+01   5.998618e-09   7.145149e-02   1.319065e-11   258304
  1.508091e+01   5.917111e-09   0.000000e+00   1.294882e-11   259368
  1.510195e+01   5.870151e-09   3.477515e-02   1.298556e-11   253332
  1.512302e+01   5.853928e-09   7.561668e-02   1.291395e-11   254448
  1.514471e+01   5.789289e-09   0.000000e+00   1.285905e-11   255248
  1.516564e+01   5.776746e-09   7.769827e-02   1.283247e-11   252180
  1.518711e+01   5.728044e-09   3.124325e-02   1.271801e-11   252744
  1.520852e+01   5.677687e-09   0.000000e+00   1.281907e-11   247348
  1.522930e+01   5.700653e-09   9.398125e-02   1.275286e-11   250432
  1.525082e+01   5.635584e-09   0.000000e+00   1.276185e-11   247860
  1.527231e+01   5.594340e-09   0.000000e+00   1.277075e-11   247716
  1.529310e+01   5.563617e-09   7.852601e-02   1.259599e-11   242472
  1.531476e+01   5.510044e-09   0.000000e+00   1.242836e-11   248672
  1.533588e+01   5.477502e-09   3.409009e-02   1.263330e-11   239352
  1.535688e+01   5.426667e-09   6.283110e-02   1.235519e-11   245088
  1.537857e+01   5.421176e-09   0.000000e+00   1.256844e-11   239232
  1.539936e+01   5.423397e-09   8.335164e-02   1.249058e-11   240320
  1.542090e+01   5.331794e-09   0.000000e+00   1.235188e-11   239340
  1.544240e+01   5.305430e-09   0.000000e+00   1.225763e-11   237636
  1.546310e+01   5.288926e-09   8.047505e-02   1.234279e-11   235980
  1.548461e+01   5.248917e-09   2.144876e-03   1.225683e-11   235304
  1.550606e+01   5.227223e-09   0.000000e+00   1.225935e-11   234576
  1.552690e+01   5.164631e-09   7.415464e-02   1.219349e-11   232788
  1.554840e+01   5.130073e-09   0.000000e+00   1.216342e-11   230400
  1.556963e+01   5.130793e-09   0.000000e+00   1.212970e-11   231836
  1.559071e+01   5.050941e-09   7.981798e-02   1.202422e-11   231288
  1.561245e+01   5.070245e-09   0.000000e+00   1.213700e-11   226536
  1.563325e+01   4.964818e-09   6.227361e-02   1.190833e-11   226084
  1.565446e+01   4.953175e-09   5.294833e-02   1.186326e-11   227116
  1.567612e+01   4.956562e-09   0.000000e+00   1.201916e-11   223800
  1.569693e+01   4.883629e-09   8.536796e-02   1.183061e-11   223884
  1.571836e+01   4.843828e-09   0.000000e+00   1.169594e-11   222360
  1.573983e+01   4.841412e-09   0.000000e+00   1.186540e-11   221156
  1.576079e+01   4.821520e-09   9.446717e-02   1.177125e-11   221724
  1.578235e+01   4.819179e-09   0.000000e+00   1.184244e-11   217584
  1.580363e+01   4.691251e-09   0.000000e+00   1.161871e-11   217576
  1.582449e+01   4.728672e-09   9.799052e-02   1.176203e-11   215464
  1.584614e+01   4.674328e-09   0.000000e+00   1.157970e-11   215472
  1.586724e+01   4.655429e-09   2.855242e-02   1.167476e-11   213768
  1.588826e+01   4.639549e-09   8.471078e-02   1.163232e-11   210956
  1.590983e+01   4.556294e-09   0.000000e+00   1.152795e-11   211788
  1.593090e+01   4.564313e-09   4.657407e-02   1.148351e-11   211092
  1.595229e+01   4.538310e-09   3.300216e-02   1.152078e-11   209556
  1.597383e+01   4.480110e-09   0.000000e+00   1.146487e-11   206700
  1.599456e+01   4.491659e-09   7.965560e-02   1.148178e-11   206048
  1.601602e+01   4.449167e-09   0.000000e+00   1.148265e-11   204744
  1.603743e+01   4.417541e-09   0.000000e+00   1.138682e-11   202992
  1.605815e+01   4.403492e-09   8.915262e-02   1.139455e-11   201944
  1.607992e+01   4.335997e-09   0.000000e+00   1.125196e-11   203304
  1.610125e+01   4.329441e-09   0.000000e+00   1.121289e-11   200484
  1.612202e+01   4.293390e-09   9.484702e-02   1.135341e-11   195516
  1.614380e+01   4.250533e-09   0.000000e+00   1.123442e-11   198860
  1.616467e+01   4.297521e-09   4.234477e-02   1.136403e-11   195264
  1.618595e+01   4.199300e-09   6.282632e-02   1.116943e-11   195984
  1.620758e+01   4.210990e-09   0.000000e+00   1.129406e-11   191808
  1.622817e+01   4.170206e-09   7.263582e-02   1.114307e-11   190776
  1.624959e+01   4.109026e-09   1.882466e-02   1.101749e-11   192032
  1.627116e+01   4.118580e-09   0.000000e+00   1.110730e-11   188628
  1.629190e+01   4.086650e-09   1.009332e-01   1.106885e-11   189444
  1.631357e+01   4.037077e-09   0.000000e+00   1.102267e-11   186260
  1.633472e+01   4.064538e-09   0.000000e+00   1.110558e-11   184560
  1.635569e+01   3.998337e-09   9.200634e-02   1.093391e-11   185832
  1.637754e+01   3.973583e-09   0.000000e+00   1.089020e-11   182400
  1.639844e+01   3.934946e-09   4.375910e-02   1.094556e-11   181380
  1.641955e+01   3.948353e-09   7.686119e-02   1.101241e-11   180332
  1.644125e+01   3.931312e-09   0.000000e+00   1.096632e-11   178236
  1.646218e+01   3.836711e-09   5.403198e-02   1.069887e-11   179184
  1.648349e+01   3.866842e-09   7.082557e-02   1.092393e-11   175028
  1.650501e+01   3.821741e-09   0.000000e+00   1.082927e-11   175440
  1.652602e+01   3.781136e-09   7.554711e-02   1.064255e-11   174828
  1.654745e+01   3.807212e-09   0.000000e+00   1.093532e-11   169896
  1.656867e+01   3.727897e-09   0.000000e+00   1.067917e-11   171708
  1.658966e+01   3.712232e-09   9.714815e-02   1.060619e-11   169328
  1.661120e+01   3.722606e-09   0.000000e+00   1.065480e-11   167364
  1.663245e+01   3.669566e-09   3.481475e-02   1.060686e-11   168192
  1.665343e+01   3.704856e-09   8.742475e-02   1.083905e-11   163188
  1.667519e+01   3.628463e-09   0.000000e+00   1.054092e-11   166184
  1.669627e+01   3.606544e-09   4.354389e-02   1.064392e-11   161460
  1.671729e+01   3.601822e-09   8.064785e-02   1.057676e-11   159972
  1.673883e+01   3.543634e-09   0.000000e+00   1.052879e-11   159488
  1.675972e+01   3.567276e-09   7.541866e-02   1.056678e-11   158148
  1.678125e+01   3.527236e-09   0.000000e+00   1.044046e-11   158100
  1.680275e+01   3.529075e-09   0.000000e+00   1.062433e-11   155232
  1.682334e+01   3.521615e-09   8.675077e-02   1.060689e-11   151216
  1.684499e+01   3.451030e-09   0.000000e+00   1.046558e-11   155560
  1.686650e+01   3.480785e-09   0.000000e+00   1.049604e-11   151404
  1.688722e+01   3.424756e-09   1.035588e-01   1.040431e-11   148356
  1.690892e+01   3.405713e-09   0.000000e+00   1.046814e-11   147164
  1.692987e+01   3.412951e-09   2.790192e-02   1.039449e-11   147384
  1.695103e+01   3.392792e-09   6.931182e-02   1.052339e-11   145992
  1.697285e+01   3.375781e-09   0.000000e+00   1.044479e-11   143856
  1.699340e+01   3.342638e-09   6.872834e-02   1.041881e-11   140384
  1.701490e+01   3.310826e-09   3.263110e-02   1.023087e-11   143856
  1.703649e+01   3.348334e-09   0.000000e+00   1.050453e-11   136968
  1.705711e+01   3.273154e-09   9.454927e-02   1.030417e-11   139536
  1.707887e+01   3.272894e-09   0.000000e+00   1.042162e-11   136916
  1.710001e+01   3.300466e-09   0.000000e+00   1.050826e-11   133032
  1.712087e+01   3.201253e-09   9.565008e-02   1.016663e-11   135540
  1.714280e+01   3.261421e-09   0.000000e+00   1.043260e-11   132096
  1.716368e+01   3.218671e-09   0.000000e+00   1.034298e-11   129540
  1.718476e+01   3.176421e-09   9.357883e-02   1.030418e-11   130640
  1.720648e+01   3.262373e-09   0.000000e+00   1.056186e-11   126276
  1.722742e+01   3.156694e-09   5.555244e-02   1.023007e-11   128484
  1.724899e+01   3.184634e-09   1.763380e-02   1.046863e-11   124168
  1.727027e+01   3.207889e-09   0.000000e+00   1.044269e-11   122224
  1.729123e+01   3.103928e-09   8.381408e-02   1.017293e-11   123156
  1.731280e+01   3.190191e-09   0.000000e+00   1.055531e-11   119688
  1.733386e+01   3.116462e-09   0.000000e+00   1.045346e-11   116640
  1.735483e+01   3.109929e-09   9.828724e-02   1.026282e-11   119696
  1.737648e+01   3.177079e-09   0.000000e+00   1.063222e-11   114276
  1.739766e+01   3.072596e-09   0.000000e+00   1.036309e-11   114060
  1.741863e+01   3.100111e-09   9.274188e-02   1.043724e-11   112536
  1.744033e+01   3.094049e-09   0.000000e+00   1.028981e-11   112196
  1.746153e+01   3.089321e-09   4.176244e-02   1.052979e-11   109404
  1.748253e+01   3.106798e-09   5.230581e-02   1.053774e-11   105900
  1.750389e+01   3.027536e-09   0.000000e+00   1.044508e-11   107176
  1.752495e+01   3.030001e-09   6.848220e-02   1.042185e-11   105088
  1.754638e+01   3.066912e-09   2.595990e-02   1.045576e-11   103800
  1.756788e+01   3.011048e-09   0.000000e+00   1.046461e-11   101340
  1.758872e+01   3.031180e-09   7.702374e-02   1.041734e-11   100036
  1.761005e+01   3.022082e-09   0.000000e+00   1.047806e-11   97672
  1.763147e+01   2.992856e-09   0.000000e+00   1.034478e-11   97908
  1.765245e+01   3.032716e-09   8.161795e-02   1.056471e-11   95328
  1.767394e+01   2.987834e-09   0.000000e+00   1.042661e-11   93600
  1.769512e+01   3.005078e-09   0.000000e+00   1.061946e-11   92312
  1.771626e+01   3.022868e-09   6.787972e-02   1.063662e-11   91044
  1.773780e+01   3.001093e-09   0.000000e+00   1.054048e-11   88500
  1.775853e+01   3.022263e-09   5.087899e-02   1.088591e-11   86216
  1.777991e+01   3.001749e-09   0.000000e+00   1.067894e-11   87159
  1.780170e+01   2.992097e-09   0.000000e+00   1.070322e-11   86064
  1.782261e+01   2.993912e-09   8.109324e-02   1.092914e-11   81648
  1.784383e+01   2.984431e-09   9.669574e-03   1.083633e-11   81654
  1.786535e+01   2.966748e-09   0.000000e+00   1.067787e-11   81284
  1.788644e+01   2.939391e-09   5.840226e-02   1.075754e-11   78888
  1.790769e+01   2.956150e-09   2.104974e-02   1.094081e-11   77250
  1.792879e+01   2.937919e-09   0.000000e+00   1.097706e-11   75942
  1.794991e+01   2.922012e-09   6.275719e-02   1.065809e-11   77042
  1.797160e+01   2.898386e-09   0.000000e+00   1.093680e-11   74094
  1.799279e+01   2.873724e-09   3.310386e-02   1.090205e-11   73818
  1.801400e+01   2.870459e-09   0.000000e+00   1.094451e-11   70998
  1.803529e+01   2.837372e-09   0.000000e+00   1.073552e-11   72044
  1.805651e+01   2.815466e-09   6.637615e-02   1.091435e-11   69426
  1.807791e+01   2.828966e-09   0.000000e+00   1.096382e-11   69288
  1.809912e+01   2.816375e-09   0.000000e+00   1.093042e-11   67068
  1.812008e+01   2.747120e-09   6.919713e-02   1.076466e-11   66926
  1.814154e+01   2.730492e-09   5.503675e-02   1.068437e-11   66348
  1.816309e+01   2.767486e-09   0.000000e+00   1.109028e-11   64728
  1.818404e+01   2.720197e-09   0.000000e+00   1.099081e-11   62820
  1.820526e+01   2.722272e-09   0.000000e+00   1.082752e-11   63716
  1.822675e+01   2.707890e-09   1.858369e-02   1.094664e-11   62160
  1.824795e+01   2.669694e-09   0.000000e+00   1.105905e-11   59940
  1.826899e+01   2.714472e-09   1.855187e-02   1.126865e-11   60112
  1.829021e+01   2.627826e-09   6.404354e-02   1.095039e-11   59668
  1.831176e+01   2.623504e-09   0.000000e+00   1.114157e-11   57618
  1.833276e+01   2.586967e-09   1.924830e-02   1.096320e-11   56868
  1.835380e+01   2.543694e-09   6.186571e-02   1.093531e-11   56684
  1.837515e+01   2.547452e-09   2.933104e-02   1.102269e-11   55536
  1.839655e+01   2.531401e-09   0.000000e+00   1.112614e-11   54342
  1.841783e+01   2.518003e-09   2.231777e-02   1.094317e-11   54768
  1.843889e+01   2.482442e-09   6.142875e-02   1.100829e-11   52094
  1.846015e+01   2.453920e-09   0.000000e+00   1.091782e-11   52224
  1.848171e+01   2.430303e-09   0.000000e+00   1.074592e-11   52188
  1.850284e+01   2.434904e-09   5.499124e-02   1.104700e-11   50190
  1.852384e+01   2.405447e-09   4.516353e-02   1.106591e-11   49224
  1.854525e+01   2.380033e-09   0.000000e+00   1.086572e-11   49094
  1.856674e+01   2.372927e-09   1.397922e-02   1.088485e-11   49488
  1.858801e+01   2.339969e-09   5.746339e-02   1.094430e-11   46830
  1.860898e+01   2.339387e-09   1.460962e-02   1.132432e-11   45860
  1.863032e+01   2.256272e-09   0.000000e+00   1.064443e-11   46770
  1.865173e+01   2.266152e-09   2.591318e-02   1.076948e-11   45468
  1.867296e+01   2.207293e-09   3.993629e-02   1.075719e-11   44130
  1.869410e+01   2.230310e-09   0.000000e+00   1.090758e-11   43230
  1.871538e+01   2.178840e-09   0.000000e+00   1.063809e-11   44108
  1.873682e+01   2.138228e-09   3.994094e-02   1.058002e-11   42162
  1.875801e+01   2.160342e-09   3.741243e-02   1.097218e-11   41358
  1.877903e+01   2.137097e-09   0.000000e+00   1.086193e-11   40456
  1.880031e+01   2.108226e-09   3.633074e-02   1.057926e-11   41230
  1.882193e+01   2.094935e-09   4.731661e-02   1.070872e-11   39906
  1.884323e+01   2.061993e-09   0.000000e+00   1.068082e-11   38508
  1.886414e+01   2.043213e-09   0.000000e+00   1.072419e-11   37854
  1.888526e+01   2.037771e-09   5.777069e-02   1.053711e-11   38162
  1.890689e+01   1.976412e-09   2.749958e-02   1.068145e-11   37212
  1.892823e+01   2.000189e-09   0.000000e+00   1.070846e-11   36450
  1.894904e+01   1.965563e-09   3.131292e-02   1.087223e-11   34718
  1.897014e+01   1.951463e-09   2.251244e-02   1.068424e-11   35814
  1.899178e+01   1.921582e-09   2.143543e-02   1.053833e-11   34896
  1.901314e+01   1.911471e-09   0.000000e+00   1.070709e-11   33822
  1.903389e+01   1.900621e-09   4.637744e-02   1.081002e-11   32522
  1.905522e+01   1.836346e-09   0.000000e+00   1.036154e-11   33630
  1.907684e+01   1.810037e-09   0.000000e+00   1.047062e-11   32166
  1.909788e+01   1.794721e-09   2.540791e-02   1.053767e-11   31200
  1.911872e+01   1.806733e-09   1.540007e-02   1.087138e-11   30598
  1.914003e+01   1.755401e-09   2.339408e-02   1.007598e-11   31138
  1.916182e+01   1.717610e-09   0.000000e+00   1.028727e-11   30510
  1.918303e+01   1.702936e-09   3.419670e-02   1.040983e-11   28998
  1.920386e+01   1.688818e-09   1.013328e-02   1.058618e-11   28290
  1.922514e+01   1.662398e-09   4.556376e-02   1.006630e-11   29126
  1.924694e+01   1.645515e-09   0.000000e+00   1.011676e-11   28008
  1.926819e+01   1.634750e-09   1.251084e-02   1.038863e-11   27222
  1.928919e+01   1.618272e-09   1.967977e-02   1.033808e-11   26426
  1.931044e+01   1.572368e-09   1.314523e-02   1.009500e-11   26694
  1.933196e+01   1.557111e-09   2.576261e-02   1.007226e-11   25734
  1.935329e+01   1.536474e-09   0.000000e+00   1.026989e-11   25458
  1.937422e+01   1.528604e-09   5.500515e-03   1.029289e-11   24198
  1.939559e+01   1.467816e-09   0.000000e+00   9.685495e-12   25034
  1.941719e+01   1.445432e-09   1.858731e-02   9.969348e-12   23718
  1.943828e+01   1.416624e-09   0.000000e+00   9.727132e-12   23094
  1.945903e+01   1.449377e-09   2.964373e-02   1.014140e-11   22416
  1.948039e+01   1.384870e-09   1.251367e-02   9.617849e-12   23078
  1.950232e+01   1.371076e-09   0.000000e+00   9.396710e-12   22386
  1.952355e+01   1.368189e-09   0.000000e+00   9.907631e-12   21126
  1.954412e+01   1.359238e-09   0.000000e+00   9.897144e-12   20366
  1.956530e+01   1.298626e-09   4.024486e-02   9.400899e-12   21354
  1.958729e+01   1.285565e-09   0.000000e+00   9.472998e-12   20478
  1.960849e+01   1.265694e-09   0.000000e+00   9.515454e-12   19458
  1.962905e+01   1.263132e-09   1.427868e-02   9.604915e-12   18758
  1.965026e+01   1.205824e-09   4.286652e-02   9.032982e-12   19566
  1.967221e+01   1.188048e-09   2.749505e-02   9.119983e-12   18858
  1.969351e+01   1.186267e-09   9.937176e-03   9.278836e-12   17790
  1.971402e+01   1.157540e-09   0.000000e+00   9.296696e-12   17114
  1.973527e+01   1.113633e-09   0.000000e+00   8.815662e-12   17982
  1.975719e+01   1.124750e-09   0.000000e+00   9.041441e-12   17190
  1.977855e+01   1.094068e-09   0.000000e+00   9.109439e-12   16458
  1.979904e+01   1.099921e-09   3.003874e-02   9.430372e-12   15494
  1.982024e+01   1.031670e-09   7.735493e-03   8.642929e-12   16374
  1.984230e+01   1.012181e-09   0.000000e+00   8.655630e-12   15858
  1.986368e+01   1.031369e-09   0.000000e+00   8.895639e-12   14862
  1.988409e+01   1.034754e-09   0.000000e+00   9.404962e-12   14082
  1.990539e+01   9.535335e-10   0.000000e+00   8.226032e-12   14990
  1.992751e+01   9.648802e-10   1.431372e-02   8.486991e-12   14358
  1.994881e+01   9.342047e-10   0.000000e+00   8.630490e-12   13386
  1.996901e+01   9.315232e-10   0.000000e+00   8.723534e-12   12678
  1.999033e+01   8.755515e-10   2.333050e-02   7.999859e-12   13700
  2.001259e+01   8.918488e-10   1.427720e-02   8.510633e-12   12942
  2.003395e+01   8.700418e-10   3.900625e-02   8.577363e-12   12198
  2.005392e+01   8.573118e-10   0.000000e+00   8.689261e-12   11106
  2.007510e+01   8.096229e-10   5.626650e-03   7.534589e-12   12494
  2.009743e+01   7.923437e-10   2.693102e-02   7.901512e-12   11610
  2.011896e+01   8.005820e-10   0.000000e+00   8.087588e-12   11094
  2.013893e+01   7.711127e-10   2.017874e-02   8.031294e-12   9902
  2.016002e+01   7.381002e-10   1.843094e-02   7.326477e-12   11226
  2.018236e+01   7.174296e-10   0.000000e+00   7.434548e-12   10326
  2.020391e+01   7.203621e-10   1.816232e-02   7.612252e-12   10074
  2.022404e+01   7.152820e-10   1.341486e-02   8.213444e-12   8766
  2.024495e+01   6.617527e-10   0.000000e+00   6.949436e-12   9950
  2.026724e+01   6.495158e-10   9.434999e-03   7.376489e-12   9252
  2.028878e+01   6.456706e-10   0.000000e+00   7.025810e-12   8886
  2.030890e+01   6.429831e-10   0.000000e+00   7.625391e-12   7850
  2.033000e+01   5.803518e-10   8.278899e-03   6.596639e-12   8886
  2.035233e+01   5.951212e-10   0.000000e+00   6.986382e-12   8142
  2.037362e+01   5.981571e-10   2.074519e-02   7.311703e-12   7746
  2.039351e+01   5.739215e-10   2.209633e-02   7.270377e-12   6926
  2.041502e+01   5.286516e-10   0.000000e+00   6.226556e-12   7974
  2.043743e+01   5.218997e-10   2.225352e-02   6.479793e-12   7074
  2.045847e+01   5.129712e-10   0.000000e+00   6.590125e-12   6744
  2.047826e+01   5.214928e-10   2.243533e-02   7.052212e-12   6114
  2.050013e+01   4.772143e-10   4.389173e-03   5.933234e-12   7094
  2.052293e+01   4.664363e-10   0.000000e+00   6.521176e-12   6174
  2.054371e+01   4.618275e-10   8.054661e-03   6.339145e-12   5754
  2.056296e+01   4.685231e-10   0.000000e+00   6.889088e-12   5214
  2.058512e+01   4.063790e-10   0.000000e+00   5.362990e-12   6338
  2.060854e+01   3.975734e-10   1.088849e-02   5.805133e-12   5352
  2.062909e+01   4.068683e-10   0.000000e+00   6.492047e-12   4830
  2.064745e+01   4.103772e-10   2.428689e-03   6.281588e-12   4338
  2.066973e+01   3.628448e-10   0.000000e+00   5.114152e-12   5558
  2.069415e+01   3.556340e-10   1.537672e-02   5.579788e-12   4866
  2.071512e+01   3.369504e-10   2.671631e-02   6.017674e-12   3846
  2.073181e+01   3.517149e-10   0.000000e+00   6.222607e-12   3518
  2.075418e+01   3.090769e-10   2.172723e-02   4.714594e-12   4812
  2.077931e+01   2.886283e-10   1.484661e-02   4.740560e-12   4278
  2.080110e+01   2.901443e-10   2.078261e-02   5.570374e-12   3174
  2.081618e+01   3.060819e-10   0.000000e+00   6.169157e-12   2738
  2.083848e+01   2.543591e-10   8.614643e-03   4.337029e-12   4086
  2.086413e+01   2.353040e-10   0.000000e+00   4.138074e-12   3666
  2.088695e+01   2.463709e-10   1.073762e-02   5.265449e-12   2712
  2.090056e+01   2.804265e-10   8.464232e-03   6.644892e-12   1998
  2.092274e+01   2.251195e-10   1.188069e-02   3.939862e-12   3434
  2.094892e+01   2.079879e-10   0.000000e+00   4.200735e-12   3078
  2.097282e+01   1.927059e-10   1.039155e-02   4.489679e-12   2334
  2.098499e+01   2.374291e-10   0.000000e+00   6.427093e-12   1340
  2.100697e+01   1.802093e-10   0.000000e+00   3.600544e-12   2838
  2.103377e+01   1.660189e-10   0.000000e+00   3.512514e-12   2538
  2.105880e+01   1.535941e-10   8.770663e-03   3.929733e-12   1974
  2.106882e+01   2.127656e-10   1.325470e-02   7.869662e-12   774
  2.109090e+01   1.476798e-10   6.285579e-03   3.163274e-12   2300
  2.111836e+01   1.286241e-10   1.285258e-02   2.814517e-12   2046
  2.114452e+01   1.145321e-10   7.696796e-03   2.866350e-12   1626
  2.115265e+01   1.795395e-10   1.195818e-02   8.901444e-12   390
  2.117466e+01   1.088173e-10   5.420212e-03   2.675875e-12   1766
  2.120257e+01   9.865598e-11   0.000000e+00   2.757447e-12   1596
  2.122982e+01   8.869892e-11   0.000000e+00   2.496035e-12   1302
  2.123651e+01   1.332980e-10   0.000000e+00   9.843597e-12   150
  2.125856e+01   8.490640e-11   2.710178e-03   2.617187e-12   1298
  2.128657e+01   7.901025e-11   0.000000e+00   2.513975e-12   1158
  2.131442e+01   6.594403e-11   4.504106e-03   2.212474e-12   996
  2.132465e+01   1.182576e-10   1.103323e-02   2.189171e-11   38
  2.134266e+01   6.103087e-11   0.000000e+00   2.031686e-12   894
  2.137071e+01   5.354511e-11   9.951964e-03   2.073376e-12   786
  2.139879e+01   4.844548e-11   0.000000e+00   1.847990e-12   678
  2.142550e+01   6.584083e-11   0.000000e+00   7.454305e-12   8
  2.142691e+01   4.253452e-11   9.031255e-03   1.984360e-12   570
  2.145502e+01   3.030463e-11   9.692101e-03   1.379506e-12   486
  2.148316e+01   2.761108e-11   0.000000e+00   1.594504e-12   402
  2.151053e+01   2.548009e-11   0.000000e+00   6.223372e-12   8
  2.151134e+01   2.531665e-11   1.120111e-02   1.464055e-12   318
  2.153951e+01   1.805763e-11   0.000000e+00   1.434273e-12   258
  2.156771e+01   1.243042e-11   0.000000e+00   1.035213e-12   198
  2.159555e+01   4.566280e-12   0.000000e+00   6.585282e-13   8
  2.159595e+01   1.031965e-11   0.000000e+00   8.907038e-13   138
  2.162416e+01   6.787060e-12   3.676471e-03   8.603047e-13   102
  2.165242e+01   4.611645e-12   6.696087e-03   5.283540e-13   66
  2.168069e+01   3.784703e-12   0.000000e+00   6.927034e-13   38
  2.170899e+01   1.738854e-12   0.000000e+00   4.795931e-13   18
  2.173729e+01   8.848567e-13   0.000000e+00   1.646128e-13   6
