# power spectrum of theta (div v)
# redshift z=0.200000
# k              Pk             sigma(k)       sigma(Pk)      count
  4.908739e-02   5.546831e-10   1.608418e-05   2.001236e-10   6
  6.942005e-02   2.739808e-09   0.000000e+00   6.382948e-10   12
  9.065882e-02   2.584708e-09   6.508962e-03   4.750832e-10   14
  1.150009e-01   4.259797e-09   5.237893e-03   4.311678e-10   48
  1.448559e-01   5.613516e-09   3.804799e-03   6.411358e-10   42
  1.590162e-01   5.007636e-09   3.787897e-03   6.513709e-10   48
  1.803014e-01   7.507903e-09   4.541081e-03   7.514269e-10   80
  2.043367e-01   9.448669e-09   3.525774e-03   8.666593e-10   90
  2.227252e-01   7.916144e-09   5.536438e-03   7.529958e-10   120
  2.488487e-01   1.049107e-08   4.652757e-03   7.271979e-10   158
  2.661513e-01   1.140012e-08   2.208030e-03   1.173078e-09   120
  2.869973e-01   1.193231e-08   4.935215e-03   7.794837e-10   186
  3.100294e-01   1.287393e-08   6.749025e-03   8.543884e-10   264
  3.287449e-01   1.567527e-08   3.643590e-03   1.124359e-09   168
  3.526244e-01   1.516456e-08   6.511952e-03   7.643965e-10   386
  3.726071e-01   1.410739e-08   3.940433e-03   1.080504e-09   192
  3.922681e-01   1.768783e-08   6.460573e-03   9.433997e-10   390
  4.143561e-01   1.633266e-08   6.764213e-03   7.512958e-10   396
  4.351071e-01   1.800976e-08   6.710857e-03   8.330143e-10   398
  4.579190e-01   1.836476e-08   6.577772e-03   7.290250e-10   576
  4.803679e-01   1.846000e-08   6.673210e-03   8.332003e-10   444
  5.000037e-01   2.179037e-08   6.020862e-03   8.291646e-10   590
  5.223627e-01   1.914642e-08   6.593301e-03   7.865301e-10   648
  5.441711e-01   2.056136e-08   5.835223e-03   7.983479e-10   654
  5.635471e-01   2.108925e-08   4.840100e-03   7.752273e-10   636
  5.852063e-01   2.198327e-08   7.256543e-03   7.610755e-10   830
  6.055292e-01   2.089806e-08   5.223406e-03   7.004432e-10   792
  6.263096e-01   2.268786e-08   5.372178e-03   7.865867e-10   804
  6.475915e-01   2.536919e-08   6.630499e-03   8.857950e-10   1038
  6.681954e-01   2.133123e-08   5.193545e-03   6.971442e-10   936
  6.905275e-01   2.361302e-08   6.068542e-03   7.234070e-10   1130
  7.107689e-01   2.191722e-08   5.635557e-03   6.654325e-10   1104
  7.329882e-01   2.270220e-08   6.265750e-03   6.443911e-10   1230
  7.533066e-01   2.336897e-08   6.367515e-03   6.268925e-10   1260
  7.739493e-01   2.252923e-08   5.501309e-03   6.516318e-10   1286
  7.972959e-01   2.377932e-08   6.676093e-03   5.390755e-10   1728
  8.194182e-01   2.445984e-08   5.905938e-03   6.561566e-10   1392
  8.404440e-01   2.342682e-08   5.615772e-03   5.861816e-10   1626
  8.619949e-01   2.491731e-08   6.626843e-03   5.647027e-10   1760
  8.836339e-01   2.387965e-08   5.480218e-03   5.790160e-10   1686
  9.040332e-01   2.315526e-08   5.568353e-03   5.482443e-10   1812
  9.248916e-01   2.413694e-08   6.403363e-03   5.818590e-10   1862
  9.462081e-01   2.378565e-08   5.717354e-03   5.034631e-10   2160
  9.676557e-01   2.376567e-08   5.844358e-03   5.390379e-10   1956
  9.892344e-01   2.309292e-08   6.578390e-03   4.665453e-10   2454
  1.010292e+00   2.381874e-08   5.121137e-03   5.354919e-10   2048
  1.031427e+00   2.470662e-08   6.670597e-03   4.857402e-10   2538
  1.052288e+00   2.267644e-08   5.586772e-03   4.706047e-10   2400
  1.073374e+00   2.309696e-08   6.656280e-03   4.347161e-10   2526
  1.094412e+00   2.078646e-08   6.589372e-03   3.888677e-10   2856
  1.116356e+00   2.284291e-08   6.189866e-03   4.456886e-10   2804
  1.138029e+00   2.305990e-08   6.427098e-03   4.155179e-10   2958
  1.158655e+00   2.297180e-08   6.197638e-03   4.016911e-10   2976
  1.180422e+00   2.122913e-08   6.237939e-03   3.711119e-10   3194
  1.200801e+00   2.145453e-08   6.203277e-03   3.825508e-10   3120
  1.222874e+00   2.133554e-08   6.304761e-03   3.472552e-10   3606
  1.243940e+00   2.122058e-08   5.752321e-03   3.765423e-10   3276
  1.264464e+00   2.152242e-08   6.514698e-03   3.574801e-10   3600
  1.285577e+00   2.100566e-08   5.763300e-03   3.526392e-10   3638
  1.305903e+00   2.126707e-08   6.072077e-03   3.525784e-10   3744
  1.327893e+00   1.990480e-08   6.314721e-03   3.034559e-10   4170
  1.348913e+00   2.065430e-08   5.966133e-03   3.303818e-10   3984
  1.370324e+00   2.087990e-08   6.053017e-03   3.176704e-10   4334
  1.391449e+00   1.994280e-08   5.569586e-03   3.102654e-10   4284
  1.412311e+00   2.002673e-08   6.750662e-03   3.109690e-10   4374
  1.434124e+00   2.032934e-08   5.985428e-03   2.914500e-10   5016
  1.455607e+00   2.006675e-08   5.759251e-03   3.008811e-10   4580
  1.477022e+00   2.023636e-08   6.781400e-03   2.826858e-10   5142
  1.498869e+00   1.974317e-08   6.508452e-03   2.817994e-10   5184
  1.520258e+00   1.991948e-08   5.109192e-03   2.835556e-10   5058
  1.540811e+00   1.993094e-08   6.044837e-03   2.730498e-10   5384
  1.562789e+00   1.958580e-08   6.899859e-03   2.593423e-10   5622
  1.583990e+00   1.970099e-08   5.767154e-03   2.585251e-10   5736
  1.605101e+00   1.977494e-08   5.186724e-03   2.694031e-10   5596
  1.626312e+00   1.944667e-08   6.534110e-03   2.503672e-10   6070
  1.647349e+00   1.897417e-08   5.075536e-03   2.363017e-10   6096
  1.669298e+00   1.895163e-08   6.286971e-03   2.378243e-10   6474
  1.689604e+00   1.979270e-08   6.011046e-03   2.564567e-10   6024
  1.711323e+00   1.927671e-08   6.000880e-03   2.300271e-10   7070
  1.732840e+00   1.961887e-08   4.929295e-03   2.488275e-10   6516
  1.753479e+00   1.970058e-08   6.037906e-03   2.331589e-10   6936
  1.775023e+00   1.902652e-08   6.030002e-03   2.266594e-10   7110
  1.795864e+00   1.980370e-08   4.386333e-03   2.245998e-10   7244
  1.817911e+00   2.003500e-08   6.566186e-03   2.260054e-10   7878
  1.839265e+00   1.950324e-08   6.345137e-03   2.340512e-10   7344
  1.859942e+00   1.955794e-08   6.576959e-03   2.256436e-10   7694
  1.881485e+00   1.987980e-08   6.385481e-03   2.153146e-10   8412
  1.903119e+00   2.033904e-08   6.574718e-03   2.340604e-10   7920
  1.923681e+00   1.946085e-08   5.574081e-03   2.149572e-10   8118
  1.944611e+00   2.005815e-08   6.462590e-03   2.219853e-10   8548
  1.965903e+00   1.972089e-08   6.542471e-03   2.114414e-10   8710
  1.987016e+00   2.008953e-08   5.688570e-03   2.239867e-10   8928
  2.008691e+00   2.073796e-08   6.261670e-03   2.177794e-10   9186
  2.029483e+00   2.052182e-08   6.869144e-03   2.197448e-10   9200
  2.050916e+00   2.046087e-08   5.909317e-03   2.134856e-10   9438
  2.071812e+00   2.116333e-08   8.218907e-03   2.202984e-10   9564
  2.093290e+00   2.085899e-08   6.302710e-03   2.083471e-10   10296
  2.115277e+00   2.069570e-08   5.560792e-03   2.032074e-10   10126
  2.135875e+00   2.143926e-08   6.899005e-03   2.101913e-10   10024
  2.157783e+00   2.124472e-08   4.830112e-03   2.013459e-10   11082
  2.179294e+00   2.169085e-08   7.510094e-03   2.081457e-10   10632
  2.200318e+00   2.145145e-08   5.408183e-03   2.100306e-10   10734
  2.221558e+00   2.174798e-08   6.606674e-03   2.059343e-10   11276
  2.242790e+00   2.164156e-08   6.098736e-03   2.015956e-10   11352
  2.264219e+00   2.253034e-08   6.233221e-03   2.164358e-10   11550
  2.285254e+00   2.251482e-08   5.753124e-03   2.092804e-10   11772
  2.306600e+00   2.243337e-08   7.216050e-03   2.061735e-10   12038
  2.327684e+00   2.258806e-08   8.865580e-03   2.105419e-10   12096
  2.349060e+00   2.275221e-08   7.127261e-03   2.059981e-10   12582
  2.370199e+00   2.341083e-08   2.060507e-03   2.129197e-10   12620
  2.391825e+00   2.336188e-08   7.486951e-03   2.018872e-10   13320
  2.412989e+00   2.327966e-08   6.830149e-03   2.111315e-10   12654
  2.433748e+00   2.416765e-08   1.289850e-03   2.119056e-10   13236
  2.454817e+00   2.381614e-08   9.853611e-03   2.046665e-10   13438
  2.476108e+00   2.374722e-08   9.652002e-03   1.989644e-10   14344
  2.498171e+00   2.488548e-08   5.946025e-03   2.132275e-10   14226
  2.519015e+00   2.411729e-08   4.865726e-03   2.011111e-10   14088
  2.540133e+00   2.523370e-08   0.000000e+00   2.215921e-10   14328
  2.561301e+00   2.515827e-08   6.694338e-03   2.105800e-10   14954
  2.582758e+00   2.527028e-08   5.165510e-03   2.073472e-10   15480
  2.604300e+00   2.543658e-08   6.908333e-03   2.100037e-10   14862
  2.624709e+00   2.577605e-08   8.274721e-03   2.121424e-10   15296
  2.646142e+00   2.589455e-08   7.792941e-03   2.032896e-10   15954
  2.667142e+00   2.620635e-08   6.604872e-03   2.084651e-10   15720
  2.688148e+00   2.599491e-08   2.767544e-03   2.085323e-10   16296
  2.709787e+00   2.634600e-08   4.134014e-03   2.058956e-10   17010
  2.730798e+00   2.712166e-08   3.666175e-03   2.118086e-10   16328
  2.751935e+00   2.737134e-08   3.692555e-03   2.108617e-10   17094
  2.773137e+00   2.775301e-08   8.635699e-03   2.113390e-10   17436
  2.794580e+00   2.829424e-08   8.932587e-03   2.139915e-10   17862
  2.816113e+00   2.778438e-08   7.644352e-03   2.074354e-10   18200
  2.837804e+00   2.807039e-08   1.035987e-03   2.107516e-10   18450
  2.859024e+00   2.862019e-08   3.494014e-03   2.160928e-10   18384
  2.880192e+00   2.886395e-08   5.917022e-03   2.169996e-10   18504
  2.901337e+00   2.891965e-08   4.407890e-03   2.092940e-10   19142
  2.922908e+00   2.947928e-08   6.085693e-03   2.096351e-10   19692
  2.944248e+00   2.975233e-08   6.148478e-03   2.171542e-10   19062
  2.965129e+00   2.989930e-08   0.000000e+00   2.099968e-10   20184
  2.986711e+00   3.002457e-08   7.624039e-03   2.148486e-10   19970
  3.007762e+00   3.045370e-08   0.000000e+00   2.155053e-10   20496
  3.029429e+00   3.085935e-08   8.804686e-03   2.094662e-10   21456
  3.050516e+00   3.104915e-08   6.293056e-03   2.235588e-10   19650
  3.071216e+00   3.153341e-08   9.870389e-03   2.143902e-10   22040
  3.093038e+00   3.102749e-08   1.332270e-02   2.139556e-10   21558
  3.114110e+00   3.211939e-08   0.000000e+00   2.200710e-10   21804
  3.135237e+00   3.226288e-08   8.268117e-03   2.169185e-10   21926
  3.156296e+00   3.234379e-08   9.701634e-03   2.191378e-10   22416
  3.177440e+00   3.283142e-08   8.603239e-03   2.190372e-10   22776
  3.199180e+00   3.272094e-08   6.619826e-03   2.125702e-10   23874
  3.220538e+00   3.366976e-08   0.000000e+00   2.237048e-10   23104
  3.241774e+00   3.298688e-08   0.000000e+00   2.128143e-10   23974
  3.263059e+00   3.401618e-08   1.411798e-02   2.192421e-10   23892
  3.283975e+00   3.357302e-08   0.000000e+00   2.196230e-10   23550
  3.305033e+00   3.469865e-08   7.095608e-03   2.189362e-10   25320
  3.326425e+00   3.448710e-08   1.223044e-02   2.248191e-10   24428
  3.347358e+00   3.459401e-08   8.154246e-03   2.213067e-10   25254
  3.368790e+00   3.464969e-08   0.000000e+00   2.152123e-10   26016
  3.389916e+00   3.469138e-08   0.000000e+00   2.196670e-10   25182
  3.411239e+00   3.533985e-08   3.541955e-03   2.123930e-10   27428
  3.432868e+00   3.617717e-08   5.334175e-03   2.219955e-10   25974
  3.453680e+00   3.573724e-08   9.027563e-03   2.202151e-10   26904
  3.474816e+00   3.635844e-08   3.562700e-03   2.242908e-10   26730
  3.495974e+00   3.665199e-08   0.000000e+00   2.192619e-10   27896
  3.517661e+00   3.682791e-08   1.072005e-02   2.170342e-10   28992
  3.539608e+00   3.678052e-08   2.925568e-03   2.221631e-10   28698
  3.560548e+00   3.718916e-08   0.000000e+00   2.251756e-10   27816
  3.581941e+00   3.768904e-08   0.000000e+00   2.189438e-10   29774
  3.603341e+00   3.711571e-08   6.972913e-03   2.206319e-10   29148
  3.624264e+00   3.781830e-08   0.000000e+00   2.217438e-10   28806
  3.645338e+00   3.798166e-08   1.170541e-02   2.201417e-10   30408
  3.666653e+00   3.833384e-08   0.000000e+00   2.189618e-10   30320
  3.688152e+00   3.852082e-08   0.000000e+00   2.234540e-10   30930
  3.709612e+00   3.963726e-08   0.000000e+00   2.262536e-10   31656
  3.730576e+00   3.848222e-08   0.000000e+00   2.259741e-10   30086
  3.751636e+00   3.934878e-08   1.383127e-02   2.184078e-10   32724
  3.772862e+00   3.952056e-08   8.234563e-03   2.234387e-10   30846
  3.793944e+00   3.937261e-08   2.183779e-03   2.181411e-10   33480
  3.815491e+00   4.016390e-08   1.105145e-02   2.223169e-10   32724
  3.836559e+00   3.981619e-08   7.225324e-03   2.220783e-10   32894
  3.857930e+00   4.011394e-08   0.000000e+00   2.214383e-10   34200
  3.879305e+00   4.099497e-08   8.642893e-03   2.235054e-10   33594
  3.900297e+00   4.082679e-08   0.000000e+00   2.241105e-10   34336
  3.921714e+00   4.122470e-08   0.000000e+00   2.235942e-10   34822
  3.942966e+00   4.077472e-08   0.000000e+00   2.205033e-10   35472
  3.964102e+00   4.198809e-08   0.000000e+00   2.289497e-10   34404
  3.985176e+00   4.147542e-08   0.000000e+00   2.223645e-10   36222
  4.006298e+00   4.184771e-08   5.925166e-03   2.229478e-10   35984
  4.027636e+00   4.142981e-08   8.716260e-03   2.211807e-10   36570
  4.048789e+00   4.221150e-08   0.000000e+00   2.214892e-10   37176
  4.070174e+00   4.218481e-08   0.000000e+00   2.214926e-10   37406
  4.091471e+00   4.290758e-08   0.000000e+00   2.194014e-10   38052
  4.112597e+00   4.243882e-08   0.000000e+00   2.173760e-10   37590
  4.134009e+00   4.248696e-08   1.091743e-02   2.173579e-10   39480
  4.155207e+00   4.364802e-08   0.000000e+00   2.251449e-10   38260
  4.176396e+00   4.336555e-08   1.102894e-02   2.198806e-10   39646
  4.198020e+00   4.341978e-08   5.818562e-03   2.145602e-10   40944
  4.219462e+00   4.378144e-08   0.000000e+00   2.245563e-10   39678
  4.240585e+00   4.408951e-08   0.000000e+00   2.225883e-10   40804
  4.261834e+00   4.419765e-08   0.000000e+00   2.219109e-10   40606
  4.283118e+00   4.399429e-08   1.436050e-02   2.167972e-10   42216
  4.304534e+00   4.458768e-08   0.000000e+00   2.222638e-10   41532
  4.325688e+00   4.396745e-08   0.000000e+00   2.156301e-10   41990
  4.346688e+00   4.529523e-08   1.512101e-02   2.215448e-10   42360
  4.368116e+00   4.496303e-08   5.921212e-03   2.202407e-10   43530
  4.389414e+00   4.462432e-08   8.526187e-03   2.152102e-10   43848
  4.410645e+00   4.505371e-08   0.000000e+00   2.225920e-10   42870
  4.431945e+00   4.507002e-08   1.443091e-02   2.104361e-10   46160
  4.453324e+00   4.521435e-08   5.965462e-03   2.189887e-10   43380
  4.474378e+00   4.570761e-08   0.000000e+00   2.161500e-10   45294
  4.495503e+00   4.602707e-08   1.347363e-02   2.174432e-10   45744
  4.517105e+00   4.616353e-08   0.000000e+00   2.163234e-10   46682
  4.538237e+00   4.610918e-08   7.621528e-03   2.164067e-10   45840
  4.559439e+00   4.596361e-08   0.000000e+00   2.133582e-10   47118
  4.580595e+00   4.669401e-08   1.972902e-02   2.184966e-10   47124
  4.601834e+00   4.635117e-08   5.171120e-03   2.127185e-10   47984
  4.623507e+00   4.664033e-08   8.455337e-03   2.141897e-10   49566
  4.644403e+00   4.713069e-08   4.837165e-03   2.237090e-10   46284
  4.665366e+00   4.691331e-08   1.448110e-02   2.128491e-10   49966
  4.686700e+00   4.744875e-08   1.047945e-02   2.170280e-10   49360
  4.707905e+00   4.740590e-08   3.764861e-03   2.129197e-10   49806
  4.729282e+00   4.680624e-08   1.164354e-02   2.080839e-10   51492
  4.750427e+00   4.764335e-08   1.541923e-02   2.172791e-10   49496
  4.771749e+00   4.695762e-08   1.606388e-02   2.071052e-10   53190
  4.793252e+00   4.790015e-08   0.000000e+00   2.149540e-10   51060
  4.814332e+00   4.732410e-08   0.000000e+00   2.075947e-10   52134
  4.835479e+00   4.829385e-08   1.005313e-02   2.115218e-10   53088
  4.856792e+00   4.798410e-08   7.187540e-03   2.104276e-10   52706
  4.878043e+00   4.768160e-08   1.013263e-02   2.051795e-10   54936
  4.899633e+00   4.840230e-08   0.000000e+00   2.122256e-10   53886
  4.920749e+00   4.834760e-08   0.000000e+00   2.104462e-10   54436
  4.941861e+00   4.855906e-08   0.000000e+00   2.093747e-10   55096
  4.963396e+00   4.777864e-08   0.000000e+00   2.027585e-10   56358
  4.984500e+00   4.867817e-08   0.000000e+00   2.095582e-10   55632
  5.005773e+00   4.834072e-08   2.074374e-02   2.037398e-10   56530
  5.026993e+00   4.880626e-08   0.000000e+00   2.078120e-10   57232
  5.048136e+00   4.891338e-08   0.000000e+00   2.064526e-10   56766
  5.069818e+00   4.872950e-08   0.000000e+00   2.023298e-10   60804
  5.090913e+00   4.912633e-08   5.319037e-03   2.123077e-10   55536
  5.112092e+00   4.918472e-08   2.579772e-02   2.015380e-10   61166
  5.133354e+00   4.936066e-08   0.000000e+00   2.065955e-10   57396
  5.154380e+00   4.923789e-08   1.259127e-02   2.028750e-10   60870
  5.175730e+00   4.986260e-08   0.000000e+00   2.062563e-10   60224
  5.196967e+00   4.944165e-08   1.813314e-02   2.059371e-10   61002
  5.218278e+00   4.995176e-08   1.644471e-02   2.050940e-10   62016
  5.239475e+00   4.967685e-08   0.000000e+00   2.053803e-10   60768
  5.260501e+00   4.973598e-08   2.407572e-02   2.017480e-10   62870
  5.281996e+00   4.996510e-08   9.102451e-03   2.007287e-10   63804
  5.303370e+00   4.943852e-08   1.116585e-02   1.998259e-10   63054
  5.324254e+00   4.980894e-08   9.625800e-03   2.028068e-10   63024
  5.345592e+00   4.969305e-08   0.000000e+00   1.980363e-10   65018
  5.366684e+00   5.004325e-08   1.572890e-02   1.987541e-10   64608
  5.388000e+00   5.034238e-08   0.000000e+00   2.010117e-10   65688
  5.409253e+00   5.013600e-08   2.302619e-02   2.000216e-10   65994
  5.430436e+00   5.029243e-08   0.000000e+00   1.973455e-10   66648
  5.451850e+00   5.017742e-08   1.609728e-02   1.961277e-10   67310
  5.472957e+00   5.014248e-08   0.000000e+00   1.958070e-10   67224
  5.494213e+00   5.042813e-08   6.351884e-03   1.988198e-10   68034
  5.515547e+00   5.059373e-08   0.000000e+00   1.934786e-10   69744
  5.536885e+00   5.035393e-08   1.185555e-02   1.952797e-10   68654
  5.558434e+00   5.054307e-08   1.569526e-02   1.911570e-10   72132
  5.579753e+00   5.102998e-08   9.263540e-03   1.977191e-10   68520
  5.600770e+00   5.044653e-08   1.583669e-02   1.922151e-10   71070
  5.622207e+00   5.089406e-08   0.000000e+00   1.917343e-10   71948
  5.643427e+00   5.106461e-08   2.354763e-02   1.951529e-10   71598
  5.664831e+00   5.076935e-08   0.000000e+00   1.917794e-10   73536
  5.686054e+00   5.078598e-08   2.837759e-02   1.935997e-10   71802
  5.707060e+00   5.108014e-08   0.000000e+00   1.923682e-10   73280
  5.728316e+00   5.107541e-08   0.000000e+00   1.910853e-10   73992
  5.749764e+00   5.068198e-08   1.313299e-02   1.880916e-10   75966
  5.771001e+00   5.135152e-08   0.000000e+00   1.916031e-10   74364
  5.792264e+00   5.119345e-08   1.616482e-02   1.898564e-10   76094
  5.813466e+00   5.074664e-08   0.000000e+00   1.881997e-10   76224
  5.834736e+00   5.160733e-08   1.037538e-02   1.899406e-10   76242
  5.855780e+00   5.050954e-08   0.000000e+00   1.868383e-10   76944
  5.877033e+00   5.127538e-08   0.000000e+00   1.855025e-10   78680
  5.898615e+00   5.112770e-08   1.814161e-02   1.840499e-10   79962
  5.919783e+00   5.155461e-08   9.794757e-03   1.894233e-10   77760
  5.940930e+00   5.056433e-08   2.187245e-02   1.841100e-10   79590
  5.962195e+00   5.174073e-08   0.000000e+00   1.867400e-10   80732
  5.983517e+00   5.154814e-08   2.731655e-02   1.845784e-10   81174
  6.004784e+00   5.096276e-08   9.333991e-03   1.823729e-10   80832
  6.025623e+00   5.138538e-08   2.767908e-02   1.865408e-10   79992
  6.047003e+00   5.093627e-08   0.000000e+00   1.784475e-10   84314
  6.068459e+00   5.139590e-08   0.000000e+00   1.820364e-10   83592
  6.089789e+00   5.102448e-08   2.076129e-02   1.798432e-10   83838
  6.111001e+00   5.162033e-08   0.000000e+00   1.829240e-10   83676
  6.132130e+00   5.123280e-08   1.303701e-02   1.798005e-10   84950
  6.153320e+00   5.085520e-08   0.000000e+00   1.783240e-10   84912
  6.174634e+00   5.095370e-08   2.518551e-02   1.759595e-10   87162
  6.196001e+00   5.108094e-08   0.000000e+00   1.774895e-10   86440
  6.217140e+00   5.129756e-08   0.000000e+00   1.807609e-10   86560
  6.238461e+00   5.099971e-08   2.767423e-03   1.757067e-10   88698
  6.259683e+00   5.065094e-08   3.104112e-02   1.722595e-10   88920
  6.281190e+00   5.094416e-08   0.000000e+00   1.741042e-10   88814
  6.302279e+00   5.088896e-08   7.894797e-03   1.728074e-10   90336
  6.323770e+00   5.137356e-08   0.000000e+00   1.744002e-10   90282
  6.344990e+00   5.076836e-08   0.000000e+00   1.724474e-10   90840
  6.366040e+00   5.095799e-08   2.300346e-02   1.748169e-10   91128
  6.387509e+00   5.063849e-08   0.000000e+00   1.708705e-10   92690
  6.408635e+00   5.097197e-08   0.000000e+00   1.721021e-10   92160
  6.429946e+00   5.088309e-08   0.000000e+00   1.692492e-10   93534
  6.451095e+00   5.035055e-08   0.000000e+00   1.679844e-10   93484
  6.472351e+00   5.089210e-08   0.000000e+00   1.689015e-10   95206
  6.493779e+00   5.031665e-08   9.090630e-03   1.672734e-10   96048
  6.514862e+00   5.089153e-08   9.274686e-03   1.710966e-10   93600
  6.536074e+00   5.053478e-08   0.000000e+00   1.673173e-10   97410
  6.557321e+00   5.067640e-08   2.825939e-02   1.655481e-10   97856
  6.578785e+00   5.032959e-08   0.000000e+00   1.656042e-10   97278
  6.599948e+00   5.017625e-08   1.749266e-02   1.633778e-10   98916
  6.621130e+00   4.998946e-08   0.000000e+00   1.645990e-10   96894
  6.642199e+00   5.010729e-08   0.000000e+00   1.638625e-10   100976
  6.663670e+00   5.040787e-08   0.000000e+00   1.646523e-10   100164
  6.684800e+00   5.034022e-08   0.000000e+00   1.639084e-10   100014
  6.705806e+00   5.046696e-08   2.091992e-02   1.647931e-10   101040
  6.727160e+00   5.047873e-08   0.000000e+00   1.618567e-10   102338
  6.748311e+00   4.967846e-08   1.252496e-02   1.586839e-10   102912
  6.769772e+00   4.953257e-08   0.000000e+00   1.581956e-10   104238
  6.790861e+00   5.007106e-08   2.069383e-02   1.611771e-10   103104
  6.812145e+00   4.942289e-08   1.795928e-02   1.563927e-10   105404
  6.833483e+00   4.937897e-08   0.000000e+00   1.566089e-10   105198
  6.854706e+00   4.984723e-08   0.000000e+00   1.579246e-10   106632
  6.876045e+00   4.949002e-08   2.651033e-02   1.554766e-10   106706
  6.897259e+00   4.937255e-08   0.000000e+00   1.555112e-10   106992
  6.918721e+00   4.961879e-08   0.000000e+00   1.549742e-10   110118
  6.939975e+00   4.922908e-08   3.244737e-02   1.552241e-10   108084
  6.961107e+00   4.929802e-08   1.319708e-02   1.556416e-10   108222
  6.982475e+00   4.892076e-08   0.000000e+00   1.512390e-10   112160
  7.003645e+00   4.904557e-08   1.832113e-02   1.537784e-10   108492
  7.024908e+00   4.890962e-08   2.265693e-02   1.498825e-10   113262
  7.046251e+00   4.845207e-08   0.000000e+00   1.496208e-10   111360
  7.067622e+00   4.886685e-08   0.000000e+00   1.502054e-10   114182
  7.088830e+00   4.853710e-08   3.396437e-02   1.501615e-10   112884
  7.110111e+00   4.847625e-08   5.580923e-03   1.489285e-10   113934
  7.131237e+00   4.846538e-08   0.000000e+00   1.479456e-10   114504
  7.152709e+00   4.884491e-08   0.000000e+00   1.471491e-10   117500
  7.173892e+00   4.818937e-08   2.454912e-02   1.471712e-10   114102
  7.195092e+00   4.876447e-08   1.038418e-02   1.458827e-10   118584
  7.216421e+00   4.792600e-08   0.000000e+00   1.465492e-10   115546
  7.237407e+00   4.833033e-08   2.156656e-02   1.459013e-10   118984
  7.258917e+00   4.842103e-08   6.240529e-03   1.457755e-10   119526
  7.280088e+00   4.781838e-08   0.000000e+00   1.444391e-10   119436
  7.301239e+00   4.765710e-08   0.000000e+00   1.438410e-10   118632
  7.322423e+00   4.781106e-08   2.439139e-02   1.432629e-10   122510
  7.343796e+00   4.753912e-08   0.000000e+00   1.420079e-10   121680
  7.365097e+00   4.720727e-08   0.000000e+00   1.410955e-10   121434
  7.386164e+00   4.714319e-08   0.000000e+00   1.383112e-10   123928
  7.407510e+00   4.730527e-08   0.000000e+00   1.401940e-10   123910
  7.428802e+00   4.708855e-08   0.000000e+00   1.396131e-10   124452
  7.450035e+00   4.707578e-08   0.000000e+00   1.390518e-10   125376
  7.471269e+00   4.680462e-08   2.131389e-02   1.380978e-10   126638
  7.492517e+00   4.704543e-08   7.864483e-03   1.384329e-10   125844
  7.513781e+00   4.652009e-08   0.000000e+00   1.363010e-10   128142
  7.535069e+00   4.656694e-08   3.376436e-03   1.364660e-10   128136
  7.556212e+00   4.653232e-08   1.027191e-02   1.353031e-10   127642
  7.577524e+00   4.659644e-08   0.000000e+00   1.344872e-10   131968
  7.599069e+00   4.606844e-08   0.000000e+00   1.333525e-10   130326
  7.620199e+00   4.615885e-08   2.299685e-02   1.332468e-10   131688
  7.641447e+00   4.645083e-08   9.443693e-03   1.343192e-10   130212
  7.662606e+00   4.554031e-08   0.000000e+00   1.299262e-10   132686
  7.684031e+00   4.569178e-08   0.000000e+00   1.296592e-10   135960
  7.705360e+00   4.536464e-08   1.603401e-02   1.300039e-10   131562
  7.726240e+00   4.549182e-08   1.345840e-02   1.300738e-10   134016
  7.747634e+00   4.542574e-08   0.000000e+00   1.285037e-10   136478
  7.768898e+00   4.535481e-08   2.922267e-02   1.298673e-10   136812
  7.790248e+00   4.514967e-08   1.811738e-02   1.272083e-10   137856
  7.811516e+00   4.471870e-08   0.000000e+00   1.270498e-10   135862
  7.832664e+00   4.476832e-08   0.000000e+00   1.265504e-10   140056
  7.854082e+00   4.457476e-08   2.456817e-02   1.254836e-10   139602
  7.875290e+00   4.454161e-08   0.000000e+00   1.255347e-10   139080
  7.896489e+00   4.457628e-08   0.000000e+00   1.243746e-10   140678
  7.917772e+00   4.428321e-08   1.345810e-02   1.231710e-10   142884
  7.938972e+00   4.431222e-08   1.053341e-02   1.242428e-10   139992
  7.960217e+00   4.403188e-08   0.000000e+00   1.219800e-10   144966
  7.981584e+00   4.387534e-08   0.000000e+00   1.227145e-10   143364
  8.002748e+00   4.359615e-08   1.981150e-02   1.213407e-10   144518
  8.023946e+00   4.370834e-08   2.108999e-02   1.207984e-10   145200
  8.045110e+00   4.354929e-08   0.000000e+00   1.217765e-10   143466
  8.066219e+00   4.326547e-08   0.000000e+00   1.191583e-10   148824
  8.087482e+00   4.310873e-08   1.663118e-02   1.193492e-10   145544
  8.108588e+00   4.262725e-08   0.000000e+00   1.172401e-10   148590
  8.129955e+00   4.283418e-08   0.000000e+00   1.158999e-10   150540
  8.151294e+00   4.239336e-08   2.859017e-02   1.166599e-10   150134
  8.172543e+00   4.243223e-08   0.000000e+00   1.151456e-10   151296
  8.193992e+00   4.250957e-08   0.000000e+00   1.149415e-10   152058
  8.215031e+00   4.203394e-08   1.745520e-02   1.148750e-10   150864
  8.236287e+00   4.243423e-08   1.564911e-02   1.140869e-10   154310
  8.257761e+00   4.186334e-08   0.000000e+00   1.124864e-10   155172
  8.279002e+00   4.194550e-08   0.000000e+00   1.122168e-10   154128
  8.300451e+00   4.148945e-08   1.340199e-02   1.107986e-10   158310
  8.321606e+00   4.148132e-08   2.029157e-02   1.122708e-10   153436
  8.342779e+00   4.139348e-08   0.000000e+00   1.104770e-10   157726
  8.364247e+00   4.102361e-08   0.000000e+00   1.087391e-10   160368
  8.385409e+00   4.142654e-08   9.430403e-03   1.115195e-10   155718
  8.406529e+00   4.062623e-08   0.000000e+00   1.086713e-10   160028
  8.427794e+00   4.079202e-08   0.000000e+00   1.080740e-10   160920
  8.449095e+00   4.032992e-08   1.401859e-02   1.066414e-10   161070
  8.470390e+00   4.055974e-08   3.136368e-02   1.060088e-10   163428
  8.491564e+00   4.038918e-08   0.000000e+00   1.079572e-10   159574
  8.512885e+00   4.019512e-08   0.000000e+00   1.044888e-10   167392
  8.534220e+00   4.009577e-08   2.535180e-02   1.059635e-10   162258
  8.555405e+00   3.976619e-08   1.267162e-02   1.041140e-10   167472
  8.576735e+00   3.978053e-08   0.000000e+00   1.052030e-10   163664
  8.597821e+00   3.930445e-08   0.000000e+00   1.027073e-10   166986
  8.619133e+00   3.936757e-08   1.825052e-02   1.023290e-10   169968
  8.640614e+00   3.908614e-08   0.000000e+00   1.028383e-10   167646
  8.661591e+00   3.904400e-08   0.000000e+00   1.022268e-10   168080
  8.682869e+00   3.915251e-08   1.586770e-02   1.008810e-10   170826
  8.704158e+00   3.894007e-08   0.000000e+00   1.008631e-10   170928
  8.725250e+00   3.866017e-08   1.752372e-02   9.981963e-11   170640
  8.746612e+00   3.881532e-08   0.000000e+00   1.005062e-10   173954
  8.767787e+00   3.845687e-08   2.739433e-02   9.967233e-11   173232
  8.789114e+00   3.826658e-08   0.000000e+00   9.830998e-11   174150
  8.810384e+00   3.823389e-08   3.777898e-03   9.836473e-11   176364
  8.831619e+00   3.789291e-08   1.713488e-02   9.805759e-11   175302
  8.852866e+00   3.778669e-08   8.125722e-03   9.703329e-11   177392
  8.874049e+00   3.748290e-08   1.825004e-02   9.600921e-11   176352
  8.895396e+00   3.733419e-08   0.000000e+00   9.462645e-11   180330
  8.916739e+00   3.723172e-08   8.853092e-03   9.409516e-11   180712
  8.937985e+00   3.718308e-08   1.574885e-02   9.465132e-11   179350
  8.959300e+00   3.715131e-08   1.437430e-02   9.405359e-11   183396
  8.980667e+00   3.689309e-08   0.000000e+00   9.319057e-11   180390
  9.001662e+00   3.671157e-08   0.000000e+00   9.332329e-11   181944
  9.023018e+00   3.661551e-08   0.000000e+00   9.150132e-11   185450
  9.044420e+00   3.636141e-08   8.421798e-03   9.150960e-11   186192
  9.065582e+00   3.606900e-08   2.044363e-02   9.115362e-11   183432
  9.086768e+00   3.624390e-08   0.000000e+00   9.129632e-11   185362
  9.107915e+00   3.593847e-08   3.678959e-03   8.994912e-11   188464
  9.129336e+00   3.565464e-08   0.000000e+00   8.928233e-11   188046
  9.150618e+00   3.567614e-08   1.358474e-02   8.817388e-11   191304
  9.171829e+00   3.567625e-08   2.580274e-02   8.997499e-11   186690
  9.193142e+00   3.524746e-08   0.000000e+00   8.693953e-11   194072
  9.214313e+00   3.532752e-08   2.184224e-02   8.850842e-11   188688
  9.235484e+00   3.491347e-08   2.194455e-03   8.669196e-11   192786
  9.256682e+00   3.497159e-08   9.151454e-03   8.656499e-11   193352
  9.278107e+00   3.470204e-08   0.000000e+00   8.530712e-11   195702
  9.299302e+00   3.449435e-08   2.894619e-02   8.493414e-11   195132
  9.320587e+00   3.441411e-08   0.000000e+00   8.523899e-11   195726
  9.341796e+00   3.399837e-08   0.000000e+00   8.337432e-11   197416
  9.363014e+00   3.437218e-08   7.886136e-03   8.476907e-11   196564
  9.384304e+00   3.385904e-08   2.050719e-02   8.259633e-11   201198
  9.405553e+00   3.378812e-08   3.179214e-03   8.343700e-11   197136
  9.426639e+00   3.369771e-08   0.000000e+00   8.289121e-11   199358
  9.447824e+00   3.339934e-08   2.812666e-02   8.156705e-11   203532
  9.469238e+00   3.345030e-08   0.000000e+00   8.194843e-11   201438
  9.490448e+00   3.306981e-08   0.000000e+00   8.044982e-11   203664
  9.511650e+00   3.303381e-08   2.811188e-02   8.031181e-11   203972
  9.532898e+00   3.297206e-08   2.190350e-02   8.042257e-11   205974
  9.554229e+00   3.271463e-08   0.000000e+00   8.002827e-11   205752
  9.575596e+00   3.252813e-08   0.000000e+00   7.842913e-11   207810
  9.596606e+00   3.235458e-08   3.693101e-02   7.879064e-11   206384
  9.618042e+00   3.233619e-08   0.000000e+00   7.813586e-11   210966
  9.639364e+00   3.206686e-08   0.000000e+00   7.724836e-11   210516
  9.660654e+00   3.190774e-08   0.000000e+00   7.697277e-11   209766
  9.681807e+00   3.174742e-08   4.140899e-02   7.642215e-11   212376
  9.703126e+00   3.164240e-08   0.000000e+00   7.582159e-11   212960
  9.724559e+00   3.115059e-08   0.000000e+00   7.463250e-11   214626
  9.745702e+00   3.131843e-08   3.017928e-02   7.408095e-11   213696
  9.766948e+00   3.130972e-08   2.988102e-02   7.466245e-11   215734
  9.788144e+00   3.087683e-08   0.000000e+00   7.431857e-11   213220
  9.809355e+00   3.098515e-08   0.000000e+00   7.315712e-11   219102
  9.830685e+00   3.058161e-08   3.509516e-02   7.250390e-11   220872
  9.851907e+00   3.046478e-08   5.147298e-02   7.282831e-11   216556
  9.873148e+00   3.050367e-08   3.957689e-02   7.241099e-11   221494
  9.894339e+00   3.039453e-08   4.340810e-02   7.219388e-11   219096
  9.915662e+00   2.995614e-08   3.174393e-02   7.050950e-11   224262
  9.937057e+00   2.982044e-08   0.000000e+00   7.056908e-11   222508
  9.958315e+00   2.981508e-08   0.000000e+00   7.039321e-11   222502
  9.979404e+00   2.967129e-08   4.089936e-02   6.981460e-11   227280
  1.000075e+01   2.952925e-08   2.100367e-02   6.978379e-11   223644
  1.002198e+01   2.915905e-08   0.000000e+00   6.829867e-11   226222
  1.004323e+01   2.935401e-08   0.000000e+00   6.887500e-11   229840
  1.006454e+01   2.901995e-08   2.684746e-02   6.829800e-11   228042
  1.008564e+01   2.877292e-08   0.000000e+00   6.728542e-11   227472
  1.010687e+01   2.876250e-08   0.000000e+00   6.763102e-11   230990
  1.012816e+01   2.857277e-08   6.628044e-03   6.665886e-11   233532
  1.014941e+01   2.855545e-08   3.062681e-02   6.680071e-11   231288
  1.017075e+01   2.831130e-08   0.000000e+00   6.597108e-11   233718
  1.019186e+01   2.801198e-08   0.000000e+00   6.512845e-11   232704
  1.021315e+01   2.798546e-08   3.157759e-02   6.449140e-11   239282
  1.023449e+01   2.787556e-08   3.888986e-02   6.530587e-11   234912
  1.025585e+01   2.769275e-08   0.000000e+00   6.369022e-11   238278
  1.027692e+01   2.752272e-08   3.858783e-02   6.375764e-11   237460
  1.029802e+01   2.728586e-08   2.760817e-02   6.340326e-11   236662
  1.031951e+01   2.725421e-08   0.000000e+00   6.262976e-11   246336
  1.034100e+01   2.708965e-08   0.000000e+00   6.240203e-11   241092
  1.036213e+01   2.688431e-08   3.554545e-02   6.249699e-11   242414
  1.038343e+01   2.672187e-08   1.385276e-02   6.151433e-11   243552
  1.040475e+01   2.664901e-08   0.000000e+00   6.111514e-11   243474
  1.042581e+01   2.640346e-08   2.503554e-02   6.061942e-11   245112
  1.044713e+01   2.633015e-08   2.695398e-02   5.993935e-11   246894
  1.046836e+01   2.608627e-08   2.045375e-02   5.982987e-11   247448
  1.048970e+01   2.613186e-08   0.000000e+00   6.017611e-11   247404
  1.051081e+01   2.586506e-08   4.049453e-02   5.928525e-11   249990
  1.053198e+01   2.587631e-08   3.868404e-02   5.896358e-11   249512
  1.055347e+01   2.558956e-08   0.000000e+00   5.794986e-11   253890
  1.057469e+01   2.538092e-08   0.000000e+00   5.778849e-11   250728
  1.059578e+01   2.537518e-08   4.928889e-02   5.755257e-11   253950
  1.061712e+01   2.497992e-08   0.000000e+00   5.655047e-11   254140
  1.063841e+01   2.507826e-08   0.000000e+00   5.662604e-11   255880
  1.065971e+01   2.494929e-08   3.162904e-02   5.638466e-11   258942
  1.068079e+01   2.471064e-08   4.689126e-02   5.640164e-11   253836
  1.070216e+01   2.456764e-08   0.000000e+00   5.501601e-11   260534
  1.072349e+01   2.430024e-08   0.000000e+00   5.443789e-11   259992
  1.074455e+01   2.443951e-08   4.806687e-02   5.522286e-11   258894
  1.076585e+01   2.395227e-08   3.810598e-02   5.379930e-11   263364
  1.078716e+01   2.395839e-08   0.000000e+00   5.378554e-11   259536
  1.080817e+01   2.380134e-08   2.011917e-02   5.342119e-11   263438
  1.082940e+01   2.381280e-08   4.317225e-02   5.304512e-11   265740
  1.085076e+01   2.347323e-08   0.000000e+00   5.269162e-11   264894
  1.087207e+01   2.338589e-08   0.000000e+00   5.192287e-11   269184
  1.089328e+01   2.342892e-08   4.160822e-02   5.264680e-11   266138
  1.091447e+01   2.317293e-08   2.941879e-02   5.143346e-11   270528
  1.093588e+01   2.306954e-08   0.000000e+00   5.112606e-11   268182
  1.095700e+01   2.270468e-08   0.000000e+00   5.033298e-11   270960
  1.097818e+01   2.283757e-08   5.038753e-02   5.013546e-11   274580
  1.099984e+01   2.263500e-08   0.000000e+00   4.988912e-11   276078
  1.102112e+01   2.255599e-08   0.000000e+00   4.992764e-11   273600
  1.104227e+01   2.243949e-08   4.145712e-02   4.965914e-11   274698
  1.106348e+01   2.217606e-08   4.521918e-02   4.879233e-11   276920
  1.108487e+01   2.205322e-08   0.000000e+00   4.822834e-11   276774
  1.110613e+01   2.193376e-08   0.000000e+00   4.833933e-11   279972
  1.112717e+01   2.201526e-08   3.623490e-02   4.865408e-11   276144
  1.114849e+01   2.165168e-08   1.621961e-02   4.733914e-11   282590
  1.116984e+01   2.157250e-08   0.000000e+00   4.710696e-11   282300
  1.119110e+01   2.148840e-08   0.000000e+00   4.667671e-11   283926
  1.121215e+01   2.126001e-08   4.813406e-02   4.684816e-11   279792
  1.123356e+01   2.118945e-08   0.000000e+00   4.628913e-11   287870
  1.125494e+01   2.113917e-08   0.000000e+00   4.628827e-11   286428
  1.127597e+01   2.101245e-08   4.714426e-02   4.581962e-11   284808
  1.129724e+01   2.075776e-08   1.572670e-02   4.491155e-11   289158
  1.131864e+01   2.082551e-08   0.000000e+00   4.526002e-11   290204
  1.133987e+01   2.067161e-08   0.000000e+00   4.478889e-11   290382
  1.136103e+01   2.047847e-08   3.235145e-02   4.443050e-11   291912
  1.138241e+01   2.035030e-08   0.000000e+00   4.390791e-11   290754
  1.140356e+01   2.018476e-08   1.835063e-02   4.338658e-11   296096
  1.142493e+01   2.032849e-08   2.661752e-02   4.377656e-11   294552
  1.144606e+01   1.996471e-08   4.790732e-02   4.331932e-11   293466
  1.146728e+01   1.993291e-08   0.000000e+00   4.268286e-11   296904
  1.148861e+01   1.985681e-08   0.000000e+00   4.284692e-11   298358
  1.150962e+01   1.973196e-08   4.726315e-02   4.274871e-11   297840
  1.153101e+01   1.959139e-08   1.806446e-02   4.194861e-11   301338
  1.155236e+01   1.931581e-08   0.000000e+00   4.161930e-11   300336
  1.157339e+01   1.956768e-08   5.055362e-02   4.164264e-11   303584
  1.159478e+01   1.920764e-08   4.162459e-02   4.132025e-11   304098
  1.161618e+01   1.922433e-08   0.000000e+00   4.116714e-11   304488
  1.163731e+01   1.901292e-08   4.565964e-02   4.062541e-11   306678
  1.165863e+01   1.898496e-08   0.000000e+00   4.060605e-11   305732
  1.167989e+01   1.887431e-08   1.673768e-02   4.017284e-11   309894
  1.170122e+01   1.868004e-08   2.410381e-02   3.970746e-11   310200
  1.172247e+01   1.862727e-08   0.000000e+00   3.983654e-11   307074
  1.174361e+01   1.837657e-08   4.788631e-02   3.873273e-11   315656
  1.176506e+01   1.844428e-08   0.000000e+00   3.909849e-11   310704
  1.178640e+01   1.821024e-08   0.000000e+00   3.841840e-11   314310
  1.180730e+01   1.817856e-08   5.642094e-02   3.860032e-11   312412
  1.182874e+01   1.811795e-08   0.000000e+00   3.824430e-11   318310
  1.185009e+01   1.794237e-08   0.000000e+00   3.807839e-11   315648
  1.187118e+01   1.785602e-08   4.469649e-02   3.744420e-11   320610
  1.189241e+01   1.769293e-08   0.000000e+00   3.762561e-11   313944
  1.191368e+01   1.774904e-08   0.000000e+00   3.702338e-11   325880
  1.193498e+01   1.743420e-08   4.454323e-02   3.673316e-11   319146
  1.195625e+01   1.755482e-08   0.000000e+00   3.655303e-11   322896
  1.197734e+01   1.741595e-08   4.959057e-02   3.638487e-11   322206
  1.199867e+01   1.732532e-08   0.000000e+00   3.605628e-11   327416
  1.202013e+01   1.728506e-08   0.000000e+00   3.591792e-11   325602
  1.204111e+01   1.700234e-08   5.996147e-02   3.543105e-11   328248
  1.206244e+01   1.700619e-08   0.000000e+00   3.532469e-11   326088
  1.208388e+01   1.697707e-08   0.000000e+00   3.524392e-11   331658
  1.210487e+01   1.683923e-08   5.424402e-02   3.467841e-11   331584
  1.212626e+01   1.663919e-08   2.602858e-02   3.441726e-11   330630
  1.214760e+01   1.660130e-08   0.000000e+00   3.438627e-11   333204
  1.216856e+01   1.652585e-08   6.206986e-02   3.394403e-11   333470
  1.219005e+01   1.641271e-08   0.000000e+00   3.384917e-11   335688
  1.221117e+01   1.640845e-08   2.155444e-02   3.364619e-11   336828
  1.223239e+01   1.617450e-08   2.698500e-02   3.312305e-11   337662
  1.225381e+01   1.626440e-08   0.000000e+00   3.314845e-11   338960
  1.227473e+01   1.611457e-08   5.643110e-02   3.300772e-11   338262
  1.229610e+01   1.594413e-08   4.699520e-02   3.234821e-11   344388
  1.231765e+01   1.592877e-08   0.000000e+00   3.244232e-11   342486
  1.233850e+01   1.582201e-08   7.162918e-02   3.213085e-11   343592
  1.236004e+01   1.570026e-08   6.669220e-03   3.152603e-11   347130
  1.238147e+01   1.567649e-08   0.000000e+00   3.193964e-11   346152
  1.240239e+01   1.555837e-08   6.824495e-02   3.158559e-11   345856
  1.242389e+01   1.550448e-08   0.000000e+00   3.125961e-11   349354
  1.244520e+01   1.542876e-08   0.000000e+00   3.082883e-11   352032
  1.246632e+01   1.540362e-08   5.706533e-02   3.112597e-11   348582
  1.248777e+01   1.523118e-08   0.000000e+00   3.055602e-11   352244
  1.250865e+01   1.526038e-08   6.983195e-02   3.064116e-11   351582
  1.253008e+01   1.506279e-08   1.288328e-02   3.007876e-11   357144
  1.255158e+01   1.502565e-08   0.000000e+00   2.996645e-11   355560
  1.257251e+01   1.492293e-08   6.512183e-02   2.969367e-11   354551
  1.259392e+01   1.499920e-08   1.048504e-02   2.958722e-11   358044
  1.261540e+01   1.496335e-08   0.000000e+00   2.947860e-11   355272
  1.263624e+01   1.499022e-08   7.152837e-02   2.953845e-11   352044
  1.265759e+01   1.487436e-08   0.000000e+00   2.914762e-11   352344
  1.267894e+01   1.499921e-08   0.000000e+00   2.924866e-11   356516
  1.270005e+01   1.494769e-08   4.954045e-02   2.907267e-11   352848
  1.272166e+01   1.490832e-08   0.000000e+00   2.875160e-11   352980
  1.274263e+01   1.488349e-08   4.237589e-02   2.885745e-11   348948
  1.276384e+01   1.496355e-08   3.748540e-02   2.890122e-11   351692
  1.278547e+01   1.489870e-08   0.000000e+00   2.866940e-11   353064
  1.280634e+01   1.490025e-08   6.376661e-02   2.886075e-11   345624
  1.282758e+01   1.486915e-08   0.000000e+00   2.839902e-11   347844
  1.284907e+01   1.485279e-08   0.000000e+00   2.833012e-11   351020
  1.287004e+01   1.492978e-08   5.956563e-02   2.855869e-11   345852
  1.289140e+01   1.481502e-08   1.269495e-02   2.830231e-11   347040
  1.291279e+01   1.483078e-08   0.000000e+00   2.814688e-11   345928
  1.293376e+01   1.482239e-08   5.950043e-02   2.801019e-11   347020
  1.295523e+01   1.478957e-08   0.000000e+00   2.819438e-11   343032
  1.297641e+01   1.478425e-08   0.000000e+00   2.809953e-11   343620
  1.299748e+01   1.476303e-08   6.183006e-02   2.783540e-11   343988
  1.301913e+01   1.471358e-08   0.000000e+00   2.784695e-11   344556
  1.304018e+01   1.478267e-08   4.480305e-02   2.791180e-11   343632
  1.306159e+01   1.473619e-08   0.000000e+00   2.784514e-11   340392
  1.308295e+01   1.464400e-08   0.000000e+00   2.757741e-11   339408
  1.310383e+01   1.460986e-08   7.607227e-02   2.750724e-11   341864
  1.312541e+01   1.458182e-08   0.000000e+00   2.740252e-11   341964
  1.314677e+01   1.460246e-08   0.000000e+00   2.768852e-11   334380
  1.316746e+01   1.460565e-08   7.199968e-02   2.764375e-11   336504
  1.318902e+01   1.453955e-08   1.690114e-02   2.737398e-11   339560
  1.321036e+01   1.451585e-08   0.000000e+00   2.722911e-11   336384
  1.323144e+01   1.443804e-08   7.508212e-02   2.694937e-11   337404
  1.325294e+01   1.447315e-08   0.000000e+00   2.737519e-11   330156
  1.327389e+01   1.443846e-08   5.952719e-02   2.706313e-11   337808
  1.329534e+01   1.442558e-08   0.000000e+00   2.716706e-11   332748
  1.331677e+01   1.438164e-08   0.000000e+00   2.689471e-11   333612
  1.333770e+01   1.433520e-08   5.965689e-02   2.679108e-11   331860
  1.335905e+01   1.434947e-08   2.710432e-02   2.718039e-11   328376
  1.338036e+01   1.431724e-08   0.000000e+00   2.686906e-11   331140
  1.340142e+01   1.419918e-08   7.203890e-02   2.647268e-11   332988
  1.342278e+01   1.425785e-08   2.868372e-02   2.689899e-11   325224
  1.344422e+01   1.413824e-08   0.000000e+00   2.634871e-11   331544
  1.346525e+01   1.420661e-08   6.782720e-02   2.678294e-11   327264
  1.348660e+01   1.410968e-08   0.000000e+00   2.673973e-11   322308
  1.350775e+01   1.404302e-08   2.606206e-02   2.629972e-11   328136
  1.352882e+01   1.408294e-08   5.113458e-02   2.664251e-11   323172
  1.355038e+01   1.401166e-08   0.000000e+00   2.629788e-11   325248
  1.357139e+01   1.394607e-08   6.341830e-02   2.622310e-11   324096
  1.359270e+01   1.389702e-08   0.000000e+00   2.625850e-11   321540
  1.361421e+01   1.386678e-08   0.000000e+00   2.608235e-11   323744
  1.363503e+01   1.388961e-08   7.096405e-02   2.634377e-11   317400
  1.365640e+01   1.381936e-08   1.781300e-02   2.607048e-11   322560
  1.367794e+01   1.370796e-08   0.000000e+00   2.598479e-11   320076
  1.369883e+01   1.378185e-08   7.416550e-02   2.612062e-11   317204
  1.372050e+01   1.360497e-08   0.000000e+00   2.563794e-11   323064
  1.374185e+01   1.365392e-08   0.000000e+00   2.601352e-11   315204
  1.376267e+01   1.364154e-08   8.001892e-02   2.598593e-11   315416
  1.378442e+01   1.352269e-08   0.000000e+00   2.579205e-11   316884
  1.380538e+01   1.356441e-08   4.785461e-02   2.587711e-11   312876
  1.382662e+01   1.339801e-08   5.629402e-02   2.555118e-11   315540
  1.384825e+01   1.345822e-08   0.000000e+00   2.591245e-11   312576
  1.386904e+01   1.339386e-08   7.969888e-02   2.554905e-11   312140
  1.389052e+01   1.334502e-08   1.970837e-02   2.557183e-11   310356
  1.391199e+01   1.330066e-08   0.000000e+00   2.561449e-11   311232
  1.393277e+01   1.324804e-08   7.196236e-02   2.552358e-11   307584
  1.395428e+01   1.316996e-08   3.301670e-02   2.526352e-11   310616
  1.397560e+01   1.322923e-08   0.000000e+00   2.569932e-11   304200
  1.399640e+01   1.313060e-08   7.961012e-02   2.537303e-11   306792
  1.401808e+01   1.305519e-08   0.000000e+00   2.530042e-11   306168
  1.403909e+01   1.297210e-08   0.000000e+00   2.516456e-11   304448
  1.406042e+01   1.299332e-08   6.885370e-02   2.512438e-11   308580
  1.408202e+01   1.291841e-08   0.000000e+00   2.515159e-11   299568
  1.410280e+01   1.289404e-08   6.816685e-02   2.504918e-11   304416
  1.412435e+01   1.283752e-08   3.831732e-02   2.503109e-11   302216
  1.414578e+01   1.277134e-08   0.000000e+00   2.498296e-11   300084
  1.416667e+01   1.273940e-08   8.651619e-02   2.503577e-11   299340
  1.418803e+01   1.278019e-08   0.000000e+00   2.523204e-11   296688
  1.420942e+01   1.267490e-08   0.000000e+00   2.472526e-11   298820
  1.423030e+01   1.262873e-08   8.281709e-02   2.493092e-11   296916
  1.425189e+01   1.258322e-08   0.000000e+00   2.493811e-11   295920
  1.427301e+01   1.243375e-08   1.073672e-02   2.486576e-11   292692
  1.429397e+01   1.252154e-08   7.570171e-02   2.488317e-11   295892
  1.431576e+01   1.240915e-08   0.000000e+00   2.464639e-11   293064
  1.433671e+01   1.234122e-08   4.051429e-02   2.438047e-11   293220
  1.435788e+01   1.229167e-08   3.683930e-02   2.463491e-11   286804
  1.437936e+01   1.226051e-08   0.000000e+00   2.440674e-11   293080
  1.440039e+01   1.224588e-08   7.529540e-02   2.451213e-11   291816
  1.442194e+01   1.215709e-08   0.000000e+00   2.442309e-11   287784
  1.444329e+01   1.214760e-08   0.000000e+00   2.452168e-11   286760
  1.446414e+01   1.206390e-08   7.987647e-02   2.427615e-11   287088
  1.448565e+01   1.206319e-08   0.000000e+00   2.447687e-11   286176
  1.450707e+01   1.202174e-08   0.000000e+00   2.441485e-11   284184
  1.452787e+01   1.192654e-08   7.087336e-02   2.421610e-11   282220
  1.454959e+01   1.188548e-08   0.000000e+00   2.412914e-11   284452
  1.457063e+01   1.182494e-08   0.000000e+00   2.411667e-11   279516
  1.459173e+01   1.178462e-08   7.682734e-02   2.418453e-11   282696
  1.461347e+01   1.169627e-08   0.000000e+00   2.399624e-11   278676
  1.463426e+01   1.173347e-08   7.942884e-02   2.414051e-11   279512
  1.465568e+01   1.154742e-08   8.988645e-03   2.378039e-11   276672
  1.467715e+01   1.159813e-08   0.000000e+00   2.398184e-11   276036
  1.469785e+01   1.150547e-08   7.741385e-02   2.401503e-11   274416
  1.471935e+01   1.143577e-08   3.654423e-02   2.372186e-11   275384
  1.474085e+01   1.138653e-08   0.000000e+00   2.361353e-11   274560
  1.476173e+01   1.134541e-08   8.479240e-02   2.378128e-11   272220
  1.478334e+01   1.123793e-08   0.000000e+00   2.365007e-11   270492
  1.480450e+01   1.120437e-08   0.000000e+00   2.342333e-11   271532
  1.482569e+01   1.123692e-08   5.114679e-02   2.359070e-11   272052
  1.484719e+01   1.115071e-08   0.000000e+00   2.363925e-11   264372
  1.486799e+01   1.110462e-08   4.743257e-02   2.351541e-11   268652
  1.488944e+01   1.100856e-08   5.329363e-02   2.346828e-11   266760
  1.491080e+01   1.105425e-08   0.000000e+00   2.368840e-11   262536
  1.493171e+01   1.090319e-08   8.375925e-02   2.332474e-11   266460
  1.495315e+01   1.091116e-08   0.000000e+00   2.352395e-11   261560
  1.497449e+01   1.083565e-08   0.000000e+00   2.315543e-11   262236
  1.499549e+01   1.077649e-08   7.484431e-02   2.325880e-11   261708
  1.501689e+01   1.077736e-08   0.000000e+00   2.343770e-11   258960
  1.503825e+01   1.062078e-08   0.000000e+00   2.299683e-11   258376
  1.505913e+01   1.063908e-08   7.155656e-02   2.300121e-11   258304
  1.508091e+01   1.055026e-08   0.000000e+00   2.290764e-11   259368
  1.510195e+01   1.050324e-08   3.477515e-02   2.317235e-11   253332
  1.512302e+01   1.053400e-08   7.498089e-02   2.306174e-11   254448
  1.514471e+01   1.042149e-08   0.000000e+00   2.293715e-11   255248
  1.516564e+01   1.038792e-08   7.790215e-02   2.284511e-11   252180
  1.518711e+01   1.035518e-08   3.176430e-02   2.286598e-11   252744
  1.520853e+01   1.022893e-08   0.000000e+00   2.293807e-11   247348
  1.522930e+01   1.022926e-08   9.371801e-02   2.270175e-11   250432
  1.525082e+01   1.014773e-08   0.000000e+00   2.260043e-11   247860
  1.527231e+01   1.009113e-08   0.000000e+00   2.261523e-11   247716
  1.529310e+01   1.009020e-08   7.863098e-02   2.277821e-11   242472
  1.531476e+01   9.997680e-09   0.000000e+00   2.233696e-11   248672
  1.533588e+01   9.952796e-09   3.433433e-02   2.273310e-11   239352
  1.535687e+01   9.844500e-09   6.417869e-02   2.214337e-11   245088
  1.537857e+01   9.853534e-09   0.000000e+00   2.251578e-11   239232
  1.539936e+01   9.915528e-09   8.367775e-02   2.258824e-11   240320
  1.542090e+01   9.752580e-09   0.000000e+00   2.234112e-11   239340
  1.544240e+01   9.771502e-09   0.000000e+00   2.254311e-11   237636
  1.546311e+01   9.681568e-09   8.012330e-02   2.235844e-11   235980
  1.548461e+01   9.637090e-09   0.000000e+00   2.232194e-11   235304
  1.550605e+01   9.649516e-09   0.000000e+00   2.235963e-11   234576
  1.552690e+01   9.488935e-09   7.392256e-02   2.220578e-11   232788
  1.554840e+01   9.468234e-09   0.000000e+00   2.232930e-11   230400
  1.556963e+01   9.478931e-09   0.000000e+00   2.217105e-11   231836
  1.559071e+01   9.351917e-09   7.968061e-02   2.197759e-11   231288
  1.561245e+01   9.295222e-09   0.000000e+00   2.205689e-11   226536
  1.563325e+01   9.225626e-09   6.222827e-02   2.190858e-11   226084
  1.565446e+01   9.261628e-09   5.363480e-02   2.198497e-11   227116
  1.567612e+01   9.201615e-09   0.000000e+00   2.194554e-11   223800
  1.569693e+01   9.087903e-09   8.533219e-02   2.183675e-11   223884
  1.571836e+01   9.068247e-09   0.000000e+00   2.198449e-11   222360
  1.573983e+01   9.067166e-09   0.000000e+00   2.202779e-11   221156
  1.576078e+01   8.935801e-09   9.459738e-02   2.169301e-11   221724
  1.578235e+01   8.958073e-09   0.000000e+00   2.173450e-11   217584
  1.580363e+01   8.819879e-09   0.000000e+00   2.167552e-11   217576
  1.582449e+01   8.891912e-09   9.840958e-02   2.200041e-11   215464
  1.584614e+01   8.822506e-09   0.000000e+00   2.155737e-11   215472
  1.586724e+01   8.725634e-09   2.646712e-02   2.148097e-11   213768
  1.588826e+01   8.702033e-09   8.454438e-02   2.156862e-11   210956
  1.590983e+01   8.651663e-09   0.000000e+00   2.171807e-11   211788
  1.593090e+01   8.603783e-09   4.657407e-02   2.150837e-11   211092
  1.595229e+01   8.634411e-09   3.378888e-02   2.158011e-11   209556
  1.597382e+01   8.493325e-09   0.000000e+00   2.157099e-11   206700
  1.599456e+01   8.526252e-09   7.941151e-02   2.164037e-11   206048
  1.601602e+01   8.436344e-09   0.000000e+00   2.144724e-11   204744
  1.603743e+01   8.419646e-09   0.000000e+00   2.152176e-11   202992
  1.605815e+01   8.388795e-09   8.904146e-02   2.137658e-11   201944
  1.607992e+01   8.244098e-09   0.000000e+00   2.097342e-11   203304
  1.610125e+01   8.271943e-09   0.000000e+00   2.123178e-11   200484
  1.612202e+01   8.242883e-09   9.563785e-02   2.155964e-11   195516
  1.614380e+01   8.208502e-09   0.000000e+00   2.123897e-11   198860
  1.616467e+01   8.237293e-09   4.266826e-02   2.138924e-11   195264
  1.618595e+01   8.063062e-09   6.260868e-02   2.109428e-11   195984
  1.620758e+01   8.069153e-09   0.000000e+00   2.129367e-11   191808
  1.622817e+01   8.026814e-09   7.278001e-02   2.129803e-11   190776
  1.624959e+01   7.950774e-09   1.882466e-02   2.098573e-11   192032
  1.627117e+01   7.955506e-09   0.000000e+00   2.101544e-11   188628
  1.629190e+01   7.875256e-09   1.011179e-01   2.087828e-11   189444
  1.631357e+01   7.812188e-09   0.000000e+00   2.120014e-11   186260
  1.633472e+01   7.868171e-09   0.000000e+00   2.125211e-11   184560
  1.635569e+01   7.731662e-09   9.235661e-02   2.091590e-11   185832
  1.637754e+01   7.742055e-09   0.000000e+00   2.086833e-11   182400
  1.639844e+01   7.661021e-09   4.437099e-02   2.104199e-11   181380
  1.641955e+01   7.629207e-09   7.731876e-02   2.078376e-11   180332
  1.644125e+01   7.669628e-09   0.000000e+00   2.108977e-11   178236
  1.646218e+01   7.518961e-09   5.468790e-02   2.057365e-11   179184
  1.648349e+01   7.573938e-09   7.062417e-02   2.107496e-11   175028
  1.650501e+01   7.518669e-09   0.000000e+00   2.087292e-11   175440
  1.652601e+01   7.438253e-09   7.592449e-02   2.079973e-11   174828
  1.654745e+01   7.523060e-09   0.000000e+00   2.112855e-11   169896
  1.656867e+01   7.351360e-09   0.000000e+00   2.066015e-11   171708
  1.658966e+01   7.417511e-09   9.757859e-02   2.076237e-11   169328
  1.661120e+01   7.407015e-09   0.000000e+00   2.093366e-11   167364
  1.663245e+01   7.250612e-09   3.593675e-02   2.058404e-11   168192
  1.665343e+01   7.352691e-09   8.705860e-02   2.091837e-11   163188
  1.667519e+01   7.182023e-09   0.000000e+00   2.057478e-11   166184
  1.669627e+01   7.204460e-09   4.438910e-02   2.075022e-11   161460
  1.671729e+01   7.204806e-09   8.064785e-02   2.072043e-11   159972
  1.673883e+01   7.110152e-09   0.000000e+00   2.078407e-11   159488
  1.675972e+01   7.103734e-09   7.541866e-02   2.052203e-11   158148
  1.678124e+01   7.099732e-09   0.000000e+00   2.083191e-11   158100
  1.680275e+01   7.042869e-09   0.000000e+00   2.073408e-11   155232
  1.682334e+01   7.110375e-09   8.659818e-02   2.117805e-11   151216
  1.684499e+01   6.937451e-09   0.000000e+00   2.050817e-11   155560
  1.686650e+01   7.007459e-09   0.000000e+00   2.068652e-11   151404
  1.688722e+01   6.959506e-09   1.032981e-01   2.085933e-11   148356
  1.690892e+01   6.897844e-09   0.000000e+00   2.086674e-11   147164
  1.692986e+01   6.941459e-09   2.870166e-02   2.064760e-11   147384
  1.695103e+01   6.795970e-09   7.003801e-02   2.062641e-11   145992
  1.697285e+01   6.888796e-09   0.000000e+00   2.089476e-11   143856
  1.699340e+01   6.843217e-09   6.872834e-02   2.087030e-11   140384
  1.701489e+01   6.685393e-09   3.458907e-02   2.030223e-11   143856
  1.703649e+01   6.894088e-09   0.000000e+00   2.122169e-11   136968
  1.705711e+01   6.718537e-09   9.424559e-02   2.076159e-11   139536
  1.707887e+01   6.735275e-09   0.000000e+00   2.086279e-11   136916
  1.710001e+01   6.785374e-09   0.000000e+00   2.111832e-11   133032
  1.712087e+01   6.619858e-09   9.594291e-02   2.066181e-11   135540
  1.714280e+01   6.721676e-09   0.000000e+00   2.091508e-11   132096
  1.716368e+01   6.662006e-09   0.000000e+00   2.096776e-11   129540
  1.718476e+01   6.598114e-09   9.357775e-02   2.092514e-11   130640
  1.720648e+01   6.690982e-09   0.000000e+00   2.098635e-11   126276
  1.722742e+01   6.536599e-09   5.556373e-02   2.095962e-11   128484
  1.724899e+01   6.518720e-09   1.669540e-02   2.084442e-11   124168
  1.727028e+01   6.635238e-09   0.000000e+00   2.117037e-11   122224
  1.729123e+01   6.463173e-09   8.400761e-02   2.087685e-11   123156
  1.731280e+01   6.584241e-09   0.000000e+00   2.112299e-11   119688
  1.733386e+01   6.465381e-09   0.000000e+00   2.123825e-11   116640
  1.735484e+01   6.517357e-09   9.757232e-02   2.116928e-11   119696
  1.737649e+01   6.549669e-09   0.000000e+00   2.140098e-11   114276
  1.739766e+01   6.415330e-09   0.000000e+00   2.121131e-11   114060
  1.741863e+01   6.486502e-09   9.293332e-02   2.130073e-11   112536
  1.744033e+01   6.458385e-09   0.000000e+00   2.131009e-11   112196
  1.746153e+01   6.406025e-09   4.249924e-02   2.138353e-11   109404
  1.748253e+01   6.571771e-09   5.212497e-02   2.178608e-11   105900
  1.750389e+01   6.416299e-09   0.000000e+00   2.144700e-11   107176
  1.752495e+01   6.381398e-09   6.893042e-02   2.141970e-11   105088
  1.754639e+01   6.454366e-09   2.339237e-02   2.159617e-11   103800
  1.756787e+01   6.413346e-09   0.000000e+00   2.193216e-11   101340
  1.758872e+01   6.416496e-09   7.629080e-02   2.162423e-11   100036
  1.761005e+01   6.424547e-09   0.000000e+00   2.199020e-11   97672
  1.763147e+01   6.380180e-09   0.000000e+00   2.175326e-11   97908
  1.765245e+01   6.395371e-09   8.139274e-02   2.191458e-11   95328
  1.767394e+01   6.406983e-09   0.000000e+00   2.217354e-11   93600
  1.769512e+01   6.416301e-09   0.000000e+00   2.222797e-11   92312
  1.771626e+01   6.404901e-09   6.855569e-02   2.223585e-11   91044
  1.773781e+01   6.313829e-09   0.000000e+00   2.214330e-11   88500
  1.775853e+01   6.410227e-09   5.190830e-02   2.285528e-11   86216
  1.777991e+01   6.332765e-09   0.000000e+00   2.223806e-11   87159
  1.780170e+01   6.353532e-09   0.000000e+00   2.217639e-11   86064
  1.782261e+01   6.391251e-09   8.109324e-02   2.302987e-11   81648
  1.784383e+01   6.336171e-09   0.000000e+00   2.265104e-11   81654
  1.786535e+01   6.344962e-09   0.000000e+00   2.257563e-11   81284
  1.788644e+01   6.359842e-09   5.886787e-02   2.317521e-11   78888
  1.790769e+01   6.314105e-09   1.925977e-02   2.321248e-11   77250
  1.792879e+01   6.300802e-09   0.000000e+00   2.341010e-11   75942
  1.794991e+01   6.221827e-09   6.316949e-02   2.300098e-11   77042
  1.797160e+01   6.191048e-09   0.000000e+00   2.310562e-11   74094
  1.799279e+01   6.207899e-09   3.559891e-02   2.319036e-11   73818
  1.801399e+01   6.130869e-09   0.000000e+00   2.314081e-11   70998
  1.803529e+01   6.131858e-09   0.000000e+00   2.321422e-11   72044
  1.805652e+01   6.122883e-09   6.534389e-02   2.355440e-11   69426
  1.807790e+01   6.036298e-09   0.000000e+00   2.325662e-11   69288
  1.809912e+01   6.062751e-09   0.000000e+00   2.359345e-11   67068
  1.812007e+01   5.969272e-09   6.981971e-02   2.329421e-11   66926
  1.814154e+01   5.981398e-09   5.611490e-02   2.357401e-11   66348
  1.816308e+01   5.945839e-09   0.000000e+00   2.368895e-11   64728
  1.818404e+01   5.856047e-09   0.000000e+00   2.381454e-11   62820
  1.820526e+01   5.847208e-09   0.000000e+00   2.344667e-11   63716
  1.822675e+01   5.832713e-09   1.676316e-02   2.361255e-11   62160
  1.824795e+01   5.779850e-09   0.000000e+00   2.419099e-11   59940
  1.826899e+01   5.778185e-09   1.666221e-02   2.393666e-11   60112
  1.829021e+01   5.640727e-09   6.508186e-02   2.334084e-11   59668
  1.831176e+01   5.674923e-09   0.000000e+00   2.394890e-11   57618
  1.833276e+01   5.650578e-09   2.296204e-02   2.382958e-11   56868
  1.835379e+01   5.647800e-09   6.280315e-02   2.415004e-11   56684
  1.837515e+01   5.538707e-09   2.807640e-02   2.391289e-11   55536
  1.839655e+01   5.528919e-09   0.000000e+00   2.403098e-11   54342
  1.841784e+01   5.462375e-09   2.114723e-02   2.357131e-11   54768
  1.843889e+01   5.423531e-09   6.166018e-02   2.385843e-11   52094
  1.846015e+01   5.437994e-09   0.000000e+00   2.438104e-11   52224
  1.848171e+01   5.321656e-09   0.000000e+00   2.355163e-11   52188
  1.850284e+01   5.347879e-09   5.547718e-02   2.432019e-11   50190
  1.852384e+01   5.288577e-09   4.605437e-02   2.436633e-11   49224
  1.854525e+01   5.207585e-09   0.000000e+00   2.417442e-11   49094
  1.856674e+01   5.202270e-09   1.397922e-02   2.409221e-11   49488
  1.858801e+01   5.085405e-09   5.709057e-02   2.406936e-11   46830
  1.860898e+01   5.113855e-09   1.563975e-02   2.448723e-11   45860
  1.863032e+01   4.985006e-09   0.000000e+00   2.378222e-11   46770
  1.865174e+01   4.996773e-09   2.291891e-02   2.427057e-11   45468
  1.867296e+01   4.925183e-09   4.145509e-02   2.403214e-11   44130
  1.869410e+01   4.926029e-09   0.000000e+00   2.456244e-11   43230
  1.871538e+01   4.827942e-09   0.000000e+00   2.378819e-11   44108
  1.873682e+01   4.789799e-09   3.994094e-02   2.375417e-11   42162
  1.875801e+01   4.771414e-09   3.891829e-02   2.412901e-11   41358
  1.877903e+01   4.749472e-09   0.000000e+00   2.423073e-11   40456
  1.880031e+01   4.653874e-09   3.666302e-02   2.350151e-11   41230
  1.882192e+01   4.555959e-09   4.791773e-02   2.322501e-11   39906
  1.884323e+01   4.566443e-09   0.000000e+00   2.412482e-11   38508
  1.886415e+01   4.600706e-09   0.000000e+00   2.446311e-11   37854
  1.888527e+01   4.463140e-09   5.599063e-02   2.368309e-11   38162
  1.890689e+01   4.425609e-09   2.876140e-02   2.386863e-11   37212
  1.892823e+01   4.396758e-09   0.000000e+00   2.366541e-11   36450
  1.894904e+01   4.332311e-09   3.131292e-02   2.390371e-11   34718
  1.897014e+01   4.211962e-09   2.251244e-02   2.297380e-11   35814
  1.899179e+01   4.200229e-09   2.084025e-02   2.326891e-11   34896
  1.901314e+01   4.160290e-09   0.000000e+00   2.358307e-11   33822
  1.903390e+01   4.195319e-09   4.502416e-02   2.423948e-11   32522
  1.905522e+01   4.079703e-09   0.000000e+00   2.332005e-11   33630
  1.907685e+01   4.050705e-09   0.000000e+00   2.343018e-11   32166
  1.909788e+01   4.027906e-09   2.036566e-02   2.375260e-11   31200
  1.911872e+01   4.035221e-09   1.942063e-02   2.410638e-11   30598
  1.914004e+01   3.889340e-09   1.776943e-02   2.292763e-11   31138
  1.916182e+01   3.872756e-09   0.000000e+00   2.324835e-11   30510
  1.918303e+01   3.806798e-09   3.469726e-02   2.375879e-11   28998
  1.920386e+01   3.772348e-09   6.570959e-03   2.387329e-11   28290
  1.922515e+01   3.649999e-09   4.264444e-02   2.260763e-11   29126
  1.924694e+01   3.600960e-09   0.000000e+00   2.238950e-11   28008
  1.926819e+01   3.600428e-09   1.189760e-02   2.275366e-11   27222
  1.928918e+01   3.639488e-09   2.297962e-02   2.401113e-11   26426
  1.931044e+01   3.496830e-09   1.163338e-02   2.224713e-11   26694
  1.933196e+01   3.442223e-09   2.420731e-02   2.276852e-11   25734
  1.935329e+01   3.403837e-09   0.000000e+00   2.249565e-11   25458
  1.937422e+01   3.408022e-09   5.500515e-03   2.329703e-11   24198
  1.939559e+01   3.274228e-09   0.000000e+00   2.198201e-11   25034
  1.941719e+01   3.249995e-09   2.041506e-02   2.253092e-11   23718
  1.943828e+01   3.200503e-09   0.000000e+00   2.211921e-11   23094
  1.945903e+01   3.166460e-09   2.713522e-02   2.219091e-11   22416
  1.948039e+01   3.069516e-09   8.362382e-03   2.119328e-11   23078
  1.950232e+01   3.060029e-09   0.000000e+00   2.168109e-11   22386
  1.952355e+01   3.081188e-09   0.000000e+00   2.314902e-11   21126
  1.954412e+01   2.983746e-09   0.000000e+00   2.202337e-11   20366
  1.956530e+01   2.883133e-09   3.904322e-02   2.098525e-11   21354
  1.958728e+01   2.835469e-09   0.000000e+00   2.158939e-11   20478
  1.960849e+01   2.825755e-09   0.000000e+00   2.158776e-11   19458
  1.962905e+01   2.847191e-09   1.331260e-02   2.155378e-11   18758
  1.965026e+01   2.698152e-09   4.404970e-02   2.065858e-11   19566
  1.967221e+01   2.587610e-09   2.912250e-02   1.975122e-11   18858
  1.969351e+01   2.586047e-09   4.592849e-03   2.077657e-11   17790
  1.971402e+01   2.603446e-09   0.000000e+00   2.108848e-11   17114
  1.973527e+01   2.543512e-09   0.000000e+00   2.029921e-11   17982
  1.975718e+01   2.496800e-09   0.000000e+00   2.018490e-11   17190
  1.977855e+01   2.458201e-09   0.000000e+00   2.066665e-11   16458
  1.979904e+01   2.449008e-09   3.217321e-02   2.088590e-11   15494
  1.982023e+01   2.311921e-09   1.099762e-02   1.934430e-11   16374
  1.984230e+01   2.291379e-09   0.000000e+00   1.907039e-11   15858
  1.986368e+01   2.266529e-09   0.000000e+00   1.976541e-11   14862
  1.988409e+01   2.223595e-09   0.000000e+00   1.941745e-11   14082
  1.990539e+01   2.190412e-09   0.000000e+00   1.933209e-11   14990
  1.992751e+01   2.129246e-09   1.548246e-02   1.892274e-11   14358
  1.994881e+01   2.080520e-09   0.000000e+00   1.849963e-11   13386
  1.996901e+01   2.099384e-09   0.000000e+00   2.006579e-11   12678
  1.999033e+01   1.947349e-09   2.380144e-02   1.789191e-11   13700
  2.001259e+01   1.903637e-09   1.285319e-02   1.817589e-11   12942
  2.003395e+01   1.919624e-09   3.900625e-02   1.849592e-11   12198
  2.005392e+01   1.927683e-09   0.000000e+00   1.962156e-11   11106
  2.007510e+01   1.804909e-09   0.000000e+00   1.771079e-11   12494
  2.009743e+01   1.778827e-09   2.983113e-02   1.754939e-11   11610
  2.011896e+01   1.767981e-09   0.000000e+00   1.781046e-11   11094
  2.013893e+01   1.752854e-09   1.798978e-02   1.869669e-11   9902
  2.016002e+01   1.686646e-09   1.556257e-02   1.734242e-11   11226
  2.018236e+01   1.641789e-09   0.000000e+00   1.748830e-11   10326
  2.020391e+01   1.582618e-09   1.746578e-02   1.674239e-11   10074
  2.022404e+01   1.562575e-09   1.341486e-02   1.813381e-11   8766
  2.024495e+01   1.488704e-09   0.000000e+00   1.589836e-11   9950
  2.026724e+01   1.462197e-09   1.455135e-02   1.658830e-11   9252
  2.028878e+01   1.438116e-09   0.000000e+00   1.641903e-11   8886
  2.030890e+01   1.429296e-09   0.000000e+00   1.712377e-11   7850
  2.033000e+01   1.298571e-09   8.278899e-03   1.487494e-11   8886
  2.035233e+01   1.347595e-09   0.000000e+00   1.654915e-11   8142
  2.037362e+01   1.299282e-09   1.623005e-02   1.552890e-11   7746
  2.039351e+01   1.272478e-09   2.289856e-02   1.619001e-11   6926
  2.041501e+01   1.184112e-09   0.000000e+00   1.503868e-11   7974
  2.043743e+01   1.162218e-09   1.597649e-02   1.522577e-11   7074
  2.045847e+01   1.151786e-09   0.000000e+00   1.472198e-11   6744
  2.047826e+01   1.158205e-09   2.243533e-02   1.541095e-11   6114
  2.050013e+01   1.044611e-09   0.000000e+00   1.313603e-11   7094
  2.052293e+01   1.024475e-09   0.000000e+00   1.436370e-11   6174
  2.054371e+01   1.017010e-09   4.629204e-03   1.431892e-11   5754
  2.056296e+01   1.029957e-09   0.000000e+00   1.457534e-11   5214
  2.058512e+01   9.134682e-10   0.000000e+00   1.252625e-11   6338
  2.060854e+01   8.717320e-10   6.860075e-03   1.268296e-11   5352
  2.062909e+01   9.113828e-10   0.000000e+00   1.571847e-11   4830
  2.064745e+01   9.041453e-10   7.970494e-03   1.427487e-11   4338
  2.066974e+01   7.860978e-10   0.000000e+00   1.149684e-11   5558
  2.069415e+01   7.579203e-10   1.537672e-02   1.167004e-11   4866
  2.071512e+01   7.586678e-10   2.671631e-02   1.258599e-11   3846
  2.073181e+01   7.729435e-10   0.000000e+00   1.351864e-11   3518
  2.075418e+01   6.804545e-10   2.112098e-02   1.030857e-11   4812
  2.077932e+01   6.676238e-10   7.250146e-03   1.128183e-11   4278
  2.080110e+01   6.593023e-10   2.078261e-02   1.305190e-11   3174
  2.081618e+01   6.798552e-10   0.000000e+00   1.363478e-11   2738
  2.083848e+01   5.837595e-10   1.164244e-02   9.380161e-12   4086
  2.086413e+01   5.400182e-10   7.860992e-03   9.231389e-12   3666
  2.088695e+01   5.457875e-10   1.766066e-02   1.123511e-11   2712
  2.090056e+01   6.215042e-10   8.464232e-03   1.455304e-11   1998
  2.092274e+01   4.501886e-10   1.462710e-02   7.984790e-12   3434
  2.094892e+01   4.294988e-10   0.000000e+00   8.698306e-12   3078
  2.097282e+01   4.300350e-10   1.039155e-02   9.695515e-12   2334
  2.098499e+01   4.714432e-10   0.000000e+00   1.260711e-11   1340
  2.100697e+01   3.898653e-10   0.000000e+00   7.766165e-12   2838
  2.103377e+01   3.489459e-10   0.000000e+00   7.239641e-12   2538
  2.105880e+01   3.158530e-10   8.770663e-03   7.736450e-12   1974
  2.106882e+01   4.496076e-10   1.325470e-02   1.528087e-11   774
  2.109090e+01   3.320292e-10   0.000000e+00   7.384509e-12   2300
  2.111837e+01   2.988070e-10   1.285026e-02   6.617075e-12   2046
  2.114452e+01   2.449001e-10   4.561007e-03   6.369744e-12   1626
  2.115265e+01   3.837561e-10   7.929049e-03   2.079065e-11   390
  2.117466e+01   2.704399e-10   8.047945e-03   7.000090e-12   1766
  2.120257e+01   2.439521e-10   0.000000e+00   7.198119e-12   1596
  2.122982e+01   1.881788e-10   0.000000e+00   5.325457e-12   1302
  2.123651e+01   3.092973e-10   0.000000e+00   1.856025e-11   150
  2.125856e+01   1.908500e-10   2.710178e-03   5.624405e-12   1298
  2.128657e+01   1.591794e-10   0.000000e+00   4.970970e-12   1158
  2.131442e+01   1.486220e-10   4.504106e-03   4.979277e-12   996
  2.132465e+01   2.449814e-10   1.103323e-02   4.118554e-11   38
  2.134266e+01   1.291219e-10   0.000000e+00   4.632932e-12   894
  2.137071e+01   1.087378e-10   9.951964e-03   3.981109e-12   786
  2.139879e+01   1.082194e-10   0.000000e+00   3.977875e-12   678
  2.142550e+01   5.493905e-11   0.000000e+00   8.557535e-12   8
  2.142691e+01   7.909638e-11   9.031255e-03   3.380741e-12   570
  2.145502e+01   6.825876e-11   1.271523e-02   3.431003e-12   486
  2.148316e+01   6.023384e-11   0.000000e+00   3.251973e-12   402
  2.151053e+01   1.801891e-11   0.000000e+00   5.823055e-12   8
  2.151134e+01   5.539341e-11   1.120111e-02   3.995702e-12   318
  2.153951e+01   4.138343e-11   0.000000e+00   2.851800e-12   258
  2.156771e+01   3.166292e-11   0.000000e+00   2.113997e-12   198
  2.159555e+01   1.629425e-11   0.000000e+00   2.390213e-12   8
  2.159595e+01   2.443557e-11   0.000000e+00   1.858796e-12   138
  2.162416e+01   1.695072e-11   3.676471e-03   2.367703e-12   102
  2.165242e+01   1.056831e-11   6.696087e-03   1.380627e-12   66
  2.168069e+01   3.845852e-12   0.000000e+00   4.841595e-13   38
  2.170899e+01   5.095559e-12   0.000000e+00   1.156774e-12   18
  2.173729e+01   1.311890e-12   0.000000e+00   2.178325e-13   6
