# power spectrum of delta
# redshift z=1.600000
# k              Pk             sigma(k)       sigma(Pk)      count
  4.908739e-02   8.988064e-03   1.608418e-05   3.376400e-03   6
  6.942005e-02   4.847650e-02   0.000000e+00   1.055133e-02   12
  9.065882e-02   5.326907e-02   6.508962e-03   9.765555e-03   14
  1.150009e-01   8.652043e-02   5.237893e-03   9.829108e-03   48
  1.448559e-01   1.110317e-01   3.804799e-03   1.209098e-02   42
  1.590162e-01   1.036296e-01   3.787897e-03   1.413374e-02   48
  1.803014e-01   1.486205e-01   4.541081e-03   1.585893e-02   80
  2.043367e-01   2.062930e-01   3.525774e-03   1.719924e-02   90
  2.227252e-01   1.845314e-01   5.536438e-03   1.880617e-02   120
  2.488487e-01   2.581335e-01   4.652757e-03   1.873256e-02   158
  2.661513e-01   2.750693e-01   2.208030e-03   2.863749e-02   120
  2.869973e-01   3.013901e-01   4.935215e-03   2.077412e-02   186
  3.100294e-01   3.455586e-01   6.749025e-03   2.048777e-02   264
  3.287449e-01   4.140036e-01   3.643590e-03   2.956079e-02   168
  3.526244e-01   4.335630e-01   6.511952e-03   2.382294e-02   386
  3.726071e-01   3.435201e-01   3.940433e-03   2.356966e-02   192
  3.922681e-01   5.049978e-01   6.460573e-03   2.429735e-02   390
  4.143561e-01   4.509462e-01   6.764213e-03   2.371583e-02   396
  4.351071e-01   5.443646e-01   6.710857e-03   2.847118e-02   398
  4.579190e-01   5.581250e-01   6.577772e-03   2.185935e-02   576
  4.803679e-01   5.717380e-01   6.673210e-03   2.801530e-02   444
  5.000037e-01   7.236267e-01   6.020862e-03   2.905753e-02   590
  5.223627e-01   7.101513e-01   6.593301e-03   2.765597e-02   648
  5.441711e-01   7.599607e-01   5.835223e-03   3.155588e-02   654
  5.635471e-01   8.152737e-01   4.840100e-03   3.071312e-02   636
  5.852063e-01   8.400761e-01   7.256543e-03   2.798780e-02   830
  6.055292e-01   9.059553e-01   5.223406e-03   3.150540e-02   792
  6.263096e-01   9.472249e-01   5.372178e-03   3.644555e-02   804
  6.475915e-01   9.956802e-01   6.630499e-03   3.303350e-02   1038
  6.681954e-01   1.047253e+00   5.193545e-03   3.319711e-02   936
  6.905275e-01   9.996536e-01   6.068542e-03   2.902239e-02   1130
  7.107689e-01   1.116487e+00   5.635557e-03   3.321966e-02   1104
  7.329882e-01   1.182799e+00   6.265750e-03   3.483532e-02   1230
  7.533066e-01   1.275184e+00   6.367515e-03   3.475313e-02   1260
  7.739492e-01   1.260967e+00   5.508175e-03   3.461592e-02   1286
  7.972959e-01   1.229304e+00   6.676093e-03   2.960934e-02   1728
  8.194182e-01   1.376098e+00   5.905938e-03   3.895945e-02   1392
  8.404441e-01   1.504651e+00   5.603130e-03   3.686217e-02   1626
  8.619949e-01   1.413780e+00   6.632074e-03   3.463475e-02   1760
  8.836339e-01   1.507162e+00   5.480218e-03   3.676136e-02   1686
  9.040333e-01   1.551497e+00   5.560723e-03   3.729736e-02   1812
  9.248915e-01   1.632481e+00   6.414614e-03   3.568604e-02   1862
  9.462082e-01   1.700030e+00   5.707974e-03   3.576369e-02   2160
  9.676557e-01   1.760244e+00   5.844358e-03   4.143123e-02   1956
  9.892345e-01   1.751366e+00   6.558177e-03   3.456415e-02   2454
  1.010292e+00   1.921142e+00   5.121137e-03   4.118332e-02   2048
  1.031427e+00   2.012986e+00   6.677803e-03   4.076644e-02   2538
  1.052288e+00   2.101899e+00   5.586772e-03   4.226957e-02   2400
  1.073374e+00   2.229633e+00   6.656280e-03   4.545176e-02   2526
  1.094412e+00   2.150915e+00   6.570741e-03   4.060006e-02   2856
  1.116356e+00   2.235498e+00   6.196896e-03   4.289745e-02   2804
  1.138029e+00   2.312348e+00   6.420674e-03   4.351614e-02   2958
  1.158655e+00   2.483875e+00   6.233969e-03   4.395757e-02   2976
  1.180422e+00   2.435248e+00   6.237939e-03   4.323817e-02   3194
  1.200801e+00   2.619951e+00   6.232383e-03   4.690026e-02   3120
  1.222874e+00   2.617841e+00   6.304761e-03   4.459220e-02   3606
  1.243940e+00   2.666527e+00   5.752321e-03   4.701415e-02   3276
  1.264464e+00   2.703572e+00   6.514698e-03   4.527345e-02   3600
  1.285577e+00   2.836817e+00   5.712098e-03   4.669497e-02   3638
  1.305903e+00   2.975034e+00   6.095529e-03   4.664962e-02   3744
  1.327893e+00   3.057151e+00   6.314721e-03   4.838400e-02   4170
  1.348913e+00   3.042308e+00   5.976395e-03   4.832749e-02   3984
  1.370324e+00   3.174078e+00   6.035401e-03   4.923404e-02   4334
  1.391449e+00   3.182164e+00   5.590013e-03   4.843623e-02   4284
  1.412311e+00   3.312009e+00   6.750662e-03   5.002152e-02   4374
  1.434124e+00   3.427326e+00   5.985428e-03   4.853152e-02   5016
  1.455607e+00   3.497919e+00   5.759251e-03   5.408601e-02   4580
  1.477022e+00   3.571044e+00   6.795388e-03   5.135029e-02   5142
  1.498869e+00   3.664042e+00   6.508452e-03   5.246366e-02   5184
  1.520258e+00   3.755280e+00   5.090262e-03   5.315086e-02   5058
  1.540811e+00   3.876618e+00   6.044837e-03   5.163619e-02   5384
  1.562789e+00   3.890315e+00   6.899859e-03   5.248934e-02   5622
  1.583990e+00   3.988146e+00   5.767154e-03   5.103933e-02   5736
  1.605101e+00   4.158885e+00   5.186724e-03   5.590743e-02   5596
  1.626312e+00   4.227566e+00   6.534110e-03   5.634770e-02   6070
  1.647349e+00   4.283544e+00   5.043874e-03   5.504725e-02   6096
  1.669298e+00   4.539160e+00   6.217049e-03   5.689676e-02   6474
  1.689604e+00   4.583256e+00   6.011046e-03   5.754372e-02   6024
  1.711322e+00   4.648412e+00   6.050365e-03   0.000000e+00   7070
  1.732840e+00   4.751032e+00   4.929295e-03   0.000000e+00   6516
  1.753479e+00   4.836669e+00   5.954709e-03   0.000000e+00   6936
  1.775023e+00   4.921687e+00   6.075387e-03   0.000000e+00   7110
  1.795864e+00   5.046342e+00   4.455303e-03   0.000000e+00   7244
  1.817911e+00   5.229264e+00   6.507025e-03   0.000000e+00   7878
  1.839265e+00   5.220465e+00   6.345137e-03   0.000000e+00   7344
  1.859942e+00   5.339962e+00   6.557632e-03   0.000000e+00   7694
  1.881485e+00   5.503700e+00   6.331664e-03   0.000000e+00   8412
  1.903119e+00   5.527026e+00   6.574718e-03   0.000000e+00   7920
  1.923681e+00   5.893242e+00   5.574081e-03   0.000000e+00   8118
  1.944611e+00   5.596098e+00   6.462590e-03   0.000000e+00   8548
  1.965903e+00   5.841256e+00   6.542471e-03   0.000000e+00   8710
  1.987016e+00   6.160137e+00   5.688570e-03   0.000000e+00   8928
  2.008691e+00   6.208790e+00   6.261670e-03   0.000000e+00   9186
  2.029483e+00   6.195449e+00   6.899980e-03   0.000000e+00   9200
  2.050916e+00   6.235244e+00   5.883488e-03   0.000000e+00   9438
  2.071812e+00   6.458655e+00   8.282509e-03   0.000000e+00   9564
  2.093290e+00   6.542425e+00   6.302710e-03   0.000000e+00   10296
  2.115277e+00   6.801704e+00   5.595371e-03   0.000000e+00   10126
  2.135875e+00   6.754399e+00   6.899005e-03   0.000000e+00   10024
  2.157783e+00   6.889216e+00   4.883760e-03   0.000000e+00   11082
  2.179294e+00   7.110729e+00   7.534514e-03   0.000000e+00   10632
  2.200318e+00   7.181411e+00   5.459295e-03   0.000000e+00   10734
  2.221558e+00   7.297246e+00   6.632840e-03   0.000000e+00   11276
  2.242790e+00   7.493113e+00   5.933637e-03   0.000000e+00   11352
  2.264220e+00   7.435145e+00   6.155774e-03   0.000000e+00   11550
  2.285254e+00   7.524596e+00   5.753124e-03   0.000000e+00   11772
  2.306600e+00   7.942143e+00   7.216050e-03   0.000000e+00   12038
  2.327684e+00   7.692616e+00   8.878483e-03   0.000000e+00   12096
  2.349060e+00   7.988003e+00   7.140412e-03   0.000000e+00   12582
  2.370199e+00   7.942647e+00   2.341753e-03   0.000000e+00   12620
  2.391825e+00   8.278543e+00   7.526019e-03   0.000000e+00   13320
  2.412989e+00   8.064141e+00   6.843459e-03   0.000000e+00   12654
  2.433748e+00   8.357146e+00   1.036083e-03   0.000000e+00   13236
  2.454817e+00   8.459745e+00   9.824066e-03   0.000000e+00   13438
  2.476108e+00   8.480148e+00   9.587331e-03   0.000000e+00   14344
  2.498171e+00   8.777411e+00   6.005914e-03   0.000000e+00   14226
  2.519015e+00   8.900688e+00   4.922381e-03   0.000000e+00   14088
  2.540133e+00   8.896214e+00   0.000000e+00   0.000000e+00   14328
  2.561301e+00   9.064093e+00   6.608281e-03   0.000000e+00   14954
  2.582758e+00   9.280726e+00   5.262306e-03   0.000000e+00   15480
  2.604300e+00   9.270660e+00   6.870183e-03   0.000000e+00   14862
  2.624709e+00   9.351678e+00   8.206126e-03   0.000000e+00   15296
  2.646141e+00   9.475266e+00   7.889143e-03   0.000000e+00   15954
  2.667142e+00   9.847486e+00   6.604872e-03   0.000000e+00   15720
  2.688148e+00   9.679160e+00   2.767544e-03   0.000000e+00   16296
  2.709787e+00   9.977938e+00   4.183139e-03   0.000000e+00   17010
  2.730798e+00   1.031720e+01   3.666175e-03   0.000000e+00   16328
  2.751935e+00   1.000532e+01   3.630143e-03   0.000000e+00   17094
  2.773136e+00   1.020286e+01   8.732663e-03   0.000000e+00   17436
  2.794580e+00   1.042211e+01   8.932587e-03   0.000000e+00   17862
  2.816113e+00   1.058288e+01   7.531207e-03   0.000000e+00   18200
  2.837804e+00   1.047097e+01   1.824671e-03   0.000000e+00   18450
  2.859024e+00   1.088931e+01   3.494014e-03   0.000000e+00   18384
  2.880192e+00   1.098038e+01   5.917022e-03   0.000000e+00   18504
  2.901336e+00   1.098995e+01   4.550737e-03   0.000000e+00   19142
  2.922907e+00   1.116685e+01   6.139694e-03   0.000000e+00   19692
  2.944248e+00   1.145692e+01   6.214778e-03   0.000000e+00   19062
  2.965129e+00   1.143682e+01   0.000000e+00   0.000000e+00   20184
  2.986711e+00   1.152254e+01   7.572552e-03   0.000000e+00   19970
  3.007762e+00   1.165924e+01   0.000000e+00   0.000000e+00   20496
  3.029429e+00   1.157769e+01   8.970790e-03   0.000000e+00   21456
  3.050516e+00   1.187885e+01   6.078696e-03   0.000000e+00   19650
  3.071216e+00   1.235493e+01   9.905289e-03   0.000000e+00   22040
  3.093038e+00   1.218819e+01   1.323975e-02   0.000000e+00   21558
  3.114110e+00   1.212011e+01   0.000000e+00   0.000000e+00   21804
  3.135237e+00   1.240578e+01   8.395936e-03   0.000000e+00   21926
  3.156296e+00   1.260624e+01   9.876928e-03   0.000000e+00   22416
  3.177440e+00   1.259431e+01   8.756469e-03   0.000000e+00   22776
  3.199180e+00   1.270782e+01   6.802438e-03   0.000000e+00   23874
  3.220539e+00   1.276279e+01   0.000000e+00   0.000000e+00   23104
  3.241774e+00   1.309305e+01   0.000000e+00   0.000000e+00   23974
  3.263058e+00   1.310224e+01   1.421296e-02   0.000000e+00   23892
  3.283975e+00   1.321751e+01   0.000000e+00   0.000000e+00   23550
  3.305033e+00   1.342876e+01   6.924722e-03   0.000000e+00   25320
  3.326425e+00   1.348148e+01   1.207188e-02   0.000000e+00   24428
  3.347358e+00   1.365017e+01   8.470134e-03   0.000000e+00   25254
  3.368790e+00   1.369472e+01   0.000000e+00   0.000000e+00   26016
  3.389916e+00   1.376964e+01   1.449006e-03   0.000000e+00   25182
  3.411239e+00   1.399089e+01   3.935683e-03   0.000000e+00   27428
  3.432869e+00   1.412552e+01   5.232572e-03   0.000000e+00   25974
  3.453680e+00   1.437435e+01   8.897967e-03   0.000000e+00   26904
  3.474816e+00   1.451516e+01   3.562700e-03   0.000000e+00   26730
  3.495975e+00   1.468178e+01   0.000000e+00   0.000000e+00   27896
  3.517661e+00   1.460409e+01   1.072005e-02   0.000000e+00   28992
  3.539608e+00   1.452089e+01   2.925568e-03   0.000000e+00   28698
  3.560548e+00   1.524657e+01   0.000000e+00   0.000000e+00   27816
  3.581941e+00   1.487230e+01   0.000000e+00   0.000000e+00   29774
  3.603341e+00   1.510301e+01   6.963358e-03   0.000000e+00   29148
  3.624263e+00   1.519847e+01   0.000000e+00   0.000000e+00   28806
  3.645338e+00   1.551744e+01   1.188642e-02   0.000000e+00   30408
  3.666653e+00   1.536832e+01   0.000000e+00   0.000000e+00   30320
  3.688152e+00   1.572977e+01   0.000000e+00   0.000000e+00   30930
  3.709611e+00   1.570734e+01   0.000000e+00   0.000000e+00   31656
  3.730576e+00   1.586981e+01   5.450179e-04   0.000000e+00   30086
  3.751637e+00   1.595781e+01   1.355190e-02   0.000000e+00   32724
  3.772863e+00   1.625216e+01   8.040055e-03   0.000000e+00   30846
  3.793943e+00   1.627163e+01   3.344181e-03   0.000000e+00   33480
  3.815491e+00   1.608210e+01   1.109457e-02   0.000000e+00   32724
  3.836559e+00   1.620876e+01   7.159788e-03   0.000000e+00   32894
  3.857930e+00   1.625600e+01   0.000000e+00   0.000000e+00   34200
  3.879304e+00   1.661732e+01   8.900196e-03   0.000000e+00   33594
  3.900297e+00   1.659626e+01   0.000000e+00   0.000000e+00   34336
  3.921713e+00   1.673537e+01   3.153860e-03   0.000000e+00   34822
  3.942966e+00   1.686752e+01   0.000000e+00   0.000000e+00   35472
  3.964103e+00   1.703678e+01   0.000000e+00   0.000000e+00   34404
  3.985176e+00   1.720663e+01   0.000000e+00   0.000000e+00   36222
  4.006298e+00   1.710232e+01   5.925166e-03   0.000000e+00   35984
  4.027635e+00   1.731416e+01   8.966025e-03   0.000000e+00   36570
  4.048789e+00   1.743066e+01   0.000000e+00   0.000000e+00   37176
  4.070174e+00   1.727759e+01   0.000000e+00   0.000000e+00   37406
  4.091472e+00   1.728684e+01   0.000000e+00   0.000000e+00   38052
  4.112597e+00   1.765431e+01   0.000000e+00   0.000000e+00   37590
  4.134009e+00   1.772796e+01   1.091743e-02   0.000000e+00   39480
  4.155207e+00   1.773907e+01   0.000000e+00   0.000000e+00   38260
  4.176397e+00   1.785417e+01   1.072953e-02   0.000000e+00   39646
  4.198020e+00   1.820542e+01   5.765729e-03   0.000000e+00   40944
  4.219461e+00   1.801629e+01   0.000000e+00   0.000000e+00   39678
  4.240584e+00   1.812984e+01   0.000000e+00   0.000000e+00   40804
  4.261834e+00   1.825415e+01   0.000000e+00   0.000000e+00   40606
  4.283119e+00   1.851017e+01   1.434355e-02   0.000000e+00   42216
  4.304534e+00   1.844025e+01   0.000000e+00   0.000000e+00   41532
  4.325687e+00   1.866834e+01   0.000000e+00   0.000000e+00   41990
  4.346688e+00   1.861022e+01   1.502312e-02   0.000000e+00   42360
  4.368117e+00   1.907934e+01   5.544139e-03   0.000000e+00   43530
  4.389414e+00   1.896828e+01   8.484742e-03   0.000000e+00   43848
  4.410645e+00   1.886244e+01   0.000000e+00   0.000000e+00   42870
  4.431945e+00   1.916930e+01   1.436415e-02   0.000000e+00   46160
  4.453324e+00   1.921526e+01   5.965462e-03   0.000000e+00   43380
  4.474377e+00   1.935806e+01   0.000000e+00   0.000000e+00   45294
  4.495503e+00   1.930318e+01   1.347363e-02   0.000000e+00   45744
  4.517105e+00   1.946287e+01   0.000000e+00   0.000000e+00   46682
  4.538236e+00   1.958726e+01   8.200499e-03   0.000000e+00   45840
  4.559439e+00   1.943458e+01   0.000000e+00   0.000000e+00   47118
  4.580595e+00   1.961104e+01   1.966168e-02   0.000000e+00   47124
  4.601835e+00   1.959000e+01   3.903924e-03   0.000000e+00   47984
  4.623507e+00   1.975229e+01   8.304868e-03   0.000000e+00   49566
  4.644403e+00   1.997125e+01   5.239202e-03   0.000000e+00   46284
  4.665366e+00   1.983598e+01   1.430730e-02   0.000000e+00   49966
  4.686700e+00   1.980416e+01   1.071839e-02   0.000000e+00   49360
  4.707906e+00   2.016573e+01   2.049668e-03   0.000000e+00   49806
  4.729282e+00   2.007088e+01   1.187810e-02   0.000000e+00   51492
  4.750427e+00   2.023757e+01   1.568908e-02   0.000000e+00   49496
  4.771749e+00   2.046304e+01   1.575127e-02   0.000000e+00   53190
  4.793252e+00   2.040206e+01   0.000000e+00   0.000000e+00   51060
  4.814332e+00   2.038682e+01   0.000000e+00   0.000000e+00   52134
  4.835479e+00   2.040287e+01   1.002563e-02   0.000000e+00   53088
  4.856793e+00   2.064742e+01   6.359417e-03   0.000000e+00   52706
  4.878043e+00   2.081856e+01   1.013263e-02   0.000000e+00   54936
  4.899632e+00   2.066625e+01   0.000000e+00   0.000000e+00   53886
  4.920748e+00   2.055762e+01   0.000000e+00   0.000000e+00   54436
  4.941861e+00   2.086817e+01   0.000000e+00   0.000000e+00   55096
  4.963396e+00   2.094433e+01   0.000000e+00   0.000000e+00   56358
  4.984499e+00   2.119288e+01   0.000000e+00   0.000000e+00   55632
  5.005773e+00   2.119777e+01   2.069037e-02   0.000000e+00   56530
  5.026993e+00   2.100108e+01   0.000000e+00   0.000000e+00   57232
  5.048136e+00   2.120183e+01   0.000000e+00   0.000000e+00   56766
  5.069818e+00   2.089971e+01   0.000000e+00   0.000000e+00   60804
  5.090916e+00   2.129414e+01   0.000000e+00   0.000000e+00   55536
  5.112092e+00   2.149972e+01   2.587681e-02   0.000000e+00   61166
  5.133355e+00   2.136840e+01   0.000000e+00   0.000000e+00   57396
  5.154381e+00   2.148108e+01   1.187475e-02   0.000000e+00   60870
  5.175729e+00   2.148142e+01   0.000000e+00   0.000000e+00   60224
  5.196968e+00   2.169033e+01   1.806812e-02   0.000000e+00   61002
  5.218277e+00   2.171249e+01   1.677222e-02   0.000000e+00   62016
  5.239474e+00   2.177405e+01   0.000000e+00   0.000000e+00   60768
  5.260501e+00   2.161139e+01   2.403790e-02   0.000000e+00   62870
  5.281997e+00   2.201796e+01   8.758500e-03   0.000000e+00   63804
  5.303370e+00   2.185213e+01   1.116585e-02   0.000000e+00   63054
  5.324255e+00   2.171590e+01   9.298857e-03   0.000000e+00   63024
  5.345591e+00   2.202462e+01   0.000000e+00   0.000000e+00   65018
  5.366684e+00   2.190760e+01   1.579028e-02   0.000000e+00   64608
  5.387999e+00   2.207224e+01   0.000000e+00   0.000000e+00   65688
  5.409251e+00   2.225308e+01   2.331007e-02   0.000000e+00   65994
  5.430436e+00   2.221601e+01   0.000000e+00   0.000000e+00   66648
  5.451850e+00   2.234694e+01   1.586795e-02   0.000000e+00   67310
  5.472958e+00   2.231270e+01   0.000000e+00   0.000000e+00   67224
  5.494212e+00   2.237292e+01   7.139017e-03   0.000000e+00   68034
  5.515549e+00   2.221303e+01   0.000000e+00   0.000000e+00   69744
  5.536884e+00   2.238705e+01   1.198747e-02   0.000000e+00   68654
  5.558434e+00   2.260885e+01   1.601318e-02   0.000000e+00   72132
  5.579753e+00   2.256114e+01   9.641131e-03   0.000000e+00   68520
  5.600771e+00   2.256809e+01   1.543935e-02   0.000000e+00   71070
  5.622207e+00   2.245102e+01   0.000000e+00   0.000000e+00   71948
  5.643427e+00   2.279018e+01   2.347337e-02   0.000000e+00   71598
  5.664830e+00   2.267271e+01   0.000000e+00   0.000000e+00   73536
  5.686055e+00   2.276223e+01   2.827076e-02   0.000000e+00   71802
  5.707061e+00   2.290883e+01   0.000000e+00   0.000000e+00   73280
  5.728316e+00   2.278517e+01   0.000000e+00   0.000000e+00   73992
  5.749764e+00   2.301877e+01   1.302445e-02   0.000000e+00   75966
  5.771002e+00   2.317270e+01   0.000000e+00   0.000000e+00   74364
  5.792263e+00   2.274865e+01   1.642528e-02   0.000000e+00   76094
  5.813465e+00   2.300676e+01   0.000000e+00   0.000000e+00   76224
  5.834736e+00   2.276242e+01   9.936410e-03   0.000000e+00   76242
  5.855780e+00   2.306193e+01   0.000000e+00   0.000000e+00   76944
  5.877033e+00   2.279921e+01   0.000000e+00   0.000000e+00   78680
  5.898615e+00   2.310844e+01   1.782526e-02   0.000000e+00   79962
  5.919784e+00   2.299739e+01   9.169951e-03   0.000000e+00   77760
  5.940930e+00   2.275500e+01   2.187245e-02   0.000000e+00   79590
  5.962196e+00   2.323627e+01   0.000000e+00   0.000000e+00   80732
  5.983518e+00   2.303153e+01   2.722537e-02   0.000000e+00   81174
  6.004784e+00   2.314212e+01   9.333991e-03   0.000000e+00   80832
  6.025622e+00   2.323994e+01   2.765867e-02   0.000000e+00   79992
  6.047004e+00   2.322171e+01   0.000000e+00   0.000000e+00   84314
  6.068459e+00   2.316891e+01   0.000000e+00   0.000000e+00   83592
  6.089791e+00   2.316634e+01   2.055136e-02   0.000000e+00   83838
  6.111001e+00   2.320798e+01   0.000000e+00   0.000000e+00   83676
  6.132131e+00   2.324715e+01   1.283551e-02   0.000000e+00   84950
  6.153320e+00   2.323703e+01   0.000000e+00   0.000000e+00   84912
  6.174634e+00   2.337271e+01   2.512850e-02   0.000000e+00   87162
  6.196002e+00   2.334170e+01   0.000000e+00   0.000000e+00   86440
  6.217138e+00   2.332987e+01   0.000000e+00   0.000000e+00   86560
  6.238461e+00   2.353335e+01   2.767423e-03   0.000000e+00   88698
  6.259684e+00   2.339200e+01   3.072723e-02   0.000000e+00   88920
  6.281189e+00   2.336572e+01   0.000000e+00   0.000000e+00   88814
  6.302280e+00   2.350199e+01   6.283582e-03   0.000000e+00   90336
  6.323770e+00   2.347909e+01   0.000000e+00   0.000000e+00   90282
  6.344991e+00   2.331252e+01   0.000000e+00   0.000000e+00   90840
  6.366042e+00   2.351990e+01   2.257055e-02   0.000000e+00   91128
  6.387508e+00   2.381437e+01   0.000000e+00   0.000000e+00   92690
  6.408632e+00   2.356934e+01   0.000000e+00   0.000000e+00   92160
  6.429946e+00   2.342675e+01   0.000000e+00   0.000000e+00   93534
  6.451097e+00   2.347090e+01   0.000000e+00   0.000000e+00   93484
  6.472347e+00   2.360369e+01   5.601229e-03   0.000000e+00   95206
  6.493776e+00   2.332607e+01   1.118119e-02   0.000000e+00   96048
  6.514861e+00   2.356379e+01   9.669553e-03   0.000000e+00   93600
  6.536075e+00   2.326853e+01   0.000000e+00   0.000000e+00   97410
  6.557323e+00   2.348164e+01   2.783151e-02   0.000000e+00   97856
  6.578781e+00   2.357908e+01   0.000000e+00   0.000000e+00   97278
  6.599950e+00   2.370790e+01   1.700730e-02   0.000000e+00   98916
  6.621129e+00   2.362989e+01   0.000000e+00   0.000000e+00   96894
  6.642198e+00   2.353153e+01   0.000000e+00   0.000000e+00   100976
  6.663671e+00   2.365033e+01   0.000000e+00   0.000000e+00   100164
  6.684802e+00   2.377401e+01   0.000000e+00   0.000000e+00   100014
  6.705806e+00   2.388004e+01   2.068850e-02   0.000000e+00   101040
  6.727160e+00   2.370123e+01   0.000000e+00   0.000000e+00   102338
  6.748311e+00   2.357151e+01   1.214877e-02   0.000000e+00   102912
  6.769770e+00   2.347356e+01   0.000000e+00   0.000000e+00   104238
  6.790861e+00   2.350817e+01   2.046918e-02   0.000000e+00   103104
  6.812144e+00   2.363264e+01   1.855631e-02   0.000000e+00   105404
  6.833482e+00   2.341974e+01   0.000000e+00   0.000000e+00   105198
  6.854708e+00   2.368526e+01   0.000000e+00   0.000000e+00   106632
  6.876045e+00   2.356346e+01   2.659856e-02   0.000000e+00   106706
  6.897260e+00   2.368199e+01   0.000000e+00   0.000000e+00   106992
  6.918722e+00   2.353541e+01   0.000000e+00   0.000000e+00   110118
  6.939974e+00   2.358726e+01   3.261980e-02   0.000000e+00   108084
  6.961107e+00   2.361450e+01   1.302086e-02   0.000000e+00   108222
  6.982477e+00   2.356393e+01   0.000000e+00   0.000000e+00   112160
  7.003644e+00   2.346705e+01   1.834729e-02   0.000000e+00   108492
  7.024907e+00   2.356665e+01   2.305838e-02   0.000000e+00   113262
  7.046251e+00   2.352251e+01   0.000000e+00   0.000000e+00   111360
  7.067621e+00   2.334122e+01   0.000000e+00   0.000000e+00   114182
  7.088828e+00   2.357641e+01   3.428670e-02   0.000000e+00   112884
  7.110110e+00   2.364224e+01   6.803865e-03   0.000000e+00   113934
  7.131236e+00   2.346759e+01   2.610313e-03   0.000000e+00   114504
  7.152709e+00   2.355087e+01   0.000000e+00   0.000000e+00   117500
  7.173892e+00   2.334951e+01   2.456239e-02   0.000000e+00   114102
  7.195094e+00   2.359760e+01   9.420476e-03   0.000000e+00   118584
  7.216422e+00   2.352645e+01   0.000000e+00   0.000000e+00   115546
  7.237408e+00   2.355977e+01   2.135084e-02   0.000000e+00   118984
  7.258918e+00   2.348300e+01   5.058306e-03   0.000000e+00   119526
  7.280087e+00   2.337343e+01   1.339211e-03   0.000000e+00   119436
  7.301239e+00   2.360283e+01   0.000000e+00   0.000000e+00   118632
  7.322422e+00   2.340445e+01   2.508020e-02   0.000000e+00   122510
  7.343797e+00   2.344062e+01   0.000000e+00   0.000000e+00   121680
  7.365097e+00   2.346571e+01   0.000000e+00   0.000000e+00   121434
  7.386164e+00   2.333407e+01   0.000000e+00   0.000000e+00   123928
  7.407509e+00   2.344255e+01   0.000000e+00   0.000000e+00   123910
  7.428801e+00   2.339987e+01   0.000000e+00   0.000000e+00   124452
  7.450035e+00   2.350266e+01   0.000000e+00   0.000000e+00   125376
  7.471269e+00   2.345701e+01   2.159636e-02   0.000000e+00   126638
  7.492517e+00   2.341172e+01   7.066157e-03   0.000000e+00   125844
  7.513780e+00   2.334629e+01   0.000000e+00   0.000000e+00   128142
  7.535069e+00   2.326648e+01   4.402653e-03   0.000000e+00   128136
  7.556213e+00   2.335634e+01   8.819060e-03   0.000000e+00   127642
  7.577524e+00   2.329976e+01   0.000000e+00   0.000000e+00   131968
  7.599071e+00   2.311260e+01   0.000000e+00   0.000000e+00   130326
  7.620201e+00   2.305333e+01   2.190145e-02   0.000000e+00   131688
  7.641445e+00   2.329834e+01   1.023330e-02   0.000000e+00   130212
  7.662606e+00   2.298704e+01   0.000000e+00   0.000000e+00   132686
  7.684031e+00   2.308311e+01   0.000000e+00   0.000000e+00   135960
  7.705360e+00   2.314041e+01   1.650040e-02   0.000000e+00   131562
  7.726240e+00   2.321646e+01   1.331907e-02   0.000000e+00   134016
  7.747633e+00   2.293616e+01   0.000000e+00   0.000000e+00   136478
  7.768899e+00   2.301382e+01   2.948213e-02   0.000000e+00   136812
  7.790248e+00   2.314653e+01   1.791607e-02   0.000000e+00   137856
  7.811516e+00   2.289516e+01   0.000000e+00   0.000000e+00   135862
  7.832663e+00   2.304112e+01   0.000000e+00   0.000000e+00   140056
  7.854080e+00   2.283386e+01   2.524327e-02   0.000000e+00   139602
  7.875289e+00   2.307360e+01   0.000000e+00   0.000000e+00   139080
  7.896490e+00   2.279522e+01   0.000000e+00   0.000000e+00   140678
  7.917772e+00   2.276460e+01   1.319552e-02   0.000000e+00   142884
  7.938972e+00   2.284837e+01   1.018869e-02   0.000000e+00   139992
  7.960217e+00   2.285913e+01   0.000000e+00   0.000000e+00   144966
  7.981584e+00   2.280525e+01   0.000000e+00   0.000000e+00   143364
  8.002748e+00   2.264813e+01   1.966885e-02   0.000000e+00   144518
  8.023948e+00   2.290824e+01   2.049194e-02   0.000000e+00   145200
  8.045110e+00   2.259551e+01   0.000000e+00   0.000000e+00   143466
  8.066220e+00   2.285754e+01   0.000000e+00   0.000000e+00   148824
  8.087482e+00   2.280897e+01   1.663118e-02   0.000000e+00   145544
  8.108586e+00   2.249474e+01   0.000000e+00   0.000000e+00   148590
  8.129956e+00   2.268533e+01   0.000000e+00   0.000000e+00   150540
  8.151294e+00   2.251052e+01   2.835623e-02   0.000000e+00   150134
  8.172543e+00   2.255539e+01   0.000000e+00   0.000000e+00   151296
  8.193992e+00   2.264182e+01   0.000000e+00   0.000000e+00   152058
  8.215032e+00   2.253602e+01   1.712210e-02   0.000000e+00   150864
  8.236288e+00   2.246032e+01   1.532519e-02   0.000000e+00   154310
  8.257759e+00   2.241200e+01   0.000000e+00   0.000000e+00   155172
  8.279001e+00   2.257267e+01   0.000000e+00   0.000000e+00   154128
  8.300451e+00   2.240956e+01   1.292207e-02   0.000000e+00   158310
  8.321608e+00   2.244442e+01   1.942662e-02   0.000000e+00   153436
  8.342779e+00   2.231798e+01   0.000000e+00   0.000000e+00   157726
  8.364247e+00   2.218126e+01   0.000000e+00   0.000000e+00   160368
  8.385409e+00   2.226874e+01   8.722888e-03   0.000000e+00   155718
  8.406528e+00   2.226268e+01   0.000000e+00   0.000000e+00   160028
  8.427794e+00   2.226175e+01   0.000000e+00   0.000000e+00   160920
  8.449095e+00   2.228015e+01   1.346716e-02   0.000000e+00   161070
  8.470389e+00   2.212131e+01   3.159751e-02   0.000000e+00   163428
  8.491564e+00   2.224853e+01   0.000000e+00   0.000000e+00   159574
  8.512886e+00   2.207777e+01   0.000000e+00   0.000000e+00   167392
  8.534220e+00   2.182402e+01   2.510752e-02   0.000000e+00   162258
  8.555404e+00   2.214242e+01   1.373354e-02   0.000000e+00   167472
  8.576736e+00   2.200819e+01   0.000000e+00   0.000000e+00   163664
  8.597821e+00   2.190989e+01   0.000000e+00   0.000000e+00   166986
  8.619134e+00   2.188770e+01   1.761806e-02   0.000000e+00   169968
  8.640614e+00   2.183786e+01   0.000000e+00   0.000000e+00   167646
  8.661591e+00   2.191393e+01   0.000000e+00   0.000000e+00   168080
  8.682867e+00   2.183774e+01   1.669531e-02   0.000000e+00   170826
  8.704157e+00   2.169260e+01   0.000000e+00   0.000000e+00   170928
  8.725250e+00   2.177754e+01   1.709438e-02   0.000000e+00   170640
  8.746612e+00   2.177181e+01   0.000000e+00   0.000000e+00   173954
  8.767786e+00   2.163383e+01   2.781533e-02   0.000000e+00   173232
  8.789116e+00   2.171927e+01   0.000000e+00   0.000000e+00   174150
  8.810385e+00   2.169484e+01   0.000000e+00   0.000000e+00   176364
  8.831619e+00   2.166210e+01   1.713488e-02   0.000000e+00   175302
  8.852867e+00   2.164665e+01   7.026118e-03   0.000000e+00   177392
  8.874048e+00   2.142225e+01   1.877980e-02   0.000000e+00   176352
  8.895394e+00   2.141102e+01   0.000000e+00   0.000000e+00   180330
  8.916737e+00   2.148977e+01   1.012220e-02   0.000000e+00   180712
  8.937985e+00   2.138754e+01   1.592489e-02   0.000000e+00   179350
  8.959300e+00   2.129341e+01   1.362277e-02   0.000000e+00   183396
  8.980667e+00   2.141867e+01   0.000000e+00   0.000000e+00   180390
  9.001662e+00   2.120646e+01   0.000000e+00   0.000000e+00   181944
  9.023018e+00   2.127967e+01   0.000000e+00   0.000000e+00   185450
  9.044421e+00   2.130577e+01   6.712804e-03   0.000000e+00   186192
  9.065583e+00   2.115925e+01   1.986377e-02   0.000000e+00   183432
  9.086769e+00   2.105826e+01   0.000000e+00   0.000000e+00   185362
  9.107915e+00   2.099415e+01   4.340598e-03   0.000000e+00   188464
  9.129336e+00   2.114415e+01   0.000000e+00   0.000000e+00   188046
  9.150617e+00   2.088760e+01   1.435388e-02   0.000000e+00   191304
  9.171830e+00   2.099416e+01   2.514963e-02   0.000000e+00   186690
  9.193141e+00   2.105933e+01   0.000000e+00   0.000000e+00   194072
  9.214314e+00   2.086572e+01   2.150250e-02   0.000000e+00   188688
  9.235485e+00   2.076608e+01   0.000000e+00   0.000000e+00   192786
  9.256682e+00   2.079814e+01   9.888030e-03   0.000000e+00   193352
  9.278108e+00   2.094435e+01   0.000000e+00   0.000000e+00   195702
  9.299301e+00   2.065584e+01   2.924065e-02   0.000000e+00   195132
  9.320588e+00   2.058183e+01   0.000000e+00   0.000000e+00   195726
  9.341795e+00   2.065491e+01   0.000000e+00   0.000000e+00   197416
  9.363015e+00   2.062056e+01   6.725106e-03   0.000000e+00   196564
  9.384306e+00   2.045898e+01   1.970192e-02   0.000000e+00   201198
  9.405554e+00   2.046951e+01   2.600360e-03   0.000000e+00   197136
  9.426640e+00   2.037986e+01   0.000000e+00   0.000000e+00   199358
  9.447823e+00   2.045094e+01   2.840062e-02   0.000000e+00   203532
  9.469238e+00   2.044584e+01   0.000000e+00   0.000000e+00   201438
  9.490447e+00   2.027403e+01   0.000000e+00   0.000000e+00   203664
  9.511649e+00   2.025570e+01   2.827322e-02   0.000000e+00   203972
  9.532897e+00   2.027922e+01   2.196386e-02   0.000000e+00   205974
  9.554229e+00   2.028711e+01   0.000000e+00   0.000000e+00   205752
  9.575594e+00   2.022811e+01   0.000000e+00   0.000000e+00   207810
  9.596604e+00   2.017569e+01   3.742762e-02   0.000000e+00   206384
  9.618042e+00   2.007367e+01   0.000000e+00   0.000000e+00   210966
  9.639366e+00   2.009658e+01   0.000000e+00   0.000000e+00   210516
  9.660654e+00   2.008329e+01   0.000000e+00   0.000000e+00   209766
  9.681805e+00   2.000421e+01   4.168876e-02   0.000000e+00   212376
  9.703126e+00   1.994105e+01   0.000000e+00   0.000000e+00   212960
  9.724559e+00   2.004693e+01   0.000000e+00   0.000000e+00   214626
  9.745701e+00   1.988425e+01   3.055733e-02   0.000000e+00   213696
  9.766948e+00   1.969660e+01   2.972549e-02   0.000000e+00   215734
  9.788145e+00   1.977119e+01   0.000000e+00   0.000000e+00   213220
  9.809356e+00   1.970342e+01   0.000000e+00   0.000000e+00   219102
  9.830684e+00   1.971164e+01   3.514334e-02   0.000000e+00   220872
  9.851907e+00   1.958985e+01   5.147298e-02   0.000000e+00   216556
  9.873148e+00   1.957726e+01   3.969080e-02   0.000000e+00   221494
  9.894337e+00   1.961049e+01   4.403264e-02   0.000000e+00   219096
  9.915662e+00   1.949548e+01   3.174393e-02   0.000000e+00   224262
  9.937058e+00   1.947599e+01   0.000000e+00   0.000000e+00   222508
  9.958315e+00   1.935977e+01   0.000000e+00   0.000000e+00   222502
  9.979403e+00   1.933106e+01   4.114677e-02   0.000000e+00   227280
  1.000076e+01   1.929448e+01   1.971656e-02   0.000000e+00   223644
  1.002198e+01   1.938406e+01   0.000000e+00   0.000000e+00   226222
  1.004323e+01   1.923564e+01   0.000000e+00   0.000000e+00   229840
  1.006454e+01   1.919541e+01   2.684746e-02   0.000000e+00   228042
  1.008564e+01   1.923518e+01   0.000000e+00   0.000000e+00   227472
  1.010687e+01   1.919497e+01   0.000000e+00   0.000000e+00   230990
  1.012816e+01   1.904667e+01   6.628044e-03   0.000000e+00   233532
  1.014941e+01   1.908281e+01   3.076766e-02   0.000000e+00   231288
  1.017075e+01   1.904401e+01   0.000000e+00   0.000000e+00   233718
  1.019186e+01   1.901795e+01   0.000000e+00   0.000000e+00   232704
  1.021315e+01   1.897656e+01   3.144497e-02   0.000000e+00   239282
  1.023449e+01   1.883460e+01   3.841101e-02   0.000000e+00   234912
  1.025585e+01   1.884083e+01   0.000000e+00   0.000000e+00   238278
  1.027692e+01   1.878977e+01   3.788117e-02   0.000000e+00   237460
  1.029802e+01   1.881739e+01   2.726700e-02   0.000000e+00   236662
  1.031952e+01   1.876559e+01   0.000000e+00   0.000000e+00   246336
  1.034100e+01   1.871085e+01   0.000000e+00   0.000000e+00   241092
  1.036213e+01   1.867236e+01   3.577680e-02   0.000000e+00   242414
  1.038343e+01   1.862793e+01   1.350679e-02   0.000000e+00   243552
  1.040475e+01   1.855090e+01   0.000000e+00   0.000000e+00   243474
  1.042581e+01   1.850899e+01   2.539288e-02   0.000000e+00   245112
  1.044713e+01   1.851437e+01   2.741933e-02   0.000000e+00   246894
  1.046836e+01   1.854702e+01   2.025521e-02   0.000000e+00   247448
  1.048970e+01   1.852310e+01   0.000000e+00   0.000000e+00   247404
  1.051081e+01   1.834781e+01   4.060277e-02   0.000000e+00   249990
  1.053198e+01   1.831276e+01   3.868404e-02   0.000000e+00   249512
  1.055347e+01   1.835721e+01   0.000000e+00   0.000000e+00   253890
  1.057469e+01   1.838330e+01   0.000000e+00   0.000000e+00   250728
  1.059578e+01   1.821617e+01   4.936871e-02   0.000000e+00   253950
  1.061712e+01   1.820098e+01   0.000000e+00   0.000000e+00   254140
  1.063840e+01   1.806525e+01   0.000000e+00   0.000000e+00   255880
  1.065971e+01   1.813244e+01   3.150671e-02   0.000000e+00   258942
  1.068079e+01   1.809732e+01   4.663024e-02   0.000000e+00   253836
  1.070216e+01   1.817168e+01   0.000000e+00   0.000000e+00   260534
  1.072349e+01   1.804006e+01   0.000000e+00   0.000000e+00   259992
  1.074455e+01   1.797724e+01   4.806687e-02   0.000000e+00   258894
  1.076585e+01   1.787445e+01   3.790617e-02   0.000000e+00   263364
  1.078716e+01   1.787535e+01   0.000000e+00   0.000000e+00   259536
  1.080816e+01   1.785707e+01   2.139219e-02   0.000000e+00   263438
  1.082940e+01   1.777917e+01   4.342943e-02   0.000000e+00   265740
  1.085076e+01   1.777469e+01   0.000000e+00   0.000000e+00   264894
  1.087207e+01   1.780460e+01   0.000000e+00   0.000000e+00   269184
  1.089327e+01   1.775526e+01   4.196386e-02   0.000000e+00   266138
  1.091447e+01   1.768811e+01   2.903939e-02   0.000000e+00   270528
  1.093588e+01   1.764842e+01   0.000000e+00   0.000000e+00   268182
  1.095700e+01   1.777012e+01   0.000000e+00   0.000000e+00   270960
  1.097818e+01   1.756869e+01   5.045976e-02   0.000000e+00   274580
  1.099984e+01   1.762079e+01   0.000000e+00   0.000000e+00   276078
  1.102112e+01   1.755692e+01   0.000000e+00   0.000000e+00   273600
  1.104226e+01   1.750956e+01   4.195689e-02   0.000000e+00   274698
  1.106348e+01   1.748504e+01   4.521918e-02   0.000000e+00   276920
  1.108487e+01   1.746453e+01   0.000000e+00   0.000000e+00   276774
  1.110613e+01   1.729275e+01   0.000000e+00   0.000000e+00   279972
  1.112716e+01   1.741223e+01   3.622476e-02   0.000000e+00   276144
  1.114849e+01   1.737445e+01   1.577723e-02   0.000000e+00   282590
  1.116984e+01   1.729457e+01   0.000000e+00   0.000000e+00   282300
  1.119110e+01   1.728982e+01   0.000000e+00   0.000000e+00   283926
  1.121215e+01   1.725370e+01   4.843016e-02   0.000000e+00   279792
  1.123356e+01   1.717936e+01   0.000000e+00   0.000000e+00   287870
  1.125494e+01   1.720321e+01   0.000000e+00   0.000000e+00   286428
  1.127597e+01   1.707215e+01   4.713240e-02   0.000000e+00   284808
  1.129724e+01   1.710739e+01   1.528057e-02   0.000000e+00   289158
  1.131864e+01   1.711696e+01   0.000000e+00   0.000000e+00   290204
  1.133987e+01   1.706811e+01   0.000000e+00   0.000000e+00   290382
  1.136103e+01   1.706892e+01   3.235145e-02   0.000000e+00   291912
  1.138241e+01   1.697816e+01   0.000000e+00   0.000000e+00   290754
  1.140356e+01   1.695153e+01   1.734547e-02   0.000000e+00   296096
  1.142493e+01   1.690040e+01   2.638951e-02   0.000000e+00   294552
  1.144606e+01   1.691570e+01   4.778008e-02   0.000000e+00   293466
  1.146728e+01   1.683359e+01   0.000000e+00   0.000000e+00   296904
  1.148861e+01   1.687622e+01   0.000000e+00   0.000000e+00   298358
  1.150962e+01   1.683812e+01   4.692082e-02   0.000000e+00   297840
  1.153101e+01   1.674704e+01   1.811218e-02   0.000000e+00   301338
  1.155236e+01   1.686695e+01   0.000000e+00   0.000000e+00   300336
  1.157340e+01   1.674147e+01   4.998781e-02   0.000000e+00   303584
  1.159478e+01   1.674317e+01   4.160279e-02   0.000000e+00   304098
  1.161618e+01   1.666552e+01   0.000000e+00   0.000000e+00   304488
  1.163731e+01   1.671304e+01   4.594440e-02   0.000000e+00   306678
  1.165863e+01   1.669811e+01   0.000000e+00   0.000000e+00   305732
  1.167989e+01   1.667722e+01   1.531294e-02   0.000000e+00   309894
  1.170122e+01   1.670942e+01   2.414521e-02   0.000000e+00   310200
  1.172247e+01   1.661212e+01   0.000000e+00   0.000000e+00   307074
  1.174361e+01   1.661752e+01   4.766604e-02   0.000000e+00   315656
  1.176506e+01   1.653609e+01   0.000000e+00   0.000000e+00   310704
  1.178640e+01   1.649226e+01   0.000000e+00   0.000000e+00   314310
  1.180730e+01   1.654988e+01   5.634393e-02   0.000000e+00   312412
  1.182874e+01   1.647868e+01   0.000000e+00   0.000000e+00   318310
  1.185010e+01   1.648506e+01   0.000000e+00   0.000000e+00   315648
  1.187118e+01   1.644769e+01   4.441648e-02   0.000000e+00   320610
  1.189241e+01   1.645707e+01   0.000000e+00   0.000000e+00   313944
  1.191368e+01   1.650688e+01   0.000000e+00   0.000000e+00   325880
  1.193498e+01   1.645026e+01   4.477376e-02   0.000000e+00   319146
  1.195625e+01   1.642181e+01   0.000000e+00   0.000000e+00   322896
  1.197734e+01   1.645604e+01   4.892847e-02   0.000000e+00   322206
  1.199867e+01   1.646974e+01   0.000000e+00   0.000000e+00   327416
  1.202013e+01   1.637881e+01   0.000000e+00   0.000000e+00   325602
  1.204111e+01   1.633022e+01   6.012355e-02   0.000000e+00   328248
  1.206244e+01   1.636674e+01   0.000000e+00   0.000000e+00   326088
  1.208388e+01   1.632786e+01   0.000000e+00   0.000000e+00   331658
  1.210487e+01   1.631495e+01   5.424402e-02   0.000000e+00   331584
  1.212626e+01   1.633338e+01   2.607668e-02   0.000000e+00   330630
  1.214759e+01   1.639753e+01   0.000000e+00   0.000000e+00   333204
  1.216856e+01   1.636995e+01   6.168890e-02   0.000000e+00   333470
  1.219005e+01   1.631710e+01   0.000000e+00   0.000000e+00   335688
  1.221117e+01   1.626887e+01   2.112129e-02   0.000000e+00   336828
  1.223239e+01   1.628224e+01   2.819960e-02   0.000000e+00   337662
  1.225381e+01   1.627138e+01   0.000000e+00   0.000000e+00   338960
  1.227473e+01   1.631985e+01   5.669764e-02   0.000000e+00   338262
  1.229610e+01   1.636389e+01   4.687147e-02   0.000000e+00   344388
  1.231765e+01   1.636355e+01   0.000000e+00   0.000000e+00   342486
  1.233850e+01   1.630163e+01   7.162918e-02   0.000000e+00   343592
  1.236004e+01   1.619183e+01   0.000000e+00   0.000000e+00   347130
  1.238147e+01   1.627227e+01   0.000000e+00   0.000000e+00   346152
  1.240239e+01   1.623571e+01   6.816016e-02   0.000000e+00   345856
  1.242389e+01   1.627845e+01   0.000000e+00   0.000000e+00   349354
  1.244520e+01   1.633853e+01   0.000000e+00   0.000000e+00   352032
  1.246632e+01   1.632278e+01   5.696470e-02   0.000000e+00   348582
  1.248777e+01   1.631969e+01   0.000000e+00   0.000000e+00   352244
  1.250865e+01   1.628629e+01   6.975187e-02   0.000000e+00   351582
  1.253008e+01   1.639295e+01   1.594193e-02   0.000000e+00   357144
  1.255157e+01   1.632871e+01   0.000000e+00   0.000000e+00   355560
  1.257251e+01   1.631872e+01   6.503515e-02   0.000000e+00   354551
  1.259392e+01   1.633745e+01   1.100490e-02   0.000000e+00   358044
  1.261540e+01   1.623079e+01   0.000000e+00   0.000000e+00   355272
  1.263625e+01   1.618961e+01   7.093448e-02   0.000000e+00   352044
  1.265759e+01   1.613801e+01   0.000000e+00   0.000000e+00   352344
  1.267894e+01   1.610273e+01   0.000000e+00   0.000000e+00   356516
  1.270005e+01   1.604504e+01   5.010287e-02   0.000000e+00   352848
  1.272166e+01   1.597831e+01   0.000000e+00   0.000000e+00   352980
  1.274263e+01   1.599489e+01   4.298122e-02   0.000000e+00   348948
  1.276385e+01   1.595273e+01   3.687643e-02   0.000000e+00   351692
  1.278547e+01   1.582602e+01   0.000000e+00   0.000000e+00   353064
  1.280635e+01   1.584466e+01   6.357869e-02   0.000000e+00   345624
  1.282758e+01   1.575116e+01   0.000000e+00   0.000000e+00   347844
  1.284907e+01   1.573503e+01   0.000000e+00   0.000000e+00   351020
  1.287004e+01   1.566094e+01   5.946847e-02   0.000000e+00   345852
  1.289140e+01   1.562409e+01   1.071494e-02   0.000000e+00   347040
  1.291279e+01   1.556314e+01   0.000000e+00   0.000000e+00   345928
  1.293376e+01   1.557758e+01   5.940349e-02   0.000000e+00   347020
  1.295523e+01   1.545350e+01   0.000000e+00   0.000000e+00   343032
  1.297641e+01   1.546386e+01   0.000000e+00   0.000000e+00   343620
  1.299748e+01   1.541578e+01   6.125868e-02   0.000000e+00   343988
  1.301913e+01   1.533727e+01   0.000000e+00   0.000000e+00   344556
  1.304018e+01   1.531346e+01   4.480305e-02   0.000000e+00   343632
  1.306159e+01   1.530841e+01   0.000000e+00   0.000000e+00   340392
  1.308295e+01   1.520459e+01   0.000000e+00   0.000000e+00   339408
  1.310383e+01   1.519568e+01   7.638442e-02   0.000000e+00   341864
  1.312541e+01   1.514882e+01   0.000000e+00   0.000000e+00   341964
  1.314677e+01   1.512593e+01   0.000000e+00   0.000000e+00   334380
  1.316746e+01   1.496051e+01   7.131689e-02   0.000000e+00   336504
  1.318902e+01   1.500664e+01   1.724611e-02   0.000000e+00   339560
  1.321036e+01   1.498713e+01   0.000000e+00   0.000000e+00   336384
  1.323144e+01   1.496713e+01   7.483636e-02   0.000000e+00   337404
  1.325294e+01   1.488063e+01   0.000000e+00   0.000000e+00   330156
  1.327389e+01   1.487369e+01   5.901736e-02   0.000000e+00   337808
  1.329534e+01   1.480243e+01   0.000000e+00   0.000000e+00   332748
  1.331677e+01   1.471962e+01   0.000000e+00   0.000000e+00   333612
  1.333770e+01   1.464170e+01   5.977393e-02   0.000000e+00   331860
  1.335905e+01   1.461141e+01   2.755008e-02   0.000000e+00   328376
  1.338036e+01   1.468495e+01   0.000000e+00   0.000000e+00   331140
  1.340142e+01   1.460682e+01   7.277489e-02   0.000000e+00   332988
  1.342278e+01   1.455143e+01   2.842006e-02   0.000000e+00   325224
  1.344421e+01   1.445867e+01   0.000000e+00   0.000000e+00   331544
  1.346525e+01   1.448663e+01   6.798883e-02   0.000000e+00   327264
  1.348660e+01   1.438405e+01   0.000000e+00   0.000000e+00   322308
  1.350776e+01   1.434727e+01   2.412148e-02   0.000000e+00   328136
  1.352882e+01   1.442342e+01   5.113458e-02   0.000000e+00   323172
  1.355037e+01   1.431955e+01   0.000000e+00   0.000000e+00   325248
  1.357139e+01   1.429323e+01   6.361262e-02   0.000000e+00   324096
  1.359269e+01   1.420885e+01   0.000000e+00   0.000000e+00   321540
  1.361421e+01   1.411652e+01   0.000000e+00   0.000000e+00   323744
  1.363503e+01   1.415868e+01   7.067010e-02   0.000000e+00   317400
  1.365640e+01   1.409407e+01   1.781300e-02   0.000000e+00   322560
  1.367794e+01   1.411241e+01   0.000000e+00   0.000000e+00   320076
  1.369883e+01   1.401672e+01   7.325783e-02   0.000000e+00   317204
  1.372050e+01   1.391098e+01   0.000000e+00   0.000000e+00   323064
  1.374185e+01   1.396139e+01   0.000000e+00   0.000000e+00   315204
  1.376267e+01   1.394082e+01   8.009812e-02   0.000000e+00   315416
  1.378442e+01   1.380653e+01   0.000000e+00   0.000000e+00   316884
  1.380538e+01   1.382662e+01   4.798800e-02   0.000000e+00   312876
  1.382662e+01   1.380491e+01   5.557752e-02   0.000000e+00   315540
  1.384825e+01   1.375624e+01   0.000000e+00   0.000000e+00   312576
  1.386904e+01   1.367671e+01   7.934763e-02   0.000000e+00   312140
  1.389051e+01   1.365621e+01   2.180619e-02   0.000000e+00   310356
  1.391199e+01   1.362616e+01   0.000000e+00   0.000000e+00   311232
  1.393277e+01   1.366682e+01   7.160002e-02   0.000000e+00   307584
  1.395428e+01   1.354001e+01   3.294334e-02   0.000000e+00   310616
  1.397560e+01   1.352212e+01   0.000000e+00   0.000000e+00   304200
  1.399640e+01   1.345987e+01   7.969197e-02   0.000000e+00   306792
  1.401808e+01   1.342902e+01   0.000000e+00   0.000000e+00   306168
  1.403909e+01   1.335343e+01   0.000000e+00   0.000000e+00   304448
  1.406042e+01   1.333423e+01   6.885370e-02   0.000000e+00   308580
  1.408202e+01   1.332761e+01   0.000000e+00   0.000000e+00   299568
  1.410280e+01   1.331512e+01   6.816685e-02   0.000000e+00   304416
  1.412435e+01   1.321133e+01   3.771332e-02   0.000000e+00   302216
  1.414577e+01   1.317672e+01   0.000000e+00   0.000000e+00   300084
  1.416666e+01   1.309615e+01   8.670928e-02   0.000000e+00   299340
  1.418803e+01   1.309236e+01   0.000000e+00   0.000000e+00   296688
  1.420943e+01   1.309803e+01   0.000000e+00   0.000000e+00   298820
  1.423030e+01   1.308013e+01   8.252934e-02   0.000000e+00   296916
  1.425189e+01   1.300514e+01   0.000000e+00   0.000000e+00   295920
  1.427301e+01   1.307037e+01   6.243798e-03   0.000000e+00   292692
  1.429397e+01   1.296587e+01   7.659710e-02   0.000000e+00   295892
  1.431576e+01   1.292567e+01   0.000000e+00   0.000000e+00   293064
  1.433671e+01   1.302751e+01   4.120740e-02   0.000000e+00   293220
  1.435788e+01   1.285165e+01   3.721596e-02   0.000000e+00   286804
  1.437936e+01   1.281897e+01   0.000000e+00   0.000000e+00   293080
  1.440038e+01   1.279666e+01   7.612700e-02   0.000000e+00   291816
  1.442194e+01   1.282419e+01   0.000000e+00   0.000000e+00   287784
  1.444329e+01   1.273851e+01   0.000000e+00   0.000000e+00   286760
  1.446414e+01   1.271323e+01   8.005071e-02   0.000000e+00   287088
  1.448565e+01   1.264030e+01   0.000000e+00   0.000000e+00   286176
  1.450707e+01   1.266262e+01   0.000000e+00   0.000000e+00   284184
  1.452787e+01   1.259112e+01   7.122975e-02   0.000000e+00   282220
  1.454959e+01   1.257215e+01   0.000000e+00   0.000000e+00   284452
  1.457063e+01   1.263233e+01   0.000000e+00   0.000000e+00   279516
  1.459173e+01   1.248087e+01   7.733799e-02   0.000000e+00   282696
  1.461348e+01   1.247472e+01   0.000000e+00   0.000000e+00   278676
  1.463426e+01   1.242599e+01   7.881829e-02   0.000000e+00   279512
  1.465568e+01   1.239407e+01   1.040156e-02   0.000000e+00   276672
  1.467715e+01   1.234829e+01   0.000000e+00   0.000000e+00   276036
  1.469785e+01   1.237557e+01   7.723377e-02   0.000000e+00   274416
  1.471935e+01   1.232488e+01   3.614458e-02   0.000000e+00   275384
  1.474085e+01   1.232907e+01   0.000000e+00   0.000000e+00   274560
  1.476173e+01   1.232024e+01   8.479880e-02   0.000000e+00   272220
  1.478334e+01   1.221443e+01   0.000000e+00   0.000000e+00   270492
  1.480450e+01   1.225514e+01   0.000000e+00   0.000000e+00   271532
  1.482568e+01   1.220663e+01   5.156581e-02   0.000000e+00   272052
  1.484719e+01   1.218858e+01   0.000000e+00   0.000000e+00   264372
  1.486800e+01   1.216727e+01   4.585980e-02   0.000000e+00   268652
  1.488944e+01   1.214814e+01   5.273775e-02   0.000000e+00   266760
  1.491080e+01   1.215494e+01   0.000000e+00   0.000000e+00   262536
  1.493171e+01   1.209069e+01   8.428944e-02   0.000000e+00   266460
  1.495315e+01   1.209010e+01   0.000000e+00   0.000000e+00   261560
  1.497449e+01   1.206011e+01   0.000000e+00   0.000000e+00   262236
  1.499549e+01   1.207472e+01   7.515068e-02   0.000000e+00   261708
  1.501689e+01   1.198215e+01   0.000000e+00   0.000000e+00   258960
  1.503825e+01   1.193807e+01   0.000000e+00   0.000000e+00   258376
  1.505913e+01   1.193516e+01   7.144827e-02   0.000000e+00   258304
  1.508091e+01   1.185843e+01   0.000000e+00   0.000000e+00   259368
  1.510195e+01   1.187392e+01   3.500144e-02   0.000000e+00   253332
  1.512302e+01   1.183456e+01   7.519026e-02   0.000000e+00   254448
  1.514471e+01   1.180998e+01   0.000000e+00   0.000000e+00   255248
  1.516565e+01   1.179791e+01   7.779222e-02   0.000000e+00   252180
  1.518711e+01   1.174831e+01   3.151419e-02   0.000000e+00   252744
  1.520852e+01   1.178561e+01   0.000000e+00   0.000000e+00   247348
  1.522930e+01   1.176140e+01   9.380318e-02   0.000000e+00   250432
  1.525082e+01   1.172389e+01   0.000000e+00   0.000000e+00   247860
  1.527231e+01   1.164284e+01   0.000000e+00   0.000000e+00   247716
  1.529310e+01   1.166183e+01   7.875281e-02   0.000000e+00   242472
  1.531476e+01   1.164583e+01   0.000000e+00   0.000000e+00   248672
  1.533588e+01   1.156967e+01   3.457684e-02   0.000000e+00   239352
  1.535687e+01   1.158666e+01   6.379610e-02   0.000000e+00   245088
  1.537857e+01   1.160005e+01   0.000000e+00   0.000000e+00   239232
  1.539936e+01   1.154077e+01   8.407462e-02   0.000000e+00   240320
  1.542090e+01   1.153880e+01   0.000000e+00   0.000000e+00   239340
  1.544240e+01   1.147601e+01   0.000000e+00   0.000000e+00   237636
  1.546311e+01   1.153206e+01   7.980534e-02   0.000000e+00   235980
  1.548461e+01   1.145109e+01   0.000000e+00   0.000000e+00   235304
  1.550606e+01   1.145181e+01   0.000000e+00   0.000000e+00   234576
  1.552691e+01   1.142172e+01   7.402406e-02   0.000000e+00   232788
  1.554840e+01   1.135894e+01   0.000000e+00   0.000000e+00   230400
  1.556963e+01   1.139345e+01   0.000000e+00   0.000000e+00   231836
  1.559071e+01   1.131926e+01   7.970957e-02   0.000000e+00   231288
  1.561245e+01   1.138364e+01   0.000000e+00   0.000000e+00   226536
  1.563325e+01   1.131902e+01   6.194331e-02   0.000000e+00   226084
  1.565446e+01   1.129331e+01   5.294833e-02   0.000000e+00   227116
  1.567612e+01   1.131298e+01   0.000000e+00   0.000000e+00   223800
  1.569693e+01   1.127069e+01   8.533219e-02   0.000000e+00   223884
  1.571836e+01   1.122648e+01   0.000000e+00   0.000000e+00   222360
  1.573983e+01   1.117993e+01   0.000000e+00   0.000000e+00   221156
  1.576079e+01   1.116375e+01   9.444977e-02   0.000000e+00   221724
  1.578235e+01   1.111033e+01   0.000000e+00   0.000000e+00   217584
  1.580363e+01   1.117560e+01   0.000000e+00   0.000000e+00   217576
  1.582449e+01   1.117435e+01   9.797000e-02   0.000000e+00   215464
  1.584614e+01   1.111430e+01   0.000000e+00   0.000000e+00   215472
  1.586724e+01   1.101560e+01   2.619220e-02   0.000000e+00   213768
  1.588826e+01   1.108903e+01   8.512697e-02   0.000000e+00   210956
  1.590983e+01   1.104443e+01   0.000000e+00   0.000000e+00   211788
  1.593090e+01   1.106401e+01   4.657407e-02   0.000000e+00   211092
  1.595229e+01   1.097009e+01   3.350523e-02   0.000000e+00   209556
  1.597383e+01   1.105373e+01   0.000000e+00   0.000000e+00   206700
  1.599456e+01   1.095172e+01   7.953365e-02   0.000000e+00   206048
  1.601602e+01   1.103258e+01   0.000000e+00   0.000000e+00   204744
  1.603743e+01   1.100266e+01   0.000000e+00   0.000000e+00   202992
  1.605815e+01   1.097371e+01   8.915262e-02   0.000000e+00   201944
  1.607992e+01   1.092339e+01   0.000000e+00   0.000000e+00   203304
  1.610126e+01   1.091964e+01   0.000000e+00   0.000000e+00   200484
  1.612202e+01   1.088700e+01   9.527986e-02   0.000000e+00   195516
  1.614380e+01   1.092251e+01   0.000000e+00   0.000000e+00   198860
  1.616467e+01   1.091292e+01   4.354387e-02   0.000000e+00   195264
  1.618595e+01   1.080651e+01   6.217320e-02   0.000000e+00   195984
  1.620758e+01   1.081133e+01   0.000000e+00   0.000000e+00   191808
  1.622817e+01   1.088494e+01   7.342482e-02   0.000000e+00   190776
  1.624960e+01   1.083327e+01   1.551219e-02   0.000000e+00   192032
  1.627116e+01   1.080042e+01   0.000000e+00   0.000000e+00   188628
  1.629190e+01   1.079783e+01   1.012223e-01   0.000000e+00   189444
  1.631357e+01   1.082354e+01   0.000000e+00   0.000000e+00   186260
  1.633472e+01   1.075279e+01   0.000000e+00   0.000000e+00   184560
  1.635569e+01   1.081928e+01   9.174489e-02   0.000000e+00   185832
  1.637754e+01   1.073729e+01   0.000000e+00   0.000000e+00   182400
  1.639844e+01   1.078609e+01   4.325220e-02   0.000000e+00   181380
  1.641955e+01   1.076743e+01   7.700535e-02   0.000000e+00   180332
  1.644125e+01   1.067671e+01   0.000000e+00   0.000000e+00   178236
  1.646218e+01   1.070767e+01   5.493115e-02   0.000000e+00   179184
  1.648349e+01   1.070527e+01   7.029983e-02   0.000000e+00   175028
  1.650501e+01   1.067118e+01   0.000000e+00   0.000000e+00   175440
  1.652602e+01   1.068867e+01   7.573603e-02   0.000000e+00   174828
  1.654745e+01   1.080128e+01   0.000000e+00   0.000000e+00   169896
  1.656867e+01   1.075570e+01   0.000000e+00   0.000000e+00   171708
  1.658966e+01   1.069816e+01   9.726965e-02   0.000000e+00   169328
  1.661120e+01   1.065393e+01   0.000000e+00   0.000000e+00   167364
  1.663245e+01   1.065802e+01   3.515465e-02   0.000000e+00   168192
  1.665343e+01   1.069349e+01   8.776189e-02   0.000000e+00   163188
  1.667519e+01   1.066525e+01   0.000000e+00   0.000000e+00   166184
  1.669627e+01   1.057250e+01   4.438910e-02   0.000000e+00   161460
  1.671729e+01   1.059674e+01   8.087356e-02   0.000000e+00   159972
  1.673883e+01   1.063295e+01   0.000000e+00   0.000000e+00   159488
  1.675971e+01   1.058216e+01   7.552885e-02   0.000000e+00   158148
  1.678125e+01   1.054018e+01   0.000000e+00   0.000000e+00   158100
  1.680275e+01   1.059998e+01   0.000000e+00   0.000000e+00   155232
  1.682334e+01   1.062607e+01   8.675077e-02   0.000000e+00   151216
  1.684499e+01   1.062402e+01   0.000000e+00   0.000000e+00   155560
  1.686650e+01   1.067357e+01   0.000000e+00   0.000000e+00   151404
  1.688722e+01   1.063299e+01   1.031675e-01   0.000000e+00   148356
  1.690892e+01   1.060531e+01   0.000000e+00   0.000000e+00   147164
  1.692987e+01   1.054247e+01   2.702303e-02   0.000000e+00   147384
  1.695103e+01   1.051810e+01   6.950919e-02   0.000000e+00   145992
  1.697285e+01   1.059648e+01   0.000000e+00   0.000000e+00   143856
  1.699340e+01   1.055409e+01   6.834015e-02   0.000000e+00   140384
  1.701489e+01   1.056855e+01   3.531392e-02   0.000000e+00   143856
  1.703649e+01   1.049844e+01   0.000000e+00   0.000000e+00   136968
  1.705711e+01   1.061152e+01   9.454927e-02   0.000000e+00   139536
  1.707888e+01   1.056310e+01   0.000000e+00   0.000000e+00   136916
  1.710001e+01   1.045383e+01   0.000000e+00   0.000000e+00   133032
  1.712087e+01   1.049887e+01   9.625001e-02   0.000000e+00   135540
  1.714280e+01   1.050982e+01   0.000000e+00   0.000000e+00   132096
  1.716368e+01   1.047085e+01   0.000000e+00   0.000000e+00   129540
  1.718476e+01   1.054353e+01   9.308402e-02   0.000000e+00   130640
  1.720648e+01   1.046469e+01   0.000000e+00   0.000000e+00   126276
  1.722742e+01   1.047843e+01   5.612123e-02   0.000000e+00   128484
  1.724899e+01   1.056061e+01   1.558652e-02   0.000000e+00   124168
  1.727027e+01   1.040820e+01   0.000000e+00   0.000000e+00   122224
  1.729123e+01   1.055446e+01   8.320569e-02   0.000000e+00   123156
  1.731279e+01   1.037636e+01   0.000000e+00   0.000000e+00   119688
  1.733386e+01   1.053221e+01   0.000000e+00   0.000000e+00   116640
  1.735484e+01   1.041808e+01   9.774341e-02   0.000000e+00   119696
  1.737648e+01   1.030430e+01   0.000000e+00   0.000000e+00   114276
  1.739766e+01   1.046436e+01   0.000000e+00   0.000000e+00   114060
  1.741863e+01   1.033883e+01   9.216520e-02   0.000000e+00   112536
  1.744033e+01   1.027106e+01   0.000000e+00   0.000000e+00   112196
  1.746153e+01   1.032549e+01   4.101241e-02   0.000000e+00   109404
  1.748253e+01   1.026014e+01   5.163113e-02   0.000000e+00   105900
  1.750389e+01   1.037561e+01   0.000000e+00   0.000000e+00   107176
  1.752495e+01   1.017318e+01   6.913643e-02   0.000000e+00   105088
  1.754638e+01   1.024586e+01   2.568484e-02   0.000000e+00   103800
  1.756788e+01   1.030081e+01   0.000000e+00   0.000000e+00   101340
  1.758872e+01   1.013147e+01   7.740316e-02   0.000000e+00   100036
  1.761005e+01   1.011905e+01   0.000000e+00   0.000000e+00   97672
  1.763147e+01   1.009234e+01   0.000000e+00   0.000000e+00   97908
  1.765245e+01   1.006304e+01   8.095659e-02   0.000000e+00   95328
  1.767394e+01   1.014225e+01   0.000000e+00   0.000000e+00   93600
  1.769512e+01   9.973426e+00   0.000000e+00   0.000000e+00   92312
  1.771626e+01   9.949643e+00   6.914293e-02   0.000000e+00   91044
  1.773780e+01   9.916879e+00   0.000000e+00   0.000000e+00   88500
  1.775853e+01   9.845002e+00   5.279453e-02   0.000000e+00   86216
  1.777991e+01   9.860605e+00   0.000000e+00   0.000000e+00   87159
  1.780170e+01   9.827957e+00   0.000000e+00   0.000000e+00   86064
  1.782261e+01   9.690155e+00   8.109324e-02   0.000000e+00   81648
  1.784383e+01   9.765795e+00   4.953342e-03   0.000000e+00   81654
  1.786535e+01   9.553284e+00   0.000000e+00   0.000000e+00   81284
  1.788644e+01   9.690651e+00   5.840226e-02   0.000000e+00   78888
  1.790769e+01   9.547510e+00   1.825571e-02   0.000000e+00   77250
  1.792879e+01   9.789433e+00   0.000000e+00   0.000000e+00   75942
  1.794991e+01   9.472403e+00   6.255002e-02   0.000000e+00   77042
  1.797160e+01   9.429316e+00   0.000000e+00   0.000000e+00   74094
  1.799279e+01   9.513471e+00   3.391242e-02   0.000000e+00   73818
  1.801400e+01   9.391791e+00   0.000000e+00   0.000000e+00   70998
  1.803529e+01   9.385647e+00   0.000000e+00   0.000000e+00   72044
  1.805651e+01   9.469288e+00   6.702400e-02   0.000000e+00   69426
  1.807791e+01   9.380681e+00   0.000000e+00   0.000000e+00   69288
  1.809912e+01   9.388588e+00   0.000000e+00   0.000000e+00   67068
  1.812008e+01   9.308738e+00   6.855533e-02   0.000000e+00   66926
  1.814154e+01   9.381107e+00   5.611490e-02   0.000000e+00   66348
  1.816309e+01   9.240328e+00   0.000000e+00   0.000000e+00   64728
  1.818404e+01   9.153131e+00   0.000000e+00   0.000000e+00   62820
  1.820526e+01   9.248475e+00   0.000000e+00   0.000000e+00   63716
  1.822675e+01   9.129070e+00   1.676316e-02   0.000000e+00   62160
  1.824795e+01   9.215376e+00   0.000000e+00   0.000000e+00   59940
  1.826899e+01   9.203021e+00   1.563195e-02   0.000000e+00   60112
  1.829021e+01   9.212008e+00   6.482384e-02   0.000000e+00   59668
  1.831176e+01   9.160130e+00   0.000000e+00   0.000000e+00   57618
  1.833276e+01   9.181894e+00   2.053650e-02   0.000000e+00   56868
  1.835379e+01   9.170081e+00   6.219452e-02   0.000000e+00   56684
  1.837515e+01   9.026291e+00   2.871057e-02   0.000000e+00   55536
  1.839655e+01   9.026714e+00   0.000000e+00   0.000000e+00   54342
  1.841783e+01   9.091695e+00   2.231777e-02   0.000000e+00   54768
  1.843889e+01   9.125108e+00   6.182063e-02   0.000000e+00   52094
  1.846015e+01   9.032532e+00   0.000000e+00   0.000000e+00   52224
  1.848172e+01   9.042048e+00   0.000000e+00   0.000000e+00   52188
  1.850284e+01   9.122028e+00   5.547718e-02   0.000000e+00   50190
  1.852384e+01   9.038134e+00   4.678209e-02   0.000000e+00   49224
  1.854525e+01   9.029431e+00   0.000000e+00   0.000000e+00   49094
  1.856674e+01   8.931941e+00   2.057060e-02   0.000000e+00   49488
  1.858801e+01   8.917834e+00   5.794405e-02   0.000000e+00   46830
  1.860898e+01   8.942014e+00   1.229304e-02   0.000000e+00   45860
  1.863032e+01   8.957975e+00   0.000000e+00   0.000000e+00   46770
  1.865173e+01   8.960184e+00   2.400815e-02   0.000000e+00   45468
  1.867296e+01   8.970173e+00   4.118087e-02   0.000000e+00   44130
  1.869410e+01   8.989510e+00   0.000000e+00   0.000000e+00   43230
  1.871538e+01   8.838412e+00   0.000000e+00   0.000000e+00   44108
  1.873682e+01   8.888959e+00   4.023676e-02   0.000000e+00   42162
  1.875801e+01   8.852393e+00   3.860640e-02   0.000000e+00   41358
  1.877903e+01   8.877394e+00   0.000000e+00   0.000000e+00   40456
  1.880031e+01   8.772762e+00   3.525362e-02   0.000000e+00   41230
  1.882193e+01   8.907984e+00   4.748638e-02   0.000000e+00   39906
  1.884323e+01   8.766904e+00   0.000000e+00   0.000000e+00   38508
  1.886415e+01   8.882214e+00   0.000000e+00   0.000000e+00   37854
  1.888527e+01   8.864968e+00   5.718350e-02   0.000000e+00   38162
  1.890689e+01   8.850988e+00   2.876140e-02   0.000000e+00   37212
  1.892822e+01   8.863288e+00   0.000000e+00   0.000000e+00   36450
  1.894904e+01   8.833663e+00   3.090196e-02   0.000000e+00   34718
  1.897014e+01   8.874636e+00   2.188351e-02   0.000000e+00   35814
  1.899178e+01   8.851769e+00   2.273303e-02   0.000000e+00   34896
  1.901314e+01   8.860097e+00   0.000000e+00   0.000000e+00   33822
  1.903390e+01   8.898118e+00   4.502416e-02   0.000000e+00   32522
  1.905522e+01   8.792439e+00   0.000000e+00   0.000000e+00   33630
  1.907685e+01   8.806612e+00   0.000000e+00   0.000000e+00   32166
  1.909788e+01   8.810046e+00   2.343946e-02   0.000000e+00   31200
  1.911872e+01   8.703032e+00   1.670674e-02   0.000000e+00   30598
  1.914003e+01   8.765277e+00   2.339408e-02   0.000000e+00   31138
  1.916182e+01   8.954191e+00   0.000000e+00   0.000000e+00   30510
  1.918304e+01   8.794562e+00   3.290153e-02   0.000000e+00   28998
  1.920387e+01   8.882437e+00   0.000000e+00   0.000000e+00   28290
  1.922514e+01   8.664657e+00   4.556376e-02   0.000000e+00   29126
  1.924694e+01   8.701634e+00   0.000000e+00   0.000000e+00   28008
  1.926819e+01   8.941372e+00   1.633175e-02   0.000000e+00   27222
  1.928919e+01   8.845710e+00   2.083787e-02   0.000000e+00   26426
  1.931044e+01   8.791041e+00   1.314523e-02   0.000000e+00   26694
  1.933196e+01   8.693249e+00   2.670567e-02   0.000000e+00   25734
  1.935329e+01   8.807874e+00   0.000000e+00   0.000000e+00   25458
  1.937422e+01   8.865898e+00   3.952174e-03   0.000000e+00   24198
  1.939559e+01   9.030249e+00   0.000000e+00   0.000000e+00   25034
  1.941719e+01   8.907372e+00   2.073191e-02   0.000000e+00   23718
  1.943828e+01   8.824498e+00   0.000000e+00   0.000000e+00   23094
  1.945903e+01   8.938314e+00   2.794515e-02   0.000000e+00   22416
  1.948039e+01   8.984645e+00   5.157336e-03   0.000000e+00   23078
  1.950232e+01   8.707308e+00   0.000000e+00   0.000000e+00   22386
  1.952355e+01   8.884482e+00   0.000000e+00   0.000000e+00   21126
  1.954412e+01   8.998480e+00   0.000000e+00   0.000000e+00   20366
  1.956530e+01   8.802444e+00   4.053472e-02   0.000000e+00   21354
  1.958728e+01   8.789079e+00   0.000000e+00   0.000000e+00   20478
  1.960849e+01   8.839897e+00   0.000000e+00   0.000000e+00   19458
  1.962906e+01   8.976110e+00   3.298371e-03   0.000000e+00   18758
  1.965026e+01   8.737587e+00   4.124119e-02   0.000000e+00   19566
  1.967221e+01   8.990153e+00   2.912250e-02   0.000000e+00   18858
  1.969351e+01   8.866152e+00   1.336495e-02   0.000000e+00   17790
  1.971402e+01   9.011832e+00   0.000000e+00   0.000000e+00   17114
  1.973526e+01   9.061676e+00   0.000000e+00   0.000000e+00   17982
  1.975719e+01   8.848155e+00   0.000000e+00   0.000000e+00   17190
  1.977855e+01   8.984743e+00   0.000000e+00   0.000000e+00   16458
  1.979904e+01   8.928518e+00   3.109449e-02   0.000000e+00   15494
  1.982024e+01   8.970825e+00   9.506527e-03   0.000000e+00   16374
  1.984230e+01   8.955728e+00   0.000000e+00   0.000000e+00   15858
  1.986368e+01   9.080793e+00   0.000000e+00   0.000000e+00   14862
  1.988409e+01   9.004404e+00   0.000000e+00   0.000000e+00   14082
  1.990539e+01   8.974577e+00   0.000000e+00   0.000000e+00   14990
  1.992751e+01   9.103501e+00   1.119854e-02   0.000000e+00   14358
  1.994881e+01   9.155140e+00   0.000000e+00   0.000000e+00   13386
  1.996901e+01   9.115112e+00   0.000000e+00   0.000000e+00   12678
  1.999033e+01   8.795043e+00   2.409997e-02   0.000000e+00   13700
  2.001259e+01   9.058827e+00   1.589803e-02   0.000000e+00   12942
  2.003395e+01   9.235977e+00   3.900625e-02   0.000000e+00   12198
  2.005392e+01   9.326027e+00   0.000000e+00   0.000000e+00   11106
  2.007510e+01   9.040627e+00   5.626650e-03   0.000000e+00   12494
  2.009743e+01   9.046766e+00   2.910035e-02   0.000000e+00   11610
  2.011896e+01   9.250083e+00   0.000000e+00   0.000000e+00   11094
  2.013893e+01   9.321009e+00   2.079493e-02   0.000000e+00   9902
  2.016002e+01   9.286137e+00   1.405896e-02   0.000000e+00   11226
  2.018236e+01   9.265284e+00   0.000000e+00   0.000000e+00   10326
  2.020390e+01   9.277610e+00   2.003294e-02   0.000000e+00   10074
  2.022404e+01   9.212052e+00   8.454800e-03   0.000000e+00   8766
  2.024495e+01   9.539697e+00   0.000000e+00   0.000000e+00   9950
  2.026724e+01   9.166495e+00   1.359120e-02   0.000000e+00   9252
  2.028878e+01   9.536198e+00   0.000000e+00   0.000000e+00   8886
  2.030890e+01   9.377772e+00   0.000000e+00   0.000000e+00   7850
  2.033000e+01   9.642825e+00   3.503125e-03   0.000000e+00   8886
  2.035233e+01   9.316791e+00   0.000000e+00   0.000000e+00   8142
  2.037362e+01   9.907289e+00   1.995215e-02   0.000000e+00   7746
  2.039351e+01   9.556929e+00   2.289856e-02   0.000000e+00   6926
  2.041502e+01   9.470181e+00   0.000000e+00   0.000000e+00   7974
  2.043743e+01   9.471811e+00   2.225352e-02   0.000000e+00   7074
  2.045847e+01   9.592631e+00   7.142108e-03   0.000000e+00   6744
  2.047826e+01   9.668101e+00   2.019077e-02   0.000000e+00   6114
  2.050013e+01   9.684279e+00   0.000000e+00   0.000000e+00   7094
  2.052293e+01   9.557524e+00   0.000000e+00   0.000000e+00   6174
  2.054371e+01   9.615456e+00   4.629204e-03   0.000000e+00   5754
  2.056296e+01   9.871731e+00   0.000000e+00   0.000000e+00   5214
  2.058512e+01   9.857295e+00   0.000000e+00   0.000000e+00   6338
  2.060854e+01   1.001419e+01   6.860075e-03   0.000000e+00   5352
  2.062909e+01   9.933864e+00   0.000000e+00   0.000000e+00   4830
  2.064745e+01   9.834699e+00   7.970494e-03   0.000000e+00   4338
  2.066973e+01   1.012829e+01   0.000000e+00   0.000000e+00   5558
  2.069415e+01   1.000193e+01   1.619049e-02   0.000000e+00   4866
  2.071512e+01   1.000044e+01   2.469654e-02   0.000000e+00   3846
  2.073181e+01   1.006484e+01   0.000000e+00   0.000000e+00   3518
  2.075418e+01   1.002430e+01   2.231702e-02   0.000000e+00   4812
  2.077931e+01   1.041409e+01   1.287293e-02   0.000000e+00   4278
  2.080110e+01   1.039697e+01   2.078261e-02   0.000000e+00   3174
  2.081618e+01   1.095638e+01   0.000000e+00   0.000000e+00   2738
  2.083848e+01   1.027296e+01   6.604529e-03   0.000000e+00   4086
  2.086413e+01   1.018209e+01   0.000000e+00   0.000000e+00   3666
  2.088695e+01   1.002240e+01   1.482282e-02   0.000000e+00   2712
  2.090056e+01   1.078935e+01   8.464232e-03   0.000000e+00   1998
  2.092274e+01   1.042237e+01   7.369861e-03   0.000000e+00   3434
  2.094892e+01   1.105189e+01   3.445939e-03   0.000000e+00   3078
  2.097282e+01   1.050543e+01   1.039155e-02   0.000000e+00   2334
  2.098499e+01   1.127880e+01   0.000000e+00   0.000000e+00   1340
  2.100697e+01   1.041953e+01   0.000000e+00   0.000000e+00   2838
  2.103377e+01   1.158951e+01   0.000000e+00   0.000000e+00   2538
  2.105880e+01   1.144180e+01   8.770663e-03   0.000000e+00   1974
  2.106882e+01   1.206748e+01   1.325470e-02   4.224633e-01   774
  2.109090e+01   1.099681e+01   4.276590e-03   0.000000e+00   2300
  2.111836e+01   1.147181e+01   1.399058e-02   0.000000e+00   2046
  2.114452e+01   1.100062e+01   4.561007e-03   0.000000e+00   1626
  2.115265e+01   1.244083e+01   7.929049e-03   7.300410e-01   390
  2.117466e+01   1.137619e+01   8.047945e-03   0.000000e+00   1766
  2.120257e+01   1.104686e+01   0.000000e+00   0.000000e+00   1596
  2.122982e+01   1.138157e+01   0.000000e+00   0.000000e+00   1302
  2.123651e+01   1.206476e+01   0.000000e+00   9.023663e-01   150
  2.125856e+01   1.211335e+01   2.710178e-03   0.000000e+00   1298
  2.128657e+01   1.105911e+01   0.000000e+00   2.988247e-01   1158
  2.131442e+01   1.117865e+01   4.504106e-03   3.341311e-01   996
  2.132465e+01   9.497350e+00   1.103323e-02   1.439615e+00   38
  2.134266e+01   1.252286e+01   0.000000e+00   0.000000e+00   894
  2.137071e+01   1.166512e+01   9.951964e-03   3.961474e-01   786
  2.139879e+01   1.262955e+01   0.000000e+00   5.147657e-01   678
  2.142550e+01   6.719722e+00   0.000000e+00   1.433983e+00   8
  2.142691e+01   1.199545e+01   1.341847e-02   4.889202e-01   570
  2.145502e+01   1.198965e+01   1.271523e-02   5.607177e-01   486
  2.148316e+01   1.391561e+01   0.000000e+00   8.438225e-01   402
  2.151053e+01   1.258250e+01   0.000000e+00   2.299839e+00   8
  2.151134e+01   1.215723e+01   1.120111e-02   6.685958e-01   318
  2.153951e+01   1.218644e+01   0.000000e+00   7.254288e-01   258
  2.156771e+01   1.010230e+01   0.000000e+00   7.316305e-01   198
  2.159555e+01   2.381048e+01   0.000000e+00   7.394532e+00   8
  2.159595e+01   1.378326e+01   0.000000e+00   1.208728e+00   138
  2.162416e+01   1.297743e+01   3.676471e-03   1.187493e+00   102
  2.165242e+01   1.130146e+01   6.696087e-03   1.619428e+00   66
  2.168069e+01   1.368456e+01   0.000000e+00   1.904764e+00   38
  2.170899e+01   1.029713e+01   0.000000e+00   4.191926e+00   18
  2.173729e+01   7.707506e+00   0.000000e+00   1.900359e+00   6
